O DOOR_12
A DOOR_12_DOOR_12
M 1.0000000000000000,0.0000000000000000,0.0000000000000000,0.0000000000000000,0.0000000000000000,1.0000000000000000,-0.0000000437113883,0.0000000083280653,-0.0000000000000000,0.0000000437113883,1.0000000000000000,0.0000000352563205,0.0000000000000000,0.0000000000000000,0.0000000000000000,1.0000000000000000
M 1.0000000000000000,0.0000000000000000,0.0000000000000000,0.0000000000000000,0.0000000000000000,0.9999953508377075,-0.0030453596264124,0.0044747367501259,-0.0000000000000000,0.0030453596264124,0.9999953508377075,-0.0014152838848531,0.0000000000000000,0.0000000000000000,0.0000000000000000,1.0000000000000000
M 1.0000000000000000,0.0000000000000000,0.0000000000000000,0.0000000000000000,0.0000000000000000,0.9999283552169800,-0.0119689665734768,0.0176118295639753,-0.0000000000000000,0.0119689665734768,0.9999283552169800,-0.0054839993827045,0.0000000000000000,0.0000000000000000,0.0000000000000000,1.0000000000000000
M 1.0000000000000000,0.0000000000000000,0.0000000000000000,0.0000000000000000,0.0000000000000000,0.9996501207351685,-0.0264510493725538,0.0390110872685909,-0.0000000000000000,0.0264510493725538,0.9996501207351685,-0.0118382526561618,0.0000000000000000,0.0000000000000000,0.0000000000000000,1.0000000000000000
M 1.0000000000000000,0.0000000000000000,0.0000000000000000,0.0000000000000000,0.0000000000000000,0.9989337921142578,-0.0461656674742699,0.0682998150587082,-0.0000000000000000,0.0461656674742699,0.9989337921142578,-0.0199926439672709,0.0000000000000000,0.0000000000000000,0.0000000000000000,1.0000000000000000
M 1.0000000000000000,0.0000000000000000,0.0000000000000000,0.0000000000000000,0.0000000000000000,0.9974922537803650,-0.0707760527729988,0.1051174327731133,-0.0000000000000000,0.0707760527729988,0.9974922537803650,-0.0293681435286999,0.0000000000000000,0.0000000000000000,0.0000000000000000,1.0000000000000000
M 1.0000000000000000,0.0000000000000000,0.0000000000000000,0.0000000000000000,0.0000000000000000,0.9949945211410522,-0.0999293252825737,0.1491002589464188,-0.0000000000000000,0.0999293252825737,0.9949945211410522,-0.0393139496445656,0.0000000000000000,0.0000000000000000,0.0000000000000000,1.0000000000000000
M 1.0000000000000000,0.0000000000000000,0.0000000000000000,0.0000000000000000,0.0000000000000000,0.9910825490951538,-0.1332496255636215,0.1998634934425354,-0.0000000000000000,0.1332496255636215,0.9910825490951538,-0.0491285920143127,0.0000000000000000,0.0000000000000000,0.0000000000000000,1.0000000000000000
M 1.0000000000000000,0.0000000000000000,0.0000000000000000,0.0000000000000000,0.0000000000000000,0.9853861927986145,-0.1703352928161621,0.2569900453090668,-0.0000000000000000,0.1703352928161621,0.9853861927986145,-0.0580810159444809,0.0000000000000000,0.0000000000000000,0.0000000000000000,1.0000000000000000
M 1.0000000000000000,0.0000000000000000,0.0000000000000000,0.0000000000000000,0.0000000000000000,0.9775390028953552,-0.2107548415660858,0.3200173974037170,-0.0000000000000000,0.2107548415660858,0.9775390028953552,-0.0654313862323761,0.0000000000000000,0.0000000000000000,0.0000000000000000,1.0000000000000000
M 1.0000000000000000,0.0000000000000000,0.0000000000000000,0.0000000000000000,0.0000000000000000,0.9671922326087952,-0.2540456652641296,0.3884290158748627,-0.0000000000000000,0.2540456652641296,0.9671922326087952,-0.0704515650868416,0.0000000000000000,0.0000000000000000,0.0000000000000000,1.0000000000000000
M 1.0000000000000000,0.0000000000000000,0.0000000000000000,0.0000000000000000,0.0000000000000000,0.9540289640426636,-0.2997144162654877,0.4616481959819794,-0.0000000000000000,0.2997144162654877,0.9540289640426636,-0.0724457353353500,0.0000000000000000,0.0000000000000000,0.0000000000000000,1.0000000000000000
M 1.0000000000000000,0.0000000000000000,0.0000000000000000,0.0000000000000000,0.0000000000000000,0.9377762079238892,-0.3472404181957245,0.5390378236770630,-0.0000000000000000,0.3472404181957245,0.9377762079238892,-0.0707697421312332,0.0000000000000000,0.0000000000000000,0.0000000000000000,1.0000000000000000
M 1.0000000000000000,0.0000000000000000,0.0000000000000000,0.0000000000000000,0.0000000000000000,0.9182160496711731,-0.3960798978805542,0.6199009418487549,-0.0000000000000000,0.3960798978805542,0.9182160496711731,-0.0648497194051743,0.0000000000000000,0.0000000000000000,0.0000000000000000,1.0000000000000000
M 1.0000000000000000,0.0000000000000000,0.0000000000000000,0.0000000000000000,0.0000000000000000,0.8951959013938904,-0.4456728696823120,0.7034865617752075,-0.0000000000000000,0.4456728696823120,0.8951959013938904,-0.0541999042034149,0.0000000000000000,0.0000000000000000,0.0000000000000000,1.0000000000000000
M 1.0000000000000000,0.0000000000000000,0.0000000000000000,0.0000000000000000,0.0000000000000000,0.8686350584030151,-0.4954524636268616,0.7889996767044067,-0.0000000000000000,0.4954524636268616,0.8686350584030151,-0.0384372025728226,0.0000000000000000,0.0000000000000000,0.0000000000000000,1.0000000000000000
M 1.0000000000000000,0.0000000000000000,0.0000000000000000,0.0000000000000000,0.0000000000000000,0.8385306596755981,-0.5448544621467590,0.8756129145622253,-0.0000000000000000,0.5448544621467590,0.8385306596755981,-0.0172938406467438,0.0000000000000000,0.0000000000000000,0.0000000000000000,1.0000000000000000
M 1.0000000000000000,0.0000000000000000,0.0000000000000000,0.0000000000000000,0.0000000000000000,0.8049603700637817,-0.5933285951614380,0.9624820351600647,-0.0000000000000000,0.5933285951614380,0.8049603700637817,0.0093730390071869,0.0000000000000000,0.0000000000000000,0.0000000000000000,1.0000000000000000
M 1.0000000000000000,0.0000000000000000,0.0000000000000000,0.0000000000000000,0.0000000000000000,0.7680830359458923,-0.6403502821922302,1.0487623214721680,-0.0000000000000000,0.6403502821922302,0.7680830359458923,0.0415752530097961,0.0000000000000000,0.0000000000000000,0.0000000000000000,1.0000000000000000
M 1.0000000000000000,0.0000000000000000,0.0000000000000000,0.0000000000000000,0.0000000000000000,0.7281362414360046,-0.6854323744773865,1.1336274147033691,-0.0000000000000000,0.6854323744773865,0.7281362414360046,0.0791909992694855,0.0000000000000000,0.0000000000000000,0.0000000000000000,1.0000000000000000
M 1.0000000000000000,0.0000000000000000,0.0000000000000000,0.0000000000000000,0.0000000000000000,0.6854321360588074,-0.7281365394592285,1.2162877321243286,-0.0000000000000000,0.7281365394592285,0.6854321360588074,0.1219668686389923,0.0000000000000000,0.0000000000000000,0.0000000000000000,1.0000000000000000
M 1.0000000000000000,0.0000000000000000,0.0000000000000000,0.0000000000000000,0.0000000000000000,0.6403500437736511,-0.7680831551551819,1.2960085868835449,-0.0000000000000000,0.7680831551551819,0.6403500437736511,0.1695229709148407,0.0000000000000000,0.0000000000000000,0.0000000000000000,1.0000000000000000
M 1.0000000000000000,0.0000000000000000,0.0000000000000000,0.0000000000000000,0.0000000000000000,0.5933281779289246,-0.8049606680870056,1.3721278905868530,-0.0000000000000000,0.8049606680870056,0.5933281779289246,0.2213612198829651,0.0000000000000000,0.0000000000000000,0.0000000000000000,1.0000000000000000
M 1.0000000000000000,0.0000000000000000,0.0000000000000000,0.0000000000000000,0.0000000000000000,0.5448542237281799,-0.8385307788848877,1.4440677165985107,-0.0000000000000000,0.8385307788848877,0.5448542237281799,0.2768765687942505,0.0000000000000000,0.0000000000000000,0.0000000000000000,1.0000000000000000
M 1.0000000000000000,0.0000000000000000,0.0000000000000000,0.0000000000000000,0.0000000000000000,0.4954522550106049,-0.8686351776123047,1.5113509893417358,-0.0000000000000000,0.8686351776123047,0.4954522550106049,0.3353733718395233,0.0000000000000000,0.0000000000000000,0.0000000000000000,1.0000000000000000
M 1.0000000000000000,0.0000000000000000,0.0000000000000000,0.0000000000000000,0.0000000000000000,0.4456726908683777,-0.8951960206031799,1.5736062526702881,-0.0000000000000000,0.8951960206031799,0.4456726908683777,0.3960794508457184,0.0000000000000000,0.0000000000000000,0.0000000000000000,1.0000000000000000
M 1.0000000000000000,0.0000000000000000,0.0000000000000000,0.0000000000000000,0.0000000000000000,0.3960795998573303,-0.9182162284851074,1.6305744647979736,-0.0000000000000000,0.9182162284851074,0.3960795998573303,0.4581650495529175,0.0000000000000000,0.0000000000000000,0.0000000000000000,1.0000000000000000
M 1.0000000000000000,0.0000000000000000,0.0000000000000000,0.0000000000000000,0.0000000000000000,0.3472403287887573,-0.9377761483192444,1.6821086406707764,-0.0000000000000000,0.9377761483192444,0.3472403287887573,0.5207594633102417,0.0000000000000000,0.0000000000000000,0.0000000000000000,1.0000000000000000
M 1.0000000000000000,0.0000000000000000,0.0000000000000000,0.0000000000000000,0.0000000000000000,0.2997144758701324,-0.9540289044380188,1.7281724214553833,-0.0000000000000000,0.9540289044380188,0.2997144758701324,0.5829693078994751,0.0000000000000000,0.0000000000000000,0.0000000000000000,1.0000000000000000
M 1.0000000000000000,0.0000000000000000,0.0000000000000000,0.0000000000000000,0.0000000000000000,0.2540455758571625,-0.9671922326087952,1.7688316106796265,-0.0000000000000000,0.9671922326087952,0.2540455758571625,0.6438946723937988,0.0000000000000000,0.0000000000000000,0.0000000000000000,1.0000000000000000
M 1.0000000000000000,0.0000000000000000,0.0000000000000000,0.0000000000000000,0.0000000000000000,0.2107548266649246,-0.9775389432907104,1.8042434453964233,-0.0000000000000000,0.9775389432907104,0.2107548266649246,0.7026425004005432,0.0000000000000000,0.0000000000000000,0.0000000000000000,1.0000000000000000
M 1.0000000000000000,0.0000000000000000,0.0000000000000000,0.0000000000000000,0.0000000000000000,0.1703351587057114,-0.9853861927986145,1.8346438407897949,-0.0000000000000000,0.9853861927986145,0.1703351587057114,0.7583409547805786,0.0000000000000000,0.0000000000000000,0.0000000000000000,1.0000000000000000
M 1.0000000000000000,0.0000000000000000,0.0000000000000000,0.0000000000000000,0.0000000000000000,0.1332494914531708,-0.9910824894905090,1.8603283166885376,-0.0000000000000000,0.9910824894905090,0.1332494914531708,0.8101473450660706,0.0000000000000000,0.0000000000000000,0.0000000000000000,1.0000000000000000
M 1.0000000000000000,0.0000000000000000,0.0000000000000000,0.0000000000000000,0.0000000000000000,0.0999291911721230,-0.9949945211410522,1.8816337585449219,-0.0000000000000000,0.9949945211410522,0.0999291911721230,0.8572568893432617,0.0000000000000000,0.0000000000000000,0.0000000000000000,1.0000000000000000
M 1.0000000000000000,0.0000000000000000,0.0000000000000000,0.0000000000000000,0.0000000000000000,0.0707759261131287,-0.9974922537803650,1.8989161252975464,-0.0000000000000000,0.9974922537803650,0.0707759261131287,0.8989068865776062,0.0000000000000000,0.0000000000000000,0.0000000000000000,1.0000000000000000
M 1.0000000000000000,0.0000000000000000,0.0000000000000000,0.0000000000000000,0.0000000000000000,0.0461652949452400,-0.9989337921142578,1.9125261306762695,-0.0000000000000000,0.9989337921142578,0.0461652949452400,0.9343785643577576,0.0000000000000000,0.0000000000000000,0.0000000000000000,1.0000000000000000
M 1.0000000000000000,0.0000000000000000,0.0000000000000000,0.0000000000000000,0.0000000000000000,0.0264511574059725,-0.9996501207351685,1.9227843284606934,-0.0000000000000000,0.9996501207351685,0.0264511574059725,0.9629974961280823,0.0000000000000000,0.0000000000000000,0.0000000000000000,1.0000000000000000
M 1.0000000000000000,0.0000000000000000,0.0000000000000000,0.0000000000000000,0.0000000000000000,0.0119685968384147,-0.9999283552169800,1.9299560785293579,-0.0000000000000000,0.9999283552169800,0.0119685968384147,0.9841376543045044,0.0000000000000000,0.0000000000000000,0.0000000000000000,1.0000000000000000
M 1.0000000000000000,0.0000000000000000,0.0000000000000000,0.0000000000000000,0.0000000000000000,0.0030455859377980,-0.9999953508377075,1.9342213869094849,-0.0000000000000000,0.9999953508377075,0.0030455859377980,0.9972112774848938,0.0000000000000000,0.0000000000000000,0.0000000000000000,1.0000000000000000
M 1.0000000000000000,0.0000000000000000,0.0000000000000000,0.0000000000000000,0.0000000000000000,-0.0000002066320803,-1.0000000000000000,1.9356505870819092,-0.0000000000000000,1.0000000000000000,-0.0000002066320803,1.0016824007034302,0.0000000000000000,0.0000000000000000,0.0000000000000000,1.0000000000000000
M 1.0000000000000000,0.0000000000000000,0.0000000000000000,0.0000000000000000,0.0000000000000000,-0.0000002066320803,-1.0000000000000000,1.9356505870819092,-0.0000000000000000,1.0000000000000000,-0.0000002066320803,1.0016824007034302,0.0000000000000000,0.0000000000000000,0.0000000000000000,1.0000000000000000
M 1.0000000000000000,0.0000000000000000,0.0000000000000000,0.0000000000000000,0.0000000000000000,-0.0000002066320803,-1.0000000000000000,1.9356505870819092,-0.0000000000000000,1.0000000000000000,-0.0000002066320803,1.0016824007034302,0.0000000000000000,0.0000000000000000,0.0000000000000000,1.0000000000000000
M 1.0000000000000000,0.0000000000000000,0.0000000000000000,0.0000000000000000,0.0000000000000000,-0.0000002066320803,-1.0000000000000000,1.9356505870819092,-0.0000000000000000,1.0000000000000000,-0.0000002066320803,1.0016824007034302,0.0000000000000000,0.0000000000000000,0.0000000000000000,1.0000000000000000
M 1.0000000000000000,0.0000000000000000,0.0000000000000000,0.0000000000000000,0.0000000000000000,-0.0000002066320803,-1.0000000000000000,1.9356505870819092,-0.0000000000000000,1.0000000000000000,-0.0000002066320803,1.0016824007034302,0.0000000000000000,0.0000000000000000,0.0000000000000000,1.0000000000000000
M 1.0000000000000000,0.0000000000000000,0.0000000000000000,0.0000000000000000,0.0000000000000000,-0.0000002066320803,-1.0000000000000000,1.9356505870819092,-0.0000000000000000,1.0000000000000000,-0.0000002066320803,1.0016824007034302,0.0000000000000000,0.0000000000000000,0.0000000000000000,1.0000000000000000
M 1.0000000000000000,0.0000000000000000,0.0000000000000000,0.0000000000000000,0.0000000000000000,-0.0000002066320803,-1.0000000000000000,1.9356505870819092,-0.0000000000000000,1.0000000000000000,-0.0000002066320803,1.0016824007034302,0.0000000000000000,0.0000000000000000,0.0000000000000000,1.0000000000000000
M 1.0000000000000000,0.0000000000000000,0.0000000000000000,0.0000000000000000,0.0000000000000000,-0.0000002066320803,-1.0000000000000000,1.9356505870819092,-0.0000000000000000,1.0000000000000000,-0.0000002066320803,1.0016824007034302,0.0000000000000000,0.0000000000000000,0.0000000000000000,1.0000000000000000
M 1.0000000000000000,0.0000000000000000,0.0000000000000000,0.0000000000000000,0.0000000000000000,-0.0000002066320803,-1.0000000000000000,1.9356505870819092,-0.0000000000000000,1.0000000000000000,-0.0000002066320803,1.0016824007034302,0.0000000000000000,0.0000000000000000,0.0000000000000000,1.0000000000000000
M 1.0000000000000000,0.0000000000000000,0.0000000000000000,0.0000000000000000,0.0000000000000000,-0.0000002066320803,-1.0000000000000000,1.9356505870819092,-0.0000000000000000,1.0000000000000000,-0.0000002066320803,1.0016824007034302,0.0000000000000000,0.0000000000000000,0.0000000000000000,1.0000000000000000
M 1.0000000000000000,0.0000000000000000,0.0000000000000000,0.0000000000000000,0.0000000000000000,-0.0000002066320803,-1.0000000000000000,1.9356505870819092,-0.0000000000000000,1.0000000000000000,-0.0000002066320803,1.0016824007034302,0.0000000000000000,0.0000000000000000,0.0000000000000000,1.0000000000000000
M 1.0000000000000000,0.0000000000000000,0.0000000000000000,0.0000000000000000,0.0000000000000000,-0.0000002066320803,-1.0000000000000000,1.9356505870819092,-0.0000000000000000,1.0000000000000000,-0.0000002066320803,1.0016824007034302,0.0000000000000000,0.0000000000000000,0.0000000000000000,1.0000000000000000
M 1.0000000000000000,0.0000000000000000,0.0000000000000000,0.0000000000000000,0.0000000000000000,-0.0000002066320803,-1.0000000000000000,1.9356505870819092,-0.0000000000000000,1.0000000000000000,-0.0000002066320803,1.0016824007034302,0.0000000000000000,0.0000000000000000,0.0000000000000000,1.0000000000000000
M 1.0000000000000000,0.0000000000000000,0.0000000000000000,0.0000000000000000,0.0000000000000000,-0.0000002066320803,-1.0000000000000000,1.9356505870819092,-0.0000000000000000,1.0000000000000000,-0.0000002066320803,1.0016824007034302,0.0000000000000000,0.0000000000000000,0.0000000000000000,1.0000000000000000
M 1.0000000000000000,0.0000000000000000,0.0000000000000000,0.0000000000000000,0.0000000000000000,-0.0000002066320803,-1.0000000000000000,1.9356505870819092,-0.0000000000000000,1.0000000000000000,-0.0000002066320803,1.0016824007034302,0.0000000000000000,0.0000000000000000,0.0000000000000000,1.0000000000000000
M 1.0000000000000000,0.0000000000000000,0.0000000000000000,0.0000000000000000,0.0000000000000000,-0.0000002066320803,-1.0000000000000000,1.9356505870819092,-0.0000000000000000,1.0000000000000000,-0.0000002066320803,1.0016824007034302,0.0000000000000000,0.0000000000000000,0.0000000000000000,1.0000000000000000
M 1.0000000000000000,0.0000000000000000,0.0000000000000000,0.0000000000000000,0.0000000000000000,-0.0000002066320803,-1.0000000000000000,1.9356505870819092,-0.0000000000000000,1.0000000000000000,-0.0000002066320803,1.0016824007034302,0.0000000000000000,0.0000000000000000,0.0000000000000000,1.0000000000000000
M 1.0000000000000000,0.0000000000000000,0.0000000000000000,0.0000000000000000,0.0000000000000000,-0.0000002066320803,-1.0000000000000000,1.9356505870819092,-0.0000000000000000,1.0000000000000000,-0.0000002066320803,1.0016824007034302,0.0000000000000000,0.0000000000000000,0.0000000000000000,1.0000000000000000
M 1.0000000000000000,0.0000000000000000,0.0000000000000000,0.0000000000000000,0.0000000000000000,-0.0000002066320803,-1.0000000000000000,1.9356505870819092,-0.0000000000000000,1.0000000000000000,-0.0000002066320803,1.0016824007034302,0.0000000000000000,0.0000000000000000,0.0000000000000000,1.0000000000000000
M 1.0000000000000000,0.0000000000000000,0.0000000000000000,0.0000000000000000,0.0000000000000000,-0.0000002066320803,-1.0000000000000000,1.9356505870819092,-0.0000000000000000,1.0000000000000000,-0.0000002066320803,1.0016824007034302,0.0000000000000000,0.0000000000000000,0.0000000000000000,1.0000000000000000
M 1.0000000000000000,0.0000000000000000,0.0000000000000000,0.0000000000000000,0.0000000000000000,-0.0000002066320803,-1.0000000000000000,1.9356505870819092,-0.0000000000000000,1.0000000000000000,-0.0000002066320803,1.0016824007034302,0.0000000000000000,0.0000000000000000,0.0000000000000000,1.0000000000000000
M 1.0000000000000000,0.0000000000000000,0.0000000000000000,0.0000000000000000,0.0000000000000000,-0.0000002066320803,-1.0000000000000000,1.9356505870819092,-0.0000000000000000,1.0000000000000000,-0.0000002066320803,1.0016824007034302,0.0000000000000000,0.0000000000000000,0.0000000000000000,1.0000000000000000
M 1.0000000000000000,0.0000000000000000,0.0000000000000000,0.0000000000000000,0.0000000000000000,-0.0000002066320803,-1.0000000000000000,1.9356505870819092,-0.0000000000000000,1.0000000000000000,-0.0000002066320803,1.0016824007034302,0.0000000000000000,0.0000000000000000,0.0000000000000000,1.0000000000000000
M 1.0000000000000000,0.0000000000000000,0.0000000000000000,0.0000000000000000,0.0000000000000000,-0.0000002066320803,-1.0000000000000000,1.9356505870819092,-0.0000000000000000,1.0000000000000000,-0.0000002066320803,1.0016824007034302,0.0000000000000000,0.0000000000000000,0.0000000000000000,1.0000000000000000
M 1.0000000000000000,0.0000000000000000,0.0000000000000000,0.0000000000000000,0.0000000000000000,-0.0000002066320803,-1.0000000000000000,1.9356505870819092,-0.0000000000000000,1.0000000000000000,-0.0000002066320803,1.0016824007034302,0.0000000000000000,0.0000000000000000,0.0000000000000000,1.0000000000000000
M 1.0000000000000000,0.0000000000000000,0.0000000000000000,0.0000000000000000,0.0000000000000000,-0.0000002066320803,-1.0000000000000000,1.9356505870819092,-0.0000000000000000,1.0000000000000000,-0.0000002066320803,1.0016824007034302,0.0000000000000000,0.0000000000000000,0.0000000000000000,1.0000000000000000
M 1.0000000000000000,0.0000000000000000,0.0000000000000000,0.0000000000000000,0.0000000000000000,-0.0000002066320803,-1.0000000000000000,1.9356505870819092,-0.0000000000000000,1.0000000000000000,-0.0000002066320803,1.0016824007034302,0.0000000000000000,0.0000000000000000,0.0000000000000000,1.0000000000000000
M 1.0000000000000000,0.0000000000000000,0.0000000000000000,0.0000000000000000,0.0000000000000000,-0.0000002066320803,-1.0000000000000000,1.9356505870819092,-0.0000000000000000,1.0000000000000000,-0.0000002066320803,1.0016824007034302,0.0000000000000000,0.0000000000000000,0.0000000000000000,1.0000000000000000
M 1.0000000000000000,0.0000000000000000,0.0000000000000000,0.0000000000000000,0.0000000000000000,-0.0000002066320803,-1.0000000000000000,1.9356505870819092,-0.0000000000000000,1.0000000000000000,-0.0000002066320803,1.0016824007034302,0.0000000000000000,0.0000000000000000,0.0000000000000000,1.0000000000000000
M 1.0000000000000000,0.0000000000000000,0.0000000000000000,0.0000000000000000,0.0000000000000000,-0.0000002066320803,-1.0000000000000000,1.9356505870819092,-0.0000000000000000,1.0000000000000000,-0.0000002066320803,1.0016824007034302,0.0000000000000000,0.0000000000000000,0.0000000000000000,1.0000000000000000
M 1.0000000000000000,0.0000000000000000,0.0000000000000000,0.0000000000000000,0.0000000000000000,-0.0000002066320803,-1.0000000000000000,1.9356505870819092,-0.0000000000000000,1.0000000000000000,-0.0000002066320803,1.0016824007034302,0.0000000000000000,0.0000000000000000,0.0000000000000000,1.0000000000000000
M 1.0000000000000000,0.0000000000000000,0.0000000000000000,0.0000000000000000,0.0000000000000000,-0.0000002066320803,-1.0000000000000000,1.9356505870819092,-0.0000000000000000,1.0000000000000000,-0.0000002066320803,1.0016824007034302,0.0000000000000000,0.0000000000000000,0.0000000000000000,1.0000000000000000
M 1.0000000000000000,0.0000000000000000,0.0000000000000000,0.0000000000000000,0.0000000000000000,-0.0000002066320803,-1.0000000000000000,1.9356505870819092,-0.0000000000000000,1.0000000000000000,-0.0000002066320803,1.0016824007034302,0.0000000000000000,0.0000000000000000,0.0000000000000000,1.0000000000000000
M 1.0000000000000000,0.0000000000000000,0.0000000000000000,0.0000000000000000,0.0000000000000000,-0.0000002066320803,-1.0000000000000000,1.9356505870819092,-0.0000000000000000,1.0000000000000000,-0.0000002066320803,1.0016824007034302,0.0000000000000000,0.0000000000000000,0.0000000000000000,1.0000000000000000
M 1.0000000000000000,0.0000000000000000,0.0000000000000000,0.0000000000000000,0.0000000000000000,-0.0000002066320803,-1.0000000000000000,1.9356505870819092,-0.0000000000000000,1.0000000000000000,-0.0000002066320803,1.0016824007034302,0.0000000000000000,0.0000000000000000,0.0000000000000000,1.0000000000000000
M 1.0000000000000000,0.0000000000000000,0.0000000000000000,0.0000000000000000,0.0000000000000000,-0.0000002066320803,-1.0000000000000000,1.9356505870819092,-0.0000000000000000,1.0000000000000000,-0.0000002066320803,1.0016824007034302,0.0000000000000000,0.0000000000000000,0.0000000000000000,1.0000000000000000
M 1.0000000000000000,0.0000000000000000,0.0000000000000000,0.0000000000000000,0.0000000000000000,-0.0000002066320803,-1.0000000000000000,1.9356505870819092,-0.0000000000000000,1.0000000000000000,-0.0000002066320803,1.0016824007034302,0.0000000000000000,0.0000000000000000,0.0000000000000000,1.0000000000000000
M 1.0000000000000000,0.0000000000000000,0.0000000000000000,0.0000000000000000,0.0000000000000000,-0.0000002066320803,-1.0000000000000000,1.9356505870819092,-0.0000000000000000,1.0000000000000000,-0.0000002066320803,1.0016824007034302,0.0000000000000000,0.0000000000000000,0.0000000000000000,1.0000000000000000
M 1.0000000000000000,0.0000000000000000,0.0000000000000000,0.0000000000000000,0.0000000000000000,-0.0000002066320803,-1.0000000000000000,1.9356505870819092,-0.0000000000000000,1.0000000000000000,-0.0000002066320803,1.0016824007034302,0.0000000000000000,0.0000000000000000,0.0000000000000000,1.0000000000000000
M 1.0000000000000000,0.0000000000000000,0.0000000000000000,0.0000000000000000,0.0000000000000000,-0.0000002066320803,-1.0000000000000000,1.9356505870819092,-0.0000000000000000,1.0000000000000000,-0.0000002066320803,1.0016824007034302,0.0000000000000000,0.0000000000000000,0.0000000000000000,1.0000000000000000
M 1.0000000000000000,0.0000000000000000,0.0000000000000000,0.0000000000000000,0.0000000000000000,-0.0000002066320803,-1.0000000000000000,1.9356505870819092,-0.0000000000000000,1.0000000000000000,-0.0000002066320803,1.0016824007034302,0.0000000000000000,0.0000000000000000,0.0000000000000000,1.0000000000000000
M 1.0000000000000000,0.0000000000000000,0.0000000000000000,0.0000000000000000,0.0000000000000000,-0.0000002066320803,-1.0000000000000000,1.9356505870819092,-0.0000000000000000,1.0000000000000000,-0.0000002066320803,1.0016824007034302,0.0000000000000000,0.0000000000000000,0.0000000000000000,1.0000000000000000
M 1.0000000000000000,0.0000000000000000,0.0000000000000000,0.0000000000000000,0.0000000000000000,-0.0000002066320803,-1.0000000000000000,1.9356505870819092,-0.0000000000000000,1.0000000000000000,-0.0000002066320803,1.0016824007034302,0.0000000000000000,0.0000000000000000,0.0000000000000000,1.0000000000000000
M 1.0000000000000000,0.0000000000000000,0.0000000000000000,0.0000000000000000,0.0000000000000000,-0.0000002066320803,-1.0000000000000000,1.9356505870819092,-0.0000000000000000,1.0000000000000000,-0.0000002066320803,1.0016824007034302,0.0000000000000000,0.0000000000000000,0.0000000000000000,1.0000000000000000
M 1.0000000000000000,0.0000000000000000,0.0000000000000000,0.0000000000000000,0.0000000000000000,-0.0000002066320803,-1.0000000000000000,1.9356505870819092,-0.0000000000000000,1.0000000000000000,-0.0000002066320803,1.0016824007034302,0.0000000000000000,0.0000000000000000,0.0000000000000000,1.0000000000000000
M 1.0000000000000000,0.0000000000000000,0.0000000000000000,0.0000000000000000,0.0000000000000000,-0.0000002066320803,-1.0000000000000000,1.9356505870819092,-0.0000000000000000,1.0000000000000000,-0.0000002066320803,1.0016824007034302,0.0000000000000000,0.0000000000000000,0.0000000000000000,1.0000000000000000
M 1.0000000000000000,0.0000000000000000,0.0000000000000000,0.0000000000000000,0.0000000000000000,-0.0000002066320803,-1.0000000000000000,1.9356505870819092,-0.0000000000000000,1.0000000000000000,-0.0000002066320803,1.0016824007034302,0.0000000000000000,0.0000000000000000,0.0000000000000000,1.0000000000000000
M 1.0000000000000000,0.0000000000000000,0.0000000000000000,0.0000000000000000,0.0000000000000000,-0.0000002066320803,-1.0000000000000000,1.9356505870819092,-0.0000000000000000,1.0000000000000000,-0.0000002066320803,1.0016824007034302,0.0000000000000000,0.0000000000000000,0.0000000000000000,1.0000000000000000
M 1.0000000000000000,0.0000000000000000,0.0000000000000000,0.0000000000000000,0.0000000000000000,-0.0000002066320803,-1.0000000000000000,1.9356505870819092,-0.0000000000000000,1.0000000000000000,-0.0000002066320803,1.0016824007034302,0.0000000000000000,0.0000000000000000,0.0000000000000000,1.0000000000000000
M 1.0000000000000000,0.0000000000000000,0.0000000000000000,0.0000000000000000,0.0000000000000000,-0.0000002066320803,-1.0000000000000000,1.9356505870819092,-0.0000000000000000,1.0000000000000000,-0.0000002066320803,1.0016824007034302,0.0000000000000000,0.0000000000000000,0.0000000000000000,1.0000000000000000
M 1.0000000000000000,0.0000000000000000,0.0000000000000000,0.0000000000000000,0.0000000000000000,-0.0000002066320803,-1.0000000000000000,1.9356505870819092,-0.0000000000000000,1.0000000000000000,-0.0000002066320803,1.0016824007034302,0.0000000000000000,0.0000000000000000,0.0000000000000000,1.0000000000000000
M 1.0000000000000000,0.0000000000000000,0.0000000000000000,0.0000000000000000,0.0000000000000000,-0.0000002066320803,-1.0000000000000000,1.9356505870819092,-0.0000000000000000,1.0000000000000000,-0.0000002066320803,1.0016824007034302,0.0000000000000000,0.0000000000000000,0.0000000000000000,1.0000000000000000
M 1.0000000000000000,0.0000000000000000,0.0000000000000000,0.0000000000000000,0.0000000000000000,-0.0000002066320803,-1.0000000000000000,1.9356505870819092,-0.0000000000000000,1.0000000000000000,-0.0000002066320803,1.0016824007034302,0.0000000000000000,0.0000000000000000,0.0000000000000000,1.0000000000000000
M 1.0000000000000000,0.0000000000000000,0.0000000000000000,0.0000000000000000,0.0000000000000000,-0.0000002066320803,-1.0000000000000000,1.9356505870819092,-0.0000000000000000,1.0000000000000000,-0.0000002066320803,1.0016824007034302,0.0000000000000000,0.0000000000000000,0.0000000000000000,1.0000000000000000
M 1.0000000000000000,0.0000000000000000,0.0000000000000000,0.0000000000000000,0.0000000000000000,-0.0000002066320803,-1.0000000000000000,1.9356505870819092,-0.0000000000000000,1.0000000000000000,-0.0000002066320803,1.0016824007034302,0.0000000000000000,0.0000000000000000,0.0000000000000000,1.0000000000000000
M 1.0000000000000000,0.0000000000000000,0.0000000000000000,0.0000000000000000,0.0000000000000000,-0.0000002066320803,-1.0000000000000000,1.9356505870819092,-0.0000000000000000,1.0000000000000000,-0.0000002066320803,1.0016824007034302,0.0000000000000000,0.0000000000000000,0.0000000000000000,1.0000000000000000
M 1.0000000000000000,0.0000000000000000,0.0000000000000000,0.0000000000000000,0.0000000000000000,-0.0000002066320803,-1.0000000000000000,1.9356505870819092,-0.0000000000000000,1.0000000000000000,-0.0000002066320803,1.0016824007034302,0.0000000000000000,0.0000000000000000,0.0000000000000000,1.0000000000000000
M 1.0000000000000000,0.0000000000000000,0.0000000000000000,0.0000000000000000,0.0000000000000000,-0.0000002066320803,-1.0000000000000000,1.9356505870819092,-0.0000000000000000,1.0000000000000000,-0.0000002066320803,1.0016824007034302,0.0000000000000000,0.0000000000000000,0.0000000000000000,1.0000000000000000
M 1.0000000000000000,0.0000000000000000,0.0000000000000000,0.0000000000000000,0.0000000000000000,-0.0000002066320803,-1.0000000000000000,1.9356505870819092,-0.0000000000000000,1.0000000000000000,-0.0000002066320803,1.0016824007034302,0.0000000000000000,0.0000000000000000,0.0000000000000000,1.0000000000000000
M 1.0000000000000000,0.0000000000000000,0.0000000000000000,0.0000000000000000,0.0000000000000000,-0.0000002066320803,-1.0000000000000000,1.9356505870819092,-0.0000000000000000,1.0000000000000000,-0.0000002066320803,1.0016824007034302,0.0000000000000000,0.0000000000000000,0.0000000000000000,1.0000000000000000
M 1.0000000000000000,0.0000000000000000,0.0000000000000000,0.0000000000000000,0.0000000000000000,-0.0000002066320803,-1.0000000000000000,1.9356505870819092,-0.0000000000000000,1.0000000000000000,-0.0000002066320803,1.0016824007034302,0.0000000000000000,0.0000000000000000,0.0000000000000000,1.0000000000000000
M 1.0000000000000000,0.0000000000000000,0.0000000000000000,0.0000000000000000,0.0000000000000000,-0.0000002066320803,-1.0000000000000000,1.9356505870819092,-0.0000000000000000,1.0000000000000000,-0.0000002066320803,1.0016824007034302,0.0000000000000000,0.0000000000000000,0.0000000000000000,1.0000000000000000
M 1.0000000000000000,0.0000000000000000,0.0000000000000000,0.0000000000000000,0.0000000000000000,-0.0000002066320803,-1.0000000000000000,1.9356505870819092,-0.0000000000000000,1.0000000000000000,-0.0000002066320803,1.0016824007034302,0.0000000000000000,0.0000000000000000,0.0000000000000000,1.0000000000000000
M 1.0000000000000000,0.0000000000000000,0.0000000000000000,0.0000000000000000,0.0000000000000000,-0.0000002066320803,-1.0000000000000000,1.9356505870819092,-0.0000000000000000,1.0000000000000000,-0.0000002066320803,1.0016824007034302,0.0000000000000000,0.0000000000000000,0.0000000000000000,1.0000000000000000
M 1.0000000000000000,0.0000000000000000,0.0000000000000000,0.0000000000000000,0.0000000000000000,-0.0000002066320803,-1.0000000000000000,1.9356505870819092,-0.0000000000000000,1.0000000000000000,-0.0000002066320803,1.0016824007034302,0.0000000000000000,0.0000000000000000,0.0000000000000000,1.0000000000000000
M 1.0000000000000000,0.0000000000000000,0.0000000000000000,0.0000000000000000,0.0000000000000000,-0.0000002066320803,-1.0000000000000000,1.9356505870819092,-0.0000000000000000,1.0000000000000000,-0.0000002066320803,1.0016824007034302,0.0000000000000000,0.0000000000000000,0.0000000000000000,1.0000000000000000
M 1.0000000000000000,0.0000000000000000,0.0000000000000000,0.0000000000000000,0.0000000000000000,-0.0000002066320803,-1.0000000000000000,1.9356505870819092,-0.0000000000000000,1.0000000000000000,-0.0000002066320803,1.0016824007034302,0.0000000000000000,0.0000000000000000,0.0000000000000000,1.0000000000000000
M 1.0000000000000000,0.0000000000000000,0.0000000000000000,0.0000000000000000,0.0000000000000000,-0.0000002066320803,-1.0000000000000000,1.9356505870819092,-0.0000000000000000,1.0000000000000000,-0.0000002066320803,1.0016824007034302,0.0000000000000000,0.0000000000000000,0.0000000000000000,1.0000000000000000
M 1.0000000000000000,0.0000000000000000,0.0000000000000000,0.0000000000000000,0.0000000000000000,-0.0000002066320803,-1.0000000000000000,1.9356505870819092,-0.0000000000000000,1.0000000000000000,-0.0000002066320803,1.0016824007034302,0.0000000000000000,0.0000000000000000,0.0000000000000000,1.0000000000000000
M 1.0000000000000000,0.0000000000000000,0.0000000000000000,0.0000000000000000,0.0000000000000000,-0.0000002066320803,-1.0000000000000000,1.9356505870819092,-0.0000000000000000,1.0000000000000000,-0.0000002066320803,1.0016824007034302,0.0000000000000000,0.0000000000000000,0.0000000000000000,1.0000000000000000
M 1.0000000000000000,0.0000000000000000,0.0000000000000000,0.0000000000000000,0.0000000000000000,-0.0000002066320803,-1.0000000000000000,1.9356505870819092,-0.0000000000000000,1.0000000000000000,-0.0000002066320803,1.0016824007034302,0.0000000000000000,0.0000000000000000,0.0000000000000000,1.0000000000000000
M 1.0000000000000000,0.0000000000000000,0.0000000000000000,0.0000000000000000,0.0000000000000000,-0.0000002066320803,-1.0000000000000000,1.9356505870819092,-0.0000000000000000,1.0000000000000000,-0.0000002066320803,1.0016824007034302,0.0000000000000000,0.0000000000000000,0.0000000000000000,1.0000000000000000
M 1.0000000000000000,0.0000000000000000,0.0000000000000000,0.0000000000000000,0.0000000000000000,-0.0000002066320803,-1.0000000000000000,1.9356505870819092,-0.0000000000000000,1.0000000000000000,-0.0000002066320803,1.0016824007034302,0.0000000000000000,0.0000000000000000,0.0000000000000000,1.0000000000000000
M 1.0000000000000000,0.0000000000000000,0.0000000000000000,0.0000000000000000,0.0000000000000000,-0.0000002066320803,-1.0000000000000000,1.9356505870819092,-0.0000000000000000,1.0000000000000000,-0.0000002066320803,1.0016824007034302,0.0000000000000000,0.0000000000000000,0.0000000000000000,1.0000000000000000
M 1.0000000000000000,0.0000000000000000,0.0000000000000000,0.0000000000000000,0.0000000000000000,-0.0000002066320803,-1.0000000000000000,1.9356505870819092,-0.0000000000000000,1.0000000000000000,-0.0000002066320803,1.0016824007034302,0.0000000000000000,0.0000000000000000,0.0000000000000000,1.0000000000000000
M 1.0000000000000000,0.0000000000000000,0.0000000000000000,0.0000000000000000,0.0000000000000000,-0.0000002066320803,-1.0000000000000000,1.9356505870819092,-0.0000000000000000,1.0000000000000000,-0.0000002066320803,1.0016824007034302,0.0000000000000000,0.0000000000000000,0.0000000000000000,1.0000000000000000
M 1.0000000000000000,0.0000000000000000,0.0000000000000000,0.0000000000000000,0.0000000000000000,-0.0000002066320803,-1.0000000000000000,1.9356505870819092,-0.0000000000000000,1.0000000000000000,-0.0000002066320803,1.0016824007034302,0.0000000000000000,0.0000000000000000,0.0000000000000000,1.0000000000000000
M 1.0000000000000000,0.0000000000000000,0.0000000000000000,0.0000000000000000,0.0000000000000000,-0.0000002066320803,-1.0000000000000000,1.9356505870819092,-0.0000000000000000,1.0000000000000000,-0.0000002066320803,1.0016824007034302,0.0000000000000000,0.0000000000000000,0.0000000000000000,1.0000000000000000
M 1.0000000000000000,0.0000000000000000,0.0000000000000000,0.0000000000000000,0.0000000000000000,-0.0000002066320803,-1.0000000000000000,1.9356505870819092,-0.0000000000000000,1.0000000000000000,-0.0000002066320803,1.0016824007034302,0.0000000000000000,0.0000000000000000,0.0000000000000000,1.0000000000000000
M 1.0000000000000000,0.0000000000000000,0.0000000000000000,0.0000000000000000,0.0000000000000000,-0.0000002066320803,-1.0000000000000000,1.9356505870819092,-0.0000000000000000,1.0000000000000000,-0.0000002066320803,1.0016824007034302,0.0000000000000000,0.0000000000000000,0.0000000000000000,1.0000000000000000
M 1.0000000000000000,0.0000000000000000,0.0000000000000000,0.0000000000000000,0.0000000000000000,-0.0000002066320803,-1.0000000000000000,1.9356505870819092,-0.0000000000000000,1.0000000000000000,-0.0000002066320803,1.0016824007034302,0.0000000000000000,0.0000000000000000,0.0000000000000000,1.0000000000000000
O DOOR_7_EXTERNAL_CG_drl
A DOOR_7_EXTERNAL_CG_drl_DOOR_7_EXTERNAL_CG_drl.002
M 1.0000000000000000,0.0000000000000000,0.0000000000000000,0.0000000000000000,0.0000000000000000,1.0000000000000000,-0.0000000437113883,0.0000000000000000,-0.0000000000000000,0.0000000437113883,1.0000000000000000,-0.0000000000000000,0.0000000000000000,0.0000000000000000,0.0000000000000000,1.0000000000000000
M 1.0000000000000000,0.0000000000000000,0.0000000000000000,0.0000965342769632,0.0000000000000000,1.0000000000000000,-0.0000000437113883,0.0000000000000000,-0.0000000000000000,0.0000000437113883,1.0000000000000000,0.0003180337953381,0.0000000000000000,0.0000000000000000,0.0000000000000000,1.0000000000000000
M 1.0000000000000000,0.0000000000000000,0.0000000000000000,0.0003849214408547,0.0000000000000000,1.0000000000000000,-0.0000000437113883,0.0000000000000000,-0.0000000000000000,0.0000000437113883,1.0000000000000000,0.0012466924963519,0.0000000000000000,0.0000000000000000,0.0000000000000000,1.0000000000000000
M 1.0000000000000000,0.0000000000000000,0.0000000000000000,0.0008633381221443,0.0000000000000000,1.0000000000000000,-0.0000000437113883,0.0000000000000000,-0.0000000000000000,0.0000000437113883,1.0000000000000000,0.0027478120755404,0.0000000000000000,0.0000000000000000,0.0000000000000000,1.0000000000000000
M 1.0000000000000000,0.0000000000000000,0.0000000000000000,0.0015299606602639,0.0000000000000000,1.0000000000000000,-0.0000000437113883,0.0000000000000000,-0.0000000000000000,0.0000000437113883,1.0000000000000000,0.0047832280397415,0.0000000000000000,0.0000000000000000,0.0000000000000000,1.0000000000000000
M 1.0000000000000000,0.0000000000000000,0.0000000000000000,0.0023829655256122,0.0000000000000000,1.0000000000000000,-0.0000000437113883,0.0000000000000000,-0.0000000000000000,0.0000000437113883,1.0000000000000000,0.0073147765360773,0.0000000000000000,0.0000000000000000,0.0000000000000000,1.0000000000000000
M 1.0000000000000000,0.0000000000000000,0.0000000000000000,0.0034205291885883,0.0000000000000000,1.0000000000000000,-0.0000000437113883,0.0000000000000000,-0.0000000000000000,0.0000000437113883,1.0000000000000000,0.0103042935952544,0.0000000000000000,0.0000000000000000,0.0000000000000000,1.0000000000000000
M 1.0000000000000000,0.0000000000000000,0.0000000000000000,0.0046408288180828,0.0000000000000000,1.0000000000000000,-0.0000000437113883,0.0000000000000000,-0.0000000000000000,0.0000000437113883,1.0000000000000000,0.0137136140838265,0.0000000000000000,0.0000000000000000,0.0000000000000000,1.0000000000000000
