O DOOR_11
A DOOR_11_DOOR_11
M 1.0000000000000000,0.0000000000000000,0.0000000000000000,0.0000000000000000,0.0000000000000000,1.0000000000000000,-0.0000000437113883,-0.0000000083725595,-0.0000000000000000,0.0000000437113883,1.0000000000000000,0.0000000353152565,0.0000000000000000,0.0000000000000000,0.0000000000000000,1.0000000000000000
M 1.0000000000000000,0.0000000000000000,0.0000000000000000,0.0000000000000000,0.0000000000000000,0.9999953508377075,0.0030452720820904,0.0044729253277183,-0.0000000000000000,-0.0030452720820904,0.9999953508377075,0.0014177317498252,0.0000000000000000,0.0000000000000000,0.0000000000000000,1.0000000000000000
M 1.0000000000000000,0.0000000000000000,0.0000000000000000,0.0000000000000000,0.0000000000000000,0.9999283552169800,0.0119688790291548,0.0176048185676336,-0.0000000000000000,-0.0119688790291548,0.9999283552169800,0.0054935328662395,0.0000000000000000,0.0000000000000000,0.0000000000000000,1.0000000000000000
M 1.0000000000000000,0.0000000000000000,0.0000000000000000,0.0000000000000000,0.0000000000000000,0.9996501207351685,0.0264509618282318,0.0389957763254642,-0.0000000000000000,-0.0264509618282318,0.9996501207351685,0.0118592102080584,0.0000000000000000,0.0000000000000000,0.0000000000000000,1.0000000000000000
M 1.0000000000000000,0.0000000000000000,0.0000000000000000,0.0000000000000000,0.0000000000000000,0.9989337921142578,0.0461655780673027,0.0682734176516533,-0.0000000000000000,-0.0461655780673027,0.9989337921142578,0.0200294665992260,0.0000000000000000,0.0000000000000000,0.0000000000000000,1.0000000000000000
M 1.0000000000000000,0.0000000000000000,0.0000000000000000,0.0000000000000000,0.0000000000000000,0.9974922537803650,0.0707759633660316,0.1050776615738869,-0.0000000000000000,-0.0707759633660316,0.9974922537803650,0.0294250138103962,0.0000000000000000,0.0000000000000000,0.0000000000000000,1.0000000000000000
M 1.0000000000000000,0.0000000000000000,0.0000000000000000,0.0000000000000000,0.0000000000000000,0.9949945211410522,0.0999291166663170,0.1490450799465179,-0.0000000000000000,-0.0999291166663170,0.9949945211410522,0.0393949560821056,0.0000000000000000,0.0000000000000000,0.0000000000000000,1.0000000000000000
M 1.0000000000000000,0.0000000000000000,0.0000000000000000,0.0000000000000000,0.0000000000000000,0.9910824894905090,0.1332495361566544,0.1997919082641602,-0.0000000000000000,-0.1332495361566544,0.9910824894905090,0.0492379255592823,0.0000000000000000,0.0000000000000000,0.0000000000000000,1.0000000000000000
M 1.0000000000000000,0.0000000000000000,0.0000000000000000,0.0000000000000000,0.0000000000000000,0.9853861331939697,0.1703352034091949,0.2569010853767395,-0.0000000000000000,-0.1703352034091949,0.9853861331939697,0.0582225248217583,0.0000000000000000,0.0000000000000000,0.0000000000000000,1.0000000000000000
M 1.0000000000000000,0.0000000000000000,0.0000000000000000,0.0000000000000000,0.0000000000000000,0.9775389432907104,0.2107547521591187,0.3199107348918915,-0.0000000000000000,-0.2107547521591187,0.9775389432907104,0.0656090974807739,0.0000000000000000,0.0000000000000000,0.0000000000000000,1.0000000000000000
M 1.0000000000000000,0.0000000000000000,0.0000000000000000,0.0000000000000000,0.0000000000000000,0.9671922326087952,0.2540456354618073,0.3883048593997955,-0.0000000000000000,-0.2540456354618073,0.9671922326087952,0.0706692636013031,0.0000000000000000,0.0000000000000000,0.0000000000000000,1.0000000000000000
M 1.0000000000000000,0.0000000000000000,0.0000000000000000,0.0000000000000000,0.0000000000000000,0.9540289640426636,0.2997143864631653,0.4615074098110199,-0.0000000000000000,-0.2997143864631653,0.9540289640426636,0.0727068334817886,0.0000000000000000,0.0000000000000000,0.0000000000000000,1.0000000000000000
M 1.0000000000000000,0.0000000000000000,0.0000000000000000,0.0000000000000000,0.0000000000000000,0.9377761483192444,0.3472403585910797,0.5388816595077515,-0.0000000000000000,-0.3472403585910797,0.9377761483192444,0.0710774660110474,0.0000000000000000,0.0000000000000000,0.0000000000000000,1.0000000000000000
M 1.0000000000000000,0.0000000000000000,0.0000000000000000,0.0000000000000000,0.0000000000000000,0.9182161092758179,0.3960797488689423,0.6197311878204346,-0.0000000000000000,-0.3960797488689423,0.9182161092758179,0.0652070939540863,0.0000000000000000,0.0000000000000000,0.0000000000000000,1.0000000000000000
M 1.0000000000000000,0.0000000000000000,0.0000000000000000,0.0000000000000000,0.0000000000000000,0.8951959609985352,0.4456728398799896,0.7033057212829590,-0.0000000000000000,-0.4456728398799896,0.8951959609985352,0.0546096265316010,0.0000000000000000,0.0000000000000000,0.0000000000000000,1.0000000000000000
M 1.0000000000000000,0.0000000000000000,0.0000000000000000,0.0000000000000000,0.0000000000000000,0.8686351180076599,0.4954524040222168,0.7888101339340210,-0.0000000000000000,-0.4954524040222168,0.8686351180076599,0.0389013886451721,0.0000000000000000,0.0000000000000000,0.0000000000000000,1.0000000000000000
M 1.0000000000000000,0.0000000000000000,0.0000000000000000,0.0000000000000000,0.0000000000000000,0.8385306596755981,0.5448544025421143,0.8754179477691650,-0.0000000000000000,-0.5448544025421143,0.8385306596755981,0.0178142786026001,0.0000000000000000,0.0000000000000000,0.0000000000000000,1.0000000000000000
M 1.0000000000000000,0.0000000000000000,0.0000000000000000,0.0000000000000000,0.0000000000000000,0.8049604296684265,0.5933284759521484,0.9622845649719238,-0.0000000000000000,-0.5933284759521484,0.8049604296684265,-0.0087950229644775,0.0000000000000000,0.0000000000000000,0.0000000000000000,1.0000000000000000
M 1.0000000000000000,0.0000000000000000,0.0000000000000000,0.0000000000000000,0.0000000000000000,0.7680831551551819,0.6403500437736511,1.0485657453536987,-0.0000000000000000,-0.6403500437736511,0.7680831551551819,-0.0409386456012726,0.0000000000000000,0.0000000000000000,0.0000000000000000,1.0000000000000000
M 1.0000000000000000,0.0000000000000000,0.0000000000000000,0.0000000000000000,0.0000000000000000,0.7281365394592285,0.6854320764541626,1.1334352493286133,-0.0000000000000000,-0.6854320764541626,0.7281365394592285,-0.0784956216812134,0.0000000000000000,0.0000000000000000,0.0000000000000000,1.0000000000000000
M 1.0000000000000000,0.0000000000000000,0.0000000000000000,0.0000000000000000,0.0000000000000000,0.6854322552680969,0.7281363606452942,1.2161040306091309,-0.0000000000000000,-0.7281363606452942,0.6854322552680969,-0.1212133169174194,0.0000000000000000,0.0000000000000000,0.0000000000000000,1.0000000000000000
M 1.0000000000000000,0.0000000000000000,0.0000000000000000,0.0000000000000000,0.0000000000000000,0.6403501033782959,0.7680832147598267,1.2958368062973022,-0.0000000000000000,-0.7680832147598267,0.6403501033782959,-0.1687116622924805,0.0000000000000000,0.0000000000000000,0.0000000000000000,1.0000000000000000
M 1.0000000000000000,0.0000000000000000,0.0000000000000000,0.0000000000000000,0.0000000000000000,0.5933285355567932,0.8049604296684265,1.3719704151153564,-0.0000000000000000,-0.8049604296684265,0.5933285355567932,-0.2204930186271667,0.0000000000000000,0.0000000000000000,0.0000000000000000,1.0000000000000000
M 1.0000000000000000,0.0000000000000000,0.0000000000000000,0.0000000000000000,0.0000000000000000,0.5448545217514038,0.8385306000709534,1.4439284801483154,-0.0000000000000000,-0.8385306000709534,0.5448545217514038,-0.2759536802768707,0.0000000000000000,0.0000000000000000,0.0000000000000000,1.0000000000000000
M 1.0000000000000000,0.0000000000000000,0.0000000000000000,0.0000000000000000,0.0000000000000000,0.4954523742198944,0.8686351180076599,1.5112327337265015,-0.0000000000000000,-0.8686351180076599,0.4954523742198944,-0.3343979418277740,0.0000000000000000,0.0000000000000000,0.0000000000000000,1.0000000000000000
M 1.0000000000000000,0.0000000000000000,0.0000000000000000,0.0000000000000000,0.0000000000000000,0.4456727802753448,0.8951959013938904,1.5735111236572266,-0.0000000000000000,-0.8951959013938904,0.4456727802753448,-0.3950540423393250,0.0000000000000000,0.0000000000000000,0.0000000000000000,1.0000000000000000
M 1.0000000000000000,0.0000000000000000,0.0000000000000000,0.0000000000000000,0.0000000000000000,0.3960798680782318,0.9182160496711731,1.6305043697357178,-0.0000000000000000,-0.9182160496711731,0.3960798680782318,-0.4570922255516052,0.0000000000000000,0.0000000000000000,0.0000000000000000,1.0000000000000000
M 1.0000000000000000,0.0000000000000000,0.0000000000000000,0.0000000000000000,0.0000000000000000,0.3472403585910797,0.9377762079238892,1.6820654869079590,-0.0000000000000000,-0.9377762079238892,0.3472403585910797,-0.5196428298950195,0.0000000000000000,0.0000000000000000,0.0000000000000000,1.0000000000000000
M 1.0000000000000000,0.0000000000000000,0.0000000000000000,0.0000000000000000,0.0000000000000000,0.2997145056724548,0.9540289640426636,1.7281566858291626,-0.0000000000000000,-0.9540289640426636,0.2997145056724548,-0.5818120241165161,0.0000000000000000,0.0000000000000000,0.0000000000000000,1.0000000000000000
M 1.0000000000000000,0.0000000000000000,0.0000000000000000,0.0000000000000000,0.0000000000000000,0.2540456354618073,0.9671922326087952,1.7688436508178711,-0.0000000000000000,-0.9671922326087952,0.2540456354618073,-0.6427000761032104,0.0000000000000000,0.0000000000000000,0.0000000000000000,1.0000000000000000
M 1.0000000000000000,0.0000000000000000,0.0000000000000000,0.0000000000000000,0.0000000000000000,0.2107549160718918,0.9775389432907104,1.8042832612991333,-0.0000000000000000,-0.9775389432907104,0.2107549160718918,-0.7014144659042358,0.0000000000000000,0.0000000000000000,0.0000000000000000,1.0000000000000000
M 1.0000000000000000,0.0000000000000000,0.0000000000000000,0.0000000000000000,0.0000000000000000,0.1703352481126785,0.9853861927986145,1.8347105979919434,-0.0000000000000000,-0.9853861927986145,0.1703352481126785,-0.7570829391479492,0.0000000000000000,0.0000000000000000,0.0000000000000000,1.0000000000000000
M 1.0000000000000000,0.0000000000000000,0.0000000000000000,0.0000000000000000,0.0000000000000000,0.1332495808601379,0.9910825490951538,1.8604207038879395,-0.0000000000000000,-0.9910825490951538,0.1332495808601379,-0.8088630437850952,0.0000000000000000,0.0000000000000000,0.0000000000000000,1.0000000000000000
M 1.0000000000000000,0.0000000000000000,0.0000000000000000,0.0000000000000000,0.0000000000000000,0.0999292805790901,0.9949945807456970,1.8817498683929443,-0.0000000000000000,-0.9949945807456970,0.0999292805790901,-0.8559498786926270,0.0000000000000000,0.0000000000000000,0.0000000000000000,1.0000000000000000
M 1.0000000000000000,0.0000000000000000,0.0000000000000000,0.0000000000000000,0.0000000000000000,0.0707762464880943,0.9974922537803650,1.8990534543991089,-0.0000000000000000,-0.9974922537803650,0.0707762464880943,-0.8975804448127747,0.0000000000000000,0.0000000000000000,0.0000000000000000,1.0000000000000000
M 1.0000000000000000,0.0000000000000000,0.0000000000000000,0.0000000000000000,0.0000000000000000,0.0461656227707863,0.9989337921142578,1.9126816987991333,-0.0000000000000000,-0.9989337921142578,0.0461656227707863,-0.9330364465713501,0.0000000000000000,0.0000000000000000,0.0000000000000000,1.0000000000000000
M 1.0000000000000000,0.0000000000000000,0.0000000000000000,0.0000000000000000,0.0000000000000000,0.0264512449502945,0.9996501207351685,1.9229550361633301,-0.0000000000000000,-0.9996501207351685,0.0264512449502945,-0.9616435766220093,0.0000000000000000,0.0000000000000000,0.0000000000000000,1.0000000000000000
M 1.0000000000000000,0.0000000000000000,0.0000000000000000,0.0000000000000000,0.0000000000000000,0.0119691612198949,0.9999283552169800,1.9301377534866333,-0.0000000000000000,-0.9999283552169800,0.0119691612198949,-0.9827742576599121,0.0000000000000000,0.0000000000000000,0.0000000000000000,1.0000000000000000
M 1.0000000000000000,0.0000000000000000,0.0000000000000000,0.0000000000000000,0.0000000000000000,0.0030456734821200,0.9999953508377075,1.9344102144241333,-0.0000000000000000,-0.9999953508377075,0.0030456734821200,-0.9958432912826538,0.0000000000000000,0.0000000000000000,0.0000000000000000,1.0000000000000000
M 1.0000000000000000,0.0000000000000000,0.0000000000000000,0.0000000000000000,0.0000000000000000,0.0000001192092896,1.0000000000000000,1.9358415603637695,-0.0000000000000000,-1.0000000000000000,0.0000001192092896,-1.0003122091293335,0.0000000000000000,0.0000000000000000,0.0000000000000000,1.0000000000000000
M 1.0000000000000000,0.0000000000000000,0.0000000000000000,0.0000000000000000,0.0000000000000000,0.0000001192092896,1.0000000000000000,1.9358415603637695,-0.0000000000000000,-1.0000000000000000,0.0000001192092896,-1.0003122091293335,0.0000000000000000,0.0000000000000000,0.0000000000000000,1.0000000000000000
M 1.0000000000000000,0.0000000000000000,0.0000000000000000,0.0000000000000000,0.0000000000000000,0.0000001192092896,1.0000000000000000,1.9358415603637695,-0.0000000000000000,-1.0000000000000000,0.0000001192092896,-1.0003122091293335,0.0000000000000000,0.0000000000000000,0.0000000000000000,1.0000000000000000
M 1.0000000000000000,0.0000000000000000,0.0000000000000000,0.0000000000000000,0.0000000000000000,0.0000001192092896,1.0000000000000000,1.9358415603637695,-0.0000000000000000,-1.0000000000000000,0.0000001192092896,-1.0003122091293335,0.0000000000000000,0.0000000000000000,0.0000000000000000,1.0000000000000000
M 1.0000000000000000,0.0000000000000000,0.0000000000000000,0.0000000000000000,0.0000000000000000,0.0000001192092896,1.0000000000000000,1.9358415603637695,-0.0000000000000000,-1.0000000000000000,0.0000001192092896,-1.0003122091293335,0.0000000000000000,0.0000000000000000,0.0000000000000000,1.0000000000000000
M 1.0000000000000000,0.0000000000000000,0.0000000000000000,0.0000000000000000,0.0000000000000000,0.0000001192092896,1.0000000000000000,1.9358415603637695,-0.0000000000000000,-1.0000000000000000,0.0000001192092896,-1.0003122091293335,0.0000000000000000,0.0000000000000000,0.0000000000000000,1.0000000000000000
M 1.0000000000000000,0.0000000000000000,0.0000000000000000,0.0000000000000000,0.0000000000000000,0.0000001192092896,1.0000000000000000,1.9358415603637695,-0.0000000000000000,-1.0000000000000000,0.0000001192092896,-1.0003122091293335,0.0000000000000000,0.0000000000000000,0.0000000000000000,1.0000000000000000
M 1.0000000000000000,0.0000000000000000,0.0000000000000000,0.0000000000000000,0.0000000000000000,0.0000001192092896,1.0000000000000000,1.9358415603637695,-0.0000000000000000,-1.0000000000000000,0.0000001192092896,-1.0003122091293335,0.0000000000000000,0.0000000000000000,0.0000000000000000,1.0000000000000000
M 1.0000000000000000,0.0000000000000000,0.0000000000000000,0.0000000000000000,0.0000000000000000,0.0000001192092896,1.0000000000000000,1.9358415603637695,-0.0000000000000000,-1.0000000000000000,0.0000001192092896,-1.0003122091293335,0.0000000000000000,0.0000000000000000,0.0000000000000000,1.0000000000000000
M 1.0000000000000000,0.0000000000000000,0.0000000000000000,0.0000000000000000,0.0000000000000000,0.0000001192092896,1.0000000000000000,1.9358415603637695,-0.0000000000000000,-1.0000000000000000,0.0000001192092896,-1.0003122091293335,0.0000000000000000,0.0000000000000000,0.0000000000000000,1.0000000000000000
M 1.0000000000000000,0.0000000000000000,0.0000000000000000,0.0000000000000000,0.0000000000000000,0.0000001192092896,1.0000000000000000,1.9358415603637695,-0.0000000000000000,-1.0000000000000000,0.0000001192092896,-1.0003122091293335,0.0000000000000000,0.0000000000000000,0.0000000000000000,1.0000000000000000
M 1.0000000000000000,0.0000000000000000,0.0000000000000000,0.0000000000000000,0.0000000000000000,0.0000001192092896,1.0000000000000000,1.9358415603637695,-0.0000000000000000,-1.0000000000000000,0.0000001192092896,-1.0003122091293335,0.0000000000000000,0.0000000000000000,0.0000000000000000,1.0000000000000000
M 1.0000000000000000,0.0000000000000000,0.0000000000000000,0.0000000000000000,0.0000000000000000,0.0000001192092896,1.0000000000000000,1.9358415603637695,-0.0000000000000000,-1.0000000000000000,0.0000001192092896,-1.0003122091293335,0.0000000000000000,0.0000000000000000,0.0000000000000000,1.0000000000000000
M 1.0000000000000000,0.0000000000000000,0.0000000000000000,0.0000000000000000,0.0000000000000000,0.0000001192092896,1.0000000000000000,1.9358415603637695,-0.0000000000000000,-1.0000000000000000,0.0000001192092896,-1.0003122091293335,0.0000000000000000,0.0000000000000000,0.0000000000000000,1.0000000000000000
M 1.0000000000000000,0.0000000000000000,0.0000000000000000,0.0000000000000000,0.0000000000000000,0.0000001192092896,1.0000000000000000,1.9358415603637695,-0.0000000000000000,-1.0000000000000000,0.0000001192092896,-1.0003122091293335,0.0000000000000000,0.0000000000000000,0.0000000000000000,1.0000000000000000
M 1.0000000000000000,0.0000000000000000,0.0000000000000000,0.0000000000000000,0.0000000000000000,0.0000001192092896,1.0000000000000000,1.9358415603637695,-0.0000000000000000,-1.0000000000000000,0.0000001192092896,-1.0003122091293335,0.0000000000000000,0.0000000000000000,0.0000000000000000,1.0000000000000000
M 1.0000000000000000,0.0000000000000000,0.0000000000000000,0.0000000000000000,0.0000000000000000,0.0000001192092896,1.0000000000000000,1.9358415603637695,-0.0000000000000000,-1.0000000000000000,0.0000001192092896,-1.0003122091293335,0.0000000000000000,0.0000000000000000,0.0000000000000000,1.0000000000000000
M 1.0000000000000000,0.0000000000000000,0.0000000000000000,0.0000000000000000,0.0000000000000000,0.0000001192092896,1.0000000000000000,1.9358415603637695,-0.0000000000000000,-1.0000000000000000,0.0000001192092896,-1.0003122091293335,0.0000000000000000,0.0000000000000000,0.0000000000000000,1.0000000000000000
M 1.0000000000000000,0.0000000000000000,0.0000000000000000,0.0000000000000000,0.0000000000000000,0.0000001192092896,1.0000000000000000,1.9358415603637695,-0.0000000000000000,-1.0000000000000000,0.0000001192092896,-1.0003122091293335,0.0000000000000000,0.0000000000000000,0.0000000000000000,1.0000000000000000
M 1.0000000000000000,0.0000000000000000,0.0000000000000000,0.0000000000000000,0.0000000000000000,0.0000001192092896,1.0000000000000000,1.9358415603637695,-0.0000000000000000,-1.0000000000000000,0.0000001192092896,-1.0003122091293335,0.0000000000000000,0.0000000000000000,0.0000000000000000,1.0000000000000000
M 1.0000000000000000,0.0000000000000000,0.0000000000000000,0.0000000000000000,0.0000000000000000,0.0000001192092896,1.0000000000000000,1.9358415603637695,-0.0000000000000000,-1.0000000000000000,0.0000001192092896,-1.0003122091293335,0.0000000000000000,0.0000000000000000,0.0000000000000000,1.0000000000000000
M 1.0000000000000000,0.0000000000000000,0.0000000000000000,0.0000000000000000,0.0000000000000000,0.0000001192092896,1.0000000000000000,1.9358415603637695,-0.0000000000000000,-1.0000000000000000,0.0000001192092896,-1.0003122091293335,0.0000000000000000,0.0000000000000000,0.0000000000000000,1.0000000000000000
M 1.0000000000000000,0.0000000000000000,0.0000000000000000,0.0000000000000000,0.0000000000000000,0.0000001192092896,1.0000000000000000,1.9358415603637695,-0.0000000000000000,-1.0000000000000000,0.0000001192092896,-1.0003122091293335,0.0000000000000000,0.0000000000000000,0.0000000000000000,1.0000000000000000
M 1.0000000000000000,0.0000000000000000,0.0000000000000000,0.0000000000000000,0.0000000000000000,0.0000001192092896,1.0000000000000000,1.9358415603637695,-0.0000000000000000,-1.0000000000000000,0.0000001192092896,-1.0003122091293335,0.0000000000000000,0.0000000000000000,0.0000000000000000,1.0000000000000000
M 1.0000000000000000,0.0000000000000000,0.0000000000000000,0.0000000000000000,0.0000000000000000,0.0000001192092896,1.0000000000000000,1.9358415603637695,-0.0000000000000000,-1.0000000000000000,0.0000001192092896,-1.0003122091293335,0.0000000000000000,0.0000000000000000,0.0000000000000000,1.0000000000000000
M 1.0000000000000000,0.0000000000000000,0.0000000000000000,0.0000000000000000,0.0000000000000000,0.0000001192092896,1.0000000000000000,1.9358415603637695,-0.0000000000000000,-1.0000000000000000,0.0000001192092896,-1.0003122091293335,0.0000000000000000,0.0000000000000000,0.0000000000000000,1.0000000000000000
M 1.0000000000000000,0.0000000000000000,0.0000000000000000,0.0000000000000000,0.0000000000000000,0.0000001192092896,1.0000000000000000,1.9358415603637695,-0.0000000000000000,-1.0000000000000000,0.0000001192092896,-1.0003122091293335,0.0000000000000000,0.0000000000000000,0.0000000000000000,1.0000000000000000
M 1.0000000000000000,0.0000000000000000,0.0000000000000000,0.0000000000000000,0.0000000000000000,0.0000001192092896,1.0000000000000000,1.9358415603637695,-0.0000000000000000,-1.0000000000000000,0.0000001192092896,-1.0003122091293335,0.0000000000000000,0.0000000000000000,0.0000000000000000,1.0000000000000000
M 1.0000000000000000,0.0000000000000000,0.0000000000000000,0.0000000000000000,0.0000000000000000,0.0000001192092896,1.0000000000000000,1.9358415603637695,-0.0000000000000000,-1.0000000000000000,0.0000001192092896,-1.0003122091293335,0.0000000000000000,0.0000000000000000,0.0000000000000000,1.0000000000000000
M 1.0000000000000000,0.0000000000000000,0.0000000000000000,0.0000000000000000,0.0000000000000000,0.0000001192092896,1.0000000000000000,1.9358415603637695,-0.0000000000000000,-1.0000000000000000,0.0000001192092896,-1.0003122091293335,0.0000000000000000,0.0000000000000000,0.0000000000000000,1.0000000000000000
M 1.0000000000000000,0.0000000000000000,0.0000000000000000,0.0000000000000000,0.0000000000000000,0.0000001192092896,1.0000000000000000,1.9358415603637695,-0.0000000000000000,-1.0000000000000000,0.0000001192092896,-1.0003122091293335,0.0000000000000000,0.0000000000000000,0.0000000000000000,1.0000000000000000
M 1.0000000000000000,0.0000000000000000,0.0000000000000000,0.0000000000000000,0.0000000000000000,0.0000001192092896,1.0000000000000000,1.9358415603637695,-0.0000000000000000,-1.0000000000000000,0.0000001192092896,-1.0003122091293335,0.0000000000000000,0.0000000000000000,0.0000000000000000,1.0000000000000000
M 1.0000000000000000,0.0000000000000000,0.0000000000000000,0.0000000000000000,0.0000000000000000,0.0000001192092896,1.0000000000000000,1.9358415603637695,-0.0000000000000000,-1.0000000000000000,0.0000001192092896,-1.0003122091293335,0.0000000000000000,0.0000000000000000,0.0000000000000000,1.0000000000000000
M 1.0000000000000000,0.0000000000000000,0.0000000000000000,0.0000000000000000,0.0000000000000000,0.0000001192092896,1.0000000000000000,1.9358415603637695,-0.0000000000000000,-1.0000000000000000,0.0000001192092896,-1.0003122091293335,0.0000000000000000,0.0000000000000000,0.0000000000000000,1.0000000000000000
M 1.0000000000000000,0.0000000000000000,0.0000000000000000,0.0000000000000000,0.0000000000000000,0.0000001192092896,1.0000000000000000,1.9358415603637695,-0.0000000000000000,-1.0000000000000000,0.0000001192092896,-1.0003122091293335,0.0000000000000000,0.0000000000000000,0.0000000000000000,1.0000000000000000
M 1.0000000000000000,0.0000000000000000,0.0000000000000000,0.0000000000000000,0.0000000000000000,0.0000001192092896,1.0000000000000000,1.9358415603637695,-0.0000000000000000,-1.0000000000000000,0.0000001192092896,-1.0003122091293335,0.0000000000000000,0.0000000000000000,0.0000000000000000,1.0000000000000000
M 1.0000000000000000,0.0000000000000000,0.0000000000000000,0.0000000000000000,0.0000000000000000,0.0000001192092896,1.0000000000000000,1.9358415603637695,-0.0000000000000000,-1.0000000000000000,0.0000001192092896,-1.0003122091293335,0.0000000000000000,0.0000000000000000,0.0000000000000000,1.0000000000000000
M 1.0000000000000000,0.0000000000000000,0.0000000000000000,0.0000000000000000,0.0000000000000000,0.0000001192092896,1.0000000000000000,1.9358415603637695,-0.0000000000000000,-1.0000000000000000,0.0000001192092896,-1.0003122091293335,0.0000000000000000,0.0000000000000000,0.0000000000000000,1.0000000000000000
M 1.0000000000000000,0.0000000000000000,0.0000000000000000,0.0000000000000000,0.0000000000000000,0.0000001192092896,1.0000000000000000,1.9358415603637695,-0.0000000000000000,-1.0000000000000000,0.0000001192092896,-1.0003122091293335,0.0000000000000000,0.0000000000000000,0.0000000000000000,1.0000000000000000
M 1.0000000000000000,0.0000000000000000,0.0000000000000000,0.0000000000000000,0.0000000000000000,0.0000001192092896,1.0000000000000000,1.9358415603637695,-0.0000000000000000,-1.0000000000000000,0.0000001192092896,-1.0003122091293335,0.0000000000000000,0.0000000000000000,0.0000000000000000,1.0000000000000000
M 1.0000000000000000,0.0000000000000000,0.0000000000000000,0.0000000000000000,0.0000000000000000,0.0000001192092896,1.0000000000000000,1.9358415603637695,-0.0000000000000000,-1.0000000000000000,0.0000001192092896,-1.0003122091293335,0.0000000000000000,0.0000000000000000,0.0000000000000000,1.0000000000000000
M 1.0000000000000000,0.0000000000000000,0.0000000000000000,0.0000000000000000,0.0000000000000000,0.0000001192092896,1.0000000000000000,1.9358415603637695,-0.0000000000000000,-1.0000000000000000,0.0000001192092896,-1.0003122091293335,0.0000000000000000,0.0000000000000000,0.0000000000000000,1.0000000000000000
M 1.0000000000000000,0.0000000000000000,0.0000000000000000,0.0000000000000000,0.0000000000000000,0.0000001192092896,1.0000000000000000,1.9358415603637695,-0.0000000000000000,-1.0000000000000000,0.0000001192092896,-1.0003122091293335,0.0000000000000000,0.0000000000000000,0.0000000000000000,1.0000000000000000
M 1.0000000000000000,0.0000000000000000,0.0000000000000000,0.0000000000000000,0.0000000000000000,0.0000001192092896,1.0000000000000000,1.9358415603637695,-0.0000000000000000,-1.0000000000000000,0.0000001192092896,-1.0003122091293335,0.0000000000000000,0.0000000000000000,0.0000000000000000,1.0000000000000000
M 1.0000000000000000,0.0000000000000000,0.0000000000000000,0.0000000000000000,0.0000000000000000,0.0000001192092896,1.0000000000000000,1.9358415603637695,-0.0000000000000000,-1.0000000000000000,0.0000001192092896,-1.0003122091293335,0.0000000000000000,0.0000000000000000,0.0000000000000000,1.0000000000000000
M 1.0000000000000000,0.0000000000000000,0.0000000000000000,0.0000000000000000,0.0000000000000000,0.0000001192092896,1.0000000000000000,1.9358415603637695,-0.0000000000000000,-1.0000000000000000,0.0000001192092896,-1.0003122091293335,0.0000000000000000,0.0000000000000000,0.0000000000000000,1.0000000000000000
M 1.0000000000000000,0.0000000000000000,0.0000000000000000,0.0000000000000000,0.0000000000000000,0.0000001192092896,1.0000000000000000,1.9358415603637695,-0.0000000000000000,-1.0000000000000000,0.0000001192092896,-1.0003122091293335,0.0000000000000000,0.0000000000000000,0.0000000000000000,1.0000000000000000
M 1.0000000000000000,0.0000000000000000,0.0000000000000000,0.0000000000000000,0.0000000000000000,0.0000001192092896,1.0000000000000000,1.9358415603637695,-0.0000000000000000,-1.0000000000000000,0.0000001192092896,-1.0003122091293335,0.0000000000000000,0.0000000000000000,0.0000000000000000,1.0000000000000000
M 1.0000000000000000,0.0000000000000000,0.0000000000000000,0.0000000000000000,0.0000000000000000,0.0000001192092896,1.0000000000000000,1.9358415603637695,-0.0000000000000000,-1.0000000000000000,0.0000001192092896,-1.0003122091293335,0.0000000000000000,0.0000000000000000,0.0000000000000000,1.0000000000000000
M 1.0000000000000000,0.0000000000000000,0.0000000000000000,0.0000000000000000,0.0000000000000000,0.0000001192092896,1.0000000000000000,1.9358415603637695,-0.0000000000000000,-1.0000000000000000,0.0000001192092896,-1.0003122091293335,0.0000000000000000,0.0000000000000000,0.0000000000000000,1.0000000000000000
M 1.0000000000000000,0.0000000000000000,0.0000000000000000,0.0000000000000000,0.0000000000000000,0.0000001192092896,1.0000000000000000,1.9358415603637695,-0.0000000000000000,-1.0000000000000000,0.0000001192092896,-1.0003122091293335,0.0000000000000000,0.0000000000000000,0.0000000000000000,1.0000000000000000
M 1.0000000000000000,0.0000000000000000,0.0000000000000000,0.0000000000000000,0.0000000000000000,0.0000001192092896,1.0000000000000000,1.9358415603637695,-0.0000000000000000,-1.0000000000000000,0.0000001192092896,-1.0003122091293335,0.0000000000000000,0.0000000000000000,0.0000000000000000,1.0000000000000000
M 1.0000000000000000,0.0000000000000000,0.0000000000000000,0.0000000000000000,0.0000000000000000,0.0000001192092896,1.0000000000000000,1.9358415603637695,-0.0000000000000000,-1.0000000000000000,0.0000001192092896,-1.0003122091293335,0.0000000000000000,0.0000000000000000,0.0000000000000000,1.0000000000000000
M 1.0000000000000000,0.0000000000000000,0.0000000000000000,0.0000000000000000,0.0000000000000000,0.0000001192092896,1.0000000000000000,1.9358415603637695,-0.0000000000000000,-1.0000000000000000,0.0000001192092896,-1.0003122091293335,0.0000000000000000,0.0000000000000000,0.0000000000000000,1.0000000000000000
M 1.0000000000000000,0.0000000000000000,0.0000000000000000,0.0000000000000000,0.0000000000000000,0.0000001192092896,1.0000000000000000,1.9358415603637695,-0.0000000000000000,-1.0000000000000000,0.0000001192092896,-1.0003122091293335,0.0000000000000000,0.0000000000000000,0.0000000000000000,1.0000000000000000
M 1.0000000000000000,0.0000000000000000,0.0000000000000000,0.0000000000000000,0.0000000000000000,0.0000001192092896,1.0000000000000000,1.9358415603637695,-0.0000000000000000,-1.0000000000000000,0.0000001192092896,-1.0003122091293335,0.0000000000000000,0.0000000000000000,0.0000000000000000,1.0000000000000000
M 1.0000000000000000,0.0000000000000000,0.0000000000000000,0.0000000000000000,0.0000000000000000,0.0000001192092896,1.0000000000000000,1.9358415603637695,-0.0000000000000000,-1.0000000000000000,0.0000001192092896,-1.0003122091293335,0.0000000000000000,0.0000000000000000,0.0000000000000000,1.0000000000000000
M 1.0000000000000000,0.0000000000000000,0.0000000000000000,0.0000000000000000,0.0000000000000000,0.0000001192092896,1.0000000000000000,1.9358415603637695,-0.0000000000000000,-1.0000000000000000,0.0000001192092896,-1.0003122091293335,0.0000000000000000,0.0000000000000000,0.0000000000000000,1.0000000000000000
M 1.0000000000000000,0.0000000000000000,0.0000000000000000,0.0000000000000000,0.0000000000000000,0.0000001192092896,1.0000000000000000,1.9358415603637695,-0.0000000000000000,-1.0000000000000000,0.0000001192092896,-1.0003122091293335,0.0000000000000000,0.0000000000000000,0.0000000000000000,1.0000000000000000
M 1.0000000000000000,0.0000000000000000,0.0000000000000000,0.0000000000000000,0.0000000000000000,0.0000001192092896,1.0000000000000000,1.9358415603637695,-0.0000000000000000,-1.0000000000000000,0.0000001192092896,-1.0003122091293335,0.0000000000000000,0.0000000000000000,0.0000000000000000,1.0000000000000000
M 1.0000000000000000,0.0000000000000000,0.0000000000000000,0.0000000000000000,0.0000000000000000,0.0000001192092896,1.0000000000000000,1.9358415603637695,-0.0000000000000000,-1.0000000000000000,0.0000001192092896,-1.0003122091293335,0.0000000000000000,0.0000000000000000,0.0000000000000000,1.0000000000000000
M 1.0000000000000000,0.0000000000000000,0.0000000000000000,0.0000000000000000,0.0000000000000000,0.0000001192092896,1.0000000000000000,1.9358415603637695,-0.0000000000000000,-1.0000000000000000,0.0000001192092896,-1.0003122091293335,0.0000000000000000,0.0000000000000000,0.0000000000000000,1.0000000000000000
M 1.0000000000000000,0.0000000000000000,0.0000000000000000,0.0000000000000000,0.0000000000000000,0.0000001192092896,1.0000000000000000,1.9358415603637695,-0.0000000000000000,-1.0000000000000000,0.0000001192092896,-1.0003122091293335,0.0000000000000000,0.0000000000000000,0.0000000000000000,1.0000000000000000
M 1.0000000000000000,0.0000000000000000,0.0000000000000000,0.0000000000000000,0.0000000000000000,0.0000001192092896,1.0000000000000000,1.9358415603637695,-0.0000000000000000,-1.0000000000000000,0.0000001192092896,-1.0003122091293335,0.0000000000000000,0.0000000000000000,0.0000000000000000,1.0000000000000000
M 1.0000000000000000,0.0000000000000000,0.0000000000000000,0.0000000000000000,0.0000000000000000,0.0000001192092896,1.0000000000000000,1.9358415603637695,-0.0000000000000000,-1.0000000000000000,0.0000001192092896,-1.0003122091293335,0.0000000000000000,0.0000000000000000,0.0000000000000000,1.0000000000000000
M 1.0000000000000000,0.0000000000000000,0.0000000000000000,0.0000000000000000,0.0000000000000000,0.0000001192092896,1.0000000000000000,1.9358415603637695,-0.0000000000000000,-1.0000000000000000,0.0000001192092896,-1.0003122091293335,0.0000000000000000,0.0000000000000000,0.0000000000000000,1.0000000000000000
M 1.0000000000000000,0.0000000000000000,0.0000000000000000,0.0000000000000000,0.0000000000000000,0.0000001192092896,1.0000000000000000,1.9358415603637695,-0.0000000000000000,-1.0000000000000000,0.0000001192092896,-1.0003122091293335,0.0000000000000000,0.0000000000000000,0.0000000000000000,1.0000000000000000
M 1.0000000000000000,0.0000000000000000,0.0000000000000000,0.0000000000000000,0.0000000000000000,0.0000001192092896,1.0000000000000000,1.9358415603637695,-0.0000000000000000,-1.0000000000000000,0.0000001192092896,-1.0003122091293335,0.0000000000000000,0.0000000000000000,0.0000000000000000,1.0000000000000000
M 1.0000000000000000,0.0000000000000000,0.0000000000000000,0.0000000000000000,0.0000000000000000,0.0000001192092896,1.0000000000000000,1.9358415603637695,-0.0000000000000000,-1.0000000000000000,0.0000001192092896,-1.0003122091293335,0.0000000000000000,0.0000000000000000,0.0000000000000000,1.0000000000000000
M 1.0000000000000000,0.0000000000000000,0.0000000000000000,0.0000000000000000,0.0000000000000000,0.0000001192092896,1.0000000000000000,1.9358415603637695,-0.0000000000000000,-1.0000000000000000,0.0000001192092896,-1.0003122091293335,0.0000000000000000,0.0000000000000000,0.0000000000000000,1.0000000000000000
M 1.0000000000000000,0.0000000000000000,0.0000000000000000,0.0000000000000000,0.0000000000000000,0.0000001192092896,1.0000000000000000,1.9358415603637695,-0.0000000000000000,-1.0000000000000000,0.0000001192092896,-1.0003122091293335,0.0000000000000000,0.0000000000000000,0.0000000000000000,1.0000000000000000
M 1.0000000000000000,0.0000000000000000,0.0000000000000000,0.0000000000000000,0.0000000000000000,0.0000001192092896,1.0000000000000000,1.9358415603637695,-0.0000000000000000,-1.0000000000000000,0.0000001192092896,-1.0003122091293335,0.0000000000000000,0.0000000000000000,0.0000000000000000,1.0000000000000000
M 1.0000000000000000,0.0000000000000000,0.0000000000000000,0.0000000000000000,0.0000000000000000,0.0000001192092896,1.0000000000000000,1.9358415603637695,-0.0000000000000000,-1.0000000000000000,0.0000001192092896,-1.0003122091293335,0.0000000000000000,0.0000000000000000,0.0000000000000000,1.0000000000000000
M 1.0000000000000000,0.0000000000000000,0.0000000000000000,0.0000000000000000,0.0000000000000000,0.0000001192092896,1.0000000000000000,1.9358415603637695,-0.0000000000000000,-1.0000000000000000,0.0000001192092896,-1.0003122091293335,0.0000000000000000,0.0000000000000000,0.0000000000000000,1.0000000000000000
M 1.0000000000000000,0.0000000000000000,0.0000000000000000,0.0000000000000000,0.0000000000000000,0.0000001192092896,1.0000000000000000,1.9358415603637695,-0.0000000000000000,-1.0000000000000000,0.0000001192092896,-1.0003122091293335,0.0000000000000000,0.0000000000000000,0.0000000000000000,1.0000000000000000
M 1.0000000000000000,0.0000000000000000,0.0000000000000000,0.0000000000000000,0.0000000000000000,0.0000001192092896,1.0000000000000000,1.9358415603637695,-0.0000000000000000,-1.0000000000000000,0.0000001192092896,-1.0003122091293335,0.0000000000000000,0.0000000000000000,0.0000000000000000,1.0000000000000000
M 1.0000000000000000,0.0000000000000000,0.0000000000000000,0.0000000000000000,0.0000000000000000,0.0000001192092896,1.0000000000000000,1.9358415603637695,-0.0000000000000000,-1.0000000000000000,0.0000001192092896,-1.0003122091293335,0.0000000000000000,0.0000000000000000,0.0000000000000000,1.0000000000000000
M 1.0000000000000000,0.0000000000000000,0.0000000000000000,0.0000000000000000,0.0000000000000000,0.0000001192092896,1.0000000000000000,1.9358415603637695,-0.0000000000000000,-1.0000000000000000,0.0000001192092896,-1.0003122091293335,0.0000000000000000,0.0000000000000000,0.0000000000000000,1.0000000000000000
M 1.0000000000000000,0.0000000000000000,0.0000000000000000,0.0000000000000000,0.0000000000000000,0.0000001192092896,1.0000000000000000,1.9358415603637695,-0.0000000000000000,-1.0000000000000000,0.0000001192092896,-1.0003122091293335,0.0000000000000000,0.0000000000000000,0.0000000000000000,1.0000000000000000
M 1.0000000000000000,0.0000000000000000,0.0000000000000000,0.0000000000000000,0.0000000000000000,0.0000001192092896,1.0000000000000000,1.9358415603637695,-0.0000000000000000,-1.0000000000000000,0.0000001192092896,-1.0003122091293335,0.0000000000000000,0.0000000000000000,0.0000000000000000,1.0000000000000000
M 1.0000000000000000,0.0000000000000000,0.0000000000000000,0.0000000000000000,0.0000000000000000,0.0000001192092896,1.0000000000000000,1.9358415603637695,-0.0000000000000000,-1.0000000000000000,0.0000001192092896,-1.0003122091293335,0.0000000000000000,0.0000000000000000,0.0000000000000000,1.0000000000000000
O DOOR_5_EXTERNAL_CG_drr
A DOOR_5_EXTERNAL_CG_drr_DOOR_5_EXTERNAL_CG_drr.002
M 1.0000000000000000,0.0000000000000000,0.0000000000000000,0.0000000000000000,0.0000000000000000,1.0000000000000000,-0.0000000437113883,0.0000000000000000,-0.0000000000000000,0.0000000437113883,1.0000000000000000,-0.0000000000000000,0.0000000000000000,0.0000000000000000,0.0000000000000000,1.0000000000000000
M 1.0000000000000000,0.0000000000000000,0.0000000000000000,-0.0000965342769632,0.0000000000000000,1.0000000000000000,-0.0000000437113883,0.0000000000000000,-0.0000000000000000,0.0000000437113883,1.0000000000000000,-0.0003180337953381,0.0000000000000000,0.0000000000000000,0.0000000000000000,1.0000000000000000
M 1.0000000000000000,0.0000000000000000,0.0000000000000000,-0.0003849214408547,0.0000000000000000,1.0000000000000000,-0.0000000437113883,0.0000000000000000,-0.0000000000000000,0.0000000437113883,1.0000000000000000,-0.0012466924963519,0.0000000000000000,0.0000000000000000,0.0000000000000000,1.0000000000000000
M 1.0000000000000000,0.0000000000000000,0.0000000000000000,-0.0008633381221443,0.0000000000000000,1.0000000000000000,-0.0000000437113883,0.0000000000000000,-0.0000000000000000,0.0000000437113883,1.0000000000000000,-0.0027478120755404,0.0000000000000000,0.0000000000000000,0.0000000000000000,1.0000000000000000
M 1.0000000000000000,0.0000000000000000,0.0000000000000000,-0.0015299606602639,0.0000000000000000,1.0000000000000000,-0.0000000437113883,0.0000000000000000,-0.0000000000000000,0.0000000437113883,1.0000000000000000,-0.0047832280397415,0.0000000000000000,0.0000000000000000,0.0000000000000000,1.0000000000000000
M 1.0000000000000000,0.0000000000000000,0.0000000000000000,-0.0023829655256122,0.0000000000000000,1.0000000000000000,-0.0000000437113883,0.0000000000000000,-0.0000000000000000,0.0000000437113883,1.0000000000000000,-0.0073147765360773,0.0000000000000000,0.0000000000000000,0.0000000000000000,1.0000000000000000
M 1.0000000000000000,0.0000000000000000,0.0000000000000000,-0.0034205291885883,0.0000000000000000,1.0000000000000000,-0.0000000437113883,0.0000000000000000,-0.0000000000000000,0.0000000437113883,1.0000000000000000,-0.0103042935952544,0.0000000000000000,0.0000000000000000,0.0000000000000000,1.0000000000000000
M 1.0000000000000000,0.0000000000000000,0.0000000000000000,-0.0046408288180828,0.0000000000000000,1.0000000000000000,-0.0000000437113883,0.0000000000000000,-0.0000000000000000,0.0000000437113883,1.0000000000000000,-0.0137136140838265,0.0000000000000000,0.0000000000000000,0.0000000000000000,1.0000000000000000
M 1.0000000000000000,0.0000000000000000,0.0000000000000000,-0.0060420408844948,0.0000000000000000,1.0000000000000000,-0.0000000437113883,0.0000000000000000,-0.0000000000000000,0.0000000437113883,1.0000000000000000,-0.0175045784562826,0.0000000000000000,0.0000000000000000,0.0000000000000000,1.0000000000000000
