O WINDOW_1_INTERIOR
A WINDOW_1_INTERIOR_WINDOW_1_INTERIOR
M 1.0000000000000000,0.0000000000000000,0.0000000000000000,0.0000000000000000,0.0000000000000000,1.0000000000000000,-0.0000000437113883,-0.0000000194939105,-0.0000000000000000,0.0000000437113883,1.0000000000000000,-0.0000000017423645,0.0000000000000000,0.0000000000000000,0.0000000000000000,1.0000000000000000
M 0.9985334277153015,-0.0000000023664870,-0.0541389100253582,0.0609703548252583,0.0000000000000000,1.0000000000000000,-0.0000000437113883,-0.0000000194939105,0.0541389100253582,0.0000000436472831,0.9985334277153015,0.4367737770080566,0.0000000000000000,0.0000000000000000,0.0000000000000000,1.0000000000000000
M 0.9941379427909851,-0.0000000047260329,-0.1081190258264542,0.0982054248452187,0.0000000000000000,1.0000000000000000,-0.0000000437113883,-0.0000000194939105,0.1081190258264542,0.0000000434551488,0.9941379427909851,0.8762080669403076,0.0000000000000000,0.0000000000000000,0.0000000000000000,1.0000000000000000
M 0.9868265390396118,-0.0000000070717143,-0.1617820113897324,0.1115954518318176,0.0000000000000000,1.0000000000000000,-0.0000000437113883,-0.0000000194939105,0.1617820113897324,0.0000000431355431,0.9868265390396118,1.3170136213302612,0.0000000000000000,0.0000000000000000,0.0000000000000000,1.0000000000000000
M 0.9766205549240112,-0.0000000093966532,-0.2149704545736313,0.1011005789041519,0.0000000000000000,1.0000000000000000,-0.0000000437113883,-0.0000000194939105,0.2149704545736313,0.0000000426894253,0.9766205549240112,1.7578976154327393,0.0000000000000000,0.0000000000000000,0.0000000000000000,1.0000000000000000
M 0.9635499715805054,-0.0000000116940324,-0.2675283551216125,0.0667519643902779,0.0000000000000000,1.0000000000000000,-0.0000000437113883,-0.0000000194939105,0.2675283551216125,0.0000000421181063,0.9635499715805054,2.1975667476654053,0.0000000000000000,0.0000000000000000,0.0000000000000000,1.0000000000000000
M 0.9476531744003296,-0.0000000139571101,-0.3193015456199646,0.0086509622633457,0.0000000000000000,1.0000000000000000,-0.0000000437113883,-0.0000000194939105,0.3193015456199646,0.0000000414232204,0.9476531744003296,2.6347315311431885,0.0000000000000000,0.0000000000000000,0.0000000000000000,1.0000000000000000
M 0.9289767146110535,-0.0000000161792535,-0.3701381683349609,-0.0730326175689697,0.0000000000000000,1.0000000000000000,-0.0000000437113883,-0.0000000194939105,0.3701381683349609,0.0000000406068494,0.9289767146110535,3.0681097507476807,0.0000000000000000,0.0000000000000000,0.0000000000000000,1.0000000000000000
M 0.9075754284858704,-0.0000000183539299,-0.4198891222476959,-0.1780585497617722,0.0000000000000000,1.0000000000000000,-0.0000000437113883,-0.0000000194939105,0.4198891222476959,0.0000000396713808,0.9075754284858704,3.4964301586151123,0.0000000000000000,0.0000000000000000,0.0000000000000000,1.0000000000000000
M 0.8835120201110840,-0.0000000204747757,-0.4684084355831146,-0.3061199188232422,0.0000000000000000,1.0000000000000000,-0.0000000437113883,-0.0000000194939105,0.4684084355831146,0.0000000386195360,0.8835120201110840,3.9184360504150391,0.0000000000000000,0.0000000000000000,0.0000000000000000,1.0000000000000000
M 0.8568571805953979,-0.0000000225355699,-0.5155538916587830,-0.4568399786949158,0.0000000000000000,1.0000000000000000,-0.0000000437113883,-0.0000000194939105,0.5155538916587830,0.0000000374544022,0.8568571805953979,4.3328900337219238,0.0000000000000000,0.0000000000000000,0.0000000000000000,1.0000000000000000
M 0.8276889920234680,-0.0000000245302676,-0.5611870884895325,-0.6297775506973267,0.0000000000000000,1.0000000000000000,-0.0000000437113883,-0.0000000194939105,0.5611870884895325,0.0000000361794363,0.8276889920234680,4.7385768890380859,0.0000000000000000,0.0000000000000000,0.0000000000000000,1.0000000000000000
M 0.7960930466651917,-0.0000000264530069,-0.6051742434501648,-0.8244243860244751,0.0000000000000000,1.0000000000000000,-0.0000000437113883,-0.0000000194939105,0.6051742434501648,0.0000000347983331,0.7960930466651917,5.1343059539794922,0.0000000000000000,0.0000000000000000,0.0000000000000000,1.0000000000000000
M 0.7621620297431946,-0.0000000282981478,-0.6473863124847412,-1.0402104854583740,0.0000000000000000,1.0000000000000000,-0.0000000437113883,-0.0000000194939105,0.6473863124847412,0.0000000333151604,0.7621620297431946,5.5189161300659180,0.0000000000000000,0.0000000000000000,0.0000000000000000,1.0000000000000000
M 0.7259954810142517,-0.0000000300602920,-0.6876994967460632,-1.2765021324157715,0.0000000000000000,1.0000000000000000,-0.0000000437113883,-0.0000000194939105,0.6876994967460632,0.0000000317342632,0.7259954810142517,5.8912801742553711,0.0000000000000000,0.0000000000000000,0.0000000000000000,1.0000000000000000
M 0.6876994371414185,-0.0000000317342703,-0.7259954810142517,-1.5326071977615356,0.0000000000000000,1.0000000000000000,-0.0000000437113883,-0.0000000194939105,0.7259954810142517,0.0000000300602956,0.6876994371414185,6.2503051757812500,0.0000000000000000,0.0000000000000000,0.0000000000000000,1.0000000000000000
M 0.6473862528800964,-0.0000000333151498,-0.7621620893478394,-1.8077735900878906,0.0000000000000000,1.0000000000000000,-0.0000000437113883,-0.0000000194939105,0.7621620893478394,0.0000000282981514,0.6473862528800964,6.5949392318725586,0.0000000000000000,0.0000000000000000,0.0000000000000000,1.0000000000000000
M 0.6051741838455200,-0.0000000347983224,-0.7960931062698364,-2.1011941432952881,0.0000000000000000,1.0000000000000000,-0.0000000437113883,-0.0000000194939105,0.7960931062698364,0.0000000264529962,0.6051741838455200,6.9241704940795898,0.0000000000000000,0.0000000000000000,0.0000000000000000,1.0000000000000000
M 0.5611870884895325,-0.0000000361794363,-0.8276889920234680,-2.4120087623596191,0.0000000000000000,1.0000000000000000,-0.0000000437113883,-0.0000000194939105,0.8276889920234680,0.0000000245302605,0.5611870884895325,7.2370319366455078,0.0000000000000000,0.0000000000000000,0.0000000000000000,1.0000000000000000
M 0.5155537724494934,-0.0000000374544200,-0.8568572402000427,-2.7393066883087158,0.0000000000000000,1.0000000000000000,-0.0000000437113883,-0.0000000194939105,0.8568572402000427,0.0000000225355716,0.5155537724494934,7.5326094627380371,0.0000000000000000,0.0000000000000000,0.0000000000000000,1.0000000000000000
M 0.4684084057807922,-0.0000000386195396,-0.8835120797157288,-3.0821251869201660,0.0000000000000000,1.0000000000000000,-0.0000000437113883,-0.0000000194939105,0.8835120797157288,0.0000000204747739,0.4684084057807922,7.8100328445434570,0.0000000000000000,0.0000000000000000,0.0000000000000000,1.0000000000000000
M 0.4198890924453735,-0.0000000396713808,-0.9075754284858704,-3.4394607543945312,0.0000000000000000,1.0000000000000000,-0.0000000437113883,-0.0000000194939105,0.9075754284858704,0.0000000183539353,0.4198890924453735,8.0684890747070312,0.0000000000000000,0.0000000000000000,0.0000000000000000,1.0000000000000000
M 0.3701380491256714,-0.0000000406068494,-0.9289767742156982,-3.8102657794952393,0.0000000000000000,1.0000000000000000,-0.0000000437113883,-0.0000000194939105,0.9289767742156982,0.0000000161792482,0.3701380491256714,8.3072214126586914,0.0000000000000000,0.0000000000000000,0.0000000000000000,1.0000000000000000
M 0.3193015456199646,-0.0000000414232204,-0.9476531744003296,-4.1934499740600586,0.0000000000000000,1.0000000000000000,-0.0000000437113883,-0.0000000194939105,0.9476531744003296,0.0000000139571137,0.3193015456199646,8.5255279541015625,0.0000000000000000,0.0000000000000000,0.0000000000000000,1.0000000000000000
M 0.2675282657146454,-0.0000000421181099,-0.9635500311851501,-4.5878930091857910,0.0000000000000000,1.0000000000000000,-0.0000000437113883,-0.0000000194939105,0.9635500311851501,0.0000000116940315,0.2675282657146454,8.7227706909179688,0.0000000000000000,0.0000000000000000,0.0000000000000000,1.0000000000000000
M 0.2149704098701477,-0.0000000426894395,-0.9766205549240112,-4.9924345016479492,0.0000000000000000,1.0000000000000000,-0.0000000437113883,-0.0000000194939105,0.9766205549240112,0.0000000093966515,0.2149704098701477,8.8983678817749023,0.0000000000000000,0.0000000000000000,0.0000000000000000,1.0000000000000000
M 0.1617819964885712,-0.0000000431355431,-0.9868265390396118,-5.4058899879455566,0.0000000000000000,1.0000000000000000,-0.0000000437113883,-0.0000000194939105,0.9868265390396118,0.0000000070717139,0.1617819964885712,9.0518064498901367,0.0000000000000000,0.0000000000000000,0.0000000000000000,1.0000000000000000
M 0.1081189215183258,-0.0000000434551488,-0.9941379427909851,-5.8270463943481445,0.0000000000000000,1.0000000000000000,-0.0000000437113883,-0.0000000194939105,0.9941379427909851,0.0000000047260262,0.1081189215183258,9.1826362609863281,0.0000000000000000,0.0000000000000000,0.0000000000000000,1.0000000000000000
M 0.0541388392448425,-0.0000000436472831,-0.9985334277153015,-6.2546677589416504,0.0000000000000000,1.0000000000000000,-0.0000000437113883,-0.0000000194939105,0.9985334277153015,0.0000000023664839,0.0541388392448425,9.2904729843139648,0.0000000000000000,0.0000000000000000,0.0000000000000000,1.0000000000000000
M -0.0000000437113883,-0.0000000437113883,-1.0000000000000000,-6.6875000000000000,0.0000000000000000,1.0000000000000000,-0.0000000437113883,-0.0000000194939105,1.0000000000000000,-0.0000000000000019,-0.0000000437113883,9.3750009536743164,0.0000000000000000,0.0000000000000000,0.0000000000000000,1.0000000000000000
O DOOR_2_CG_d2_LCG_cab1_INTERIOR
A DOOR_2_CG_d2_LCG_cab1_INTERIOR_DOOR_2_CG_d2_LCG_cab1_INTERIOR
M 1.0000000000000000,0.0000000000000000,0.0000000000000000,0.0000000000000000,0.0000000000000000,1.0000000000000000,-0.0000000437113883,-0.0000000194939105,-0.0000000000000000,0.0000000437113883,1.0000000000000000,-0.0000000017423645,0.0000000000000000,0.0000000000000000,0.0000000000000000,1.0000000000000000
M 0.9985334277153015,-0.0000000023664870,-0.0541389100253582,0.0609703548252583,0.0000000000000000,1.0000000000000000,-0.0000000437113883,-0.0000000194939105,0.0541389100253582,0.0000000436472831,0.9985334277153015,0.4367737770080566,0.0000000000000000,0.0000000000000000,0.0000000000000000,1.0000000000000000
M 0.9941379427909851,-0.0000000047260329,-0.1081190258264542,0.0982054248452187,0.0000000000000000,1.0000000000000000,-0.0000000437113883,-0.0000000194939105,0.1081190258264542,0.0000000434551488,0.9941379427909851,0.8762080669403076,0.0000000000000000,0.0000000000000000,0.0000000000000000,1.0000000000000000
M 0.9868265390396118,-0.0000000070717143,-0.1617820113897324,0.1115954518318176,0.0000000000000000,1.0000000000000000,-0.0000000437113883,-0.0000000194939105,0.1617820113897324,0.0000000431355431,0.9868265390396118,1.3170136213302612,0.0000000000000000,0.0000000000000000,0.0000000000000000,1.0000000000000000
M 0.9766205549240112,-0.0000000093966532,-0.2149704545736313,0.1011005789041519,0.0000000000000000,1.0000000000000000,-0.0000000437113883,-0.0000000194939105,0.2149704545736313,0.0000000426894253,0.9766205549240112,1.7578976154327393,0.0000000000000000,0.0000000000000000,0.0000000000000000,1.0000000000000000
M 0.9635499715805054,-0.0000000116940324,-0.2675283551216125,0.0667519643902779,0.0000000000000000,1.0000000000000000,-0.0000000437113883,-0.0000000194939105,0.2675283551216125,0.0000000421181063,0.9635499715805054,2.1975667476654053,0.0000000000000000,0.0000000000000000,0.0000000000000000,1.0000000000000000
M 0.9476531744003296,-0.0000000139571101,-0.3193015456199646,0.0086509622633457,0.0000000000000000,1.0000000000000000,-0.0000000437113883,-0.0000000194939105,0.3193015456199646,0.0000000414232204,0.9476531744003296,2.6347315311431885,0.0000000000000000,0.0000000000000000,0.0000000000000000,1.0000000000000000
M 0.9289767146110535,-0.0000000161792535,-0.3701381683349609,-0.0730326175689697,0.0000000000000000,1.0000000000000000,-0.0000000437113883,-0.0000000194939105,0.3701381683349609,0.0000000406068494,0.9289767146110535,3.0681097507476807,0.0000000000000000,0.0000000000000000,0.0000000000000000,1.0000000000000000
M 0.9075754284858704,-0.0000000183539299,-0.4198891222476959,-0.1780585497617722,0.0000000000000000,1.0000000000000000,-0.0000000437113883,-0.0000000194939105,0.4198891222476959,0.0000000396713808,0.9075754284858704,3.4964301586151123,0.0000000000000000,0.0000000000000000,0.0000000000000000,1.0000000000000000
M 0.8835120201110840,-0.0000000204747757,-0.4684084355831146,-0.3061199188232422,0.0000000000000000,1.0000000000000000,-0.0000000437113883,-0.0000000194939105,0.4684084355831146,0.0000000386195360,0.8835120201110840,3.9184360504150391,0.0000000000000000,0.0000000000000000,0.0000000000000000,1.0000000000000000
M 0.8568571805953979,-0.0000000225355699,-0.5155538916587830,-0.4568399786949158,0.0000000000000000,1.0000000000000000,-0.0000000437113883,-0.0000000194939105,0.5155538916587830,0.0000000374544022,0.8568571805953979,4.3328900337219238,0.0000000000000000,0.0000000000000000,0.0000000000000000,1.0000000000000000
M 0.8276889920234680,-0.0000000245302676,-0.5611870884895325,-0.6297775506973267,0.0000000000000000,1.0000000000000000,-0.0000000437113883,-0.0000000194939105,0.5611870884895325,0.0000000361794363,0.8276889920234680,4.7385768890380859,0.0000000000000000,0.0000000000000000,0.0000000000000000,1.0000000000000000
M 0.7960930466651917,-0.0000000264530069,-0.6051742434501648,-0.8244243860244751,0.0000000000000000,1.0000000000000000,-0.0000000437113883,-0.0000000194939105,0.6051742434501648,0.0000000347983331,0.7960930466651917,5.1343059539794922,0.0000000000000000,0.0000000000000000,0.0000000000000000,1.0000000000000000
M 0.7621620297431946,-0.0000000282981478,-0.6473863124847412,-1.0402104854583740,0.0000000000000000,1.0000000000000000,-0.0000000437113883,-0.0000000194939105,0.6473863124847412,0.0000000333151604,0.7621620297431946,5.5189161300659180,0.0000000000000000,0.0000000000000000,0.0000000000000000,1.0000000000000000
M 0.7259954810142517,-0.0000000300602920,-0.6876994967460632,-1.2765021324157715,0.0000000000000000,1.0000000000000000,-0.0000000437113883,-0.0000000194939105,0.6876994967460632,0.0000000317342632,0.7259954810142517,5.8912801742553711,0.0000000000000000,0.0000000000000000,0.0000000000000000,1.0000000000000000
M 0.6876994371414185,-0.0000000317342703,-0.7259954810142517,-1.5326071977615356,0.0000000000000000,1.0000000000000000,-0.0000000437113883,-0.0000000194939105,0.7259954810142517,0.0000000300602956,0.6876994371414185,6.2503051757812500,0.0000000000000000,0.0000000000000000,0.0000000000000000,1.0000000000000000
M 0.6473862528800964,-0.0000000333151498,-0.7621620893478394,-1.8077735900878906,0.0000000000000000,1.0000000000000000,-0.0000000437113883,-0.0000000194939105,0.7621620893478394,0.0000000282981514,0.6473862528800964,6.5949392318725586,0.0000000000000000,0.0000000000000000,0.0000000000000000,1.0000000000000000
M 0.6051741838455200,-0.0000000347983224,-0.7960931062698364,-2.1011941432952881,0.0000000000000000,1.0000000000000000,-0.0000000437113883,-0.0000000194939105,0.7960931062698364,0.0000000264529962,0.6051741838455200,6.9241704940795898,0.0000000000000000,0.0000000000000000,0.0000000000000000,1.0000000000000000
M 0.5611870884895325,-0.0000000361794363,-0.8276889920234680,-2.4120087623596191,0.0000000000000000,1.0000000000000000,-0.0000000437113883,-0.0000000194939105,0.8276889920234680,0.0000000245302605,0.5611870884895325,7.2370319366455078,0.0000000000000000,0.0000000000000000,0.0000000000000000,1.0000000000000000
M 0.5155537724494934,-0.0000000374544200,-0.8568572402000427,-2.7393066883087158,0.0000000000000000,1.0000000000000000,-0.0000000437113883,-0.0000000194939105,0.8568572402000427,0.0000000225355716,0.5155537724494934,7.5326094627380371,0.0000000000000000,0.0000000000000000,0.0000000000000000,1.0000000000000000
M 0.4684084057807922,-0.0000000386195396,-0.8835120797157288,-3.0821251869201660,0.0000000000000000,1.0000000000000000,-0.0000000437113883,-0.0000000194939105,0.8835120797157288,0.0000000204747739,0.4684084057807922,7.8100328445434570,0.0000000000000000,0.0000000000000000,0.0000000000000000,1.0000000000000000
M 0.4198890924453735,-0.0000000396713808,-0.9075754284858704,-3.4394607543945312,0.0000000000000000,1.0000000000000000,-0.0000000437113883,-0.0000000194939105,0.9075754284858704,0.0000000183539353,0.4198890924453735,8.0684890747070312,0.0000000000000000,0.0000000000000000,0.0000000000000000,1.0000000000000000
M 0.3701380491256714,-0.0000000406068494,-0.9289767742156982,-3.8102657794952393,0.0000000000000000,1.0000000000000000,-0.0000000437113883,-0.0000000194939105,0.9289767742156982,0.0000000161792482,0.3701380491256714,8.3072214126586914,0.0000000000000000,0.0000000000000000,0.0000000000000000,1.0000000000000000
M 0.3193015456199646,-0.0000000414232204,-0.9476531744003296,-4.1934499740600586,0.0000000000000000,1.0000000000000000,-0.0000000437113883,-0.0000000194939105,0.9476531744003296,0.0000000139571137,0.3193015456199646,8.5255279541015625,0.0000000000000000,0.0000000000000000,0.0000000000000000,1.0000000000000000
M 0.2675282657146454,-0.0000000421181099,-0.9635500311851501,-4.5878930091857910,0.0000000000000000,1.0000000000000000,-0.0000000437113883,-0.0000000194939105,0.9635500311851501,0.0000000116940315,0.2675282657146454,8.7227706909179688,0.0000000000000000,0.0000000000000000,0.0000000000000000,1.0000000000000000
M 0.2149704098701477,-0.0000000426894395,-0.9766205549240112,-4.9924345016479492,0.0000000000000000,1.0000000000000000,-0.0000000437113883,-0.0000000194939105,0.9766205549240112,0.0000000093966515,0.2149704098701477,8.8983678817749023,0.0000000000000000,0.0000000000000000,0.0000000000000000,1.0000000000000000
M 0.1617819964885712,-0.0000000431355431,-0.9868265390396118,-5.4058899879455566,0.0000000000000000,1.0000000000000000,-0.0000000437113883,-0.0000000194939105,0.9868265390396118,0.0000000070717139,0.1617819964885712,9.0518064498901367,0.0000000000000000,0.0000000000000000,0.0000000000000000,1.0000000000000000
M 0.1081189215183258,-0.0000000434551488,-0.9941379427909851,-5.8270463943481445,0.0000000000000000,1.0000000000000000,-0.0000000437113883,-0.0000000194939105,0.9941379427909851,0.0000000047260262,0.1081189215183258,9.1826362609863281,0.0000000000000000,0.0000000000000000,0.0000000000000000,1.0000000000000000
M 0.0541388392448425,-0.0000000436472831,-0.9985334277153015,-6.2546677589416504,0.0000000000000000,1.0000000000000000,-0.0000000437113883,-0.0000000194939105,0.9985334277153015,0.0000000023664839,0.0541388392448425,9.2904729843139648,0.0000000000000000,0.0000000000000000,0.0000000000000000,1.0000000000000000
M -0.0000000437113883,-0.0000000437113883,-1.0000000000000000,-6.6875000000000000,0.0000000000000000,1.0000000000000000,-0.0000000437113883,-0.0000000194939105,1.0000000000000000,-0.0000000000000019,-0.0000000437113883,9.3750009536743164,0.0000000000000000,0.0000000000000000,0.0000000000000000,1.0000000000000000
O WINDOW_1
A WINDOW_1_WINDOW_1
M 1.0000000000000000,0.0000000000000000,0.0000000000000000,0.0000000000000000,0.0000000000000000,1.0000000000000000,-0.0000000437113883,-0.0000000194939105,-0.0000000000000000,0.0000000437113883,1.0000000000000000,-0.0000000017423645,0.0000000000000000,0.0000000000000000,0.0000000000000000,1.0000000000000000
M 0.9985334277153015,-0.0000000023664870,-0.0541389100253582,0.0609703548252583,0.0000000000000000,1.0000000000000000,-0.0000000437113883,-0.0000000194939105,0.0541389100253582,0.0000000436472831,0.9985334277153015,0.4367737770080566,0.0000000000000000,0.0000000000000000,0.0000000000000000,1.0000000000000000
M 0.9941379427909851,-0.0000000047260329,-0.1081190258264542,0.0982054248452187,0.0000000000000000,1.0000000000000000,-0.0000000437113883,-0.0000000194939105,0.1081190258264542,0.0000000434551488,0.9941379427909851,0.8762080669403076,0.0000000000000000,0.0000000000000000,0.0000000000000000,1.0000000000000000
M 0.9868265390396118,-0.0000000070717143,-0.1617820113897324,0.1115954518318176,0.0000000000000000,1.0000000000000000,-0.0000000437113883,-0.0000000194939105,0.1617820113897324,0.0000000431355431,0.9868265390396118,1.3170136213302612,0.0000000000000000,0.0000000000000000,0.0000000000000000,1.0000000000000000
M 0.9766205549240112,-0.0000000093966532,-0.2149704545736313,0.1011005789041519,0.0000000000000000,1.0000000000000000,-0.0000000437113883,-0.0000000194939105,0.2149704545736313,0.0000000426894253,0.9766205549240112,1.7578976154327393,0.0000000000000000,0.0000000000000000,0.0000000000000000,1.0000000000000000
M 0.9635499715805054,-0.0000000116940324,-0.2675283551216125,0.0667519643902779,0.0000000000000000,1.0000000000000000,-0.0000000437113883,-0.0000000194939105,0.2675283551216125,0.0000000421181063,0.9635499715805054,2.1975667476654053,0.0000000000000000,0.0000000000000000,0.0000000000000000,1.0000000000000000
M 0.9476531744003296,-0.0000000139571101,-0.3193015456199646,0.0086509622633457,0.0000000000000000,1.0000000000000000,-0.0000000437113883,-0.0000000194939105,0.3193015456199646,0.0000000414232204,0.9476531744003296,2.6347315311431885,0.0000000000000000,0.0000000000000000,0.0000000000000000,1.0000000000000000
M 0.9289767146110535,-0.0000000161792535,-0.3701381683349609,-0.0730326175689697,0.0000000000000000,1.0000000000000000,-0.0000000437113883,-0.0000000194939105,0.3701381683349609,0.0000000406068494,0.9289767146110535,3.0681097507476807,0.0000000000000000,0.0000000000000000,0.0000000000000000,1.0000000000000000
M 0.9075754284858704,-0.0000000183539299,-0.4198891222476959,-0.1780585497617722,0.0000000000000000,1.0000000000000000,-0.0000000437113883,-0.0000000194939105,0.4198891222476959,0.0000000396713808,0.9075754284858704,3.4964301586151123,0.0000000000000000,0.0000000000000000,0.0000000000000000,1.0000000000000000
M 0.8835120201110840,-0.0000000204747757,-0.4684084355831146,-0.3061199188232422,0.0000000000000000,1.0000000000000000,-0.0000000437113883,-0.0000000194939105,0.4684084355831146,0.0000000386195360,0.8835120201110840,3.9184360504150391,0.0000000000000000,0.0000000000000000,0.0000000000000000,1.0000000000000000
M 0.8568571805953979,-0.0000000225355699,-0.5155538916587830,-0.4568399786949158,0.0000000000000000,1.0000000000000000,-0.0000000437113883,-0.0000000194939105,0.5155538916587830,0.0000000374544022,0.8568571805953979,4.3328900337219238,0.0000000000000000,0.0000000000000000,0.0000000000000000,1.0000000000000000
M 0.8276889920234680,-0.0000000245302676,-0.5611870884895325,-0.6297775506973267,0.0000000000000000,1.0000000000000000,-0.0000000437113883,-0.0000000194939105,0.5611870884895325,0.0000000361794363,0.8276889920234680,4.7385768890380859,0.0000000000000000,0.0000000000000000,0.0000000000000000,1.0000000000000000
M 0.7960930466651917,-0.0000000264530069,-0.6051742434501648,-0.8244243860244751,0.0000000000000000,1.0000000000000000,-0.0000000437113883,-0.0000000194939105,0.6051742434501648,0.0000000347983331,0.7960930466651917,5.1343059539794922,0.0000000000000000,0.0000000000000000,0.0000000000000000,1.0000000000000000
M 0.7621620297431946,-0.0000000282981478,-0.6473863124847412,-1.0402104854583740,0.0000000000000000,1.0000000000000000,-0.0000000437113883,-0.0000000194939105,0.6473863124847412,0.0000000333151604,0.7621620297431946,5.5189161300659180,0.0000000000000000,0.0000000000000000,0.0000000000000000,1.0000000000000000
M 0.7259954810142517,-0.0000000300602920,-0.6876994967460632,-1.2765021324157715,0.0000000000000000,1.0000000000000000,-0.0000000437113883,-0.0000000194939105,0.6876994967460632,0.0000000317342632,0.7259954810142517,5.8912801742553711,0.0000000000000000,0.0000000000000000,0.0000000000000000,1.0000000000000000
M 0.6876994371414185,-0.0000000317342703,-0.7259954810142517,-1.5326071977615356,0.0000000000000000,1.0000000000000000,-0.0000000437113883,-0.0000000194939105,0.7259954810142517,0.0000000300602956,0.6876994371414185,6.2503051757812500,0.0000000000000000,0.0000000000000000,0.0000000000000000,1.0000000000000000
M 0.6473862528800964,-0.0000000333151498,-0.7621620893478394,-1.8077735900878906,0.0000000000000000,1.0000000000000000,-0.0000000437113883,-0.0000000194939105,0.7621620893478394,0.0000000282981514,0.6473862528800964,6.5949392318725586,0.0000000000000000,0.0000000000000000,0.0000000000000000,1.0000000000000000
M 0.6051741838455200,-0.0000000347983224,-0.7960931062698364,-2.1011941432952881,0.0000000000000000,1.0000000000000000,-0.0000000437113883,-0.0000000194939105,0.7960931062698364,0.0000000264529962,0.6051741838455200,6.9241704940795898,0.0000000000000000,0.0000000000000000,0.0000000000000000,1.0000000000000000
M 0.5611870884895325,-0.0000000361794363,-0.8276889920234680,-2.4120087623596191,0.0000000000000000,1.0000000000000000,-0.0000000437113883,-0.0000000194939105,0.8276889920234680,0.0000000245302605,0.5611870884895325,7.2370319366455078,0.0000000000000000,0.0000000000000000,0.0000000000000000,1.0000000000000000
M 0.5155537724494934,-0.0000000374544200,-0.8568572402000427,-2.7393066883087158,0.0000000000000000,1.0000000000000000,-0.0000000437113883,-0.0000000194939105,0.8568572402000427,0.0000000225355716,0.5155537724494934,7.5326094627380371,0.0000000000000000,0.0000000000000000,0.0000000000000000,1.0000000000000000
M 0.4684084057807922,-0.0000000386195396,-0.8835120797157288,-3.0821251869201660,0.0000000000000000,1.0000000000000000,-0.0000000437113883,-0.0000000194939105,0.8835120797157288,0.0000000204747739,0.4684084057807922,7.8100328445434570,0.0000000000000000,0.0000000000000000,0.0000000000000000,1.0000000000000000
M 0.4198890924453735,-0.0000000396713808,-0.9075754284858704,-3.4394607543945312,0.0000000000000000,1.0000000000000000,-0.0000000437113883,-0.0000000194939105,0.9075754284858704,0.0000000183539353,0.4198890924453735,8.0684890747070312,0.0000000000000000,0.0000000000000000,0.0000000000000000,1.0000000000000000
M 0.3701380491256714,-0.0000000406068494,-0.9289767742156982,-3.8102657794952393,0.0000000000000000,1.0000000000000000,-0.0000000437113883,-0.0000000194939105,0.9289767742156982,0.0000000161792482,0.3701380491256714,8.3072214126586914,0.0000000000000000,0.0000000000000000,0.0000000000000000,1.0000000000000000
M 0.3193015456199646,-0.0000000414232204,-0.9476531744003296,-4.1934499740600586,0.0000000000000000,1.0000000000000000,-0.0000000437113883,-0.0000000194939105,0.9476531744003296,0.0000000139571137,0.3193015456199646,8.5255279541015625,0.0000000000000000,0.0000000000000000,0.0000000000000000,1.0000000000000000
M 0.2675282657146454,-0.0000000421181099,-0.9635500311851501,-4.5878930091857910,0.0000000000000000,1.0000000000000000,-0.0000000437113883,-0.0000000194939105,0.9635500311851501,0.0000000116940315,0.2675282657146454,8.7227706909179688,0.0000000000000000,0.0000000000000000,0.0000000000000000,1.0000000000000000
M 0.2149704098701477,-0.0000000426894395,-0.9766205549240112,-4.9924345016479492,0.0000000000000000,1.0000000000000000,-0.0000000437113883,-0.0000000194939105,0.9766205549240112,0.0000000093966515,0.2149704098701477,8.8983678817749023,0.0000000000000000,0.0000000000000000,0.0000000000000000,1.0000000000000000
M 0.1617819964885712,-0.0000000431355431,-0.9868265390396118,-5.4058899879455566,0.0000000000000000,1.0000000000000000,-0.0000000437113883,-0.0000000194939105,0.9868265390396118,0.0000000070717139,0.1617819964885712,9.0518064498901367,0.0000000000000000,0.0000000000000000,0.0000000000000000,1.0000000000000000
M 0.1081189215183258,-0.0000000434551488,-0.9941379427909851,-5.8270463943481445,0.0000000000000000,1.0000000000000000,-0.0000000437113883,-0.0000000194939105,0.9941379427909851,0.0000000047260262,0.1081189215183258,9.1826362609863281,0.0000000000000000,0.0000000000000000,0.0000000000000000,1.0000000000000000
M 0.0541388392448425,-0.0000000436472831,-0.9985334277153015,-6.2546677589416504,0.0000000000000000,1.0000000000000000,-0.0000000437113883,-0.0000000194939105,0.9985334277153015,0.0000000023664839,0.0541388392448425,9.2904729843139648,0.0000000000000000,0.0000000000000000,0.0000000000000000,1.0000000000000000
M -0.0000000437113883,-0.0000000437113883,-1.0000000000000000,-6.6875000000000000,0.0000000000000000,1.0000000000000000,-0.0000000437113883,-0.0000000194939105,1.0000000000000000,-0.0000000000000019,-0.0000000437113883,9.3750009536743164,0.0000000000000000,0.0000000000000000,0.0000000000000000,1.0000000000000000
O WINDOW_1_ROT_-90_INTERIOR
A WINDOW_1_ROT_-90_INTERIOR_WINDOW_1_ROT_-90_INTERIOR
M 1.0000000000000000,0.0000000000000000,0.0000000000000000,0.0000000000000000,0.0000000000000000,1.0000000000000000,-0.0000000437113883,-0.0000000194939105,-0.0000000000000000,0.0000000437113883,1.0000000000000000,-0.0000000017423645,0.0000000000000000,0.0000000000000000,0.0000000000000000,1.0000000000000000
M 0.9985334277153015,-0.0000000023664870,-0.0541389100253582,0.0609703548252583,0.0000000000000000,1.0000000000000000,-0.0000000437113883,-0.0000000194939105,0.0541389100253582,0.0000000436472831,0.9985334277153015,0.4367737770080566,0.0000000000000000,0.0000000000000000,0.0000000000000000,1.0000000000000000
M 0.9941379427909851,-0.0000000047260329,-0.1081190258264542,0.0982054248452187,0.0000000000000000,1.0000000000000000,-0.0000000437113883,-0.0000000194939105,0.1081190258264542,0.0000000434551488,0.9941379427909851,0.8762080669403076,0.0000000000000000,0.0000000000000000,0.0000000000000000,1.0000000000000000
M 0.9868265390396118,-0.0000000070717143,-0.1617820113897324,0.1115954518318176,0.0000000000000000,1.0000000000000000,-0.0000000437113883,-0.0000000194939105,0.1617820113897324,0.0000000431355431,0.9868265390396118,1.3170136213302612,0.0000000000000000,0.0000000000000000,0.0000000000000000,1.0000000000000000
M 0.9766205549240112,-0.0000000093966532,-0.2149704545736313,0.1011005789041519,0.0000000000000000,1.0000000000000000,-0.0000000437113883,-0.0000000194939105,0.2149704545736313,0.0000000426894253,0.9766205549240112,1.7578976154327393,0.0000000000000000,0.0000000000000000,0.0000000000000000,1.0000000000000000
M 0.9635499715805054,-0.0000000116940324,-0.2675283551216125,0.0667519643902779,0.0000000000000000,1.0000000000000000,-0.0000000437113883,-0.0000000194939105,0.2675283551216125,0.0000000421181063,0.9635499715805054,2.1975667476654053,0.0000000000000000,0.0000000000000000,0.0000000000000000,1.0000000000000000
M 0.9476531744003296,-0.0000000139571101,-0.3193015456199646,0.0086509622633457,0.0000000000000000,1.0000000000000000,-0.0000000437113883,-0.0000000194939105,0.3193015456199646,0.0000000414232204,0.9476531744003296,2.6347315311431885,0.0000000000000000,0.0000000000000000,0.0000000000000000,1.0000000000000000
M 0.9289767146110535,-0.0000000161792535,-0.3701381683349609,-0.0730326175689697,0.0000000000000000,1.0000000000000000,-0.0000000437113883,-0.0000000194939105,0.3701381683349609,0.0000000406068494,0.9289767146110535,3.0681097507476807,0.0000000000000000,0.0000000000000000,0.0000000000000000,1.0000000000000000
M 0.9075754284858704,-0.0000000183539299,-0.4198891222476959,-0.1780585497617722,0.0000000000000000,1.0000000000000000,-0.0000000437113883,-0.0000000194939105,0.4198891222476959,0.0000000396713808,0.9075754284858704,3.4964301586151123,0.0000000000000000,0.0000000000000000,0.0000000000000000,1.0000000000000000
M 0.8835120201110840,-0.0000000204747757,-0.4684084355831146,-0.3061199188232422,0.0000000000000000,1.0000000000000000,-0.0000000437113883,-0.0000000194939105,0.4684084355831146,0.0000000386195360,0.8835120201110840,3.9184360504150391,0.0000000000000000,0.0000000000000000,0.0000000000000000,1.0000000000000000
M 0.8568571805953979,-0.0000000225355699,-0.5155538916587830,-0.4568399786949158,0.0000000000000000,1.0000000000000000,-0.0000000437113883,-0.0000000194939105,0.5155538916587830,0.0000000374544022,0.8568571805953979,4.3328900337219238,0.0000000000000000,0.0000000000000000,0.0000000000000000,1.0000000000000000
M 0.8276889920234680,-0.0000000245302676,-0.5611870884895325,-0.6297775506973267,0.0000000000000000,1.0000000000000000,-0.0000000437113883,-0.0000000194939105,0.5611870884895325,0.0000000361794363,0.8276889920234680,4.7385768890380859,0.0000000000000000,0.0000000000000000,0.0000000000000000,1.0000000000000000
M 0.7960930466651917,-0.0000000264530069,-0.6051742434501648,-0.8244243860244751,0.0000000000000000,1.0000000000000000,-0.0000000437113883,-0.0000000194939105,0.6051742434501648,0.0000000347983331,0.7960930466651917,5.1343059539794922,0.0000000000000000,0.0000000000000000,0.0000000000000000,1.0000000000000000
M 0.7621620297431946,-0.0000000282981478,-0.6473863124847412,-1.0402104854583740,0.0000000000000000,1.0000000000000000,-0.0000000437113883,-0.0000000194939105,0.6473863124847412,0.0000000333151604,0.7621620297431946,5.5189161300659180,0.0000000000000000,0.0000000000000000,0.0000000000000000,1.0000000000000000
M 0.7259954810142517,-0.0000000300602920,-0.6876994967460632,-1.2765021324157715,0.0000000000000000,1.0000000000000000,-0.0000000437113883,-0.0000000194939105,0.6876994967460632,0.0000000317342632,0.7259954810142517,5.8912801742553711,0.0000000000000000,0.0000000000000000,0.0000000000000000,1.0000000000000000
M 0.6876994371414185,-0.0000000317342703,-0.7259954810142517,-1.5326071977615356,0.0000000000000000,1.0000000000000000,-0.0000000437113883,-0.0000000194939105,0.7259954810142517,0.0000000300602956,0.6876994371414185,6.2503051757812500,0.0000000000000000,0.0000000000000000,0.0000000000000000,1.0000000000000000
M 0.6473862528800964,-0.0000000333151498,-0.7621620893478394,-1.8077735900878906,0.0000000000000000,1.0000000000000000,-0.0000000437113883,-0.0000000194939105,0.7621620893478394,0.0000000282981514,0.6473862528800964,6.5949392318725586,0.0000000000000000,0.0000000000000000,0.0000000000000000,1.0000000000000000
M 0.6051741838455200,-0.0000000347983224,-0.7960931062698364,-2.1011941432952881,0.0000000000000000,1.0000000000000000,-0.0000000437113883,-0.0000000194939105,0.7960931062698364,0.0000000264529962,0.6051741838455200,6.9241704940795898,0.0000000000000000,0.0000000000000000,0.0000000000000000,1.0000000000000000
M 0.5611870884895325,-0.0000000361794363,-0.8276889920234680,-2.4120087623596191,0.0000000000000000,1.0000000000000000,-0.0000000437113883,-0.0000000194939105,0.8276889920234680,0.0000000245302605,0.5611870884895325,7.2370319366455078,0.0000000000000000,0.0000000000000000,0.0000000000000000,1.0000000000000000
M 0.5155537724494934,-0.0000000374544200,-0.8568572402000427,-2.7393066883087158,0.0000000000000000,1.0000000000000000,-0.0000000437113883,-0.0000000194939105,0.8568572402000427,0.0000000225355716,0.5155537724494934,7.5326094627380371,0.0000000000000000,0.0000000000000000,0.0000000000000000,1.0000000000000000
M 0.4684084057807922,-0.0000000386195396,-0.8835120797157288,-3.0821251869201660,0.0000000000000000,1.0000000000000000,-0.0000000437113883,-0.0000000194939105,0.8835120797157288,0.0000000204747739,0.4684084057807922,7.8100328445434570,0.0000000000000000,0.0000000000000000,0.0000000000000000,1.0000000000000000
M 0.4198890924453735,-0.0000000396713808,-0.9075754284858704,-3.4394607543945312,0.0000000000000000,1.0000000000000000,-0.0000000437113883,-0.0000000194939105,0.9075754284858704,0.0000000183539353,0.4198890924453735,8.0684890747070312,0.0000000000000000,0.0000000000000000,0.0000000000000000,1.0000000000000000
M 0.3701380491256714,-0.0000000406068494,-0.9289767742156982,-3.8102657794952393,0.0000000000000000,1.0000000000000000,-0.0000000437113883,-0.0000000194939105,0.9289767742156982,0.0000000161792482,0.3701380491256714,8.3072214126586914,0.0000000000000000,0.0000000000000000,0.0000000000000000,1.0000000000000000
M 0.3193015456199646,-0.0000000414232204,-0.9476531744003296,-4.1934499740600586,0.0000000000000000,1.0000000000000000,-0.0000000437113883,-0.0000000194939105,0.9476531744003296,0.0000000139571137,0.3193015456199646,8.5255279541015625,0.0000000000000000,0.0000000000000000,0.0000000000000000,1.0000000000000000
M 0.2675282657146454,-0.0000000421181099,-0.9635500311851501,-4.5878930091857910,0.0000000000000000,1.0000000000000000,-0.0000000437113883,-0.0000000194939105,0.9635500311851501,0.0000000116940315,0.2675282657146454,8.7227706909179688,0.0000000000000000,0.0000000000000000,0.0000000000000000,1.0000000000000000
M 0.2149704098701477,-0.0000000426894395,-0.9766205549240112,-4.9924345016479492,0.0000000000000000,1.0000000000000000,-0.0000000437113883,-0.0000000194939105,0.9766205549240112,0.0000000093966515,0.2149704098701477,8.8983678817749023,0.0000000000000000,0.0000000000000000,0.0000000000000000,1.0000000000000000
M 0.1617819964885712,-0.0000000431355431,-0.9868265390396118,-5.4058899879455566,0.0000000000000000,1.0000000000000000,-0.0000000437113883,-0.0000000194939105,0.9868265390396118,0.0000000070717139,0.1617819964885712,9.0518064498901367,0.0000000000000000,0.0000000000000000,0.0000000000000000,1.0000000000000000
M 0.1081189215183258,-0.0000000434551488,-0.9941379427909851,-5.8270463943481445,0.0000000000000000,1.0000000000000000,-0.0000000437113883,-0.0000000194939105,0.9941379427909851,0.0000000047260262,0.1081189215183258,9.1826362609863281,0.0000000000000000,0.0000000000000000,0.0000000000000000,1.0000000000000000
M 0.0541388392448425,-0.0000000436472831,-0.9985334277153015,-6.2546677589416504,0.0000000000000000,1.0000000000000000,-0.0000000437113883,-0.0000000194939105,0.9985334277153015,0.0000000023664839,0.0541388392448425,9.2904729843139648,0.0000000000000000,0.0000000000000000,0.0000000000000000,1.0000000000000000
M -0.0000000437113883,-0.0000000437113883,-1.0000000000000000,-6.6875000000000000,0.0000000000000000,1.0000000000000000,-0.0000000437113883,-0.0000000194939105,1.0000000000000000,-0.0000000000000019,-0.0000000437113883,9.3750009536743164,0.0000000000000000,0.0000000000000000,0.0000000000000000,1.0000000000000000
O DOOR_2_EXTERNAL
A DOOR_2_EXTERNAL_DOOR_2_EXTERNAL
M 1.0000000000000000,0.0000000000000000,0.0000000000000000,0.0000000000000000,0.0000000000000000,1.0000000000000000,-0.0000000437113883,-0.0000000194939105,-0.0000000000000000,0.0000000437113883,1.0000000000000000,-0.0000000017423645,0.0000000000000000,0.0000000000000000,0.0000000000000000,1.0000000000000000
M 0.9985334277153015,-0.0000000023664870,-0.0541389100253582,0.0609703548252583,0.0000000000000000,1.0000000000000000,-0.0000000437113883,-0.0000000194939105,0.0541389100253582,0.0000000436472831,0.9985334277153015,0.4367737770080566,0.0000000000000000,0.0000000000000000,0.0000000000000000,1.0000000000000000
M 0.9941379427909851,-0.0000000047260329,-0.1081190258264542,0.0982054248452187,0.0000000000000000,1.0000000000000000,-0.0000000437113883,-0.0000000194939105,0.1081190258264542,0.0000000434551488,0.9941379427909851,0.8762080669403076,0.0000000000000000,0.0000000000000000,0.0000000000000000,1.0000000000000000
M 0.9868265390396118,-0.0000000070717143,-0.1617820113897324,0.1115954518318176,0.0000000000000000,1.0000000000000000,-0.0000000437113883,-0.0000000194939105,0.1617820113897324,0.0000000431355431,0.9868265390396118,1.3170136213302612,0.0000000000000000,0.0000000000000000,0.0000000000000000,1.0000000000000000
M 0.9766205549240112,-0.0000000093966532,-0.2149704545736313,0.1011005789041519,0.0000000000000000,1.0000000000000000,-0.0000000437113883,-0.0000000194939105,0.2149704545736313,0.0000000426894253,0.9766205549240112,1.7578976154327393,0.0000000000000000,0.0000000000000000,0.0000000000000000,1.0000000000000000
M 0.9635499715805054,-0.0000000116940324,-0.2675283551216125,0.0667519643902779,0.0000000000000000,1.0000000000000000,-0.0000000437113883,-0.0000000194939105,0.2675283551216125,0.0000000421181063,0.9635499715805054,2.1975667476654053,0.0000000000000000,0.0000000000000000,0.0000000000000000,1.0000000000000000
M 0.9476531744003296,-0.0000000139571101,-0.3193015456199646,0.0086509622633457,0.0000000000000000,1.0000000000000000,-0.0000000437113883,-0.0000000194939105,0.3193015456199646,0.0000000414232204,0.9476531744003296,2.6347315311431885,0.0000000000000000,0.0000000000000000,0.0000000000000000,1.0000000000000000
