O WIDGET_8_CG_seat_LCG_cab1_INTERIOR
A WIDGET_8_CG_seat_LCG_cab1_INTERIOR_WIDGET_8_CG_seat_LCG_cab1_INTERIOR
M 1.0000000000000000,0.0000000000000000,0.0000000000000000,0.0000000000000000,0.0000000000000000,1.0000000000000000,-0.0000000437113883,-0.0000001121550639,-0.0000000000000000,0.0000000437113883,1.0000000000000000,0.0000000266951758,0.0000000000000000,0.0000000000000000,0.0000000000000000,1.0000000000000000
M 0.9998497366905212,-0.0000000007577144,-0.0173344910144806,0.0122554935514927,0.0000000000000000,1.0000000000000000,-0.0000000437113883,-0.0000001121550639,0.0173344910144806,0.0000000437048193,0.9998497366905212,0.1360839158296585,0.0000000000000000,0.0000000000000000,0.0000000000000000,1.0000000000000000
M 0.9981539249420166,-0.0000000026547953,-0.0607346370816231,0.0325892418622971,0.0000000000000000,1.0000000000000000,-0.0000000437113883,-0.0000001121550639,0.0607346370816231,0.0000000436306955,0.9981539249420166,0.4778180420398712,0.0000000000000000,0.0000000000000000,0.0000000000000000,1.0000000000000000
M 0.9931100010871887,-0.0000000051223648,-0.1171860471367836,0.0367759242653847,0.0000000000000000,1.0000000000000000,-0.0000000437113883,-0.0000001121550639,0.1171860471367836,0.0000000434102176,0.9931100010871887,0.9245178103446960,0.0000000000000000,0.0000000000000000,0.0000000000000000,1.0000000000000000
M 0.9848077297210693,-0.0000000075904012,-0.1736481785774231,0.0154129099100828,0.0000000000000000,1.0000000000000000,-0.0000000437113883,-0.0000001121550639,0.1736481785774231,0.0000000430473115,0.9848077297210693,1.3738269805908203,0.0000000000000000,0.0000000000000000,0.0000000000000000,1.0000000000000000
M 0.9754999279975891,-0.0000000096164854,-0.2199996262788773,-0.0216727573424578,0.0000000000000000,1.0000000000000000,-0.0000000437113883,-0.0000001121550639,0.2199996262788773,0.0000000426404547,0.9754999279975891,1.7446095943450928,0.0000000000000000,0.0000000000000000,0.0000000000000000,1.0000000000000000
M 0.9664487838745117,-0.0000000112276748,-0.2568593323230743,-0.0641013309359550,0.0000000000000000,1.0000000000000000,-0.0000000437113883,-0.0000001121550639,0.2568593323230743,0.0000000422448174,0.9664487838745117,2.0407426357269287,0.0000000000000000,0.0000000000000000,0.0000000000000000,1.0000000000000000
M 0.9578021168708801,-0.0000000125638939,-0.2874283790588379,-0.1082327738404274,0.0000000000000000,1.0000000000000000,-0.0000000437113883,-0.0000001121550639,0.2874283790588379,0.0000000418668620,0.9578021168708801,2.2872197628021240,0.0000000000000000,0.0000000000000000,0.0000000000000000,1.0000000000000000
M 0.9491535425186157,-0.0000000137609311,-0.3148134946823120,-0.1548465341329575,0.0000000000000000,1.0000000000000000,-0.0000000437113883,-0.0000001121550639,0.3148134946823120,0.0000000414888035,0.9491535425186157,2.5087244510650635,0.0000000000000000,0.0000000000000000,0.0000000000000000,1.0000000000000000
M 0.9396926164627075,-0.0000000149501744,-0.3420201241970062,-0.2079701125621796,0.0000000000000000,1.0000000000000000,-0.0000000437113883,-0.0000001121550639,0.3420201241970062,0.0000000410752534,0.9396926164627075,2.7294585704803467,0.0000000000000000,0.0000000000000000,0.0000000000000000,1.0000000000000000
M 0.9284975528717041,-0.0000000162317146,-0.3713385164737701,-0.2730598449707031,0.0000000000000000,1.0000000000000000,-0.0000000437113883,-0.0000001121550639,0.3713385164737701,0.0000000405859168,0.9284975528717041,2.9681010246276855,0.0000000000000000,0.0000000000000000,0.0000000000000000,1.0000000000000000
M 0.9153875708580017,-0.0000000175970563,-0.4025737345218658,-0.3516839146614075,0.0000000000000000,1.0000000000000000,-0.0000000437113883,-0.0000001121550639,0.4025737345218658,0.0000000400128464,0.9153875708580017,3.2232623100280762,0.0000000000000000,0.0000000000000000,0.0000000000000000,1.0000000000000000
M 0.9004625678062439,-0.0000000190115390,-0.4349334836006165,-0.4436733722686768,0.0000000000000000,1.0000000000000000,-0.0000000437113883,-0.0000001121550639,0.4349334836006165,0.0000000393604687,0.9004625678062439,3.4886510372161865,0.0000000000000000,0.0000000000000000,0.0000000000000000,1.0000000000000000
M 0.8839128613471985,-0.0000000204417017,-0.4676516056060791,-0.5481286048889160,0.0000000000000000,1.0000000000000000,-0.0000000437113883,-0.0000001121550639,0.4676516056060791,0.0000000386370580,0.8839128613471985,3.7581100463867188,0.0000000000000000,0.0000000000000000,0.0000000000000000,1.0000000000000000
M 0.8660254478454590,-0.0000000218556924,-0.4999999701976776,-0.6633626818656921,0.0000000000000000,1.0000000000000000,-0.0000000437113883,-0.0000001121550639,0.4999999701976776,0.0000000378551590,0.8660254478454590,4.0257053375244141,0.0000000000000000,0.0000000000000000,0.0000000000000000,1.0000000000000000
M 0.8471384048461914,-0.0000000232270150,-0.5313723087310791,-0.7871943116188049,0.0000000000000000,1.0000000000000000,-0.0000000437113883,-0.0000001121550639,0.5313723087310791,0.0000000370295830,0.8471384048461914,4.2864193916320801,0.0000000000000000,0.0000000000000000,0.0000000000000000,1.0000000000000000
M 0.8274776339530945,-0.0000000245438869,-0.5614987015724182,-0.9180607199668884,0.0000000000000000,1.0000000000000000,-0.0000000437113883,-0.0000001121550639,0.5614987015724182,0.0000000361701957,0.8274776339530945,4.5379605293273926,0.0000000000000000,0.0000000000000000,0.0000000000000000,1.0000000000000000
M 0.8072521090507507,-0.0000000257987587,-0.5902068018913269,-1.0544556379318237,0.0000000000000000,1.0000000000000000,-0.0000000437113883,-0.0000001121550639,0.5902068018913269,0.0000000352861100,0.8072521090507507,4.7788143157958984,0.0000000000000000,0.0000000000000000,0.0000000000000000,1.0000000000000000
M 0.7866918444633484,-0.0000000269850453,-0.6173458695411682,-1.1946926116943359,0.0000000000000000,1.0000000000000000,-0.0000000437113883,-0.0000001121550639,0.6173458695411682,0.0000000343873801,0.7866918444633484,5.0076203346252441,0.0000000000000000,0.0000000000000000,0.0000000000000000,1.0000000000000000
M 0.7660444974899292,-0.0000000280971300,-0.6427875757217407,-1.3369276523590088,0.0000000000000000,1.0000000000000000,-0.0000000437113883,-0.0000001121550639,0.6427875757217407,0.0000000334848558,0.7660444974899292,5.2231802940368652,0.0000000000000000,0.0000000000000000,0.0000000000000000,1.0000000000000000
M 0.7453724145889282,-0.0000000291401214,-0.6666482686996460,-1.4805827140808105,0.0000000000000000,1.0000000000000000,-0.0000000437113883,-0.0000001121550639,0.6666482686996460,0.0000000325812621,0.7453724145889282,5.4263591766357422,0.0000000000000000,0.0000000000000000,0.0000000000000000,1.0000000000000000
M 0.7238978147506714,-0.0000000301567908,-0.6899072527885437,-1.6309983730316162,0.0000000000000000,1.0000000000000000,-0.0000000437113883,-0.0000001121550639,0.6899072527885437,0.0000000316425712,0.7238978147506714,5.6254391670227051,0.0000000000000000,0.0000000000000000,0.0000000000000000,1.0000000000000000
M 0.7005086541175842,-0.0000000311943644,-0.7136439085006714,-1.7960612773895264,0.0000000000000000,1.0000000000000000,-0.0000000437113883,-0.0000001121550639,0.7136439085006714,0.0000000306201997,0.7005086541175842,5.8297500610351562,0.0000000000000000,0.0000000000000000,0.0000000000000000,1.0000000000000000
M 0.6739450693130493,-0.0000000322931619,-0.7387814521789551,-1.9849374294281006,0.0000000000000000,1.0000000000000000,-0.0000000437113883,-0.0000001121550639,0.7387814521789551,0.0000000294590681,0.6739450693130493,6.0475096702575684,0.0000000000000000,0.0000000000000000,0.0000000000000000,1.0000000000000000
M 0.6427876353263855,-0.0000000334848629,-0.7660443782806396,-2.2081999778747559,0.0000000000000000,1.0000000000000000,-0.0000000437113883,-0.0000001121550639,0.7660443782806396,0.0000000280971335,0.6427876353263855,6.2855005264282227,0.0000000000000000,0.0000000000000000,0.0000000000000000,1.0000000000000000
M 0.6064584255218506,-0.0000000347555869,-0.7951151728630066,-2.4706270694732666,0.0000000000000000,1.0000000000000000,-0.0000000437113883,-0.0000001121550639,0.7951151728630066,0.0000000265091398,0.6064584255218506,6.5416798591613770,0.0000000000000000,0.0000000000000000,0.0000000000000000,1.0000000000000000
M 0.5685703754425049,-0.0000000359584895,-0.8226346373558044,-2.7464840412139893,0.0000000000000000,1.0000000000000000,-0.0000000437113883,-0.0000001121550639,0.8226346373558044,0.0000000248530068,0.5685703754425049,6.7868986129760742,0.0000000000000000,0.0000000000000000,0.0000000000000000,1.0000000000000000
M 0.5343582630157471,-0.0000000369474051,-0.8452581167221069,-2.9973022937774658,0.0000000000000000,1.0000000000000000,-0.0000000437113883,-0.0000001121550639,0.8452581167221069,0.0000000233575346,0.5343582630157471,6.9908657073974609,0.0000000000000000,0.0000000000000000,0.0000000000000000,1.0000000000000000
M 0.5095441341400146,-0.0000000376112226,-0.8604444861412048,-3.1801686286926270,0.0000000000000000,1.0000000000000000,-0.0000000437113883,-0.0000001121550639,0.8604444861412048,0.0000000222728822,0.5095441341400146,7.1292152404785156,0.0000000000000000,0.0000000000000000,0.0000000000000000,1.0000000000000000
M 0.5000000596046448,-0.0000000378551590,-0.8660253882408142,-3.2507047653198242,0.0000000000000000,1.0000000000000000,-0.0000000437113883,-0.0000001121550639,0.8660253882408142,0.0000000218556959,0.5000000596046448,7.1803870201110840,0.0000000000000000,0.0000000000000000,0.0000000000000000,1.0000000000000000
O WIDGET_9_CG_seat_LCG_cab1_INTERIOR
A WIDGET_9_CG_seat_LCG_cab1_INTERIOR_WIDGET_9_CG_seat_LCG_cab1_INTERIOR
M 1.0000000000000000,0.0000000000000000,0.0000000000000000,0.0000000000000000,0.0000000000000000,1.0000000000000000,-0.0000000437113883,-0.0000001121550639,-0.0000000000000000,0.0000000437113883,1.0000000000000000,0.0000000266951758,0.0000000000000000,0.0000000000000000,0.0000000000000000,1.0000000000000000
M 0.9995111227035522,0.0259961895644665,-0.0173695664852858,-0.0431780666112900,-0.0260001122951508,0.9996619224548340,-0.0000000436966090,-0.2032518535852432,0.0173636935651302,0.0004516543413047,0.9998491406440735,0.1353961080312729,0.0000000000000000,0.0000000000000000,0.0000000000000000,1.0000000000000000
M 0.9940039515495300,0.0908633098006248,-0.0608280114829540,-0.1844557970762253,-0.0910318791866302,0.9958480000495911,-0.0000000435298979,-0.7055975794792175,0.0605754479765892,0.0055373315699399,0.9981482625007629,0.4653261899948120,0.0000000000000000,0.0000000000000000,0.0000000000000000,1.0000000000000000
M 0.9777241945266724,0.1740640699863434,-0.1172905489802361,-0.4373934864997864,-0.1752738654613495,0.9845197200775146,-0.0000000430347242,-1.3433601856231689,0.1154748573899269,0.0205580107867718,0.9930976629257202,0.8693469166755676,0.0000000000000000,0.0000000000000000,0.0000000000000000,1.0000000000000000
M 0.9512512683868408,0.2548870444297791,-0.1736481487751007,-0.7655348181724548,-0.2588190734386444,0.9659258127212524,-0.0000000422219451,-1.9608989953994751,0.1677312254905701,0.0449434965848923,0.9848077297210693,1.2361243963241577,0.0000000000000000,0.0000000000000000,0.0000000000000000,1.0000000000000000
M 0.9220535755157471,0.3186323344707489,-0.2197513580322266,-1.0883071422576904,-0.3266161680221558,0.9451570510864258,-0.0000000413141130,-2.4504959583282471,0.2076995223760605,0.0717743858695030,0.9755558967590332,1.5022957324981689,0.0000000000000000,0.0000000000000000,0.0000000000000000,1.0000000000000000
M 0.8941312432289124,0.3671782612800598,-0.2563384771347046,-1.3775767087936401,-0.3798708617687225,0.9250395298004150,-0.0000000404347631,-2.8273487091064453,0.2371231913566589,0.0973755493760109,0.9665870666503906,1.6880360841751099,0.0000000000000000,0.0000000000000000,0.0000000000000000,1.0000000000000000
M 0.8678478598594666,0.4057189524173737,-0.2867615818977356,-1.6384445428848267,-0.4235053062438965,0.9058936238288879,-0.0000000395978681,-3.1307163238525391,0.2597754597663879,0.1214450895786285,0.9580019712448120,1.8234771490097046,0.0000000000000000,0.0000000000000000,0.0000000000000000,1.0000000000000000
M 0.8418819904327393,0.4387105405330658,-0.3142734766006470,-1.8878070116043091,-0.4621252715587616,0.8868146538734436,-0.0000000387639005,-3.3948876857757568,0.2787022888660431,0.1452337503433228,0.9493324756622314,1.9303325414657593,0.0000000000000000,0.0000000000000000,0.0000000000000000,1.0000000000000000
M 0.8137977123260498,0.4698463082313538,-0.3420200943946838,-2.1498339176177979,-0.5000000000000000,0.8660253882408142,-0.0000000378551732,-3.6497392654418945,0.2961980700492859,0.1710100919008255,0.9396926164627075,2.0226776599884033,0.0000000000000000,0.0000000000000000,0.0000000000000000,1.0000000000000000
M 0.7810366153717041,0.5013643503189087,-0.3723111748695374,-2.4473493099212646,-0.5402004718780518,0.8415363430976868,-0.0000000367847228,-3.9153182506561279,0.3133133649826050,0.2011227011680603,0.9281079769134521,2.1047377586364746,0.0000000000000000,0.0000000000000000,0.0000000000000000,1.0000000000000000
M 0.7435209751129150,0.5324807763099670,-0.4045253992080688,-2.7798519134521484,-0.5822473168373108,0.8130117058753967,-0.0000000355378695,-4.1871824264526367,0.3288838565349579,0.2355338633060455,0.9145268201828003,2.1674964427947998,0.0000000000000000,0.0000000000000000,0.0000000000000000,1.0000000000000000
M 0.7021099328994751,0.5619248747825623,-0.4373581111431122,-3.1390323638916016,-0.6248556971549988,0.7807402610778809,-0.0000000341272397,-4.4558405876159668,0.3414630591869354,0.2732857167720795,0.8992874622344971,2.2012915611267090,0.0000000000000000,0.0000000000000000,0.0000000000000000,1.0000000000000000
M 0.6579418182373047,0.5887423157691956,-0.4695689976215363,-3.5149855613708496,-0.6668310761451721,0.7452089190483093,-0.0000000325741034,-4.7129120826721191,0.3499269783496857,0.3131231963634491,0.8828958272933960,2.1994640827178955,0.0000000000000000,0.0000000000000000,0.0000000000000000,1.0000000000000000
M 0.6123724579811096,0.6123724579811096,-0.4999999105930328,-3.8968350887298584,-0.7071067690849304,0.7071067690849304,-0.0000000309086126,-4.9514293670654297,0.3535532951354980,0.3535533249378204,0.8660255074501038,2.1588587760925293,0.0000000000000000,0.0000000000000000,0.0000000000000000,1.0000000000000000
M 0.5666168928146362,0.6325554251670837,-0.5280330181121826,-4.2750015258789062,-0.7448630928993225,0.6672173738479614,-0.0000000291649904,-5.1665549278259277,0.3523128032684326,0.3933123350143433,0.8492238521575928,2.0813894271850586,0.0000000000000000,0.0000000000000000,0.0000000000000000,1.0000000000000000
M 0.5208519697189331,0.6487191915512085,-0.5548663735389709,-4.6460065841674805,-0.7797672748565674,0.6260695457458496,-0.0000000273663616,-5.3567533493041992,0.3473849296569824,0.4326666593551636,0.8319394588470459,1.9761934280395508,0.0000000000000000,0.0000000000000000,0.0000000000000000,1.0000000000000000
M 0.4750024378299713,0.6600030064582825,-0.5820384025573730,-5.0075011253356934,-0.8116508126258850,0.5841429233551025,-0.0000000255336978,-5.5216765403747559,0.3399936258792877,0.4724119901657104,0.8131612539291382,1.8520383834838867,0.0000000000000000,0.0000000000000000,0.0000000000000000,1.0000000000000000
M 0.4290439784526825,0.6653345227241516,-0.6109429597854614,-5.3564162254333496,-0.8404140472412109,0.5419448018074036,-0.0000000236891591,-5.6615729331970215,0.3310973644256592,0.5134451389312744,0.7916746139526367,1.7155617475509644,0.0000000000000000,0.0000000000000000,0.0000000000000000,1.0000000000000000
M 0.3830222487449646,0.6634140610694885,-0.6427875161170959,-5.6888184547424316,-0.8660254478454590,0.4999999701976776,-0.0000000218556924,-5.7772622108459473,0.3213937282562256,0.5566703677177429,0.7660445570945740,1.5715109109878540,0.0000000000000000,0.0000000000000000,0.0000000000000000,1.0000000000000000
M 0.3371810019016266,0.6536502242088318,-0.6775325536727905,-6.0016255378723145,-0.8887241482734680,0.4584423005580902,-0.0000000200391419,-5.8708910942077637,0.3106095790863037,0.6021396517753601,0.7354927659034729,1.4182410240173340,0.0000000000000000,0.0000000000000000,0.0000000000000000,1.0000000000000000
M 0.2922607362270355,0.6393592357635498,-0.7111985087394714,-6.2988495826721191,-0.9094840288162231,0.4157388210296631,-0.0000000181725213,-5.9469847679138184,0.2956728339195251,0.6468237638473511,0.7029912471771240,1.2355051040649414,0.0000000000000000,0.0000000000000000,0.0000000000000000,1.0000000000000000
M 0.2489188015460968,0.6254501342773438,-0.7394940853118896,-6.5886306762695312,-0.9291213750839233,0.3697749078273773,-0.0000000161633675,-6.0076513290405273,0.2734463512897491,0.6870797276496887,0.6731629967689514,1.0025126934051514,0.0000000000000000,0.0000000000000000,0.0000000000000000,1.0000000000000000
M 0.2072798609733582,0.6174012422561646,-0.7588482499122620,-6.8838872909545898,-0.9479996562004089,0.3182714283466339,-0.0000000518529930,-6.0511107444763184,0.2415196895599365,0.7193878293037415,0.6512674093246460,0.7034311890602112,0.0000000000000000,0.0000000000000000,0.0000000000000000,1.0000000000000000
M 0.1663657724857330,0.6208853125572205,-0.7660442590713501,-7.2063074111938477,-0.9659258127212524,0.2588190734386444,-0.0000000421669739,-6.0709567070007324,0.1982668340206146,0.7399418950080872,0.6427877545356750,0.3289879560470581,0.0000000000000000,0.0000000000000000,0.0000000000000000,1.0000000000000000
M 0.1354022175073624,0.6158162951469421,-0.7761677503585815,-7.4310355186462402,-0.9816245436668396,0.1896920651197433,-0.0207412056624889,-6.0376048088073730,0.1344600915908813,0.7647137045860291,0.6301851272583008,-0.2120469808578491,0.0000000000000000,0.0000000000000000,0.0000000000000000,1.0000000000000000
M 0.1025450304150581,0.5887120366096497,-0.8018120527267456,-7.6138296127319336,-0.9925973415374756,0.1132934764027596,-0.0437617376446724,-5.9506473541259766,0.0650770142674446,0.8003640174865723,0.5959717035293579,-0.8021696805953979,0.0000000000000000,0.0000000000000000,0.0000000000000000,1.0000000000000000
M 0.0573704987764359,0.5508831143379211,-0.8326081037521362,-7.8674602508544922,-0.9981870651245117,0.0468539893627167,-0.0377793796360493,-5.8641729354858398,0.0181989893317223,0.8332660794258118,0.5525724291801453,-1.2030670642852783,0.0000000000000000,0.0000000000000000,0.0000000000000000,1.0000000000000000
M 0.0165151041001081,0.5155559778213501,-0.8566966652870178,-8.0974931716918945,-0.9998624920845032,0.0098035726696253,-0.0133752599358559,-5.8209691047668457,0.0015029923524708,0.8567997813224792,0.5156469941139221,-1.3532118797302246,0.0000000000000000,0.0000000000000000,0.0000000000000000,1.0000000000000000
M 0.0000000754979013,0.5000002980232239,-0.8660252094268799,-8.1882057189941406,-1.0000000000000000,0.0000000377489755,-0.0000000653830838,-5.8125000000000000,-0.0000000000000000,0.8660252094268799,0.5000002980232239,-1.3716138601303101,0.0000000000000000,0.0000000000000000,0.0000000000000000,1.0000000000000000
