O DOOR_31_LCG_il_LINVERT_INTERIOR
A DOOR_31_LCG_il_LINVERT_INTERIOR_DOOR_31_LCG_il_LINVERT_INTERIOR
M 1.0000000000000000,-0.0000000000000070,0.0000000000000002,-0.0000001996754548,-0.0000000000000070,1.0000000000000000,-0.0000000437113847,-0.0000000284382082,0.0000000000000002,0.0000000437113918,1.0000000000000000,-0.0000000548868968,0.0000000000000000,0.0000000000000000,0.0000000000000000,1.0000000000000000
M 0.9999526143074036,-0.0000000022727065,-0.0097337951883674,-0.0125886918976903,0.0000000018381812,1.0000000000000000,-0.0000000446488677,-0.0000000251013219,0.0097337951883674,0.0000000446284112,0.9999526143074036,0.0119184637442231,0.0000000000000000,0.0000000000000000,0.0000000000000000,1.0000000000000000
M 0.9998068213462830,-0.0000000045891646,-0.0196550171822309,-0.0256600342690945,0.0000000036931667,1.0000000000000000,-0.0000000456223255,-0.0000000217690541,0.0196550171822309,0.0000000455409008,0.9998068213462830,0.0241738073527813,0.0000000000000000,0.0000000000000000,0.0000000000000000,1.0000000000000000
M 0.9995568990707397,-0.0000000069499815,-0.0297663137316704,-0.0392319262027740,0.0000000055643383,1.0000000000000000,-0.0000000466334988,-0.0000000184451849,0.0297663137316704,0.0000000464473828,0.9995568990707397,0.0367647595703602,0.0000000000000000,0.0000000000000000,0.0000000000000000,1.0000000000000000
M 0.9991968870162964,-0.0000000093556629,-0.0400699041783810,-0.0533224605023861,0.0000000074509714,1.0000000000000000,-0.0000000476835957,-0.0000000151329900,0.0400699041783810,0.0000000473468020,0.9991968870162964,0.0496891699731350,0.0000000000000000,0.0000000000000000,0.0000000000000000,1.0000000000000000
M 0.9987520575523376,-0.0000000116512844,-0.0499436520040035,-0.0676645487546921,0.0000000092301420,1.0000000000000000,-0.0000000487079213,-0.0000000120531141,0.0499436520040035,0.0000000481863012,0.9987520575523376,0.0615840107202530,0.0000000000000000,0.0000000000000000,0.0000000000000000,1.0000000000000000
M 0.9987792968750000,-0.0000000114956462,-0.0493958778679371,-0.0751280710101128,0.0000000091036512,1.0000000000000000,-0.0000000486499339,-0.0000000122910606,0.0493958778679371,0.0000000481410005,0.9987792968750000,0.0519980266690254,0.0000000000000000,0.0000000000000000,0.0000000000000000,1.0000000000000000
M 0.9989488720893860,-0.0000000105622728,-0.0458382740616798,-0.0801786333322525,0.0000000083581213,1.0000000000000000,-0.0000000482768421,-0.0000000136535689,0.0458382740616798,0.0000000478429421,0.9989488720893860,0.0367477275431156,0.0000000000000000,0.0000000000000000,0.0000000000000000,1.0000000000000000
M 0.9991046786308289,-0.0000000096357589,-0.0423063859343529,-0.0852957665920258,0.0000000076157036,1.0000000000000000,-0.0000000479090438,-0.0000000150151820,0.0423063859343529,0.0000000475438995,0.9991046786308289,0.0215432848781347,0.0000000000000000,0.0000000000000000,0.0000000000000000,1.0000000000000000
M 0.9992469549179077,-0.0000000087160501,-0.0388004705309868,-0.0904797911643982,0.0000000068763835,1.0000000000000000,-0.0000000475466599,-0.0000000163760632,0.0388004705309868,0.0000000472438018,0.9992469549179077,0.0063855471089482,0.0000000000000000,0.0000000000000000,0.0000000000000000,1.0000000000000000
M 0.9993760585784912,-0.0000000078030169,-0.0353201553225517,-0.0957292765378952,0.0000000061401191,1.0000000000000000,-0.0000000471892498,-0.0000000177358146,0.0353201553225517,0.0000000469430361,0.9993760585784912,-0.0087257949635386,0.0000000000000000,0.0000000000000000,0.0000000000000000,1.0000000000000000
M 0.9994921684265137,-0.0000000068967152,-0.0318651981651783,-0.1010424867272377,0.0000000054069673,1.0000000000000000,-0.0000000468372825,-0.0000000190948057,0.0318651981651783,0.0000000466410981,0.9994921684265137,-0.0237911082804203,0.0000000000000000,0.0000000000000000,0.0000000000000000,1.0000000000000000
M 0.9995956420898438,-0.0000000059970366,-0.0284356363117695,-0.1064201891422272,0.0000000046769415,1.0000000000000000,-0.0000000464901682,0.0000000391523542,0.0284356363117695,0.0000000463385987,0.9995956420898438,-0.0388100557029247,0.0000000000000000,0.0000000000000000,0.0000000000000000,1.0000000000000000
M 0.9996866583824158,-0.0000000051040545,-0.0250311326235533,-0.1118605062365532,0.0000000039501273,1.0000000000000000,-0.0000000461484753,0.0000000377958287,0.0250311326235533,0.0000000460349128,0.9996866583824158,-0.0537829920649529,0.0000000000000000,0.0000000000000000,0.0000000000000000,1.0000000000000000
M 0.9997655749320984,-0.0000000042175161,-0.0216515995562077,-0.1173631027340889,0.0000000032263827,1.0000000000000000,-0.0000000458114435,-0.0000000231637500,0.0216515995562077,0.0000000457308005,0.9997655749320984,-0.0687100216746330,0.0000000000000000,0.0000000000000000,0.0000000000000000,1.0000000000000000
M 0.9998993873596191,-0.0000000029059766,-0.0141832102090120,-0.1191014647483826,0.0000000022668232,1.0000000000000000,-0.0000000450805082,-0.0000000245961616,0.0141832102090120,0.0000000450431017,0.9998993873596191,-0.0886069685220718,0.0000000000000000,0.0000000000000000,0.0000000000000000,1.0000000000000000
M 0.9999834299087524,-0.0000000014988772,-0.0057537080720067,-0.1201393604278564,0.0000000012442101,1.0000000000000000,-0.0000000442642722,-0.0000000260749431,0.0057537080720067,0.0000000442552128,0.9999834299087524,-0.1096588149666786,0.0000000000000000,0.0000000000000000,0.0000000000000000,1.0000000000000000
M 0.9999982118606567,-0.0000000008686220,-0.0018935613334179,-0.1272036433219910,0.0000000007854979,1.0000000000000000,-0.0000000438922534,-0.0000000267307314,0.0018935613334179,0.0000000438916139,0.9999982118606567,-0.1195187568664551,0.0000000000000000,0.0000000000000000,0.0000000000000000,1.0000000000000000
M 0.9999987483024597,-0.0000000008434969,-0.0015912441303954,-0.1388604938983917,0.0000000007736887,1.0000000000000000,-0.0000000438620340,-0.0000000267211746,0.0015912441303954,0.0000000438641941,0.9999987483024597,-0.1206135526299477,0.0000000000000000,0.0000000000000000,0.0000000000000000,1.0000000000000000
M 0.9999991655349731,-0.0000000008183194,-0.0012889637146145,-0.1505183428525925,0.0000000007618084,1.0000000000000000,-0.0000000438353673,-0.0000000267163358,0.0012889637146145,0.0000000438332250,0.9999991655349731,-0.1217083707451820,0.0000000000000000,0.0000000000000000,0.0000000000000000,1.0000000000000000
M 0.9999997019767761,-0.0000000007842771,-0.0007951382431202,-0.1619338691234589,0.0000000007494593,1.0000000000000000,-0.0000000437831638,-0.0000000266799205,0.0007951382431202,0.0000000437912604,0.9999997019767761,-0.1230374127626419,0.0000000000000000,0.0000000000000000,0.0000000000000000,1.0000000000000000
M 1.0000000000000000,-0.0000000007460720,-0.0002126288745785,-0.1732374429702759,0.0000000007367690,1.0000000000000000,-0.0000000437113847,-0.0000000266193041,0.0002126288745785,0.0000000437519461,1.0000000000000000,-0.1244751289486885,0.0000000000000000,0.0000000000000000,0.0000000000000000,1.0000000000000000
M 1.0000000000000000,-0.0000000007261959,0.0000000003630947,-0.1850163489580154,0.0000000007261819,1.0000000000000000,-0.0000000437113847,-0.0000000266454236,-0.0000000003630942,0.0000000437113918,1.0000000000000000,-0.1250000596046448,0.0000000000000000,0.0000000000000000,0.0000000000000000,1.0000000000000000
M 1.0000000000000000,-0.0000000007168451,0.0000000003584193,-0.1970674544572830,0.0000000007168311,1.0000000000000000,-0.0000000437113847,-0.0000000266685021,-0.0000000003584189,0.0000000437113918,1.0000000000000000,-0.1250000596046448,0.0000000000000000,0.0000000000000000,0.0000000000000000,1.0000000000000000
M 1.0000000000000000,-0.0000000007074802,0.0000000003537369,-0.2091185599565506,0.0000000007074662,1.0000000000000000,-0.0000000437113847,-0.0000000266916373,-0.0000000003537364,0.0000000437113918,1.0000000000000000,-0.1250000596046448,0.0000000000000000,0.0000000000000000,0.0000000000000000,1.0000000000000000
M 1.0000000000000000,-0.0000000006981437,0.0000000003490686,-0.2211696654558182,0.0000000006981297,1.0000000000000000,-0.0000000437113847,-0.0000000267146874,-0.0000000003490681,0.0000000437113918,1.0000000000000000,-0.1250000596046448,0.0000000000000000,0.0000000000000000,0.0000000000000000,1.0000000000000000
M 1.0000000000000000,-0.0000000006887929,0.0000000003443932,-0.2332207709550858,0.0000000006887789,1.0000000000000000,-0.0000000437113847,-0.0000000267377658,-0.0000000003443928,0.0000000437113918,1.0000000000000000,-0.1250000596046448,0.0000000000000000,0.0000000000000000,0.0000000000000000,1.0000000000000000
M 1.0000000000000000,-0.0000000006794990,0.0000000003397463,-0.2452713996171951,0.0000000006794850,1.0000000000000000,-0.0000000437113847,-0.0000000267607021,-0.0000000003397458,0.0000000437113918,1.0000000000000000,-0.1250000596046448,0.0000000000000000,0.0000000000000000,0.0000000000000000,1.0000000000000000
M 1.0000000000000000,-0.0000000006701341,0.0000000003350638,-0.2573229968547821,0.0000000006701201,1.0000000000000000,-0.0000000437113847,-0.0000000267838374,-0.0000000003350633,0.0000000437113918,1.0000000000000000,-0.1250000596046448,0.0000000000000000,0.0000000000000000,0.0000000000000000,1.0000000000000000
M 1.0000000000000000,-0.0000000006608259,0.0000000003304098,-0.2693736255168915,0.0000000006608120,1.0000000000000000,-0.0000000437113847,-0.0000000268068021,-0.0000000003304093,0.0000000437113918,1.0000000000000000,-0.1250000596046448,0.0000000000000000,0.0000000000000000,0.0000000000000000,1.0000000000000000
M 1.0000000000000000,-0.0000000006514752,0.0000000003257344,-0.2814252078533173,0.0000000006514612,1.0000000000000000,-0.0000000437113847,-0.0000000268299090,-0.0000000003257339,0.0000000437113918,1.0000000000000000,-0.1250000596046448,0.0000000000000000,0.0000000000000000,0.0000000000000000,1.0000000000000000
M 1.0000000000000000,-0.0000000006421245,0.0000000003210590,-0.2934758365154266,0.0000000006421105,1.0000000000000000,-0.0000000437113847,-0.0000000268529874,-0.0000000003210585,0.0000000437113918,1.0000000000000000,-0.1250000596046448,0.0000000000000000,0.0000000000000000,0.0000000000000000,1.0000000000000000
M 1.0000000000000000,-0.0000000006327879,0.0000000003163907,-0.3055274188518524,0.0000000006327739,1.0000000000000000,-0.0000000437113847,-0.0000000268760374,-0.0000000003163903,0.0000000437113918,1.0000000000000000,-0.1250000596046448,0.0000000000000000,0.0000000000000000,0.0000000000000000,1.0000000000000000
M 1.0000000000000000,-0.0000000006234514,0.0000000003117225,-0.3175780475139618,0.0000000006234374,1.0000000000000000,-0.0000000437113847,-0.0000000268990874,-0.0000000003117220,0.0000000437113918,1.0000000000000000,-0.1250000596046448,0.0000000000000000,0.0000000000000000,0.0000000000000000,1.0000000000000000
M 1.0000000000000000,-0.0000000006141007,0.0000000003070471,-0.3296296298503876,0.0000000006140867,1.0000000000000000,-0.0000000437113847,-0.0000000269221658,-0.0000000003070466,0.0000000437113918,1.0000000000000000,-0.1250000596046448,0.0000000000000000,0.0000000000000000,0.0000000000000000,1.0000000000000000
M 1.0000000000000000,-0.0000000006047783,0.0000000003023859,-0.3416802585124969,0.0000000006047643,1.0000000000000000,-0.0000000437113847,-0.0000000269451874,-0.0000000003023855,0.0000000437113918,1.0000000000000000,-0.1250000596046448,0.0000000000000000,0.0000000000000000,0.0000000000000000,1.0000000000000000
M 1.0000000000000000,-0.0000000005954560,0.0000000002977248,-0.3537313640117645,0.0000000005954420,1.0000000000000000,-0.0000000437113847,-0.0000000269681806,-0.0000000002977243,0.0000000437113918,1.0000000000000000,-0.1250000596046448,0.0000000000000000,0.0000000000000000,0.0000000000000000,1.0000000000000000
M 1.0000000000000000,-0.0000000005861337,0.0000000002930636,-0.3657824695110321,0.0000000005861197,1.0000000000000000,-0.0000000437113847,-0.0000000269912022,-0.0000000002930632,0.0000000437113918,1.0000000000000000,-0.1250000596046448,0.0000000000000000,0.0000000000000000,0.0000000000000000,1.0000000000000000
M 1.0000000000000000,-0.0000000005767972,0.0000000002883953,-0.3778335750102997,0.0000000005767832,1.0000000000000000,-0.0000000437113847,-0.0000000270142522,-0.0000000002883949,0.0000000437113918,1.0000000000000000,-0.1250000596046448,0.0000000000000000,0.0000000000000000,0.0000000000000000,1.0000000000000000
M 1.0000000000000000,-0.0000000005674322,0.0000000002837129,-0.3898846805095673,0.0000000005674182,1.0000000000000000,-0.0000000437113847,-0.0000000270373874,-0.0000000002837124,0.0000000437113918,1.0000000000000000,-0.1250000596046448,0.0000000000000000,0.0000000000000000,0.0000000000000000,1.0000000000000000
M 1.0000000000000000,-0.0000000005581241,0.0000000002790588,-0.4019357860088348,0.0000000005581101,1.0000000000000000,-0.0000000437113847,-0.0000000270603522,-0.0000000002790584,0.0000000437113918,1.0000000000000000,-0.1250000596046448,0.0000000000000000,0.0000000000000000,0.0000000000000000,1.0000000000000000
M 1.0000000000000000,-0.0000000005487876,0.0000000002743905,-0.4139868915081024,0.0000000005487736,1.0000000000000000,-0.0000000437113847,-0.0000000270834022,-0.0000000002743901,0.0000000437113918,1.0000000000000000,-0.1250000596046448,0.0000000000000000,0.0000000000000000,0.0000000000000000,1.0000000000000000
M 1.0000000000000000,-0.0000000005395079,0.0000000002697507,-0.4260375201702118,0.0000000005394939,1.0000000000000000,-0.0000000437113847,-0.0000000271063101,-0.0000000002697502,0.0000000437113918,1.0000000000000000,-0.1250000596046448,0.0000000000000000,0.0000000000000000,0.0000000000000000,1.0000000000000000
M 1.0000000000000000,-0.0000000005301571,0.0000000002650753,-0.4380891025066376,0.0000000005301432,1.0000000000000000,-0.0000000437113847,-0.0000000271293885,-0.0000000002650749,0.0000000437113918,1.0000000000000000,-0.1250000596046448,0.0000000000000000,0.0000000000000000,0.0000000000000000,1.0000000000000000
M 1.0000000000000000,-0.0000000005208348,0.0000000002604142,-0.4501397311687469,0.0000000005208208,1.0000000000000000,-0.0000000437113847,-0.0000000271524101,-0.0000000002604137,0.0000000437113918,1.0000000000000000,-0.1250000596046448,0.0000000000000000,0.0000000000000000,0.0000000000000000,1.0000000000000000
M 1.0000000000000000,-0.0000000005114983,0.0000000002557459,-0.4621913135051727,0.0000000005114843,1.0000000000000000,-0.0000000437113847,-0.0000000271754601,-0.0000000002557455,0.0000000437113918,1.0000000000000000,-0.1250000596046448,0.0000000000000000,0.0000000000000000,0.0000000000000000,1.0000000000000000
M 1.0000000000000000,-0.0000000005021760,0.0000000002510847,-0.4742419421672821,0.0000000005021620,1.0000000000000000,-0.0000000437113847,-0.0000000271984817,-0.0000000002510843,0.0000000437113918,1.0000000000000000,-0.1250000596046448,0.0000000000000000,0.0000000000000000,0.0000000000000000,1.0000000000000000
M 1.0000000000000000,-0.0000000004928536,0.0000000002464236,-0.4862935245037079,0.0000000004928397,1.0000000000000000,-0.0000000437113847,-0.0000000272215033,-0.0000000002464231,0.0000000437113918,1.0000000000000000,-0.1250000596046448,0.0000000000000000,0.0000000000000000,0.0000000000000000,1.0000000000000000
M 1.0000000000000000,-0.0000000004835029,0.0000000002417482,-0.4983441531658173,0.0000000004834889,1.0000000000000000,-0.0000000437113847,-0.0000000272445817,-0.0000000002417478,0.0000000437113918,1.0000000000000000,-0.1250000596046448,0.0000000000000000,0.0000000000000000,0.0000000000000000,1.0000000000000000
M 1.0000000000000000,-0.0000000004741806,0.0000000002370870,-0.5103957056999207,0.0000000004741666,1.0000000000000000,-0.0000000437113847,-0.0000000272676033,-0.0000000002370866,0.0000000437113918,1.0000000000000000,-0.1250000596046448,0.0000000000000000,0.0000000000000000,0.0000000000000000,1.0000000000000000
M 1.0000000000000000,-0.0000000004649009,0.0000000002324472,-0.5224463343620300,0.0000000004648869,1.0000000000000000,-0.0000000437113847,-0.0000000272905112,-0.0000000002324468,0.0000000437113918,1.0000000000000000,-0.1250000596046448,0.0000000000000000,0.0000000000000000,0.0000000000000000,1.0000000000000000
M 1.0000000000000000,-0.0000000004555928,0.0000000002277931,-0.5344974398612976,0.0000000004555788,1.0000000000000000,-0.0000000437113847,-0.0000000273134759,-0.0000000002277927,0.0000000437113918,1.0000000000000000,-0.1250000596046448,0.0000000000000000,0.0000000000000000,0.0000000000000000,1.0000000000000000
M 1.0000000000000000,-0.0000000004462420,0.0000000002231178,-0.5465485453605652,0.0000000004462280,1.0000000000000000,-0.0000000437113847,-0.0000000273365544,-0.0000000002231173,0.0000000437113918,1.0000000000000000,-0.1250000596046448,0.0000000000000000,0.0000000000000000,0.0000000000000000,1.0000000000000000
M 1.0000000000000000,-0.0000000004369339,0.0000000002184637,-0.5585996508598328,0.0000000004369199,1.0000000000000000,-0.0000000437113847,-0.0000000273595475,-0.0000000002184633,0.0000000437113918,1.0000000000000000,-0.1250000596046448,0.0000000000000000,0.0000000000000000,0.0000000000000000,1.0000000000000000
M 1.0000000000000000,-0.0000000004276116,0.0000000002138025,-0.5706507563591003,0.0000000004275976,1.0000000000000000,-0.0000000437113847,-0.0000000273825691,-0.0000000002138021,0.0000000437113918,1.0000000000000000,-0.1250000596046448,0.0000000000000000,0.0000000000000000,0.0000000000000000,1.0000000000000000
M 1.0000000000000000,-0.0000000004182751,0.0000000002091343,-0.5827018618583679,0.0000000004182611,1.0000000000000000,-0.0000000437113847,-0.0000000274056191,-0.0000000002091338,0.0000000437113918,1.0000000000000000,-0.1250000596046448,0.0000000000000000,0.0000000000000000,0.0000000000000000,1.0000000000000000
M 1.0000000000000000,-0.0000000004089670,0.0000000002044802,-0.5947529673576355,0.0000000004089530,1.0000000000000000,-0.0000000437113847,-0.0000000274285838,-0.0000000002044798,0.0000000437113918,1.0000000000000000,-0.1250000596046448,0.0000000000000000,0.0000000000000000,0.0000000000000000,1.0000000000000000
M 1.0000000000000000,-0.0000000003996304,0.0000000001998120,-0.6068040728569031,0.0000000003996164,1.0000000000000000,-0.0000000437113847,-0.0000000274516339,-0.0000000001998115,0.0000000437113918,1.0000000000000000,-0.1250000596046448,0.0000000000000000,0.0000000000000000,0.0000000000000000,1.0000000000000000
M 1.0000000000000000,-0.0000000003903365,0.0000000001951650,-0.6188551783561707,0.0000000003903225,1.0000000000000000,-0.0000000437113847,-0.0000000274745702,-0.0000000001951646,0.0000000437113918,1.0000000000000000,-0.1250000596046448,0.0000000000000000,0.0000000000000000,0.0000000000000000,1.0000000000000000
M 1.0000000000000000,-0.0000000003810569,0.0000000001905252,-0.6309058070182800,0.0000000003810428,1.0000000000000000,-0.0000000437113847,-0.0000000274974781,-0.0000000001905247,0.0000000437113918,1.0000000000000000,-0.1250000596046448,0.0000000000000000,0.0000000000000000,0.0000000000000000,1.0000000000000000
M 1.0000000000000000,-0.0000000003717487,0.0000000001858711,-0.6429573893547058,0.0000000003717347,1.0000000000000000,-0.0000000437113847,-0.0000000275204712,-0.0000000001858707,0.0000000437113918,1.0000000000000000,-0.1250000596046448,0.0000000000000000,0.0000000000000000,0.0000000000000000,1.0000000000000000
M 1.0000000000000000,-0.0000000003624122,0.0000000001812028,-0.6550080180168152,0.0000000003623982,1.0000000000000000,-0.0000000437113847,-0.0000000275435212,-0.0000000001812024,0.0000000437113918,1.0000000000000000,-0.1250000596046448,0.0000000000000000,0.0000000000000000,0.0000000000000000,1.0000000000000000
M 1.0000000000000000,-0.0000000003531183,0.0000000001765559,-0.6670596003532410,0.0000000003531043,1.0000000000000000,-0.0000000437113847,-0.0000000275664576,-0.0000000001765555,0.0000000437113918,1.0000000000000000,-0.1250000596046448,0.0000000000000000,0.0000000000000000,0.0000000000000000,1.0000000000000000
M 1.0000000000000000,-0.0000000003437960,0.0000000001718947,-0.6791102290153503,0.0000000003437820,1.0000000000000000,-0.0000000437113847,-0.0000000275894791,-0.0000000001718943,0.0000000437113918,1.0000000000000000,-0.1250000596046448,0.0000000000000000,0.0000000000000000,0.0000000000000000,1.0000000000000000
M 1.0000000000000000,-0.0000000003345021,0.0000000001672478,-0.6911613345146179,0.0000000003344881,1.0000000000000000,-0.0000000437113847,-0.0000000276124155,-0.0000000001672474,0.0000000437113918,1.0000000000000000,-0.1250000596046448,0.0000000000000000,0.0000000000000000,0.0000000000000000,1.0000000000000000
M 1.0000000000000000,-0.0000000003252082,0.0000000001626008,-0.7032124400138855,0.0000000003251942,1.0000000000000000,-0.0000000437113847,-0.0000000276353802,-0.0000000001626004,0.0000000437113918,1.0000000000000000,-0.1250000596046448,0.0000000000000000,0.0000000000000000,0.0000000000000000,1.0000000000000000
M 1.0000000000000000,-0.0000000003159001,0.0000000001579468,-0.7152635455131531,0.0000000003158861,1.0000000000000000,-0.0000000437113847,-0.0000000276583449,-0.0000000001579464,0.0000000437113918,1.0000000000000000,-0.1250000596046448,0.0000000000000000,0.0000000000000000,0.0000000000000000,1.0000000000000000
M 1.0000000000000000,-0.0000000003065920,0.0000000001532927,-0.7273146510124207,0.0000000003065780,1.0000000000000000,-0.0000000437113847,-0.0000000276813381,-0.0000000001532923,0.0000000437113918,1.0000000000000000,-0.1250000596046448,0.0000000000000000,0.0000000000000000,0.0000000000000000,1.0000000000000000
M 1.0000000000000000,-0.0000000002972697,0.0000000001486316,-0.7393657565116882,0.0000000002972556,1.0000000000000000,-0.0000000437113847,-0.0000000277043313,-0.0000000001486311,0.0000000437113918,1.0000000000000000,-0.1250000596046448,0.0000000000000000,0.0000000000000000,0.0000000000000000,1.0000000000000000
M 1.0000000000000000,-0.0000000002879758,0.0000000001439846,-0.7514168620109558,0.0000000002879617,1.0000000000000000,-0.0000000437113847,-0.0000000277272960,-0.0000000001439842,0.0000000437113918,1.0000000000000000,-0.1250000596046448,0.0000000000000000,0.0000000000000000,0.0000000000000000,1.0000000000000000
M 1.0000000000000000,-0.0000000002786534,0.0000000001393234,-0.7634679675102234,0.0000000002786394,1.0000000000000000,-0.0000000437113847,-0.0000000277502892,-0.0000000001393230,0.0000000437113918,1.0000000000000000,-0.1250000596046448,0.0000000000000000,0.0000000000000000,0.0000000000000000,1.0000000000000000
M 1.0000000000000000,-0.0000000002693453,0.0000000001346694,-0.7755190730094910,0.0000000002693313,1.0000000000000000,-0.0000000437113847,-0.0000000277732823,-0.0000000001346690,0.0000000437113918,1.0000000000000000,-0.1250000596046448,0.0000000000000000,0.0000000000000000,0.0000000000000000,1.0000000000000000
M 1.0000000000000000,-0.0000000002600514,0.0000000001300224,-0.7875701785087585,0.0000000002600374,1.0000000000000000,-0.0000000437113847,-0.0000000277962187,-0.0000000001300220,0.0000000437113918,1.0000000000000000,-0.1250000596046448,0.0000000000000000,0.0000000000000000,0.0000000000000000,1.0000000000000000
M 1.0000000000000000,-0.0000000002507291,0.0000000001253613,-0.7996212840080261,0.0000000002507151,1.0000000000000000,-0.0000000437113847,-0.0000000278192402,-0.0000000001253609,0.0000000437113918,1.0000000000000000,-0.1250000596046448,0.0000000000000000,0.0000000000000000,0.0000000000000000,1.0000000000000000
M 1.0000000000000000,-0.0000000002414494,0.0000000001207214,-0.8116723895072937,0.0000000002414354,1.0000000000000000,-0.0000000437113847,-0.0000000278421481,-0.0000000001207210,0.0000000437113918,1.0000000000000000,-0.1250000596046448,0.0000000000000000,0.0000000000000000,0.0000000000000000,1.0000000000000000
M 1.0000000000000000,-0.0000000002321982,0.0000000001160958,-0.8237234950065613,0.0000000002321841,1.0000000000000000,-0.0000000437113847,-0.0000000278649992,-0.0000000001160954,0.0000000437113918,1.0000000000000000,-0.1250000596046448,0.0000000000000000,0.0000000000000000,0.0000000000000000,1.0000000000000000
M 1.0000000000000000,-0.0000000002228758,0.0000000001114346,-0.8357741236686707,0.0000000002228618,1.0000000000000000,-0.0000000437113847,-0.0000000278879924,-0.0000000001114342,0.0000000437113918,1.0000000000000000,-0.1250000596046448,0.0000000000000000,0.0000000000000000,0.0000000000000000,1.0000000000000000
M 1.0000000000000000,-0.0000000002135677,0.0000000001067806,-0.8478257060050964,0.0000000002135537,1.0000000000000000,-0.0000000437113847,-0.0000000279109855,-0.0000000001067802,0.0000000437113918,1.0000000000000000,-0.1250000596046448,0.0000000000000000,0.0000000000000000,0.0000000000000000,1.0000000000000000
M 1.0000000000000000,-0.0000000002042880,0.0000000001021407,-0.8598763346672058,0.0000000002042740,1.0000000000000000,-0.0000000437113847,-0.0000000279338934,-0.0000000001021403,0.0000000437113918,1.0000000000000000,-0.1250000596046448,0.0000000000000000,0.0000000000000000,0.0000000000000000,1.0000000000000000
M 1.0000000000000000,-0.0000000001949941,0.0000000000974938,-0.8719274401664734,0.0000000001949801,1.0000000000000000,-0.0000000437113847,-0.0000000279568297,-0.0000000000974934,0.0000000437113918,1.0000000000000000,-0.1250000596046448,0.0000000000000000,0.0000000000000000,0.0000000000000000,1.0000000000000000
M 1.0000000000000000,-0.0000000001856860,0.0000000000928397,-0.8839785456657410,0.0000000001856720,1.0000000000000000,-0.0000000437113847,-0.0000000279798229,-0.0000000000928393,0.0000000437113918,1.0000000000000000,-0.1250000596046448,0.0000000000000000,0.0000000000000000,0.0000000000000000,1.0000000000000000
M 1.0000000000000000,-0.0000000001763921,0.0000000000881928,-0.8960296511650085,0.0000000001763781,1.0000000000000000,-0.0000000437113847,-0.0000000280027592,-0.0000000000881924,0.0000000437113918,1.0000000000000000,-0.1250000596046448,0.0000000000000000,0.0000000000000000,0.0000000000000000,1.0000000000000000
M 1.0000000000000000,-0.0000000001671124,0.0000000000835529,-0.9080807566642761,0.0000000001670984,1.0000000000000000,-0.0000000437113847,-0.0000000280256671,-0.0000000000835525,0.0000000437113918,1.0000000000000000,-0.1250000596046448,0.0000000000000000,0.0000000000000000,0.0000000000000000,1.0000000000000000
M 1.0000000000000000,-0.0000000001578185,0.0000000000789060,-0.9201318621635437,0.0000000001578045,1.0000000000000000,-0.0000000437113847,-0.0000000280486034,-0.0000000000789056,0.0000000437113918,1.0000000000000000,-0.1250000596046448,0.0000000000000000,0.0000000000000000,0.0000000000000000,1.0000000000000000
M 1.0000000000000000,-0.0000000001485247,0.0000000000742590,-0.9321829676628113,0.0000000001485106,1.0000000000000000,-0.0000000437113847,-0.0000000280715682,-0.0000000000742586,0.0000000437113918,1.0000000000000000,-0.1250000596046448,0.0000000000000000,0.0000000000000000,0.0000000000000000,1.0000000000000000
M 1.0000000000000000,-0.0000000001392308,0.0000000000696121,-0.9442340731620789,0.0000000001392167,1.0000000000000000,-0.0000000437113847,-0.0000000280945045,-0.0000000000696117,0.0000000437113918,1.0000000000000000,-0.1250000596046448,0.0000000000000000,0.0000000000000000,0.0000000000000000,1.0000000000000000
M 1.0000000000000000,-0.0000000001299511,0.0000000000649722,-0.9562851786613464,0.0000000001299370,1.0000000000000000,-0.0000000437113847,-0.0000000281174124,-0.0000000000649718,0.0000000437113918,1.0000000000000000,-0.1250000596046448,0.0000000000000000,0.0000000000000000,0.0000000000000000,1.0000000000000000
M 1.0000000000000000,-0.0000000001206572,0.0000000000603253,-0.9683362841606140,0.0000000001206431,1.0000000000000000,-0.0000000437113847,-0.0000000281403487,-0.0000000000603249,0.0000000437113918,1.0000000000000000,-0.1250000596046448,0.0000000000000000,0.0000000000000000,0.0000000000000000,1.0000000000000000
M 1.0000000000000000,-0.0000000001114059,0.0000000000556996,-0.9803873896598816,0.0000000001113919,1.0000000000000000,-0.0000000437113847,-0.0000000281631998,-0.0000000000556993,0.0000000437113918,1.0000000000000000,-0.1250000596046448,0.0000000000000000,0.0000000000000000,0.0000000000000000,1.0000000000000000
M 1.0000000000000000,-0.0000000001020836,0.0000000000510385,-0.9924384951591492,0.0000000001020696,1.0000000000000000,-0.0000000437113847,-0.0000000281861929,-0.0000000000510381,0.0000000437113918,1.0000000000000000,-0.1250000596046448,0.0000000000000000,0.0000000000000000,0.0000000000000000,1.0000000000000000
M 1.0000000000000000,-0.0000000000927897,0.0000000000463915,-1.0044896602630615,0.0000000000927757,1.0000000000000000,-0.0000000437113847,-0.0000000282091577,-0.0000000000463911,0.0000000437113918,1.0000000000000000,-0.1250000596046448,0.0000000000000000,0.0000000000000000,0.0000000000000000,1.0000000000000000
M 1.0000000000000000,-0.0000000000835100,0.0000000000417517,-1.0165407657623291,0.0000000000834960,1.0000000000000000,-0.0000000437113847,-0.0000000282320656,-0.0000000000417513,0.0000000437113918,1.0000000000000000,-0.1250000596046448,0.0000000000000000,0.0000000000000000,0.0000000000000000,1.0000000000000000
M 1.0000000000000000,-0.0000000000742303,0.0000000000371118,-1.0285918712615967,0.0000000000742163,1.0000000000000000,-0.0000000437113847,-0.0000000282549735,-0.0000000000371115,0.0000000437113918,1.0000000000000000,-0.1250000596046448,0.0000000000000000,0.0000000000000000,0.0000000000000000,1.0000000000000000
M 1.0000000000000000,-0.0000000000649932,0.0000000000324933,-1.0406424999237061,0.0000000000649792,1.0000000000000000,-0.0000000437113847,-0.0000000282777677,-0.0000000000324929,0.0000000437113918,1.0000000000000000,-0.1250000596046448,0.0000000000000000,0.0000000000000000,0.0000000000000000,1.0000000000000000
M 1.0000000000000000,-0.0000000000556425,0.0000000000278179,-1.0526940822601318,0.0000000000556285,1.0000000000000000,-0.0000000437113847,-0.0000000283008461,-0.0000000000278176,0.0000000437113918,1.0000000000000000,-0.1250000596046448,0.0000000000000000,0.0000000000000000,0.0000000000000000,1.0000000000000000
M 1.0000000000000000,-0.0000000000464481,0.0000000000232207,-1.0647447109222412,0.0000000000464341,1.0000000000000000,-0.0000000437113847,-0.0000000283235551,-0.0000000000232203,0.0000000437113918,1.0000000000000000,-0.1250000596046448,0.0000000000000000,0.0000000000000000,0.0000000000000000,1.0000000000000000
M 1.0000000000000000,-0.0000000000370973,0.0000000000185454,-1.0767962932586670,0.0000000000370833,1.0000000000000000,-0.0000000437113847,-0.0000000283466335,-0.0000000000185450,0.0000000437113918,1.0000000000000000,-0.1250000596046448,0.0000000000000000,0.0000000000000000,0.0000000000000000,1.0000000000000000
M 1.0000000000000000,-0.0000000000279029,0.0000000000139481,-1.0888469219207764,0.0000000000278889,1.0000000000000000,-0.0000000437113847,-0.0000000283693424,-0.0000000000139478,0.0000000437113918,1.0000000000000000,-0.1250000596046448,0.0000000000000000,0.0000000000000000,0.0000000000000000,1.0000000000000000
M 1.0000000000000000,-0.0000000000185806,0.0000000000092870,-1.1008980274200439,0.0000000000185666,1.0000000000000000,-0.0000000437113847,-0.0000000283923640,-0.0000000000092866,0.0000000437113918,1.0000000000000000,-0.1250000596046448,0.0000000000000000,0.0000000000000000,0.0000000000000000,1.0000000000000000
M 1.0000000000000000,-0.0000000000093009,0.0000000000046471,-1.1129491329193115,0.0000000000092869,1.0000000000000000,-0.0000000437113847,-0.0000000284152719,-0.0000000000046468,0.0000000437113918,1.0000000000000000,-0.1250000596046448,0.0000000000000000,0.0000000000000000,0.0000000000000000,1.0000000000000000
M 1.0000000000000000,-0.0000000000000070,0.0000000000000002,-1.1250002384185791,-0.0000000000000070,1.0000000000000000,-0.0000000437113847,-0.0000000284382082,0.0000000000000002,0.0000000437113918,1.0000000000000000,-0.1250000596046448,0.0000000000000000,0.0000000000000000,0.0000000000000000,1.0000000000000000
O WIDGET_35_CG_displays_HIDE
A WIDGET_35_CG_displays_HIDE_WIDGET_35_CG_displays_HIDE
M 1.0000000000000000,-0.0000000000000070,0.0000000000000002,-0.0000001996754548,-0.0000000000000070,1.0000000000000000,-0.0000000437113847,-0.0000000284382082,0.0000000000000002,0.0000000437113918,1.0000000000000000,-0.0000000548868968,0.0000000000000000,0.0000000000000000,0.0000000000000000,1.0000000000000000
M 0.9999526143074036,-0.0000000022727065,-0.0097337951883674,-0.0125886918976903,0.0000000018381812,1.0000000000000000,-0.0000000446488677,-0.0000000251013219,0.0097337951883674,0.0000000446284112,0.9999526143074036,0.0119184637442231,0.0000000000000000,0.0000000000000000,0.0000000000000000,1.0000000000000000
M 0.9998068213462830,-0.0000000045891646,-0.0196550171822309,-0.0256600342690945,0.0000000036931667,1.0000000000000000,-0.0000000456223255,-0.0000000217690541,0.0196550171822309,0.0000000455409008,0.9998068213462830,0.0241738073527813,0.0000000000000000,0.0000000000000000,0.0000000000000000,1.0000000000000000
M 0.9995568990707397,-0.0000000069499815,-0.0297663137316704,-0.0392319262027740,0.0000000055643383,1.0000000000000000,-0.0000000466334988,-0.0000000184451849,0.0297663137316704,0.0000000464473828,0.9995568990707397,0.0367647595703602,0.0000000000000000,0.0000000000000000,0.0000000000000000,1.0000000000000000
M 0.9991968870162964,-0.0000000093556629,-0.0400699041783810,-0.0533224605023861,0.0000000074509714,1.0000000000000000,-0.0000000476835957,-0.0000000151329900,0.0400699041783810,0.0000000473468020,0.9991968870162964,0.0496891699731350,0.0000000000000000,0.0000000000000000,0.0000000000000000,1.0000000000000000
M 0.9987520575523376,-0.0000000116512844,-0.0499436520040035,-0.0676645487546921,0.0000000092301420,1.0000000000000000,-0.0000000487079213,-0.0000000120531141,0.0499436520040035,0.0000000481863012,0.9987520575523376,0.0615840107202530,0.0000000000000000,0.0000000000000000,0.0000000000000000,1.0000000000000000
M 0.9987792968750000,-0.0000000114956462,-0.0493958778679371,-0.0751280710101128,0.0000000091036512,1.0000000000000000,-0.0000000486499339,-0.0000000122910606,0.0493958778679371,0.0000000481410005,0.9987792968750000,0.0519980266690254,0.0000000000000000,0.0000000000000000,0.0000000000000000,1.0000000000000000
M 0.9989488720893860,-0.0000000105622728,-0.0458382740616798,-0.0801786333322525,0.0000000083581213,1.0000000000000000,-0.0000000482768421,-0.0000000136535689,0.0458382740616798,0.0000000478429421,0.9989488720893860,0.0367477275431156,0.0000000000000000,0.0000000000000000,0.0000000000000000,1.0000000000000000
M 0.9991046786308289,-0.0000000096357589,-0.0423063859343529,-0.0852957665920258,0.0000000076157036,1.0000000000000000,-0.0000000479090438,-0.0000000150151820,0.0423063859343529,0.0000000475438995,0.9991046786308289,0.0215432848781347,0.0000000000000000,0.0000000000000000,0.0000000000000000,1.0000000000000000
M 0.9992469549179077,-0.0000000087160501,-0.0388004705309868,-0.0904797911643982,0.0000000068763835,1.0000000000000000,-0.0000000475466599,-0.0000000163760632,0.0388004705309868,0.0000000472438018,0.9992469549179077,0.0063855471089482,0.0000000000000000,0.0000000000000000,0.0000000000000000,1.0000000000000000
M 0.9993760585784912,-0.0000000078030169,-0.0353201553225517,-0.0957292765378952,0.0000000061401191,1.0000000000000000,-0.0000000471892498,-0.0000000177358146,0.0353201553225517,0.0000000469430361,0.9993760585784912,-0.0087257949635386,0.0000000000000000,0.0000000000000000,0.0000000000000000,1.0000000000000000
M 0.9994921684265137,-0.0000000068967152,-0.0318651981651783,-0.1010424867272377,0.0000000054069673,1.0000000000000000,-0.0000000468372825,-0.0000000190948057,0.0318651981651783,0.0000000466410981,0.9994921684265137,-0.0237911082804203,0.0000000000000000,0.0000000000000000,0.0000000000000000,1.0000000000000000
M 0.9995956420898438,-0.0000000059970366,-0.0284356363117695,-0.1064201891422272,0.0000000046769415,1.0000000000000000,-0.0000000464901682,0.0000000391523542,0.0284356363117695,0.0000000463385987,0.9995956420898438,-0.0388100557029247,0.0000000000000000,0.0000000000000000,0.0000000000000000,1.0000000000000000
M 0.9996866583824158,-0.0000000051040545,-0.0250311326235533,-0.1118605062365532,0.0000000039501273,1.0000000000000000,-0.0000000461484753,0.0000000377958287,0.0250311326235533,0.0000000460349128,0.9996866583824158,-0.0537829920649529,0.0000000000000000,0.0000000000000000,0.0000000000000000,1.0000000000000000
M 0.9997655749320984,-0.0000000042175161,-0.0216515995562077,-0.1173631027340889,0.0000000032263827,1.0000000000000000,-0.0000000458114435,-0.0000000231637500,0.0216515995562077,0.0000000457308005,0.9997655749320984,-0.0687100216746330,0.0000000000000000,0.0000000000000000,0.0000000000000000,1.0000000000000000
M 0.9998993873596191,-0.0000000029059766,-0.0141832102090120,-0.1191014647483826,0.0000000022668232,1.0000000000000000,-0.0000000450805082,-0.0000000245961616,0.0141832102090120,0.0000000450431017,0.9998993873596191,-0.0886069685220718,0.0000000000000000,0.0000000000000000,0.0000000000000000,1.0000000000000000
M 0.9999834299087524,-0.0000000014988772,-0.0057537080720067,-0.1201393604278564,0.0000000012442101,1.0000000000000000,-0.0000000442642722,-0.0000000260749431,0.0057537080720067,0.0000000442552128,0.9999834299087524,-0.1096588149666786,0.0000000000000000,0.0000000000000000,0.0000000000000000,1.0000000000000000
M 0.9999982118606567,-0.0000000008686220,-0.0018935613334179,-0.1272036433219910,0.0000000007854979,1.0000000000000000,-0.0000000438922534,-0.0000000267307314,0.0018935613334179,0.0000000438916139,0.9999982118606567,-0.1195187568664551,0.0000000000000000,0.0000000000000000,0.0000000000000000,1.0000000000000000
M 0.9999987483024597,-0.0000000008434969,-0.0015912441303954,-0.1388604938983917,0.0000000007736887,1.0000000000000000,-0.0000000438620340,-0.0000000267211746,0.0015912441303954,0.0000000438641941,0.9999987483024597,-0.1206135526299477,0.0000000000000000,0.0000000000000000,0.0000000000000000,1.0000000000000000
M 0.9999991655349731,-0.0000000008183194,-0.0012889637146145,-0.1505183428525925,0.0000000007618084,1.0000000000000000,-0.0000000438353673,-0.0000000267163358,0.0012889637146145,0.0000000438332250,0.9999991655349731,-0.1217083707451820,0.0000000000000000,0.0000000000000000,0.0000000000000000,1.0000000000000000
M 0.9999997019767761,-0.0000000007842771,-0.0007951382431202,-0.1619338691234589,0.0000000007494593,1.0000000000000000,-0.0000000437831638,-0.0000000266799205,0.0007951382431202,0.0000000437912604,0.9999997019767761,-0.1230374127626419,0.0000000000000000,0.0000000000000000,0.0000000000000000,1.0000000000000000
M 1.0000000000000000,-0.0000000007460720,-0.0002126288745785,-0.1732374429702759,0.0000000007367690,1.0000000000000000,-0.0000000437113847,-0.0000000266193041,0.0002126288745785,0.0000000437519461,1.0000000000000000,-0.1244751289486885,0.0000000000000000,0.0000000000000000,0.0000000000000000,1.0000000000000000
M 1.0000000000000000,-0.0000000007261959,0.0000000003630947,-0.1850163489580154,0.0000000007261819,1.0000000000000000,-0.0000000437113847,-0.0000000266454236,-0.0000000003630942,0.0000000437113918,1.0000000000000000,-0.1250000596046448,0.0000000000000000,0.0000000000000000,0.0000000000000000,1.0000000000000000
M 1.0000000000000000,-0.0000000007168451,0.0000000003584193,-0.1970674544572830,0.0000000007168311,1.0000000000000000,-0.0000000437113847,-0.0000000266685021,-0.0000000003584189,0.0000000437113918,1.0000000000000000,-0.1250000596046448,0.0000000000000000,0.0000000000000000,0.0000000000000000,1.0000000000000000
M 1.0000000000000000,-0.0000000007074802,0.0000000003537369,-0.2091185599565506,0.0000000007074662,1.0000000000000000,-0.0000000437113847,-0.0000000266916373,-0.0000000003537364,0.0000000437113918,1.0000000000000000,-0.1250000596046448,0.0000000000000000,0.0000000000000000,0.0000000000000000,1.0000000000000000
M 1.0000000000000000,-0.0000000006981437,0.0000000003490686,-0.2211696654558182,0.0000000006981297,1.0000000000000000,-0.0000000437113847,-0.0000000267146874,-0.0000000003490681,0.0000000437113918,1.0000000000000000,-0.1250000596046448,0.0000000000000000,0.0000000000000000,0.0000000000000000,1.0000000000000000
