O DOOR_2_CG_d2_LCG_cab1_INTERIOR
A DOOR_2_CG_d2_LCG_cab1_INTERIOR_DOOR_2_CG_d2_LCG_cab1_INTERIOR
M 1.0000000000000000,0.0000000000000000,0.0000000000000000,0.0000000000000000,0.0000000000000000,1.0000000000000000,-0.0000000437113883,-0.0000000177589854,-0.0000000000000000,0.0000000437113883,1.0000000000000000,-0.0000000012438193,0.0000000000000000,0.0000000000000000,0.0000000000000000,1.0000000000000000
M 0.9965844750404358,0.0000000036096577,0.0825793445110321,0.0835354700684547,0.0000000000000000,1.0000000000000000,-0.0000000437113883,-0.0000000177589854,-0.0825793445110321,0.0000000435620926,0.9965844750404358,-0.6678048968315125,0.0000000000000000,0.0000000000000000,0.0000000000000000,1.0000000000000000
M 0.9863613247871399,0.0000000071946582,0.1645945906639099,0.1116383150219917,0.0000000000000000,1.0000000000000000,-0.0000000437113883,-0.0000000177589854,-0.1645945906639099,0.0000000431152287,0.9863613247871399,-1.3402272462844849,0.0000000000000000,0.0000000000000000,0.0000000000000000,1.0000000000000000
M 0.9694002866744995,0.0000000107305116,0.2454854846000671,0.0841173827648163,0.0000000000000000,1.0000000000000000,-0.0000000437113883,-0.0000000177589854,-0.2454854846000671,0.0000000423738307,0.9694002866744995,-2.0126738548278809,0.0000000000000000,0.0000000000000000,0.0000000000000000,1.0000000000000000
M 0.9458172321319580,0.0000000141930645,0.3246994614601135,0.0011595572577789,0.0000000000000000,1.0000000000000000,-0.0000000437113883,-0.0000000177589854,-0.3246994614601135,0.0000000413429859,0.9458172321319580,-2.6805508136749268,0.0000000000000000,0.0000000000000000,0.0000000000000000,1.0000000000000000
M 0.9157733321189880,0.0000000175586692,0.4016954600811005,-0.1366671472787857,0.0000000000000000,1.0000000000000000,-0.0000000437113883,-0.0000000177589854,-0.4016954600811005,0.0000000400297253,0.9157733321189880,-3.3392963409423828,0.0000000000000000,0.0000000000000000,0.0000000000000000,1.0000000000000000
M 0.8794737458229065,0.0000000208043200,0.4759473800659180,-0.3284222483634949,0.0000000000000000,1.0000000000000000,-0.0000000437113883,-0.0000000177589854,-0.4759473800659180,0.0000000384430194,0.8794737458229065,-3.9844095706939697,0.0000000000000000,0.0000000000000000,0.0000000000000000,1.0000000000000000
M 0.8371664285659790,0.0000000239078641,0.5469481945037842,-0.5727952122688293,0.0000000000000000,1.0000000000000000,-0.0000000437113883,-0.0000000177589854,-0.5469481945037842,0.0000000365937076,0.8371664285659790,-4.6114854812622070,0.0000000000000000,0.0000000000000000,0.0000000000000000,1.0000000000000000
M 0.7891405224800110,0.0000000268480900,0.6142126917839050,-0.8681168556213379,0.0000000000000000,1.0000000000000000,-0.0000000437113883,-0.0000000177589854,-0.6142126917839050,0.0000000344944304,0.7891405224800110,-5.2162380218505859,0.0000000000000000,0.0000000000000000,0.0000000000000000,1.0000000000000000
M 0.7357239127159119,0.0000000296049212,0.6772815585136414,-1.2123702764511108,0.0000000000000000,1.0000000000000000,-0.0000000437113883,-0.0000000177589854,-0.6772815585136414,0.0000000321595159,0.7357239127159119,-5.7945384979248047,0.0000000000000000,0.0000000000000000,0.0000000000000000,1.0000000000000000
M 0.6772815585136414,0.0000000321595195,0.7357239723205566,-1.6032034158706665,0.0000000000000000,1.0000000000000000,-0.0000000437113883,-0.0000000177589854,-0.7357239723205566,0.0000000296049212,0.6772815585136414,-6.3424358367919922,0.0000000000000000,0.0000000000000000,0.0000000000000000,1.0000000000000000
M 0.6142126917839050,0.0000000344944269,0.7891405224800110,-2.0379467010498047,0.0000000000000000,1.0000000000000000,-0.0000000437113883,-0.0000000177589854,-0.7891405224800110,0.0000000268480935,0.6142126917839050,-6.8561863899230957,0.0000000000000000,0.0000000000000000,0.0000000000000000,1.0000000000000000
M 0.5469481945037842,0.0000000365937112,0.8371664881706238,-2.5136296749114990,0.0000000000000000,1.0000000000000000,-0.0000000437113883,-0.0000000177589854,-0.8371664881706238,0.0000000239078677,0.5469481945037842,-7.3322820663452148,0.0000000000000000,0.0000000000000000,0.0000000000000000,1.0000000000000000
M 0.4759473502635956,0.0000000384430194,0.8794737458229065,-3.0270049571990967,0.0000000000000000,1.0000000000000000,-0.0000000437113883,-0.0000000177589854,-0.8794737458229065,0.0000000208043236,0.4759473502635956,-7.7674694061279297,0.0000000000000000,0.0000000000000000,0.0000000000000000,1.0000000000000000
M 0.4016953408718109,0.0000000400297324,0.9157733917236328,-3.5745637416839600,0.0000000000000000,1.0000000000000000,-0.0000000437113883,-0.0000000177589854,-0.9157733917236328,0.0000000175586603,0.4016953408718109,-8.1587772369384766,0.0000000000000000,0.0000000000000000,0.0000000000000000,1.0000000000000000
M 0.3246994316577911,0.0000000413429859,0.9458172321319580,-4.1525659561157227,0.0000000000000000,1.0000000000000000,-0.0000000437113883,-0.0000000177589854,-0.9458172321319580,0.0000000141930645,0.3246994316577911,-8.5035295486450195,0.0000000000000000,0.0000000000000000,0.0000000000000000,1.0000000000000000
M 0.2454854995012283,0.0000000423738307,0.9694002866744995,-4.7570629119873047,0.0000000000000000,1.0000000000000000,-0.0000000437113883,-0.0000000177589854,-0.9694002866744995,0.0000000107305116,0.2454854995012283,-8.7993755340576172,0.0000000000000000,0.0000000000000000,0.0000000000000000,1.0000000000000000
M 0.1645945459604263,0.0000000431152287,0.9863613247871399,-5.3839268684387207,0.0000000000000000,1.0000000000000000,-0.0000000437113883,-0.0000000177589854,-0.9863613247871399,0.0000000071946560,0.1645945459604263,-9.0442905426025391,0.0000000000000000,0.0000000000000000,0.0000000000000000,1.0000000000000000
M 0.0825793594121933,0.0000000435620926,0.9965844750404358,-6.0288739204406738,0.0000000000000000,1.0000000000000000,-0.0000000437113883,-0.0000000177589854,-0.9965844750404358,0.0000000036096584,0.0825793594121933,-9.2366037368774414,0.0000000000000000,0.0000000000000000,0.0000000000000000,1.0000000000000000
M -0.0000000437113883,0.0000000437113883,1.0000000000000000,-6.6875000000000000,0.0000000000000000,1.0000000000000000,-0.0000000437113883,-0.0000000177589854,-1.0000000000000000,-0.0000000000000019,-0.0000000437113883,-9.3750000000000000,0.0000000000000000,0.0000000000000000,0.0000000000000000,1.0000000000000000
O DOOR_2_EXTERNAL
A DOOR_2_EXTERNAL_DOOR_2_EXTERNAL
M 1.0000000000000000,0.0000000000000000,0.0000000000000000,0.0000000000000000,0.0000000000000000,1.0000000000000000,-0.0000000437113883,-0.0000000177589854,-0.0000000000000000,0.0000000437113883,1.0000000000000000,-0.0000000012438193,0.0000000000000000,0.0000000000000000,0.0000000000000000,1.0000000000000000
M 0.9965844750404358,0.0000000036096577,0.0825793445110321,0.0835354700684547,0.0000000000000000,1.0000000000000000,-0.0000000437113883,-0.0000000177589854,-0.0825793445110321,0.0000000435620926,0.9965844750404358,-0.6678048968315125,0.0000000000000000,0.0000000000000000,0.0000000000000000,1.0000000000000000
M 0.9863613247871399,0.0000000071946582,0.1645945906639099,0.1116383150219917,0.0000000000000000,1.0000000000000000,-0.0000000437113883,-0.0000000177589854,-0.1645945906639099,0.0000000431152287,0.9863613247871399,-1.3402272462844849,0.0000000000000000,0.0000000000000000,0.0000000000000000,1.0000000000000000
M 0.9694002866744995,0.0000000107305116,0.2454854846000671,0.0841173827648163,0.0000000000000000,1.0000000000000000,-0.0000000437113883,-0.0000000177589854,-0.2454854846000671,0.0000000423738307,0.9694002866744995,-2.0126738548278809,0.0000000000000000,0.0000000000000000,0.0000000000000000,1.0000000000000000
M 0.9458172321319580,0.0000000141930645,0.3246994614601135,0.0011595572577789,0.0000000000000000,1.0000000000000000,-0.0000000437113883,-0.0000000177589854,-0.3246994614601135,0.0000000413429859,0.9458172321319580,-2.6805508136749268,0.0000000000000000,0.0000000000000000,0.0000000000000000,1.0000000000000000
M 0.9157733321189880,0.0000000175586692,0.4016954600811005,-0.1366671472787857,0.0000000000000000,1.0000000000000000,-0.0000000437113883,-0.0000000177589854,-0.4016954600811005,0.0000000400297253,0.9157733321189880,-3.3392963409423828,0.0000000000000000,0.0000000000000000,0.0000000000000000,1.0000000000000000
M 0.8794737458229065,0.0000000208043200,0.4759473800659180,-0.3284222483634949,0.0000000000000000,1.0000000000000000,-0.0000000437113883,-0.0000000177589854,-0.4759473800659180,0.0000000384430194,0.8794737458229065,-3.9844095706939697,0.0000000000000000,0.0000000000000000,0.0000000000000000,1.0000000000000000
M 0.8371664285659790,0.0000000239078641,0.5469481945037842,-0.5727952122688293,0.0000000000000000,1.0000000000000000,-0.0000000437113883,-0.0000000177589854,-0.5469481945037842,0.0000000365937076,0.8371664285659790,-4.6114854812622070,0.0000000000000000,0.0000000000000000,0.0000000000000000,1.0000000000000000
M 0.7891405224800110,0.0000000268480900,0.6142126917839050,-0.8681168556213379,0.0000000000000000,1.0000000000000000,-0.0000000437113883,-0.0000000177589854,-0.6142126917839050,0.0000000344944304,0.7891405224800110,-5.2162380218505859,0.0000000000000000,0.0000000000000000,0.0000000000000000,1.0000000000000000
M 0.7357239127159119,0.0000000296049212,0.6772815585136414,-1.2123702764511108,0.0000000000000000,1.0000000000000000,-0.0000000437113883,-0.0000000177589854,-0.6772815585136414,0.0000000321595159,0.7357239127159119,-5.7945384979248047,0.0000000000000000,0.0000000000000000,0.0000000000000000,1.0000000000000000
M 0.6772815585136414,0.0000000321595195,0.7357239723205566,-1.6032034158706665,0.0000000000000000,1.0000000000000000,-0.0000000437113883,-0.0000000177589854,-0.7357239723205566,0.0000000296049212,0.6772815585136414,-6.3424358367919922,0.0000000000000000,0.0000000000000000,0.0000000000000000,1.0000000000000000
M 0.6142126917839050,0.0000000344944269,0.7891405224800110,-2.0379467010498047,0.0000000000000000,1.0000000000000000,-0.0000000437113883,-0.0000000177589854,-0.7891405224800110,0.0000000268480935,0.6142126917839050,-6.8561863899230957,0.0000000000000000,0.0000000000000000,0.0000000000000000,1.0000000000000000
M 0.5469481945037842,0.0000000365937112,0.8371664881706238,-2.5136296749114990,0.0000000000000000,1.0000000000000000,-0.0000000437113883,-0.0000000177589854,-0.8371664881706238,0.0000000239078677,0.5469481945037842,-7.3322820663452148,0.0000000000000000,0.0000000000000000,0.0000000000000000,1.0000000000000000
M 0.4759473502635956,0.0000000384430194,0.8794737458229065,-3.0270049571990967,0.0000000000000000,1.0000000000000000,-0.0000000437113883,-0.0000000177589854,-0.8794737458229065,0.0000000208043236,0.4759473502635956,-7.7674694061279297,0.0000000000000000,0.0000000000000000,0.0000000000000000,1.0000000000000000
M 0.4016953408718109,0.0000000400297324,0.9157733917236328,-3.5745637416839600,0.0000000000000000,1.0000000000000000,-0.0000000437113883,-0.0000000177589854,-0.9157733917236328,0.0000000175586603,0.4016953408718109,-8.1587772369384766,0.0000000000000000,0.0000000000000000,0.0000000000000000,1.0000000000000000
M 0.3246994316577911,0.0000000413429859,0.9458172321319580,-4.1525659561157227,0.0000000000000000,1.0000000000000000,-0.0000000437113883,-0.0000000177589854,-0.9458172321319580,0.0000000141930645,0.3246994316577911,-8.5035295486450195,0.0000000000000000,0.0000000000000000,0.0000000000000000,1.0000000000000000
M 0.2454854995012283,0.0000000423738307,0.9694002866744995,-4.7570629119873047,0.0000000000000000,1.0000000000000000,-0.0000000437113883,-0.0000000177589854,-0.9694002866744995,0.0000000107305116,0.2454854995012283,-8.7993755340576172,0.0000000000000000,0.0000000000000000,0.0000000000000000,1.0000000000000000
M 0.1645945459604263,0.0000000431152287,0.9863613247871399,-5.3839268684387207,0.0000000000000000,1.0000000000000000,-0.0000000437113883,-0.0000000177589854,-0.9863613247871399,0.0000000071946560,0.1645945459604263,-9.0442905426025391,0.0000000000000000,0.0000000000000000,0.0000000000000000,1.0000000000000000
M 0.0825793594121933,0.0000000435620926,0.9965844750404358,-6.0288739204406738,0.0000000000000000,1.0000000000000000,-0.0000000437113883,-0.0000000177589854,-0.9965844750404358,0.0000000036096584,0.0825793594121933,-9.2366037368774414,0.0000000000000000,0.0000000000000000,0.0000000000000000,1.0000000000000000
M -0.0000000437113883,0.0000000437113883,1.0000000000000000,-6.6875000000000000,0.0000000000000000,1.0000000000000000,-0.0000000437113883,-0.0000000177589854,-1.0000000000000000,-0.0000000000000019,-0.0000000437113883,-9.3750000000000000,0.0000000000000000,0.0000000000000000,0.0000000000000000,1.0000000000000000
O WINDOW_2
A WINDOW_2_WINDOW_2
M 1.0000000000000000,0.0000000000000000,0.0000000000000000,0.0000000000000000,0.0000000000000000,1.0000000000000000,-0.0000000437113883,-0.0000000177589854,-0.0000000000000000,0.0000000437113883,1.0000000000000000,-0.0000000012438193,0.0000000000000000,0.0000000000000000,0.0000000000000000,1.0000000000000000
M 0.9965844750404358,0.0000000036096577,0.0825793445110321,0.0835354700684547,0.0000000000000000,1.0000000000000000,-0.0000000437113883,-0.0000000177589854,-0.0825793445110321,0.0000000435620926,0.9965844750404358,-0.6678048968315125,0.0000000000000000,0.0000000000000000,0.0000000000000000,1.0000000000000000
M 0.9863613247871399,0.0000000071946582,0.1645945906639099,0.1116383150219917,0.0000000000000000,1.0000000000000000,-0.0000000437113883,-0.0000000177589854,-0.1645945906639099,0.0000000431152287,0.9863613247871399,-1.3402272462844849,0.0000000000000000,0.0000000000000000,0.0000000000000000,1.0000000000000000
M 0.9694002866744995,0.0000000107305116,0.2454854846000671,0.0841173827648163,0.0000000000000000,1.0000000000000000,-0.0000000437113883,-0.0000000177589854,-0.2454854846000671,0.0000000423738307,0.9694002866744995,-2.0126738548278809,0.0000000000000000,0.0000000000000000,0.0000000000000000,1.0000000000000000
M 0.9458172321319580,0.0000000141930645,0.3246994614601135,0.0011595572577789,0.0000000000000000,1.0000000000000000,-0.0000000437113883,-0.0000000177589854,-0.3246994614601135,0.0000000413429859,0.9458172321319580,-2.6805508136749268,0.0000000000000000,0.0000000000000000,0.0000000000000000,1.0000000000000000
M 0.9157733321189880,0.0000000175586692,0.4016954600811005,-0.1366671472787857,0.0000000000000000,1.0000000000000000,-0.0000000437113883,-0.0000000177589854,-0.4016954600811005,0.0000000400297253,0.9157733321189880,-3.3392963409423828,0.0000000000000000,0.0000000000000000,0.0000000000000000,1.0000000000000000
M 0.8794737458229065,0.0000000208043200,0.4759473800659180,-0.3284222483634949,0.0000000000000000,1.0000000000000000,-0.0000000437113883,-0.0000000177589854,-0.4759473800659180,0.0000000384430194,0.8794737458229065,-3.9844095706939697,0.0000000000000000,0.0000000000000000,0.0000000000000000,1.0000000000000000
M 0.8371664285659790,0.0000000239078641,0.5469481945037842,-0.5727952122688293,0.0000000000000000,1.0000000000000000,-0.0000000437113883,-0.0000000177589854,-0.5469481945037842,0.0000000365937076,0.8371664285659790,-4.6114854812622070,0.0000000000000000,0.0000000000000000,0.0000000000000000,1.0000000000000000
M 0.7891405224800110,0.0000000268480900,0.6142126917839050,-0.8681168556213379,0.0000000000000000,1.0000000000000000,-0.0000000437113883,-0.0000000177589854,-0.6142126917839050,0.0000000344944304,0.7891405224800110,-5.2162380218505859,0.0000000000000000,0.0000000000000000,0.0000000000000000,1.0000000000000000
M 0.7357239127159119,0.0000000296049212,0.6772815585136414,-1.2123702764511108,0.0000000000000000,1.0000000000000000,-0.0000000437113883,-0.0000000177589854,-0.6772815585136414,0.0000000321595159,0.7357239127159119,-5.7945384979248047,0.0000000000000000,0.0000000000000000,0.0000000000000000,1.0000000000000000
M 0.6772815585136414,0.0000000321595195,0.7357239723205566,-1.6032034158706665,0.0000000000000000,1.0000000000000000,-0.0000000437113883,-0.0000000177589854,-0.7357239723205566,0.0000000296049212,0.6772815585136414,-6.3424358367919922,0.0000000000000000,0.0000000000000000,0.0000000000000000,1.0000000000000000
M 0.6142126917839050,0.0000000344944269,0.7891405224800110,-2.0379467010498047,0.0000000000000000,1.0000000000000000,-0.0000000437113883,-0.0000000177589854,-0.7891405224800110,0.0000000268480935,0.6142126917839050,-6.8561863899230957,0.0000000000000000,0.0000000000000000,0.0000000000000000,1.0000000000000000
M 0.5469481945037842,0.0000000365937112,0.8371664881706238,-2.5136296749114990,0.0000000000000000,1.0000000000000000,-0.0000000437113883,-0.0000000177589854,-0.8371664881706238,0.0000000239078677,0.5469481945037842,-7.3322820663452148,0.0000000000000000,0.0000000000000000,0.0000000000000000,1.0000000000000000
M 0.4759473502635956,0.0000000384430194,0.8794737458229065,-3.0270049571990967,0.0000000000000000,1.0000000000000000,-0.0000000437113883,-0.0000000177589854,-0.8794737458229065,0.0000000208043236,0.4759473502635956,-7.7674694061279297,0.0000000000000000,0.0000000000000000,0.0000000000000000,1.0000000000000000
M 0.4016953408718109,0.0000000400297324,0.9157733917236328,-3.5745637416839600,0.0000000000000000,1.0000000000000000,-0.0000000437113883,-0.0000000177589854,-0.9157733917236328,0.0000000175586603,0.4016953408718109,-8.1587772369384766,0.0000000000000000,0.0000000000000000,0.0000000000000000,1.0000000000000000
M 0.3246994316577911,0.0000000413429859,0.9458172321319580,-4.1525659561157227,0.0000000000000000,1.0000000000000000,-0.0000000437113883,-0.0000000177589854,-0.9458172321319580,0.0000000141930645,0.3246994316577911,-8.5035295486450195,0.0000000000000000,0.0000000000000000,0.0000000000000000,1.0000000000000000
M 0.2454854995012283,0.0000000423738307,0.9694002866744995,-4.7570629119873047,0.0000000000000000,1.0000000000000000,-0.0000000437113883,-0.0000000177589854,-0.9694002866744995,0.0000000107305116,0.2454854995012283,-8.7993755340576172,0.0000000000000000,0.0000000000000000,0.0000000000000000,1.0000000000000000
M 0.1645945459604263,0.0000000431152287,0.9863613247871399,-5.3839268684387207,0.0000000000000000,1.0000000000000000,-0.0000000437113883,-0.0000000177589854,-0.9863613247871399,0.0000000071946560,0.1645945459604263,-9.0442905426025391,0.0000000000000000,0.0000000000000000,0.0000000000000000,1.0000000000000000
M 0.0825793594121933,0.0000000435620926,0.9965844750404358,-6.0288739204406738,0.0000000000000000,1.0000000000000000,-0.0000000437113883,-0.0000000177589854,-0.9965844750404358,0.0000000036096584,0.0825793594121933,-9.2366037368774414,0.0000000000000000,0.0000000000000000,0.0000000000000000,1.0000000000000000
M -0.0000000437113883,0.0000000437113883,1.0000000000000000,-6.6875000000000000,0.0000000000000000,1.0000000000000000,-0.0000000437113883,-0.0000000177589854,-1.0000000000000000,-0.0000000000000019,-0.0000000437113883,-9.3750000000000000,0.0000000000000000,0.0000000000000000,0.0000000000000000,1.0000000000000000
O WINDOW_2_INTERIOR_LCG_cab1
A WINDOW_2_INTERIOR_LCG_cab1_WINDOW_2_INTERIOR_LCG_cab1
M 1.0000000000000000,0.0000000000000000,0.0000000000000000,0.0000000000000000,0.0000000000000000,1.0000000000000000,-0.0000000437113883,-0.0000000177589854,-0.0000000000000000,0.0000000437113883,1.0000000000000000,-0.0000000012438193,0.0000000000000000,0.0000000000000000,0.0000000000000000,1.0000000000000000
M 0.9965844750404358,0.0000000036096577,0.0825793445110321,0.0835354700684547,0.0000000000000000,1.0000000000000000,-0.0000000437113883,-0.0000000177589854,-0.0825793445110321,0.0000000435620926,0.9965844750404358,-0.6678048968315125,0.0000000000000000,0.0000000000000000,0.0000000000000000,1.0000000000000000
M 0.9863613247871399,0.0000000071946582,0.1645945906639099,0.1116383150219917,0.0000000000000000,1.0000000000000000,-0.0000000437113883,-0.0000000177589854,-0.1645945906639099,0.0000000431152287,0.9863613247871399,-1.3402272462844849,0.0000000000000000,0.0000000000000000,0.0000000000000000,1.0000000000000000
M 0.9694002866744995,0.0000000107305116,0.2454854846000671,0.0841173827648163,0.0000000000000000,1.0000000000000000,-0.0000000437113883,-0.0000000177589854,-0.2454854846000671,0.0000000423738307,0.9694002866744995,-2.0126738548278809,0.0000000000000000,0.0000000000000000,0.0000000000000000,1.0000000000000000
M 0.9458172321319580,0.0000000141930645,0.3246994614601135,0.0011595572577789,0.0000000000000000,1.0000000000000000,-0.0000000437113883,-0.0000000177589854,-0.3246994614601135,0.0000000413429859,0.9458172321319580,-2.6805508136749268,0.0000000000000000,0.0000000000000000,0.0000000000000000,1.0000000000000000
M 0.9157733321189880,0.0000000175586692,0.4016954600811005,-0.1366671472787857,0.0000000000000000,1.0000000000000000,-0.0000000437113883,-0.0000000177589854,-0.4016954600811005,0.0000000400297253,0.9157733321189880,-3.3392963409423828,0.0000000000000000,0.0000000000000000,0.0000000000000000,1.0000000000000000
M 0.8794737458229065,0.0000000208043200,0.4759473800659180,-0.3284222483634949,0.0000000000000000,1.0000000000000000,-0.0000000437113883,-0.0000000177589854,-0.4759473800659180,0.0000000384430194,0.8794737458229065,-3.9844095706939697,0.0000000000000000,0.0000000000000000,0.0000000000000000,1.0000000000000000
M 0.8371664285659790,0.0000000239078641,0.5469481945037842,-0.5727952122688293,0.0000000000000000,1.0000000000000000,-0.0000000437113883,-0.0000000177589854,-0.5469481945037842,0.0000000365937076,0.8371664285659790,-4.6114854812622070,0.0000000000000000,0.0000000000000000,0.0000000000000000,1.0000000000000000
M 0.7891405224800110,0.0000000268480900,0.6142126917839050,-0.8681168556213379,0.0000000000000000,1.0000000000000000,-0.0000000437113883,-0.0000000177589854,-0.6142126917839050,0.0000000344944304,0.7891405224800110,-5.2162380218505859,0.0000000000000000,0.0000000000000000,0.0000000000000000,1.0000000000000000
M 0.7357239127159119,0.0000000296049212,0.6772815585136414,-1.2123702764511108,0.0000000000000000,1.0000000000000000,-0.0000000437113883,-0.0000000177589854,-0.6772815585136414,0.0000000321595159,0.7357239127159119,-5.7945384979248047,0.0000000000000000,0.0000000000000000,0.0000000000000000,1.0000000000000000
M 0.6772815585136414,0.0000000321595195,0.7357239723205566,-1.6032034158706665,0.0000000000000000,1.0000000000000000,-0.0000000437113883,-0.0000000177589854,-0.7357239723205566,0.0000000296049212,0.6772815585136414,-6.3424358367919922,0.0000000000000000,0.0000000000000000,0.0000000000000000,1.0000000000000000
M 0.6142126917839050,0.0000000344944269,0.7891405224800110,-2.0379467010498047,0.0000000000000000,1.0000000000000000,-0.0000000437113883,-0.0000000177589854,-0.7891405224800110,0.0000000268480935,0.6142126917839050,-6.8561863899230957,0.0000000000000000,0.0000000000000000,0.0000000000000000,1.0000000000000000
M 0.5469481945037842,0.0000000365937112,0.8371664881706238,-2.5136296749114990,0.0000000000000000,1.0000000000000000,-0.0000000437113883,-0.0000000177589854,-0.8371664881706238,0.0000000239078677,0.5469481945037842,-7.3322820663452148,0.0000000000000000,0.0000000000000000,0.0000000000000000,1.0000000000000000
M 0.4759473502635956,0.0000000384430194,0.8794737458229065,-3.0270049571990967,0.0000000000000000,1.0000000000000000,-0.0000000437113883,-0.0000000177589854,-0.8794737458229065,0.0000000208043236,0.4759473502635956,-7.7674694061279297,0.0000000000000000,0.0000000000000000,0.0000000000000000,1.0000000000000000
M 0.4016953408718109,0.0000000400297324,0.9157733917236328,-3.5745637416839600,0.0000000000000000,1.0000000000000000,-0.0000000437113883,-0.0000000177589854,-0.9157733917236328,0.0000000175586603,0.4016953408718109,-8.1587772369384766,0.0000000000000000,0.0000000000000000,0.0000000000000000,1.0000000000000000
M 0.3246994316577911,0.0000000413429859,0.9458172321319580,-4.1525659561157227,0.0000000000000000,1.0000000000000000,-0.0000000437113883,-0.0000000177589854,-0.9458172321319580,0.0000000141930645,0.3246994316577911,-8.5035295486450195,0.0000000000000000,0.0000000000000000,0.0000000000000000,1.0000000000000000
M 0.2454854995012283,0.0000000423738307,0.9694002866744995,-4.7570629119873047,0.0000000000000000,1.0000000000000000,-0.0000000437113883,-0.0000000177589854,-0.9694002866744995,0.0000000107305116,0.2454854995012283,-8.7993755340576172,0.0000000000000000,0.0000000000000000,0.0000000000000000,1.0000000000000000
M 0.1645945459604263,0.0000000431152287,0.9863613247871399,-5.3839268684387207,0.0000000000000000,1.0000000000000000,-0.0000000437113883,-0.0000000177589854,-0.9863613247871399,0.0000000071946560,0.1645945459604263,-9.0442905426025391,0.0000000000000000,0.0000000000000000,0.0000000000000000,1.0000000000000000
M 0.0825793594121933,0.0000000435620926,0.9965844750404358,-6.0288739204406738,0.0000000000000000,1.0000000000000000,-0.0000000437113883,-0.0000000177589854,-0.9965844750404358,0.0000000036096584,0.0825793594121933,-9.2366037368774414,0.0000000000000000,0.0000000000000000,0.0000000000000000,1.0000000000000000
M -0.0000000437113883,0.0000000437113883,1.0000000000000000,-6.6875000000000000,0.0000000000000000,1.0000000000000000,-0.0000000437113883,-0.0000000177589854,-1.0000000000000000,-0.0000000000000019,-0.0000000437113883,-9.3750000000000000,0.0000000000000000,0.0000000000000000,0.0000000000000000,1.0000000000000000
O WINDOW_2_ROT_105_INTERIOR_LCG_cab1
A WINDOW_2_ROT_105_INTERIOR_LCG_cab1_WINDOW_2_ROT_105_INTERIOR_LCG_cab1
M 1.0000000000000000,0.0000000000000000,0.0000000000000000,0.0000000000000000,0.0000000000000000,1.0000000000000000,-0.0000000437113883,-0.0000000177589854,-0.0000000000000000,0.0000000437113883,1.0000000000000000,-0.0000000012438193,0.0000000000000000,0.0000000000000000,0.0000000000000000,1.0000000000000000
M 0.9965844750404358,0.0000000036096577,0.0825793445110321,0.0835354700684547,0.0000000000000000,1.0000000000000000,-0.0000000437113883,-0.0000000177589854,-0.0825793445110321,0.0000000435620926,0.9965844750404358,-0.6678048968315125,0.0000000000000000,0.0000000000000000,0.0000000000000000,1.0000000000000000
M 0.9863613247871399,0.0000000071946582,0.1645945906639099,0.1116383150219917,0.0000000000000000,1.0000000000000000,-0.0000000437113883,-0.0000000177589854,-0.1645945906639099,0.0000000431152287,0.9863613247871399,-1.3402272462844849,0.0000000000000000,0.0000000000000000,0.0000000000000000,1.0000000000000000
M 0.9694002866744995,0.0000000107305116,0.2454854846000671,0.0841173827648163,0.0000000000000000,1.0000000000000000,-0.0000000437113883,-0.0000000177589854,-0.2454854846000671,0.0000000423738307,0.9694002866744995,-2.0126738548278809,0.0000000000000000,0.0000000000000000,0.0000000000000000,1.0000000000000000
M 0.9458172321319580,0.0000000141930645,0.3246994614601135,0.0011595572577789,0.0000000000000000,1.0000000000000000,-0.0000000437113883,-0.0000000177589854,-0.3246994614601135,0.0000000413429859,0.9458172321319580,-2.6805508136749268,0.0000000000000000,0.0000000000000000,0.0000000000000000,1.0000000000000000
M 0.9157733321189880,0.0000000175586692,0.4016954600811005,-0.1366671472787857,0.0000000000000000,1.0000000000000000,-0.0000000437113883,-0.0000000177589854,-0.4016954600811005,0.0000000400297253,0.9157733321189880,-3.3392963409423828,0.0000000000000000,0.0000000000000000,0.0000000000000000,1.0000000000000000
M 0.8794737458229065,0.0000000208043200,0.4759473800659180,-0.3284222483634949,0.0000000000000000,1.0000000000000000,-0.0000000437113883,-0.0000000177589854,-0.4759473800659180,0.0000000384430194,0.8794737458229065,-3.9844095706939697,0.0000000000000000,0.0000000000000000,0.0000000000000000,1.0000000000000000
M 0.8371664285659790,0.0000000239078641,0.5469481945037842,-0.5727952122688293,0.0000000000000000,1.0000000000000000,-0.0000000437113883,-0.0000000177589854,-0.5469481945037842,0.0000000365937076,0.8371664285659790,-4.6114854812622070,0.0000000000000000,0.0000000000000000,0.0000000000000000,1.0000000000000000
M 0.7891405224800110,0.0000000268480900,0.6142126917839050,-0.8681168556213379,0.0000000000000000,1.0000000000000000,-0.0000000437113883,-0.0000000177589854,-0.6142126917839050,0.0000000344944304,0.7891405224800110,-5.2162380218505859,0.0000000000000000,0.0000000000000000,0.0000000000000000,1.0000000000000000
M 0.7357239127159119,0.0000000296049212,0.6772815585136414,-1.2123702764511108,0.0000000000000000,1.0000000000000000,-0.0000000437113883,-0.0000000177589854,-0.6772815585136414,0.0000000321595159,0.7357239127159119,-5.7945384979248047,0.0000000000000000,0.0000000000000000,0.0000000000000000,1.0000000000000000
M 0.6772815585136414,0.0000000321595195,0.7357239723205566,-1.6032034158706665,0.0000000000000000,1.0000000000000000,-0.0000000437113883,-0.0000000177589854,-0.7357239723205566,0.0000000296049212,0.6772815585136414,-6.3424358367919922,0.0000000000000000,0.0000000000000000,0.0000000000000000,1.0000000000000000
M 0.6142126917839050,0.0000000344944269,0.7891405224800110,-2.0379467010498047,0.0000000000000000,1.0000000000000000,-0.0000000437113883,-0.0000000177589854,-0.7891405224800110,0.0000000268480935,0.6142126917839050,-6.8561863899230957,0.0000000000000000,0.0000000000000000,0.0000000000000000,1.0000000000000000
M 0.5469481945037842,0.0000000365937112,0.8371664881706238,-2.5136296749114990,0.0000000000000000,1.0000000000000000,-0.0000000437113883,-0.0000000177589854,-0.8371664881706238,0.0000000239078677,0.5469481945037842,-7.3322820663452148,0.0000000000000000,0.0000000000000000,0.0000000000000000,1.0000000000000000
M 0.4759473502635956,0.0000000384430194,0.8794737458229065,-3.0270049571990967,0.0000000000000000,1.0000000000000000,-0.0000000437113883,-0.0000000177589854,-0.8794737458229065,0.0000000208043236,0.4759473502635956,-7.7674694061279297,0.0000000000000000,0.0000000000000000,0.0000000000000000,1.0000000000000000
M 0.4016953408718109,0.0000000400297324,0.9157733917236328,-3.5745637416839600,0.0000000000000000,1.0000000000000000,-0.0000000437113883,-0.0000000177589854,-0.9157733917236328,0.0000000175586603,0.4016953408718109,-8.1587772369384766,0.0000000000000000,0.0000000000000000,0.0000000000000000,1.0000000000000000
M 0.3246994316577911,0.0000000413429859,0.9458172321319580,-4.1525659561157227,0.0000000000000000,1.0000000000000000,-0.0000000437113883,-0.0000000177589854,-0.9458172321319580,0.0000000141930645,0.3246994316577911,-8.5035295486450195,0.0000000000000000,0.0000000000000000,0.0000000000000000,1.0000000000000000
M 0.2454854995012283,0.0000000423738307,0.9694002866744995,-4.7570629119873047,0.0000000000000000,1.0000000000000000,-0.0000000437113883,-0.0000000177589854,-0.9694002866744995,0.0000000107305116,0.2454854995012283,-8.7993755340576172,0.0000000000000000,0.0000000000000000,0.0000000000000000,1.0000000000000000
M 0.1645945459604263,0.0000000431152287,0.9863613247871399,-5.3839268684387207,0.0000000000000000,1.0000000000000000,-0.0000000437113883,-0.0000000177589854,-0.9863613247871399,0.0000000071946560,0.1645945459604263,-9.0442905426025391,0.0000000000000000,0.0000000000000000,0.0000000000000000,1.0000000000000000
M 0.0825793594121933,0.0000000435620926,0.9965844750404358,-6.0288739204406738,0.0000000000000000,1.0000000000000000,-0.0000000437113883,-0.0000000177589854,-0.9965844750404358,0.0000000036096584,0.0825793594121933,-9.2366037368774414,0.0000000000000000,0.0000000000000000,0.0000000000000000,1.0000000000000000
M -0.0000000437113883,0.0000000437113883,1.0000000000000000,-6.6875000000000000,0.0000000000000000,1.0000000000000000,-0.0000000437113883,-0.0000000177589854,-1.0000000000000000,-0.0000000000000019,-0.0000000437113883,-9.3750000000000000,0.0000000000000000,0.0000000000000000,0.0000000000000000,1.0000000000000000
