O DOOR_1_CG_tldr_INTERIOR_LCG_il_LINVERT_NOTOUCH_1
A DOOR_1_CG_tldr_INTERIOR_LCG_il_LINVERT_NOTOUCH_1_DOOR_1_CG_tldr_INTERIOR_LCG_il_LINVERT_NOTOUCH_1
M 1.0000000000000000,0.0000000000000000,0.0000000000000000,0.0000000000000000,0.0000000000000000,1.0000000000000000,-0.0000000437113883,-0.0000000401082616,-0.0000000000000000,0.0000000437113883,1.0000000000000000,-0.0000000213621121,0.0000000000000000,0.0000000000000000,0.0000000000000000,1.0000000000000000
M 0.9999999403953552,-0.0000000000133394,-0.0003051708044950,0.0001620921102585,0.0000000000000000,1.0000000000000000,-0.0000000437113883,-0.0000000401082616,0.0003051708044950,0.0000000437113847,0.9999999403953552,0.0001049407073879,0.0000000000000000,0.0000000000000000,0.0000000000000000,1.0000000000000000
M 0.9999992847442627,-0.0000000000530571,-0.0012138058664277,0.0006445956532843,0.0000000000000000,1.0000000000000000,-0.0000000437113883,-0.0000000401082616,0.0012138058664277,0.0000000437113563,0.9999992847442627,0.0004175820213277,0.0000000000000000,0.0000000000000000,0.0000000000000000,1.0000000000000000
M 0.9999963045120239,-0.0000000001187021,-0.0027155869174749,0.0014413734897971,0.0000000000000000,1.0000000000000000,-0.0000000437113883,-0.0000000401082616,0.0027155869174749,0.0000000437112284,0.9999963045120239,0.0009354286012240,0.0000000000000000,0.0000000000000000,0.0000000000000000,1.0000000000000000
M 0.9999884963035583,-0.0000000002098229,-0.0048001892864704,0.0025461358018219,0.0000000000000000,1.0000000000000000,-0.0000000437113883,-0.0000000401082616,0.0048001892864704,0.0000000437108909,0.9999884963035583,0.0016561829252169,0.0000000000000000,0.0000000000000000,0.0000000000000000,1.0000000000000000
M 0.9999721646308899,-0.0000000003259678,-0.0074572735466063,0.0039521087892354,0.0000000000000000,1.0000000000000000,-0.0000000437113883,-0.0000000401082616,0.0074572735466063,0.0000000437101733,0.9999721646308899,0.0025781982112676,0.0000000000000000,0.0000000000000000,0.0000000000000000,1.0000000000000000
M 0.9999430179595947,-0.0000000004666836,-0.0106764761731029,0.0056522954255342,0.0000000000000000,1.0000000000000000,-0.0000000437113883,-0.0000000401082616,0.0106764761731029,0.0000000437089049,0.9999430179595947,0.0037002963945270,0.0000000000000000,0.0000000000000000,0.0000000000000000,1.0000000000000000
M 0.9998956322669983,-0.0000000006315159,-0.0144473994150758,0.0076392958872020,0.0000000000000000,1.0000000000000000,-0.0000000437113883,-0.0000000401082616,0.0144473994150758,0.0000000437068266,0.9998956322669983,0.0050217043608427,0.0000000000000000,0.0000000000000000,0.0000000000000000,1.0000000000000000
M 0.9998240470886230,-0.0000000008200080,-0.0187595970928669,0.0099055338650942,0.0000000000000000,1.0000000000000000,-0.0000000437113883,-0.0000000401082616,0.0187595970928669,0.0000000437036967,0.9998240470886230,0.0065420502796769,0.0000000000000000,0.0000000000000000,0.0000000000000000,1.0000000000000000
M 0.9997214078903198,-0.0000000010317004,-0.0236025545746088,0.0124430963769555,0.0000000000000000,1.0000000000000000,-0.0000000437113883,-0.0000000401082616,0.0236025545746088,0.0000000436992096,0.9997214078903198,0.0082613546401262,0.0000000000000000,0.0000000000000000,0.0000000000000000,1.0000000000000000
M 0.9995803833007812,-0.0000000012661302,-0.0289656836539507,0.0152437696233392,0.0000000000000000,1.0000000000000000,-0.0000000437113883,-0.0000000401082616,0.0289656836539507,0.0000000436930456,0.9995803833007812,0.0101798539981246,0.0000000000000000,0.0000000000000000,0.0000000000000000,1.0000000000000000
M 0.9993929862976074,-0.0000000015228302,-0.0348382927477360,0.0182991605252028,0.0000000000000000,1.0000000000000000,-0.0000000437113883,-0.0000000401082616,0.0348382927477360,0.0000000436848566,0.9993929862976074,0.0122981024906039,0.0000000000000000,0.0000000000000000,0.0000000000000000,1.0000000000000000
M 0.9991505146026611,-0.0000000018013290,-0.0412095971405506,0.0216005854308605,0.0000000000000000,1.0000000000000000,-0.0000000437113883,-0.0000000401082616,0.0412095971405506,0.0000000436742553,0.9991505146026611,0.0146170444786549,0.0000000000000000,0.0000000000000000,0.0000000000000000,1.0000000000000000
M 0.9988440275192261,-0.0000000021011475,-0.0480686500668526,0.0251391045749187,0.0000000000000000,1.0000000000000000,-0.0000000437113883,-0.0000000401082616,0.0480686500668526,0.0000000436608580,0.9988440275192261,0.0171376820653677,0.0000000000000000,0.0000000000000000,0.0000000000000000,1.0000000000000000
M 0.9984639883041382,-0.0000000024218028,-0.0554043874144554,0.0289055611938238,0.0000000000000000,1.0000000000000000,-0.0000000437113883,-0.0000000401082616,0.0554043874144554,0.0000000436442456,0.9984639883041382,0.0198612231761217,0.0000000000000000,0.0000000000000000,0.0000000000000000,1.0000000000000000
M 0.9980005025863647,-0.0000000027628029,-0.0632055625319481,0.0328906103968620,0.0000000000000000,1.0000000000000000,-0.0000000437113883,-0.0000000401082616,0.0632055625319481,0.0000000436239880,0.9980005025863647,0.0227891039103270,0.0000000000000000,0.0000000000000000,0.0000000000000000,1.0000000000000000
M 0.9974434375762939,-0.0000000031236496,-0.0714607611298561,0.0370847024023533,0.0000000000000000,1.0000000000000000,-0.0000000437113883,-0.0000000401082616,0.0714607611298561,0.0000000435996448,0.9974434375762939,0.0259227659553289,0.0000000000000000,0.0000000000000000,0.0000000000000000,1.0000000000000000
M 0.9967821240425110,-0.0000000035038332,-0.0801583603024483,0.0414779670536518,0.0000000000000000,1.0000000000000000,-0.0000000437113883,-0.0000000401082616,0.0801583603024483,0.0000000435707292,0.9967821240425110,0.0292639341205359,0.0000000000000000,0.0000000000000000,0.0000000000000000,1.0000000000000000
M 0.9960059523582458,-0.0000000039028385,-0.0892865285277367,0.0460604876279831,0.0000000000000000,1.0000000000000000,-0.0000000437113883,-0.0000000401082616,0.0892865285277367,0.0000000435368044,0.9960059523582458,0.0328140892088413,0.0000000000000000,0.0000000000000000,0.0000000000000000,1.0000000000000000
M 0.9951040148735046,-0.0000000043201367,-0.0988332107663155,0.0508221238851547,0.0000000000000000,1.0000000000000000,-0.0000000437113883,-0.0000000401082616,0.0988332107663155,0.0000000434973764,0.9951040148735046,0.0365748628973961,0.0000000000000000,0.0000000000000000,0.0000000000000000,1.0000000000000000
M 0.9940651655197144,-0.0000000047551922,-0.1087861210107803,0.0557525157928467,0.0000000000000000,1.0000000000000000,-0.0000000437113883,-0.0000000401082616,0.1087861210107803,0.0000000434519691,0.9940651655197144,0.0405481122434139,0.0000000000000000,0.0000000000000000,0.0000000000000000,1.0000000000000000
M 0.9928783178329468,-0.0000000052074567,-0.1191327199339867,0.0608411468565464,0.0000000000000000,1.0000000000000000,-0.0000000437113883,-0.0000000401082616,0.1191327199339867,0.0000000434000889,0.9928783178329468,0.0447352565824986,0.0000000000000000,0.0000000000000000,0.0000000000000000,1.0000000000000000
M 0.9915323257446289,-0.0000000056763683,-0.1298601925373077,0.0660774335265160,0.0000000000000000,1.0000000000000000,-0.0000000437113883,-0.0000000401082616,0.1298601925373077,0.0000000433412630,0.9915323257446289,0.0491379015147686,0.0000000000000000,0.0000000000000000,0.0000000000000000,1.0000000000000000
M 0.9900159239768982,-0.0000000061613603,-0.1409554779529572,0.0714505314826965,0.0000000000000000,1.0000000000000000,-0.0000000437113883,-0.0000000401082616,0.1409554779529572,0.0000000432749694,0.9900159239768982,0.0537574626505375,0.0000000000000000,0.0000000000000000,0.0000000000000000,1.0000000000000000
M 0.9883180856704712,-0.0000000066618431,-0.1524052023887634,0.0769495815038681,0.0000000000000000,1.0000000000000000,-0.0000000437113883,-0.0000000401082616,0.1524052023887634,0.0000000432007567,0.9883180856704712,0.0585952997207642,0.0000000000000000,0.0000000000000000,0.0000000000000000,1.0000000000000000
M 0.9864277839660645,-0.0000000071772246,-0.1641957610845566,0.0825635269284248,0.0000000000000000,1.0000000000000000,-0.0000000437113883,-0.0000000401082616,0.1641957610845566,0.0000000431181277,0.9864277839660645,0.0636525228619576,0.0000000000000000,0.0000000000000000,0.0000000000000000,1.0000000000000000
M 0.9843341112136841,-0.0000000077068965,-0.1763132363557816,0.0882812067866325,0.0000000000000000,1.0000000000000000,-0.0000000437113883,-0.0000000401082616,0.1763132363557816,0.0000000430266098,0.9843341112136841,0.0689301267266273,0.0000000000000000,0.0000000000000000,0.0000000000000000,1.0000000000000000
M 0.9820264577865601,-0.0000000082502378,-0.1887434273958206,0.0940914973616600,0.0000000000000000,1.0000000000000000,-0.0000000437113883,-0.0000000401082616,0.1887434273958206,0.0000000429257412,0.9820264577865601,0.0744289532303810,0.0000000000000000,0.0000000000000000,0.0000000000000000,1.0000000000000000
M 0.9794942736625671,-0.0000000088066168,-0.2014718651771545,0.0999830365180969,0.0000000000000000,1.0000000000000000,-0.0000000437113883,-0.0000000401082616,0.2014718651771545,0.0000000428150528,0.9794942736625671,0.0801495760679245,0.0000000000000000,0.0000000000000000,0.0000000000000000,1.0000000000000000
M 0.9767275452613831,-0.0000000093753840,-0.2144837528467178,0.1059445515275002,0.0000000000000000,1.0000000000000000,-0.0000000437113883,-0.0000000401082616,0.2144837528467178,0.0000000426941185,0.9767275452613831,0.0860922560095787,0.0000000000000000,0.0000000000000000,0.0000000000000000,1.0000000000000000
M 0.9737163782119751,-0.0000000099558815,-0.2277640104293823,0.1119645908474922,0.0000000000000000,1.0000000000000000,-0.0000000437113883,-0.0000000401082616,0.2277640104293823,0.0000000425624940,0.9737163782119751,0.0922570079565048,0.0000000000000000,0.0000000000000000,0.0000000000000000,1.0000000000000000
M 0.9704512357711792,-0.0000000105474438,-0.2412973940372467,0.1180318072438240,0.0000000000000000,1.0000000000000000,-0.0000000437113883,-0.0000000401082616,0.2412973940372467,0.0000000424197708,0.9704512357711792,0.0986437276005745,0.0000000000000000,0.0000000000000000,0.0000000000000000,1.0000000000000000
M 0.9669230580329895,-0.0000000111493916,-0.2550683021545410,0.1241347715258598,0.0000000000000000,1.0000000000000000,-0.0000000437113883,-0.0000000401082616,0.2550683021545410,0.0000000422655546,0.9669230580329895,0.1052518039941788,0.0000000000000000,0.0000000000000000,0.0000000000000000,1.0000000000000000
M 0.9631232023239136,-0.0000000117610259,-0.2690608799457550,0.1302621513605118,0.0000000000000000,1.0000000000000000,-0.0000000437113883,-0.0000000401082616,0.2690608799457550,0.0000000420994581,0.9631232023239136,0.1120804399251938,0.0000000000000000,0.0000000000000000,0.0000000000000000,1.0000000000000000
M 0.9590434432029724,-0.0000000123816504,-0.2832590937614441,0.1364025026559830,0.0000000000000000,1.0000000000000000,-0.0000000437113883,-0.0000000401082616,0.2832590937614441,0.0000000419211261,0.9590434432029724,0.1191284805536270,0.0000000000000000,0.0000000000000000,0.0000000000000000,1.0000000000000000
M 0.9546761512756348,-0.0000000130105473,-0.2976465821266174,0.1425446271896362,0.0000000000000000,1.0000000000000000,-0.0000000437113883,-0.0000000401082616,0.2976465821266174,0.0000000417302282,0.9546761512756348,0.1263942867517471,0.0000000000000000,0.0000000000000000,0.0000000000000000,1.0000000000000000
M 0.9500141143798828,-0.0000000136469982,-0.3122069239616394,0.1486772000789642,0.0000000000000000,1.0000000000000000,-0.0000000437113883,-0.0000000401082616,0.3122069239616394,0.0000000415264374,0.9500141143798828,0.1338761001825333,0.0000000000000000,0.0000000000000000,0.0000000000000000,1.0000000000000000
M 0.9450508356094360,-0.0000000142902747,-0.3269233703613281,0.1547891944646835,0.0000000000000000,1.0000000000000000,-0.0000000437113883,-0.0000000401082616,0.3269233703613281,0.0000000413094838,0.9450508356094360,0.1415716111660004,0.0000000000000000,0.0000000000000000,0.0000000000000000,1.0000000000000000
M 0.9397802948951721,-0.0000000149396389,-0.3417790830135345,0.1608695536851883,0.0000000000000000,1.0000000000000000,-0.0000000437113883,-0.0000000401082616,0.3417790830135345,0.0000000410790939,0.9397802948951721,0.1494782418012619,0.0000000000000000,0.0000000000000000,0.0000000000000000,1.0000000000000000
M 0.9341971874237061,-0.0000000155943507,-0.3567571341991425,0.1669074296951294,0.0000000000000000,1.0000000000000000,-0.0000000437113883,-0.0000000401082616,0.3567571341991425,0.0000000408350616,0.9341971874237061,0.1575929671525955,0.0000000000000000,0.0000000000000000,0.0000000000000000,1.0000000000000000
M 0.9282966852188110,-0.0000000162536562,-0.3718402981758118,0.1728920787572861,0.0000000000000000,1.0000000000000000,-0.0000000437113883,-0.0000000401082616,0.3718402981758118,0.0000000405771381,0.9282966852188110,0.1659124493598938,0.0000000000000000,0.0000000000000000,0.0000000000000000,1.0000000000000000
M 0.9220749139785767,-0.0000000169168075,-0.3870114088058472,0.1788129806518555,0.0000000000000000,1.0000000000000000,-0.0000000437113883,-0.0000000401082616,0.3870114088058472,0.0000000403051743,0.9220749139785767,0.1744328141212463,0.0000000000000000,0.0000000000000000,0.0000000000000000,1.0000000000000000
M 0.9155284762382507,-0.0000000175830461,-0.4022532105445862,0.1846598386764526,0.0000000000000000,1.0000000000000000,-0.0000000437113883,-0.0000000401082616,0.4022532105445862,0.0000000400190281,0.9155284762382507,0.1831499934196472,0.0000000000000000,0.0000000000000000,0.0000000000000000,1.0000000000000000
M 0.9086546897888184,-0.0000000182516189,-0.4175483882427216,0.1904225200414658,0.0000000000000000,1.0000000000000000,-0.0000000437113883,-0.0000000401082616,0.4175483882427216,0.0000000397185573,0.9086546897888184,0.1920593976974487,0.0000000000000000,0.0000000000000000,0.0000000000000000,1.0000000000000000
M 0.9014517664909363,-0.0000000189217655,-0.4328795373439789,0.1960912197828293,0.0000000000000000,1.0000000000000000,-0.0000000437113883,-0.0000000401082616,0.4328795373439789,0.0000000394037087,0.9014517664909363,0.2011560350656509,0.0000000000000000,0.0000000000000000,0.0000000000000000,1.0000000000000000
M 0.8939185142517090,-0.0000000195927363,-0.4482294917106628,0.2016562819480896,0.0000000000000000,1.0000000000000000,-0.0000000437113883,-0.0000000401082616,0.4482294917106628,0.0000000390744184,0.8939185142517090,0.2104346156120300,0.0000000000000000,0.0000000000000000,0.0000000000000000,1.0000000000000000
M 0.8860546350479126,-0.0000000202637622,-0.4635808467864990,0.2071085125207901,0.0000000000000000,1.0000000000000000,-0.0000000437113883,-0.0000000401082616,0.4635808467864990,0.0000000387306862,0.8860546350479126,0.2198893278837204,0.0000000000000000,0.0000000000000000,0.0000000000000000,1.0000000000000000
M 0.8778603672981262,-0.0000000209341113,-0.4789166450500488,0.2124388366937637,0.0000000000000000,1.0000000000000000,-0.0000000437113883,-0.0000000401082616,0.4789166450500488,0.0000000383724945,0.8778603672981262,0.2295142412185669,0.0000000000000000,0.0000000000000000,0.0000000000000000,1.0000000000000000
M 0.8693370819091797,-0.0000000216030269,-0.4942196309566498,0.2176386862993240,0.0000000000000000,1.0000000000000000,-0.0000000437113883,-0.0000000401082616,0.4942196309566498,0.0000000379999321,0.8693370819091797,0.2393026351928711,0.0000000000000000,0.0000000000000000,0.0000000000000000,1.0000000000000000
M 0.8604865670204163,-0.0000000222697789,-0.5094731450080872,0.2226997464895248,0.0000000000000000,1.0000000000000000,-0.0000000437113883,-0.0000000401082616,0.5094731450080872,0.0000000376130629,0.8604865670204163,0.2492478489875793,0.0000000000000000,0.0000000000000000,0.0000000000000000,1.0000000000000000
M 0.8513115644454956,-0.0000000229336354,-0.5246604084968567,0.2276140749454498,0.0000000000000000,1.0000000000000000,-0.0000000437113883,-0.0000000401082616,0.5246604084968567,0.0000000372120113,0.8513115644454956,0.2593427002429962,0.0000000000000000,0.0000000000000000,0.0000000000000000,1.0000000000000000
M 0.8418157100677490,-0.0000000235938771,-0.5397650003433228,0.2323741912841797,0.0000000000000000,1.0000000000000000,-0.0000000437113883,-0.0000000401082616,0.5397650003433228,0.0000000367969335,0.8418157100677490,0.2695795595645905,0.0000000000000000,0.0000000000000000,0.0000000000000000,1.0000000000000000
M 0.8320032954216003,-0.0000000242497986,-0.5547707080841064,0.2369729578495026,0.0000000000000000,1.0000000000000000,-0.0000000437113883,-0.0000000401082616,0.5547707080841064,0.0000000363680179,0.8320032954216003,0.2799506187438965,0.0000000000000000,0.0000000000000000,0.0000000000000000,1.0000000000000000
M 0.8218792676925659,-0.0000000249006984,-0.5696616768836975,0.2414036691188812,0.0000000000000000,1.0000000000000000,-0.0000000437113883,-0.0000000401082616,0.5696616768836975,0.0000000359254848,0.8218792676925659,0.2904477715492249,0.0000000000000000,0.0000000000000000,0.0000000000000000,1.0000000000000000
M 0.8114496469497681,-0.0000000255459192,-0.5844224095344543,0.2456600815057755,0.0000000000000000,1.0000000000000000,-0.0000000437113883,-0.0000000401082616,0.5844224095344543,0.0000000354695970,0.8114496469497681,0.3010624945163727,0.0000000000000000,0.0000000000000000,0.0000000000000000,1.0000000000000000
M 0.8007209300994873,-0.0000000261847628,-0.5990375280380249,0.2497363537549973,0.0000000000000000,1.0000000000000000,-0.0000000437113883,-0.0000000401082616,0.5990375280380249,0.0000000350006246,0.8007209300994873,0.3117860853672028,0.0000000000000000,0.0000000000000000,0.0000000000000000,1.0000000000000000
M 0.7897005081176758,-0.0000000268166076,-0.6134924888610840,0.2536273300647736,0.0000000000000000,1.0000000000000000,-0.0000000437113883,-0.0000000401082616,0.6134924888610840,0.0000000345189051,0.7897005081176758,0.3226095736026764,0.0000000000000000,0.0000000000000000,0.0000000000000000,1.0000000000000000
M 0.7783966064453125,-0.0000000274408265,-0.6277728676795959,0.2573280334472656,0.0000000000000000,1.0000000000000000,-0.0000000437113883,-0.0000000401082616,0.6277728676795959,0.0000000340248008,0.7783966064453125,0.3335236608982086,0.0000000000000000,0.0000000000000000,0.0000000000000000,1.0000000000000000
M 0.7668178677558899,-0.0000000280568049,-0.6418647766113281,0.2608341574668884,0.0000000000000000,1.0000000000000000,-0.0000000437113883,-0.0000000401082616,0.6418647766113281,0.0000000335186741,0.7668178677558899,0.3445189595222473,0.0000000000000000,0.0000000000000000,0.0000000000000000,1.0000000000000000
M 0.7549739480018616,-0.0000000286639565,-0.6557548046112061,0.2641418874263763,0.0000000000000000,1.0000000000000000,-0.0000000437113883,-0.0000000401082616,0.6557548046112061,0.0000000330009620,0.7549739480018616,0.3555856943130493,0.0000000000000000,0.0000000000000000,0.0000000000000000,1.0000000000000000
M 0.7428749799728394,-0.0000000292617273,-0.6694301962852478,0.2672479152679443,0.0000000000000000,1.0000000000000000,-0.0000000437113883,-0.0000000401082616,0.6694301962852478,0.0000000324720979,0.7428749799728394,0.3667142093181610,0.0000000000000000,0.0000000000000000,0.0000000000000000,1.0000000000000000
M 0.7305318713188171,-0.0000000298495735,-0.6828786134719849,0.2701494395732880,0.0000000000000000,1.0000000000000000,-0.0000000437113883,-0.0000000401082616,0.6828786134719849,0.0000000319325650,0.7305318713188171,0.3778944015502930,0.0000000000000000,0.0000000000000000,0.0000000000000000,1.0000000000000000
M 0.7179560661315918,-0.0000000304269960,-0.6960884332656860,0.2728442251682281,0.0000000000000000,1.0000000000000000,-0.0000000437113883,-0.0000000401082616,0.6960884332656860,0.0000000313828572,0.7179560661315918,0.3891161382198334,0.0000000000000000,0.0000000000000000,0.0000000000000000,1.0000000000000000
M 0.7051598429679871,-0.0000000309934904,-0.7090483903884888,0.2753304839134216,0.0000000000000000,1.0000000000000000,-0.0000000437113883,-0.0000000401082616,0.7090483903884888,0.0000000308235180,0.7051598429679871,0.4003691375255585,0.0000000000000000,0.0000000000000000,0.0000000000000000,1.0000000000000000
M 0.6921556591987610,-0.0000000315486233,-0.7217482924461365,0.2776071429252625,0.0000000000000000,1.0000000000000000,-0.0000000437113883,-0.0000000401082616,0.7217482924461365,0.0000000302550873,0.6921556591987610,0.4116432070732117,0.0000000000000000,0.0000000000000000,0.0000000000000000,1.0000000000000000
M 0.6789568662643433,-0.0000000320919504,-0.7341781854629517,0.2796734273433685,0.0000000000000000,1.0000000000000000,-0.0000000437113883,-0.0000000401082616,0.7341781854629517,0.0000000296781479,0.6789568662643433,0.4229278266429901,0.0000000000000000,0.0000000000000000,0.0000000000000000,1.0000000000000000
M 0.6655772924423218,-0.0000000326230776,-0.7463289499282837,0.2815293073654175,0.0000000000000000,1.0000000000000000,-0.0000000437113883,-0.0000000401082616,0.7463289499282837,0.0000000290933109,0.6655772924423218,0.4342125654220581,0.0000000000000000,0.0000000000000000,0.0000000000000000,1.0000000000000000
M 0.6520311236381531,-0.0000000331416352,-0.7581921815872192,0.2831751108169556,0.0000000000000000,1.0000000000000000,-0.0000000437113883,-0.0000000401082616,0.7581921815872192,0.0000000285011819,0.6520311236381531,0.4454869329929352,0.0000000000000000,0.0000000000000000,0.0000000000000000,1.0000000000000000
M 0.6383330821990967,-0.0000000336472965,-0.7697603106498718,0.2846119701862335,0.0000000000000000,1.0000000000000000,-0.0000000437113883,-0.0000000401082616,0.7697603106498718,0.0000000279024288,0.6383330821990967,0.4567405581474304,0.0000000000000000,0.0000000000000000,0.0000000000000000,1.0000000000000000
M 0.6244983673095703,-0.0000000341397381,-0.7810261249542236,0.2858412563800812,0.0000000000000000,1.0000000000000000,-0.0000000437113883,-0.0000000401082616,0.7810261249542236,0.0000000272976912,0.6244983673095703,0.4679628908634186,0.0000000000000000,0.0000000000000000,0.0000000000000000,1.0000000000000000
M 0.6105424165725708,-0.0000000346187008,-0.7919835448265076,0.2868650555610657,0.0000000000000000,1.0000000000000000,-0.0000000437113883,-0.0000000401082616,0.7919835448265076,0.0000000266876530,0.6105424165725708,0.4791435599327087,0.0000000000000000,0.0000000000000000,0.0000000000000000,1.0000000000000000
M 0.5964813232421875,-0.0000000350839464,-0.8026269674301147,0.2876858413219452,0.0000000000000000,1.0000000000000000,-0.0000000437113883,-0.0000000401082616,0.8026269674301147,0.0000000260730264,0.5964813232421875,0.4902721941471100,0.0000000000000000,0.0000000000000000,0.0000000000000000,1.0000000000000000
M 0.5823310017585754,-0.0000000355352512,-0.8129518032073975,0.2883067727088928,0.0000000000000000,1.0000000000000000,-0.0000000437113883,-0.0000000401082616,0.8129518032073975,0.0000000254544972,0.5823310017585754,0.5013387203216553,0.0000000000000000,0.0000000000000000,0.0000000000000000,1.0000000000000000
M 0.5681082010269165,-0.0000000359724623,-0.8229538798332214,0.2887312769889832,0.0000000000000000,1.0000000000000000,-0.0000000437113883,-0.0000000401082616,0.8229538798332214,0.0000000248327989,0.5681082010269165,0.5123327970504761,0.0000000000000000,0.0000000000000000,0.0000000000000000,1.0000000000000000
M 0.5538296103477478,-0.0000000363954165,-0.8326300382614136,0.2889634668827057,0.0000000000000000,1.0000000000000000,-0.0000000437113883,-0.0000000401082616,0.8326300382614136,0.0000000242086653,0.5538296103477478,0.5232445001602173,0.0000000000000000,0.0000000000000000,0.0000000000000000,1.0000000000000000
M 0.5395120978355408,-0.0000000368040283,-0.8419778347015381,0.2890078425407410,0.0000000000000000,1.0000000000000000,-0.0000000437113883,-0.0000000401082616,0.8419778347015381,0.0000000235828228,0.5395120978355408,0.5340639352798462,0.0000000000000000,0.0000000000000000,0.0000000000000000,1.0000000000000000
M 0.5251731276512146,-0.0000000371981912,-0.8509954214096069,0.2888693809509277,0.0000000000000000,1.0000000000000000,-0.0000000437113883,-0.0000000401082616,0.8509954214096069,0.0000000229560460,0.5251731276512146,0.5447813272476196,0.0000000000000000,0.0000000000000000,0.0000000000000000,1.0000000000000000
M 0.5108296275138855,-0.0000000375778910,-0.8596819639205933,0.2885535359382629,0.0000000000000000,1.0000000000000000,-0.0000000437113883,-0.0000000401082616,0.8596819639205933,0.0000000223290719,0.5108296275138855,0.5553873181343079,0.0000000000000000,0.0000000000000000,0.0000000000000000,1.0000000000000000
M 0.4964992403984070,-0.0000000379431100,-0.8680371642112732,0.2880661785602570,0.0000000000000000,1.0000000000000000,-0.0000000437113883,-0.0000000401082616,0.8680371642112732,0.0000000217026717,0.4964992403984070,0.5658724308013916,0.0000000000000000,0.0000000000000000,0.0000000000000000,1.0000000000000000
M 0.4821994900703430,-0.0000000382938623,-0.8760614395141602,0.2874135375022888,0.0000000000000000,1.0000000000000000,-0.0000000437113883,-0.0000000401082616,0.8760614395141602,0.0000000210776090,0.4821994900703430,0.5762274861335754,0.0000000000000000,0.0000000000000000,0.0000000000000000,1.0000000000000000
M 0.4679478704929352,-0.0000000386302119,-0.8837561011314392,0.2866023182868958,0.0000000000000000,1.0000000000000000,-0.0000000437113883,-0.0000000401082616,0.8837561011314392,0.0000000204546549,0.4679478704929352,0.5864437222480774,0.0000000000000000,0.0000000000000000,0.0000000000000000,1.0000000000000000
M 0.4537619352340698,-0.0000000389522192,-0.8911229372024536,0.2856395244598389,0.0000000000000000,1.0000000000000000,-0.0000000437113883,-0.0000000401082616,0.8911229372024536,0.0000000198345678,0.4537619352340698,0.5965123176574707,0.0000000000000000,0.0000000000000000,0.0000000000000000,1.0000000000000000
M 0.4396593272686005,-0.0000000392600228,-0.8981646299362183,0.2845326662063599,0.0000000000000000,1.0000000000000000,-0.0000000437113883,-0.0000000401082616,0.8981646299362183,0.0000000192181204,0.4396593272686005,0.6064249277114868,0.0000000000000000,0.0000000000000000,0.0000000000000000,1.0000000000000000
M 0.4256572127342224,-0.0000000395537576,-0.9048845171928406,0.2832893729209900,0.0000000000000000,1.0000000000000000,-0.0000000437113883,-0.0000000401082616,0.9048845171928406,0.0000000186060714,0.4256572127342224,0.6161735057830811,0.0000000000000000,0.0000000000000000,0.0000000000000000,1.0000000000000000
M 0.4117734730243683,-0.0000000398335871,-0.9112862348556519,0.2819177508354187,0.0000000000000000,1.0000000000000000,-0.0000000437113883,-0.0000000401082616,0.9112862348556519,0.0000000179991897,0.4117734730243683,0.6257498264312744,0.0000000000000000,0.0000000000000000,0.0000000000000000,1.0000000000000000
M 0.3980255722999573,-0.0000000400997031,-0.9173743128776550,0.2804262042045593,0.0000000000000000,1.0000000000000000,-0.0000000437113883,-0.0000000401082616,0.9173743128776550,0.0000000173982500,0.3980255722999573,0.6351462006568909,0.0000000000000000,0.0000000000000000,0.0000000000000000,1.0000000000000000
M 0.3844302594661713,-0.0000000403523437,-0.9231540560722351,0.2788232862949371,0.0000000000000000,1.0000000000000000,-0.0000000437113883,-0.0000000401082616,0.9231540560722351,0.0000000168039804,0.3844302594661713,0.6443554759025574,0.0000000000000000,0.0000000000000000,0.0000000000000000,1.0000000000000000
M 0.3710052371025085,-0.0000000405917397,-0.9286307692527771,0.2771179378032684,0.0000000000000000,1.0000000000000000,-0.0000000437113883,-0.0000000401082616,0.9286307692527771,0.0000000162171556,0.3710052371025085,0.6533701419830322,0.0000000000000000,0.0000000000000000,0.0000000000000000,1.0000000000000000
M 0.3577668070793152,-0.0000000408181720,-0.9338109493255615,0.2753192186355591,0.0000000000000000,1.0000000000000000,-0.0000000437113883,-0.0000000401082616,0.9338109493255615,0.0000000156384843,0.3577668070793152,0.6621837615966797,0.0000000000000000,0.0000000000000000,0.0000000000000000,1.0000000000000000
M 0.3447322845458984,-0.0000000410319245,-0.9387010335922241,0.2734364271163940,0.0000000000000000,1.0000000000000000,-0.0000000437113883,-0.0000000401082616,0.9387010335922241,0.0000000150687267,0.3447322845458984,0.6707893013954163,0.0000000000000000,0.0000000000000000,0.0000000000000000,1.0000000000000000
M 0.3319180607795715,-0.0000000412333137,-0.9433082342147827,0.2714791297912598,0.0000000000000000,1.0000000000000000,-0.0000000437113883,-0.0000000401082616,0.9433082342147827,0.0000000145086014,0.3319180607795715,0.6791805624961853,0.0000000000000000,0.0000000000000000,0.0000000000000000,1.0000000000000000
M 0.3193403184413910,-0.0000000414226662,-0.9476401209831238,0.2694568634033203,0.0000000000000000,1.0000000000000000,-0.0000000437113883,-0.0000000401082616,0.9476401209831238,0.0000000139588083,0.3193403184413910,0.6873515844345093,0.0000000000000000,0.0000000000000000,0.0000000000000000,1.0000000000000000
M 0.3070154488086700,-0.0000000416003267,-0.9517045617103577,0.2673794031143188,0.0000000000000000,1.0000000000000000,-0.0000000437113883,-0.0000000401082616,0.9517045617103577,0.0000000134200713,0.3070154488086700,0.6952962875366211,0.0000000000000000,0.0000000000000000,0.0000000000000000,1.0000000000000000
M 0.2949590682983398,-0.0000000417666719,-0.9555099010467529,0.2652565836906433,0.0000000000000000,1.0000000000000000,-0.0000000437113883,-0.0000000401082616,0.9555099010467529,0.0000000128930724,0.2949590682983398,0.7030093669891357,0.0000000000000000,0.0000000000000000,0.0000000000000000,1.0000000000000000
M 0.2831871211528778,-0.0000000419220463,-0.9590646624565125,0.2630985081195831,0.0000000000000000,1.0000000000000000,-0.0000000437113883,-0.0000000401082616,0.9590646624565125,0.0000000123785018,0.2831871211528778,0.7104851603507996,0.0000000000000000,0.0000000000000000,0.0000000000000000,1.0000000000000000
M 0.2717148363590240,-0.0000000420668620,-0.9623777866363525,0.2609149515628815,0.0000000000000000,1.0000000000000000,-0.0000000437113883,-0.0000000401082616,0.9623777866363525,0.0000000118770327,0.2717148363590240,0.7177186608314514,0.0000000000000000,0.0000000000000000,0.0000000000000000,1.0000000000000000
M 0.2605574727058411,-0.0000000422015241,-0.9654583334922791,0.2587161660194397,0.0000000000000000,1.0000000000000000,-0.0000000437113883,-0.0000000401082616,0.9654583334922791,0.0000000113893286,0.2605574727058411,0.7247049808502197,0.0000000000000000,0.0000000000000000,0.0000000000000000,1.0000000000000000
M 0.2497294396162033,-0.0000000423264304,-0.9683156609535217,0.2565119862556458,0.0000000000000000,1.0000000000000000,-0.0000000437113883,-0.0000000401082616,0.9683156609535217,0.0000000109160201,0.2497294396162033,0.7314395308494568,0.0000000000000000,0.0000000000000000,0.0000000000000000,1.0000000000000000
M 0.2392461597919464,-0.0000000424419717,-0.9709589481353760,0.2543125748634338,0.0000000000000000,1.0000000000000000,-0.0000000437113883,-0.0000000401082616,0.9709589481353760,0.0000000104577822,0.2392461597919464,0.7379174232482910,0.0000000000000000,0.0000000000000000,0.0000000000000000,1.0000000000000000
M 0.2291213274002075,-0.0000000425485709,-0.9733978509902954,0.2521278560161591,0.0000000000000000,1.0000000000000000,-0.0000000437113883,-0.0000000401082616,0.9733978509902954,0.0000000100152109,0.2291213274002075,0.7441346049308777,0.0000000000000000,0.0000000000000000,0.0000000000000000,1.0000000000000000
M 0.2193692028522491,-0.0000000426466613,-0.9756419062614441,0.2499677240848541,0.0000000000000000,1.0000000000000000,-0.0000000437113883,-0.0000000401082616,0.9756419062614441,0.0000000095889323,0.2193692028522491,0.7500868439674377,0.0000000000000000,0.0000000000000000,0.0000000000000000,1.0000000000000000
M 0.2100035250186920,-0.0000000427366587,-0.9777006506919861,0.2478419542312622,0.0000000000000000,1.0000000000000000,-0.0000000437113883,-0.0000000401082616,0.9777006506919861,0.0000000091795460,0.2100035250186920,0.7557700276374817,0.0000000000000000,0.0000000000000000,0.0000000000000000,1.0000000000000000
M 0.2010380029678345,-0.0000000428189537,-0.9795834422111511,0.2457602918148041,0.0000000000000000,1.0000000000000000,-0.0000000437113883,-0.0000000401082616,0.9795834422111511,0.0000000087876506,0.2010380029678345,0.7611801624298096,0.0000000000000000,0.0000000000000000,0.0000000000000000,1.0000000000000000
M 0.1924858987331390,-0.0000000428939835,-0.9812997579574585,0.2437323331832886,0.0000000000000000,1.0000000000000000,-0.0000000437113883,-0.0000000401082616,0.9812997579574585,0.0000000084138270,0.1924858987331390,0.7663134336471558,0.0000000000000000,0.0000000000000000,0.0000000000000000,1.0000000000000000
M 0.1843600422143936,-0.0000000429621210,-0.9828587770462036,0.2417672723531723,0.0000000000000000,1.0000000000000000,-0.0000000437113883,-0.0000000401082616,0.9828587770462036,0.0000000080586338,0.1843600422143936,0.7711662054061890,0.0000000000000000,0.0000000000000000,0.0000000000000000,1.0000000000000000
M 0.1766736805438995,-0.0000000430237854,-0.9842694997787476,0.2398745566606522,0.0000000000000000,1.0000000000000000,-0.0000000437113883,-0.0000000401082616,0.9842694997787476,0.0000000077226519,0.1766736805438995,0.7757345438003540,0.0000000000000000,0.0000000000000000,0.0000000000000000,1.0000000000000000
M 0.1694386303424835,-0.0000000430793534,-0.9855407476425171,0.2380628287792206,0.0000000000000000,1.0000000000000000,-0.0000000437113883,-0.0000000401082616,0.9855407476425171,0.0000000074063977,0.1694386303424835,0.7800151705741882,0.0000000000000000,0.0000000000000000,0.0000000000000000,1.0000000000000000
M 0.1626682132482529,-0.0000000431291873,-0.9866808056831360,0.2363411337137222,0.0000000000000000,1.0000000000000000,-0.0000000437113883,-0.0000000401082616,0.9866808056831360,0.0000000071104536,0.1626682132482529,0.7840038537979126,0.0000000000000000,0.0000000000000000,0.0000000000000000,1.0000000000000000
M 0.1563738435506821,-0.0000000431736495,-0.9876979589462280,0.2347178310155869,0.0000000000000000,1.0000000000000000,-0.0000000437113883,-0.0000000401082616,0.9876979589462280,0.0000000068353176,0.1563738435506821,0.7876973748207092,0.0000000000000000,0.0000000000000000,0.0000000000000000,1.0000000000000000
M 0.1505678743124008,-0.0000000432130633,-0.9885996580123901,0.2332010716199875,0.0000000000000000,1.0000000000000000,-0.0000000437113883,-0.0000000401082616,0.9885996580123901,0.0000000065815309,0.1505678743124008,0.7910917401313782,0.0000000000000000,0.0000000000000000,0.0000000000000000,1.0000000000000000
M 0.1452620029449463,-0.0000000432477520,-0.9893932342529297,0.2317987531423569,0.0000000000000000,1.0000000000000000,-0.0000000437113883,-0.0000000401082616,0.9893932342529297,0.0000000063496048,0.1452620029449463,0.7941832542419434,0.0000000000000000,0.0000000000000000,0.0000000000000000,1.0000000000000000
M 0.1404675096273422,-0.0000000432780105,-0.9900853037834167,0.2305182963609695,0.0000000000000000,1.0000000000000000,-0.0000000437113883,-0.0000000401082616,0.9900853037834167,0.0000000061400298,0.1404675096273422,0.7969682812690735,0.0000000000000000,0.0000000000000000,0.0000000000000000,1.0000000000000000
M 0.1361964643001556,-0.0000000433040768,-0.9906818270683289,0.2293670326471329,0.0000000000000000,1.0000000000000000,-0.0000000437113883,-0.0000000401082616,0.9906818270683289,0.0000000059533374,0.1361964643001556,0.7994422912597656,0.0000000000000000,0.0000000000000000,0.0000000000000000,1.0000000000000000
M 0.1324591040611267,-0.0000000433262244,-0.9911884665489197,0.2283514887094498,0.0000000000000000,1.0000000000000000,-0.0000000437113883,-0.0000000401082616,0.9911884665489197,0.0000000057899721,0.1324591040611267,0.8016019463539124,0.0000000000000000,0.0000000000000000,0.0000000000000000,1.0000000000000000
M 0.1292676478624344,-0.0000000433446381,-0.9916097521781921,0.2274782508611679,0.0000000000000000,1.0000000000000000,-0.0000000437113883,-0.0000000401082616,0.9916097521781921,0.0000000056504676,0.1292676478624344,0.8034421801567078,0.0000000000000000,0.0000000000000000,0.0000000000000000,1.0000000000000000
M 0.1266325563192368,-0.0000000433594991,-0.9919496774673462,0.2267529815435410,0.0000000000000000,1.0000000000000000,-0.0000000437113883,-0.0000000401082616,0.9919496774673462,0.0000000055352847,0.1266325563192368,0.8049589395523071,0.0000000000000000,0.0000000000000000,0.0000000000000000,1.0000000000000000
M 0.1245643347501755,-0.0000000433709424,-0.9922115206718445,0.2261811345815659,0.0000000000000000,1.0000000000000000,-0.0000000437113883,-0.0000000401082616,0.9922115206718445,0.0000000054448801,0.1245643347501755,0.8061476945877075,0.0000000000000000,0.0000000000000000,0.0000000000000000,1.0000000000000000
M 0.1230740919709206,-0.0000000433790710,-0.9923974871635437,0.2257676869630814,0.0000000000000000,1.0000000000000000,-0.0000000437113883,-0.0000000401082616,0.9923974871635437,0.0000000053797393,0.1230740919709206,0.8070033192634583,0.0000000000000000,0.0000000000000000,0.0000000000000000,1.0000000000000000
M 0.1221725717186928,-0.0000000433839418,-0.9925088882446289,0.2255169302225113,0.0000000000000000,1.0000000000000000,-0.0000000437113883,-0.0000000401082616,0.9925088882446289,0.0000000053403326,0.1221725717186928,0.8075205683708191,0.0000000000000000,0.0000000000000000,0.0000000000000000,1.0000000000000000
M 0.1218693256378174,-0.0000000433855689,-0.9925461411476135,0.2254325300455093,0.0000000000000000,1.0000000000000000,-0.0000000437113883,-0.0000000401082616,0.9925461411476135,0.0000000053270774,0.1218693256378174,0.8076944351196289,0.0000000000000000,0.0000000000000000,0.0000000000000000,1.0000000000000000
O DOOR_1_INTERIOR_LCG_il_LINVERT_NOTOUCH_2
A DOOR_1_INTERIOR_LCG_il_LINVERT_NOTOUCH_2_DOOR_1_INTERIOR_LCG_il_LINVERT_NOTOUCH_2
M 1.0000000000000000,0.0000000000000000,0.0000000000000000,0.0000000000000000,0.0000000000000000,1.0000000000000000,-0.0000000437113883,-0.0000000401082616,-0.0000000000000000,0.0000000437113883,1.0000000000000000,-0.0000000213621121,0.0000000000000000,0.0000000000000000,0.0000000000000000,1.0000000000000000
M 0.9999999403953552,-0.0000000000133394,-0.0003051708044950,0.0001620921102585,0.0000000000000000,1.0000000000000000,-0.0000000437113883,-0.0000000401082616,0.0003051708044950,0.0000000437113847,0.9999999403953552,0.0001049407073879,0.0000000000000000,0.0000000000000000,0.0000000000000000,1.0000000000000000
M 0.9999992847442627,-0.0000000000530571,-0.0012138058664277,0.0006445956532843,0.0000000000000000,1.0000000000000000,-0.0000000437113883,-0.0000000401082616,0.0012138058664277,0.0000000437113563,0.9999992847442627,0.0004175820213277,0.0000000000000000,0.0000000000000000,0.0000000000000000,1.0000000000000000
M 0.9999963045120239,-0.0000000001187021,-0.0027155869174749,0.0014413734897971,0.0000000000000000,1.0000000000000000,-0.0000000437113883,-0.0000000401082616,0.0027155869174749,0.0000000437112284,0.9999963045120239,0.0009354286012240,0.0000000000000000,0.0000000000000000,0.0000000000000000,1.0000000000000000
M 0.9999884963035583,-0.0000000002098229,-0.0048001892864704,0.0025461358018219,0.0000000000000000,1.0000000000000000,-0.0000000437113883,-0.0000000401082616,0.0048001892864704,0.0000000437108909,0.9999884963035583,0.0016561829252169,0.0000000000000000,0.0000000000000000,0.0000000000000000,1.0000000000000000
M 0.9999721646308899,-0.0000000003259678,-0.0074572735466063,0.0039521087892354,0.0000000000000000,1.0000000000000000,-0.0000000437113883,-0.0000000401082616,0.0074572735466063,0.0000000437101733,0.9999721646308899,0.0025781982112676,0.0000000000000000,0.0000000000000000,0.0000000000000000,1.0000000000000000
M 0.9999430179595947,-0.0000000004666836,-0.0106764761731029,0.0056522954255342,0.0000000000000000,1.0000000000000000,-0.0000000437113883,-0.0000000401082616,0.0106764761731029,0.0000000437089049,0.9999430179595947,0.0037002963945270,0.0000000000000000,0.0000000000000000,0.0000000000000000,1.0000000000000000
M 0.9998956322669983,-0.0000000006315159,-0.0144473994150758,0.0076392958872020,0.0000000000000000,1.0000000000000000,-0.0000000437113883,-0.0000000401082616,0.0144473994150758,0.0000000437068266,0.9998956322669983,0.0050217043608427,0.0000000000000000,0.0000000000000000,0.0000000000000000,1.0000000000000000
