O DOOR_3_Arm_INTERIOR_LCG_il_LINVERT
A DOOR_3_Arm_INTERIOR_LCG_il_LINVERT_DOOR_3_Arm_INTERIOR_LCG_il_LINVERT
M 1.0000000000000000,0.0000000000000000,0.0000000000000000,0.0000000000000000,0.0000000000000000,1.0000000000000000,-0.0000000437113883,0.0000000201196926,-0.0000000000000000,0.0000000437113883,1.0000000000000000,-0.0000000338452892,0.0000000000000000,0.0000000000000000,0.0000000000000000,1.0000000000000000
M 0.9999984502792358,-0.0000000000776417,-0.0017762349452823,0.0023179238196462,0.0000000000000000,1.0000000000000000,-0.0000000437113883,0.0000000201196926,0.0017762349452823,0.0000000437113279,0.9999984502792358,0.0147636104375124,0.0000000000000000,0.0000000000000000,0.0000000000000000,1.0000000000000000
M 0.9999757409095764,-0.0000000003043532,-0.0069627882912755,0.0089373048394918,0.0000000000000000,1.0000000000000000,-0.0000000437113883,0.0000000201196926,0.0069627882912755,0.0000000437103296,0.9999757409095764,0.0578968971967697,0.0000000000000000,0.0000000000000000,0.0000000000000000,1.0000000000000000
M 0.9998822212219238,-0.0000000006707983,-0.0153460754081607,0.0191629678010941,0.0000000000000000,1.0000000000000000,-0.0000000437113883,0.0000000201196926,0.0153460754081607,0.0000000437062404,0.9998822212219238,0.1276900172233582,0.0000000000000000,0.0000000000000000,0.0000000000000000,1.0000000000000000
M 0.9996432065963745,-0.0000000011675928,-0.0267114099115133,0.0320932529866695,0.0000000000000000,1.0000000000000000,-0.0000000437113883,0.0000000201196926,0.0267114099115133,0.0000000436957990,0.9996432065963745,0.2224566638469696,0.0000000000000000,0.0000000000000000,0.0000000000000000,1.0000000000000000
M 0.9991655945777893,-0.0000000017852629,-0.0408420562744141,0.0466702729463577,0.0000000000000000,1.0000000000000000,-0.0000000437113883,0.0000000201196926,0.0408420562744141,0.0000000436749161,0.9991655945777893,0.3405180573463440,0.0000000000000000,0.0000000000000000,0.0000000000000000,1.0000000000000000
M 0.9983444809913635,-0.0000000025142037,-0.0575182661414146,0.0617329962551594,0.0000000000000000,1.0000000000000000,-0.0000000437113883,0.0000000201196926,0.0575182661414146,0.0000000436390231,0.9983444809913635,0.4801853895187378,0.0000000000000000,0.0000000000000000,0.0000000000000000,1.0000000000000000
M 0.9970683455467224,-0.0000000033446386,-0.0765164121985435,0.0760628506541252,0.0000000000000000,1.0000000000000000,-0.0000000437113883,0.0000000201196926,0.0765164121985435,0.0000000435832419,0.9970683455467224,0.6397466659545898,0.0000000000000000,0.0000000000000000,0.0000000000000000,1.0000000000000000
M 0.9952248930931091,-0.0000000042665969,-0.0976083502173424,0.0884248539805412,0.0000000000000000,1.0000000000000000,-0.0000000437113883,0.0000000201196926,0.0976083502173424,0.0000000435026628,0.9952248930931091,0.8174532651901245,0.0000000000000000,0.0000000000000000,0.0000000000000000,1.0000000000000000
M 0.9927059412002563,-0.0000000052698921,-0.1205610781908035,0.0976157858967781,0.0000000000000000,1.0000000000000000,-0.0000000437113883,0.0000000201196926,0.1205610781908035,0.0000000433925607,0.9927059412002563,1.0115109682083130,0.0000000000000000,0.0000000000000000,0.0000000000000000,1.0000000000000000
M 0.9894115924835205,-0.0000000063441359,-0.1451368927955627,0.1024929881095886,0.0000000000000000,1.0000000000000000,-0.0000000437113883,0.0000000201196926,0.1451368927955627,0.0000000432485550,0.9894115924835205,1.2200748920440674,0.0000000000000000,0.0000000000000000,0.0000000000000000,1.0000000000000000
M 0.9852547645568848,-0.0000000074787430,-0.1710936874151230,0.1020149141550064,0.0000000000000000,1.0000000000000000,-0.0000000437113883,0.0000000201196926,0.1710936874151230,0.0000000430668550,0.9852547645568848,1.4412478208541870,0.0000000000000000,0.0000000000000000,0.0000000000000000,1.0000000000000000
M 0.9801644682884216,-0.0000000086629806,-0.1981858909130096,0.0952698439359665,0.0000000000000000,1.0000000000000000,-0.0000000437113883,0.0000000201196926,0.1981858909130096,0.0000000428443556,0.9801644682884216,1.6730818748474121,0.0000000000000000,0.0000000000000000,0.0000000000000000,1.0000000000000000
M 0.9740887880325317,-0.0000000098860236,-0.2261658459901810,0.0814997628331184,0.0000000000000000,1.0000000000000000,-0.0000000437113883,0.0000000201196926,0.2261658459901810,0.0000000425787725,0.9740887880325317,1.9135869741439819,0.0000000000000000,0.0000000000000000,0.0000000000000000,1.0000000000000000
M 0.9669977426528931,-0.0000000111370024,-0.2547848820686340,0.0601313188672066,0.0000000000000000,1.0000000000000000,-0.0000000437113883,0.0000000201196926,0.2547848820686340,0.0000000422688125,0.9669977426528931,2.1607356071472168,0.0000000000000000,0.0000000000000000,0.0000000000000000,1.0000000000000000
M 0.9588847756385803,-0.0000000124050992,-0.2837955951690674,0.0307835396379232,0.0000000000000000,1.0000000000000000,-0.0000000437113883,0.0000000201196926,0.2837955951690674,0.0000000419141841,0.9588847756385803,2.4124808311462402,0.0000000000000000,0.0000000000000000,0.0000000000000000,1.0000000000000000
M 0.9497683644294739,-0.0000000136796441,-0.3129537701606750,-0.0067101386375725,0.0000000000000000,1.0000000000000000,-0.0000000437113883,0.0000000201196926,0.3129537701606750,0.0000000415157011,0.9497683644294739,2.6667685508728027,0.0000000000000000,0.0000000000000000,0.0000000000000000,1.0000000000000000
M 0.9396926164627075,-0.0000000149501744,-0.3420201241970062,-0.0522970259189606,0.0000000000000000,1.0000000000000000,-0.0000000437113883,0.0000000201196926,0.3420201241970062,0.0000000410752676,0.9396926164627075,2.9215524196624756,0.0000000000000000,0.0000000000000000,0.0000000000000000,1.0000000000000000
M 0.9287276268005371,-0.0000000162065579,-0.3707627952098846,-0.1056982874870300,0.0000000000000000,1.0000000000000000,-0.0000000437113883,0.0000000201196926,0.3707627952098846,0.0000000405959817,0.9287276268005371,3.1748130321502686,0.0000000000000000,0.0000000000000000,0.0000000000000000,1.0000000000000000
M 0.9169687032699585,-0.0000000174390600,-0.3989591896533966,-0.1664150059223175,0.0000000000000000,1.0000000000000000,-0.0000000437113883,0.0000000201196926,0.3989591896533966,0.0000000400819822,0.9169687032699585,3.4245762825012207,0.0000000000000000,0.0000000000000000,0.0000000000000000,1.0000000000000000
M 0.9045358300209045,-0.0000000186384312,-0.4263976216316223,-0.2337274849414825,0.0000000000000000,1.0000000000000000,-0.0000000437113883,0.0000000201196926,0.4263976216316223,0.0000000395385165,0.9045358300209045,3.6689245700836182,0.0000000000000000,0.0000000000000000,0.0000000000000000,1.0000000000000000
M 0.8915719389915466,-0.0000000197959746,-0.4528791010379791,-0.3067090213298798,0.0000000000000000,1.0000000000000000,-0.0000000437113883,0.0000000201196926,0.4528791010379791,0.0000000389718480,0.8915719389915466,3.9060168266296387,0.0000000000000000,0.0000000000000000,0.0000000000000000,1.0000000000000000
M 0.8782410025596619,-0.0000000209035864,-0.4782183170318604,-0.3842401206493378,0.0000000000000000,1.0000000000000000,-0.0000000437113883,0.0000000201196926,0.4782183170318604,0.0000000383891390,0.8782410025596619,4.1340980529785156,0.0000000000000000,0.0000000000000000,0.0000000000000000,1.0000000000000000
M 0.8647258877754211,-0.0000000219537881,-0.5022441148757935,-0.4650261700153351,0.0000000000000000,1.0000000000000000,-0.0000000437113883,0.0000000201196926,0.5022441148757935,0.0000000377983689,0.8647258877754211,4.3515057563781738,0.0000000000000000,0.0000000000000000,0.0000000000000000,1.0000000000000000
M 0.8512254953384399,-0.0000000229397461,-0.5248001217842102,-0.5476183295249939,0.0000000000000000,1.0000000000000000,-0.0000000437113883,0.0000000201196926,0.5248001217842102,0.0000000372082560,0.8512254953384399,4.5566792488098145,0.0000000000000000,0.0000000000000000,0.0000000000000000,1.0000000000000000
M 0.8379520773887634,-0.0000000238552200,-0.5457438230514526,-0.6304406523704529,0.0000000000000000,1.0000000000000000,-0.0000000437113883,0.0000000201196926,0.5457438230514526,0.0000000366280482,0.8379520773887634,4.7481555938720703,0.0000000000000000,0.0000000000000000,0.0000000000000000,1.0000000000000000
M 0.8251278996467590,-0.0000000246945717,-0.5649459362030029,-0.7118151187896729,0.0000000000000000,1.0000000000000000,-0.0000000437113883,0.0000000201196926,0.5649459362030029,0.0000000360674868,0.8251278996467590,4.9245686531066895,0.0000000000000000,0.0000000000000000,0.0000000000000000,1.0000000000000000
M 0.8129824995994568,-0.0000000254526231,-0.5822881460189819,-0.7899892926216125,0.0000000000000000,1.0000000000000000,-0.0000000437113883,0.0000000201196926,0.5822881460189819,0.0000000355365941,0.8129824995994568,5.0846338272094727,0.0000000000000000,0.0000000000000000,0.0000000000000000,1.0000000000000000
M 0.8017482757568359,-0.0000000261246331,-0.5976618528366089,-0.8631753325462341,0.0000000000000000,1.0000000000000000,-0.0000000437113883,0.0000000201196926,0.5976618528366089,0.0000000350455309,0.8017482757568359,5.2271432876586914,0.0000000000000000,0.0000000000000000,0.0000000000000000,1.0000000000000000
M 0.7916581034660339,-0.0000000267061004,-0.6109643578529358,-0.9295712113380432,0.0000000000000000,1.0000000000000000,-0.0000000437113883,0.0000000201196926,0.6109643578529358,0.0000000346044757,0.7916581034660339,5.3509387969970703,0.0000000000000000,0.0000000000000000,0.0000000000000000,1.0000000000000000
M 0.7829409241676331,-0.0000000271926854,-0.6220960617065430,-0.9874064326286316,0.0000000000000000,1.0000000000000000,-0.0000000437113883,0.0000000201196926,0.6220960617065430,0.0000000342234330,0.7829409241676331,5.4548912048339844,0.0000000000000000,0.0000000000000000,0.0000000000000000,1.0000000000000000
M 0.7758184671401978,-0.0000000275799739,-0.6309561729431152,-1.0349698066711426,0.0000000000000000,1.0000000000000000,-0.0000000437113883,0.0000000201196926,0.6309561729431152,0.0000000339121016,0.7758184671401978,5.5378727912902832,0.0000000000000000,0.0000000000000000,0.0000000000000000,1.0000000000000000
M 0.7705014944076538,-0.0000000278633081,-0.6374381780624390,-1.0706493854522705,0.0000000000000000,1.0000000000000000,-0.0000000437113883,0.0000000201196926,0.6374381780624390,0.0000000336796901,0.7705014944076538,5.5987200736999512,0.0000000000000000,0.0000000000000000,0.0000000000000000,1.0000000000000000
M 0.7671849727630615,-0.0000000280376167,-0.6414259076118469,-1.0929782390594482,0.0000000000000000,1.0000000000000000,-0.0000000437113883,0.0000000201196926,0.6414259076118469,0.0000000335347217,0.7671849727630615,5.6362137794494629,0.0000000000000000,0.0000000000000000,0.0000000000000000,1.0000000000000000
M 0.7660444378852844,-0.0000000280971371,-0.6427875757217407,-1.1006696224212646,0.0000000000000000,1.0000000000000000,-0.0000000437113883,0.0000000201196926,0.6427875757217407,0.0000000334848664,0.7660444378852844,5.6490268707275391,0.0000000000000000,0.0000000000000000,0.0000000000000000,1.0000000000000000
M 0.7660444378852844,-0.0000000280971371,-0.6427875757217407,-1.1006696224212646,0.0000000000000000,1.0000000000000000,-0.0000000437113883,0.0000000201196926,0.6427875757217407,0.0000000334848664,0.7660444378852844,5.6490268707275391,0.0000000000000000,0.0000000000000000,0.0000000000000000,1.0000000000000000
M 0.7660444378852844,-0.0000000280971371,-0.6427875757217407,-1.1006696224212646,0.0000000000000000,1.0000000000000000,-0.0000000437113883,0.0000000201196926,0.6427875757217407,0.0000000334848664,0.7660444378852844,5.6490268707275391,0.0000000000000000,0.0000000000000000,0.0000000000000000,1.0000000000000000
M 0.7660444378852844,-0.0000000280971371,-0.6427875757217407,-1.1006696224212646,0.0000000000000000,1.0000000000000000,-0.0000000437113883,0.0000000201196926,0.6427875757217407,0.0000000334848664,0.7660444378852844,5.6490268707275391,0.0000000000000000,0.0000000000000000,0.0000000000000000,1.0000000000000000
M 0.7660444378852844,-0.0000000280971371,-0.6427875757217407,-1.1006696224212646,0.0000000000000000,1.0000000000000000,-0.0000000437113883,0.0000000201196926,0.6427875757217407,0.0000000334848664,0.7660444378852844,5.6490268707275391,0.0000000000000000,0.0000000000000000,0.0000000000000000,1.0000000000000000
M 0.7660444378852844,-0.0000000280971371,-0.6427875757217407,-1.1006696224212646,0.0000000000000000,1.0000000000000000,-0.0000000437113883,0.0000000201196926,0.6427875757217407,0.0000000334848664,0.7660444378852844,5.6490268707275391,0.0000000000000000,0.0000000000000000,0.0000000000000000,1.0000000000000000
M 0.7660444378852844,-0.0000000280971371,-0.6427875757217407,-1.1006696224212646,0.0000000000000000,1.0000000000000000,-0.0000000437113883,0.0000000201196926,0.6427875757217407,0.0000000334848664,0.7660444378852844,5.6490268707275391,0.0000000000000000,0.0000000000000000,0.0000000000000000,1.0000000000000000
M 0.7660444378852844,-0.0000000280971371,-0.6427875757217407,-1.1006696224212646,0.0000000000000000,1.0000000000000000,-0.0000000437113883,0.0000000201196926,0.6427875757217407,0.0000000334848664,0.7660444378852844,5.6490268707275391,0.0000000000000000,0.0000000000000000,0.0000000000000000,1.0000000000000000
M 0.7660444378852844,-0.0000000280971371,-0.6427875757217407,-1.1006696224212646,0.0000000000000000,1.0000000000000000,-0.0000000437113883,0.0000000201196926,0.6427875757217407,0.0000000334848664,0.7660444378852844,5.6490268707275391,0.0000000000000000,0.0000000000000000,0.0000000000000000,1.0000000000000000
M 0.7660444378852844,-0.0000000280971371,-0.6427875757217407,-1.1006696224212646,0.0000000000000000,1.0000000000000000,-0.0000000437113883,0.0000000201196926,0.6427875757217407,0.0000000334848664,0.7660444378852844,5.6490268707275391,0.0000000000000000,0.0000000000000000,0.0000000000000000,1.0000000000000000
M 0.7660444378852844,-0.0000000280971371,-0.6427875757217407,-1.1006696224212646,0.0000000000000000,1.0000000000000000,-0.0000000437113883,0.0000000201196926,0.6427875757217407,0.0000000334848664,0.7660444378852844,5.6490268707275391,0.0000000000000000,0.0000000000000000,0.0000000000000000,1.0000000000000000
M 0.7660444378852844,-0.0000000280971371,-0.6427875757217407,-1.1006696224212646,0.0000000000000000,1.0000000000000000,-0.0000000437113883,0.0000000201196926,0.6427875757217407,0.0000000334848664,0.7660444378852844,5.6490268707275391,0.0000000000000000,0.0000000000000000,0.0000000000000000,1.0000000000000000
M 0.7660444378852844,-0.0000000280971371,-0.6427875757217407,-1.1006696224212646,0.0000000000000000,1.0000000000000000,-0.0000000437113883,0.0000000201196926,0.6427875757217407,0.0000000334848664,0.7660444378852844,5.6490268707275391,0.0000000000000000,0.0000000000000000,0.0000000000000000,1.0000000000000000
M 0.7660444378852844,-0.0000000280971371,-0.6427875757217407,-1.1006696224212646,0.0000000000000000,1.0000000000000000,-0.0000000437113883,0.0000000201196926,0.6427875757217407,0.0000000334848664,0.7660444378852844,5.6490268707275391,0.0000000000000000,0.0000000000000000,0.0000000000000000,1.0000000000000000
M 0.7660444378852844,-0.0000000280971371,-0.6427875757217407,-1.1006696224212646,0.0000000000000000,1.0000000000000000,-0.0000000437113883,0.0000000201196926,0.6427875757217407,0.0000000334848664,0.7660444378852844,5.6490268707275391,0.0000000000000000,0.0000000000000000,0.0000000000000000,1.0000000000000000
M 0.7660444378852844,-0.0000000280971371,-0.6427875757217407,-1.1006696224212646,0.0000000000000000,1.0000000000000000,-0.0000000437113883,0.0000000201196926,0.6427875757217407,0.0000000334848664,0.7660444378852844,5.6490268707275391,0.0000000000000000,0.0000000000000000,0.0000000000000000,1.0000000000000000
M 0.7660444378852844,-0.0000000280971371,-0.6427875757217407,-1.1006696224212646,0.0000000000000000,1.0000000000000000,-0.0000000437113883,0.0000000201196926,0.6427875757217407,0.0000000334848664,0.7660444378852844,5.6490268707275391,0.0000000000000000,0.0000000000000000,0.0000000000000000,1.0000000000000000
M 0.7660444378852844,-0.0000000280971371,-0.6427875757217407,-1.1006696224212646,0.0000000000000000,1.0000000000000000,-0.0000000437113883,0.0000000201196926,0.6427875757217407,0.0000000334848664,0.7660444378852844,5.6490268707275391,0.0000000000000000,0.0000000000000000,0.0000000000000000,1.0000000000000000
M 0.7660444378852844,-0.0000000280971371,-0.6427875757217407,-1.1006696224212646,0.0000000000000000,1.0000000000000000,-0.0000000437113883,0.0000000201196926,0.6427875757217407,0.0000000334848664,0.7660444378852844,5.6490268707275391,0.0000000000000000,0.0000000000000000,0.0000000000000000,1.0000000000000000
M 0.7660444378852844,-0.0000000280971371,-0.6427875757217407,-1.1006696224212646,0.0000000000000000,1.0000000000000000,-0.0000000437113883,0.0000000201196926,0.6427875757217407,0.0000000334848664,0.7660444378852844,5.6490268707275391,0.0000000000000000,0.0000000000000000,0.0000000000000000,1.0000000000000000
M 0.7660444378852844,-0.0000000280971371,-0.6427875757217407,-1.1006696224212646,0.0000000000000000,1.0000000000000000,-0.0000000437113883,0.0000000201196926,0.6427875757217407,0.0000000334848664,0.7660444378852844,5.6490268707275391,0.0000000000000000,0.0000000000000000,0.0000000000000000,1.0000000000000000
M 0.7660444378852844,-0.0000000280971371,-0.6427875757217407,-1.1006696224212646,0.0000000000000000,1.0000000000000000,-0.0000000437113883,0.0000000201196926,0.6427875757217407,0.0000000334848664,0.7660444378852844,5.6490268707275391,0.0000000000000000,0.0000000000000000,0.0000000000000000,1.0000000000000000
M 0.7660444378852844,-0.0000000280971371,-0.6427875757217407,-1.1006696224212646,0.0000000000000000,1.0000000000000000,-0.0000000437113883,0.0000000201196926,0.6427875757217407,0.0000000334848664,0.7660444378852844,5.6490268707275391,0.0000000000000000,0.0000000000000000,0.0000000000000000,1.0000000000000000
M 0.7660444378852844,-0.0000000280971371,-0.6427875757217407,-1.1006696224212646,0.0000000000000000,1.0000000000000000,-0.0000000437113883,0.0000000201196926,0.6427875757217407,0.0000000334848664,0.7660444378852844,5.6490268707275391,0.0000000000000000,0.0000000000000000,0.0000000000000000,1.0000000000000000
M 0.7660444378852844,-0.0000000280971371,-0.6427875757217407,-1.1006696224212646,0.0000000000000000,1.0000000000000000,-0.0000000437113883,0.0000000201196926,0.6427875757217407,0.0000000334848664,0.7660444378852844,5.6490268707275391,0.0000000000000000,0.0000000000000000,0.0000000000000000,1.0000000000000000
M 0.7660444378852844,-0.0000000280971371,-0.6427875757217407,-1.1006696224212646,0.0000000000000000,1.0000000000000000,-0.0000000437113883,0.0000000201196926,0.6427875757217407,0.0000000334848664,0.7660444378852844,5.6490268707275391,0.0000000000000000,0.0000000000000000,0.0000000000000000,1.0000000000000000
M 0.7660444378852844,-0.0000000280971371,-0.6427875757217407,-1.1006696224212646,0.0000000000000000,1.0000000000000000,-0.0000000437113883,0.0000000201196926,0.6427875757217407,0.0000000334848664,0.7660444378852844,5.6490268707275391,0.0000000000000000,0.0000000000000000,0.0000000000000000,1.0000000000000000
M 0.7660444378852844,-0.0000000280971371,-0.6427875757217407,-1.1006696224212646,0.0000000000000000,1.0000000000000000,-0.0000000437113883,0.0000000201196926,0.6427875757217407,0.0000000334848664,0.7660444378852844,5.6490268707275391,0.0000000000000000,0.0000000000000000,0.0000000000000000,1.0000000000000000
M 0.7660444378852844,-0.0000000280971371,-0.6427875757217407,-1.1006696224212646,0.0000000000000000,1.0000000000000000,-0.0000000437113883,0.0000000201196926,0.6427875757217407,0.0000000334848664,0.7660444378852844,5.6490268707275391,0.0000000000000000,0.0000000000000000,0.0000000000000000,1.0000000000000000
M 0.7660444378852844,-0.0000000280971371,-0.6427875757217407,-1.1006696224212646,0.0000000000000000,1.0000000000000000,-0.0000000437113883,0.0000000201196926,0.6427875757217407,0.0000000334848664,0.7660444378852844,5.6490268707275391,0.0000000000000000,0.0000000000000000,0.0000000000000000,1.0000000000000000
M 0.7660444378852844,-0.0000000280971371,-0.6427875757217407,-1.1006696224212646,0.0000000000000000,1.0000000000000000,-0.0000000437113883,0.0000000201196926,0.6427875757217407,0.0000000334848664,0.7660444378852844,5.6490268707275391,0.0000000000000000,0.0000000000000000,0.0000000000000000,1.0000000000000000
M 0.7660444378852844,-0.0000000280971371,-0.6427875757217407,-1.1006696224212646,0.0000000000000000,1.0000000000000000,-0.0000000437113883,0.0000000201196926,0.6427875757217407,0.0000000334848664,0.7660444378852844,5.6490268707275391,0.0000000000000000,0.0000000000000000,0.0000000000000000,1.0000000000000000
M 0.7660444378852844,-0.0000000280971371,-0.6427875757217407,-1.1006696224212646,0.0000000000000000,1.0000000000000000,-0.0000000437113883,0.0000000201196926,0.6427875757217407,0.0000000334848664,0.7660444378852844,5.6490268707275391,0.0000000000000000,0.0000000000000000,0.0000000000000000,1.0000000000000000
M 0.7660444378852844,-0.0000000280971371,-0.6427875757217407,-1.1006696224212646,0.0000000000000000,1.0000000000000000,-0.0000000437113883,0.0000000201196926,0.6427875757217407,0.0000000334848664,0.7660444378852844,5.6490268707275391,0.0000000000000000,0.0000000000000000,0.0000000000000000,1.0000000000000000
M 0.7660444378852844,-0.0000000280971371,-0.6427875757217407,-1.1006696224212646,0.0000000000000000,1.0000000000000000,-0.0000000437113883,0.0000000201196926,0.6427875757217407,0.0000000334848664,0.7660444378852844,5.6490268707275391,0.0000000000000000,0.0000000000000000,0.0000000000000000,1.0000000000000000
M 0.7660444378852844,-0.0000000280971371,-0.6427875757217407,-1.1006696224212646,0.0000000000000000,1.0000000000000000,-0.0000000437113883,0.0000000201196926,0.6427875757217407,0.0000000334848664,0.7660444378852844,5.6490268707275391,0.0000000000000000,0.0000000000000000,0.0000000000000000,1.0000000000000000
M 0.7660444378852844,-0.0000000280971371,-0.6427875757217407,-1.1006696224212646,0.0000000000000000,1.0000000000000000,-0.0000000437113883,0.0000000201196926,0.6427875757217407,0.0000000334848664,0.7660444378852844,5.6490268707275391,0.0000000000000000,0.0000000000000000,0.0000000000000000,1.0000000000000000
M 0.7660444378852844,-0.0000000280971371,-0.6427875757217407,-1.1006696224212646,0.0000000000000000,1.0000000000000000,-0.0000000437113883,0.0000000201196926,0.6427875757217407,0.0000000334848664,0.7660444378852844,5.6490268707275391,0.0000000000000000,0.0000000000000000,0.0000000000000000,1.0000000000000000
M 0.7660444378852844,-0.0000000280971371,-0.6427875757217407,-1.1006696224212646,0.0000000000000000,1.0000000000000000,-0.0000000437113883,0.0000000201196926,0.6427875757217407,0.0000000334848664,0.7660444378852844,5.6490268707275391,0.0000000000000000,0.0000000000000000,0.0000000000000000,1.0000000000000000
M 0.7660444378852844,-0.0000000280971371,-0.6427875757217407,-1.1006696224212646,0.0000000000000000,1.0000000000000000,-0.0000000437113883,0.0000000201196926,0.6427875757217407,0.0000000334848664,0.7660444378852844,5.6490268707275391,0.0000000000000000,0.0000000000000000,0.0000000000000000,1.0000000000000000
M 0.7660444378852844,-0.0000000280971371,-0.6427875757217407,-1.1006696224212646,0.0000000000000000,1.0000000000000000,-0.0000000437113883,0.0000000201196926,0.6427875757217407,0.0000000334848664,0.7660444378852844,5.6490268707275391,0.0000000000000000,0.0000000000000000,0.0000000000000000,1.0000000000000000
M 0.7660444378852844,-0.0000000280971371,-0.6427875757217407,-1.1006696224212646,0.0000000000000000,1.0000000000000000,-0.0000000437113883,0.0000000201196926,0.6427875757217407,0.0000000334848664,0.7660444378852844,5.6490268707275391,0.0000000000000000,0.0000000000000000,0.0000000000000000,1.0000000000000000
M 0.7660444378852844,-0.0000000280971371,-0.6427875757217407,-1.1006696224212646,0.0000000000000000,1.0000000000000000,-0.0000000437113883,0.0000000201196926,0.6427875757217407,0.0000000334848664,0.7660444378852844,5.6490268707275391,0.0000000000000000,0.0000000000000000,0.0000000000000000,1.0000000000000000
M 0.7660444378852844,-0.0000000280971371,-0.6427875757217407,-1.1006696224212646,0.0000000000000000,1.0000000000000000,-0.0000000437113883,0.0000000201196926,0.6427875757217407,0.0000000334848664,0.7660444378852844,5.6490268707275391,0.0000000000000000,0.0000000000000000,0.0000000000000000,1.0000000000000000
M 0.7660444378852844,-0.0000000280971371,-0.6427875757217407,-1.1006696224212646,0.0000000000000000,1.0000000000000000,-0.0000000437113883,0.0000000201196926,0.6427875757217407,0.0000000334848664,0.7660444378852844,5.6490268707275391,0.0000000000000000,0.0000000000000000,0.0000000000000000,1.0000000000000000
M 0.7660444378852844,-0.0000000280971371,-0.6427875757217407,-1.1006696224212646,0.0000000000000000,1.0000000000000000,-0.0000000437113883,0.0000000201196926,0.6427875757217407,0.0000000334848664,0.7660444378852844,5.6490268707275391,0.0000000000000000,0.0000000000000000,0.0000000000000000,1.0000000000000000
M 0.7660444378852844,-0.0000000280971371,-0.6427875757217407,-1.1006696224212646,0.0000000000000000,1.0000000000000000,-0.0000000437113883,0.0000000201196926,0.6427875757217407,0.0000000334848664,0.7660444378852844,5.6490268707275391,0.0000000000000000,0.0000000000000000,0.0000000000000000,1.0000000000000000
M 0.7660444378852844,-0.0000000280971371,-0.6427875757217407,-1.1006696224212646,0.0000000000000000,1.0000000000000000,-0.0000000437113883,0.0000000201196926,0.6427875757217407,0.0000000334848664,0.7660444378852844,5.6490268707275391,0.0000000000000000,0.0000000000000000,0.0000000000000000,1.0000000000000000
M 0.7660444378852844,-0.0000000280971371,-0.6427875757217407,-1.1006696224212646,0.0000000000000000,1.0000000000000000,-0.0000000437113883,0.0000000201196926,0.6427875757217407,0.0000000334848664,0.7660444378852844,5.6490268707275391,0.0000000000000000,0.0000000000000000,0.0000000000000000,1.0000000000000000
M 0.7660444378852844,-0.0000000280971371,-0.6427875757217407,-1.1006696224212646,0.0000000000000000,1.0000000000000000,-0.0000000437113883,0.0000000201196926,0.6427875757217407,0.0000000334848664,0.7660444378852844,5.6490268707275391,0.0000000000000000,0.0000000000000000,0.0000000000000000,1.0000000000000000
M 0.7660444378852844,-0.0000000280971371,-0.6427875757217407,-1.1006696224212646,0.0000000000000000,1.0000000000000000,-0.0000000437113883,0.0000000201196926,0.6427875757217407,0.0000000334848664,0.7660444378852844,5.6490268707275391,0.0000000000000000,0.0000000000000000,0.0000000000000000,1.0000000000000000
M 0.7660444378852844,-0.0000000280971371,-0.6427875757217407,-1.1006696224212646,0.0000000000000000,1.0000000000000000,-0.0000000437113883,0.0000000201196926,0.6427875757217407,0.0000000334848664,0.7660444378852844,5.6490268707275391,0.0000000000000000,0.0000000000000000,0.0000000000000000,1.0000000000000000
M 0.7660444378852844,-0.0000000280971371,-0.6427875757217407,-1.1006696224212646,0.0000000000000000,1.0000000000000000,-0.0000000437113883,0.0000000201196926,0.6427875757217407,0.0000000334848664,0.7660444378852844,5.6490268707275391,0.0000000000000000,0.0000000000000000,0.0000000000000000,1.0000000000000000
M 0.7660444378852844,-0.0000000280971371,-0.6427875757217407,-1.1006696224212646,0.0000000000000000,1.0000000000000000,-0.0000000437113883,0.0000000201196926,0.6427875757217407,0.0000000334848664,0.7660444378852844,5.6490268707275391,0.0000000000000000,0.0000000000000000,0.0000000000000000,1.0000000000000000
M 0.7660444378852844,-0.0000000280971371,-0.6427875757217407,-1.1006696224212646,0.0000000000000000,1.0000000000000000,-0.0000000437113883,0.0000000201196926,0.6427875757217407,0.0000000334848664,0.7660444378852844,5.6490268707275391,0.0000000000000000,0.0000000000000000,0.0000000000000000,1.0000000000000000
M 0.7660444378852844,-0.0000000280971371,-0.6427875757217407,-1.1006696224212646,0.0000000000000000,1.0000000000000000,-0.0000000437113883,0.0000000201196926,0.6427875757217407,0.0000000334848664,0.7660444378852844,5.6490268707275391,0.0000000000000000,0.0000000000000000,0.0000000000000000,1.0000000000000000
M 0.7660444378852844,-0.0000000280971371,-0.6427875757217407,-1.1006696224212646,0.0000000000000000,1.0000000000000000,-0.0000000437113883,0.0000000201196926,0.6427875757217407,0.0000000334848664,0.7660444378852844,5.6490268707275391,0.0000000000000000,0.0000000000000000,0.0000000000000000,1.0000000000000000
M 0.7660444378852844,-0.0000000280971371,-0.6427875757217407,-1.1006696224212646,0.0000000000000000,1.0000000000000000,-0.0000000437113883,0.0000000201196926,0.6427875757217407,0.0000000334848664,0.7660444378852844,5.6490268707275391,0.0000000000000000,0.0000000000000000,0.0000000000000000,1.0000000000000000
M 0.7660444378852844,-0.0000000280971371,-0.6427875757217407,-1.1006696224212646,0.0000000000000000,1.0000000000000000,-0.0000000437113883,0.0000000201196926,0.6427875757217407,0.0000000334848664,0.7660444378852844,5.6490268707275391,0.0000000000000000,0.0000000000000000,0.0000000000000000,1.0000000000000000
M 0.7660444378852844,-0.0000000280971371,-0.6427875757217407,-1.1006696224212646,0.0000000000000000,1.0000000000000000,-0.0000000437113883,0.0000000201196926,0.6427875757217407,0.0000000334848664,0.7660444378852844,5.6490268707275391,0.0000000000000000,0.0000000000000000,0.0000000000000000,1.0000000000000000
M 0.7660444378852844,-0.0000000280971371,-0.6427875757217407,-1.1006696224212646,0.0000000000000000,1.0000000000000000,-0.0000000437113883,0.0000000201196926,0.6427875757217407,0.0000000334848664,0.7660444378852844,5.6490268707275391,0.0000000000000000,0.0000000000000000,0.0000000000000000,1.0000000000000000
M 0.7660444378852844,-0.0000000280971371,-0.6427875757217407,-1.1006696224212646,0.0000000000000000,1.0000000000000000,-0.0000000437113883,0.0000000201196926,0.6427875757217407,0.0000000334848664,0.7660444378852844,5.6490268707275391,0.0000000000000000,0.0000000000000000,0.0000000000000000,1.0000000000000000
M 0.7660444378852844,-0.0000000280971371,-0.6427875757217407,-1.1006696224212646,0.0000000000000000,1.0000000000000000,-0.0000000437113883,0.0000000201196926,0.6427875757217407,0.0000000334848664,0.7660444378852844,5.6490268707275391,0.0000000000000000,0.0000000000000000,0.0000000000000000,1.0000000000000000
M 0.7660444378852844,-0.0000000280971371,-0.6427875757217407,-1.1006696224212646,0.0000000000000000,1.0000000000000000,-0.0000000437113883,0.0000000201196926,0.6427875757217407,0.0000000334848664,0.7660444378852844,5.6490268707275391,0.0000000000000000,0.0000000000000000,0.0000000000000000,1.0000000000000000
M 0.7660444378852844,-0.0000000280971371,-0.6427875757217407,-1.1006696224212646,0.0000000000000000,1.0000000000000000,-0.0000000437113883,0.0000000201196926,0.6427875757217407,0.0000000334848664,0.7660444378852844,5.6490268707275391,0.0000000000000000,0.0000000000000000,0.0000000000000000,1.0000000000000000
M 0.7660444378852844,-0.0000000280971371,-0.6427875757217407,-1.1006696224212646,0.0000000000000000,1.0000000000000000,-0.0000000437113883,0.0000000201196926,0.6427875757217407,0.0000000334848664,0.7660444378852844,5.6490268707275391,0.0000000000000000,0.0000000000000000,0.0000000000000000,1.0000000000000000
M 0.7660444378852844,-0.0000000280971371,-0.6427875757217407,-1.1006696224212646,0.0000000000000000,1.0000000000000000,-0.0000000437113883,0.0000000201196926,0.6427875757217407,0.0000000334848664,0.7660444378852844,5.6490268707275391,0.0000000000000000,0.0000000000000000,0.0000000000000000,1.0000000000000000
M 0.7660444378852844,-0.0000000280971371,-0.6427875757217407,-1.1006696224212646,0.0000000000000000,1.0000000000000000,-0.0000000437113883,0.0000000201196926,0.6427875757217407,0.0000000334848664,0.7660444378852844,5.6490268707275391,0.0000000000000000,0.0000000000000000,0.0000000000000000,1.0000000000000000
M 0.7660444378852844,-0.0000000280971371,-0.6427875757217407,-1.1006696224212646,0.0000000000000000,1.0000000000000000,-0.0000000437113883,0.0000000201196926,0.6427875757217407,0.0000000334848664,0.7660444378852844,5.6490268707275391,0.0000000000000000,0.0000000000000000,0.0000000000000000,1.0000000000000000
M 0.7660444378852844,-0.0000000280971371,-0.6427875757217407,-1.1006696224212646,0.0000000000000000,1.0000000000000000,-0.0000000437113883,0.0000000201196926,0.6427875757217407,0.0000000334848664,0.7660444378852844,5.6490268707275391,0.0000000000000000,0.0000000000000000,0.0000000000000000,1.0000000000000000
M 0.7660444378852844,-0.0000000280971371,-0.6427875757217407,-1.1006696224212646,0.0000000000000000,1.0000000000000000,-0.0000000437113883,0.0000000201196926,0.6427875757217407,0.0000000334848664,0.7660444378852844,5.6490268707275391,0.0000000000000000,0.0000000000000000,0.0000000000000000,1.0000000000000000
M 0.7660444378852844,-0.0000000280971371,-0.6427875757217407,-1.1006696224212646,0.0000000000000000,1.0000000000000000,-0.0000000437113883,0.0000000201196926,0.6427875757217407,0.0000000334848664,0.7660444378852844,5.6490268707275391,0.0000000000000000,0.0000000000000000,0.0000000000000000,1.0000000000000000
M 0.7660444378852844,-0.0000000280971371,-0.6427875757217407,-1.1006696224212646,0.0000000000000000,1.0000000000000000,-0.0000000437113883,0.0000000201196926,0.6427875757217407,0.0000000334848664,0.7660444378852844,5.6490268707275391,0.0000000000000000,0.0000000000000000,0.0000000000000000,1.0000000000000000
M 0.7660444378852844,-0.0000000280971371,-0.6427875757217407,-1.1006696224212646,0.0000000000000000,1.0000000000000000,-0.0000000437113883,0.0000000201196926,0.6427875757217407,0.0000000334848664,0.7660444378852844,5.6490268707275391,0.0000000000000000,0.0000000000000000,0.0000000000000000,1.0000000000000000
M 0.7660444378852844,-0.0000000280971371,-0.6427875757217407,-1.1006696224212646,0.0000000000000000,1.0000000000000000,-0.0000000437113883,0.0000000201196926,0.6427875757217407,0.0000000334848664,0.7660444378852844,5.6490268707275391,0.0000000000000000,0.0000000000000000,0.0000000000000000,1.0000000000000000
M 0.7660444378852844,-0.0000000280971371,-0.6427875757217407,-1.1006696224212646,0.0000000000000000,1.0000000000000000,-0.0000000437113883,0.0000000201196926,0.6427875757217407,0.0000000334848664,0.7660444378852844,5.6490268707275391,0.0000000000000000,0.0000000000000000,0.0000000000000000,1.0000000000000000
M 0.7660444378852844,-0.0000000280971371,-0.6427875757217407,-1.1006696224212646,0.0000000000000000,1.0000000000000000,-0.0000000437113883,0.0000000201196926,0.6427875757217407,0.0000000334848664,0.7660444378852844,5.6490268707275391,0.0000000000000000,0.0000000000000000,0.0000000000000000,1.0000000000000000
M 0.7660444378852844,-0.0000000280971371,-0.6427875757217407,-1.1006696224212646,0.0000000000000000,1.0000000000000000,-0.0000000437113883,0.0000000201196926,0.6427875757217407,0.0000000334848664,0.7660444378852844,5.6490268707275391,0.0000000000000000,0.0000000000000000,0.0000000000000000,1.0000000000000000
M 0.7660444378852844,-0.0000000280971371,-0.6427875757217407,-1.1006696224212646,0.0000000000000000,1.0000000000000000,-0.0000000437113883,0.0000000201196926,0.6427875757217407,0.0000000334848664,0.7660444378852844,5.6490268707275391,0.0000000000000000,0.0000000000000000,0.0000000000000000,1.0000000000000000
M 0.7660444378852844,-0.0000000280971371,-0.6427875757217407,-1.1006696224212646,0.0000000000000000,1.0000000000000000,-0.0000000437113883,0.0000000201196926,0.6427875757217407,0.0000000334848664,0.7660444378852844,5.6490268707275391,0.0000000000000000,0.0000000000000000,0.0000000000000000,1.0000000000000000
M 0.7660444378852844,-0.0000000280971371,-0.6427875757217407,-1.1006696224212646,0.0000000000000000,1.0000000000000000,-0.0000000437113883,0.0000000201196926,0.6427875757217407,0.0000000334848664,0.7660444378852844,5.6490268707275391,0.0000000000000000,0.0000000000000000,0.0000000000000000,1.0000000000000000
M 0.7660444378852844,-0.0000000280971371,-0.6427875757217407,-1.1006696224212646,0.0000000000000000,1.0000000000000000,-0.0000000437113883,0.0000000201196926,0.6427875757217407,0.0000000334848664,0.7660444378852844,5.6490268707275391,0.0000000000000000,0.0000000000000000,0.0000000000000000,1.0000000000000000
M 0.7660444378852844,-0.0000000280971371,-0.6427875757217407,-1.1006696224212646,0.0000000000000000,1.0000000000000000,-0.0000000437113883,0.0000000201196926,0.6427875757217407,0.0000000334848664,0.7660444378852844,5.6490268707275391,0.0000000000000000,0.0000000000000000,0.0000000000000000,1.0000000000000000
M 0.7660444378852844,-0.0000000280971371,-0.6427875757217407,-1.1006696224212646,0.0000000000000000,1.0000000000000000,-0.0000000437113883,0.0000000201196926,0.6427875757217407,0.0000000334848664,0.7660444378852844,5.6490268707275391,0.0000000000000000,0.0000000000000000,0.0000000000000000,1.0000000000000000
M 0.7660444378852844,-0.0000000280971371,-0.6427875757217407,-1.1006696224212646,0.0000000000000000,1.0000000000000000,-0.0000000437113883,0.0000000201196926,0.6427875757217407,0.0000000334848664,0.7660444378852844,5.6490268707275391,0.0000000000000000,0.0000000000000000,0.0000000000000000,1.0000000000000000
M 0.7660444378852844,-0.0000000280971371,-0.6427875757217407,-1.1006696224212646,0.0000000000000000,1.0000000000000000,-0.0000000437113883,0.0000000201196926,0.6427875757217407,0.0000000334848664,0.7660444378852844,5.6490268707275391,0.0000000000000000,0.0000000000000000,0.0000000000000000,1.0000000000000000
M 0.7660444378852844,-0.0000000280971371,-0.6427875757217407,-1.1006696224212646,0.0000000000000000,1.0000000000000000,-0.0000000437113883,0.0000000201196926,0.6427875757217407,0.0000000334848664,0.7660444378852844,5.6490268707275391,0.0000000000000000,0.0000000000000000,0.0000000000000000,1.0000000000000000
M 0.7660444378852844,-0.0000000280971371,-0.6427875757217407,-1.1006696224212646,0.0000000000000000,1.0000000000000000,-0.0000000437113883,0.0000000201196926,0.6427875757217407,0.0000000334848664,0.7660444378852844,5.6490268707275391,0.0000000000000000,0.0000000000000000,0.0000000000000000,1.0000000000000000
M 0.7660444378852844,-0.0000000280971371,-0.6427875757217407,-1.1006696224212646,0.0000000000000000,1.0000000000000000,-0.0000000437113883,0.0000000201196926,0.6427875757217407,0.0000000334848664,0.7660444378852844,5.6490268707275391,0.0000000000000000,0.0000000000000000,0.0000000000000000,1.0000000000000000
M 0.7660444378852844,-0.0000000280971371,-0.6427875757217407,-1.1006696224212646,0.0000000000000000,1.0000000000000000,-0.0000000437113883,0.0000000201196926,0.6427875757217407,0.0000000334848664,0.7660444378852844,5.6490268707275391,0.0000000000000000,0.0000000000000000,0.0000000000000000,1.0000000000000000
M 0.7660444378852844,-0.0000000280971371,-0.6427875757217407,-1.1006696224212646,0.0000000000000000,1.0000000000000000,-0.0000000437113883,0.0000000201196926,0.6427875757217407,0.0000000334848664,0.7660444378852844,5.6490268707275391,0.0000000000000000,0.0000000000000000,0.0000000000000000,1.0000000000000000
M 0.7660444378852844,-0.0000000280971371,-0.6427875757217407,-1.1006696224212646,0.0000000000000000,1.0000000000000000,-0.0000000437113883,0.0000000201196926,0.6427875757217407,0.0000000334848664,0.7660444378852844,5.6490268707275391,0.0000000000000000,0.0000000000000000,0.0000000000000000,1.0000000000000000
M 0.7660444378852844,-0.0000000280971371,-0.6427875757217407,-1.1006696224212646,0.0000000000000000,1.0000000000000000,-0.0000000437113883,0.0000000201196926,0.6427875757217407,0.0000000334848664,0.7660444378852844,5.6490268707275391,0.0000000000000000,0.0000000000000000,0.0000000000000000,1.0000000000000000
M 0.7660444378852844,-0.0000000280971371,-0.6427875757217407,-1.1006696224212646,0.0000000000000000,1.0000000000000000,-0.0000000437113883,0.0000000201196926,0.6427875757217407,0.0000000334848664,0.7660444378852844,5.6490268707275391,0.0000000000000000,0.0000000000000000,0.0000000000000000,1.0000000000000000
