O DOOR_7_Arm_INTERIOR_LCG_il_LINVERT
A DOOR_7_Arm_INTERIOR_LCG_il_LINVERT_DOOR_7_Arm_INTERIOR_LCG_il_LINVERT
M 1.0000000000000000,0.0000000000000000,0.0000000000000000,0.0000000000000000,0.0000000000000000,1.0000000000000000,-0.0000000437113883,0.0000000201201544,-0.0000000000000000,0.0000000437113883,1.0000000000000000,-0.0000000341431132,0.0000000000000000,0.0000000000000000,0.0000000000000000,1.0000000000000000
M 0.9999984502792358,-0.0000000000776417,-0.0017762349452823,0.0023262575268745,0.0000000000000000,1.0000000000000000,-0.0000000437113883,0.0000000201201544,0.0017762349452823,0.0000000437113279,0.9999984502792358,0.0057694278657436,0.0000000000000000,0.0000000000000000,0.0000000000000000,1.0000000000000000
M 0.9999757409095764,-0.0000000003043532,-0.0069627882912755,0.0090598091483116,0.0000000000000000,1.0000000000000000,-0.0000000437113883,0.0000000201201544,0.0069627882912755,0.0000000437103296,0.9999757409095764,0.0226399712264538,0.0000000000000000,0.0000000000000000,0.0000000000000000,1.0000000000000000
M 0.9998822212219238,-0.0000000006707983,-0.0153460754081607,0.0197589192539454,0.0000000000000000,1.0000000000000000,-0.0000000437113883,0.0000000201201544,0.0153460754081607,0.0000000437062404,0.9998822212219238,0.0499832928180695,0.0000000000000000,0.0000000000000000,0.0000000000000000,1.0000000000000000
M 0.9996432065963745,-0.0000000011675928,-0.0267114099115133,0.0338995866477489,0.0000000000000000,1.0000000000000000,-0.0000000437113883,0.0000000201201544,0.0267114099115133,0.0000000436957990,0.9996432065963745,0.0872001722455025,0.0000000000000000,0.0000000000000000,0.0000000000000000,1.0000000000000000
M 0.9991655945777893,-0.0000000017852629,-0.0408420562744141,0.0508947968482971,0.0000000000000000,1.0000000000000000,-0.0000000437113883,0.0000000201201544,0.0408420562744141,0.0000000436749161,0.9991655945777893,0.1337093114852905,0.0000000000000000,0.0000000000000000,0.0000000000000000,1.0000000000000000
M 0.9983444809913635,-0.0000000025142037,-0.0575182661414146,0.0701159089803696,0.0000000000000000,1.0000000000000000,-0.0000000437113883,0.0000000201201544,0.0575182661414146,0.0000000436390231,0.9983444809913635,0.1889346241950989,0.0000000000000000,0.0000000000000000,0.0000000000000000,1.0000000000000000
M 0.9970683455467224,-0.0000000033446386,-0.0765164121985435,0.0909067988395691,0.0000000000000000,1.0000000000000000,-0.0000000437113883,0.0000000201201544,0.0765164121985435,0.0000000435832419,0.9970683455467224,0.2522964775562286,0.0000000000000000,0.0000000000000000,0.0000000000000000,1.0000000000000000
M 0.9952248930931091,-0.0000000042665969,-0.0976083502173424,0.1126037016510963,0.0000000000000000,1.0000000000000000,-0.0000000437113883,0.0000000201201544,0.0976083502173424,0.0000000435026628,0.9952248930931091,0.3232015073299408,0.0000000000000000,0.0000000000000000,0.0000000000000000,1.0000000000000000
M 0.9927059412002563,-0.0000000052698921,-0.1205610781908035,0.1345496326684952,0.0000000000000000,1.0000000000000000,-0.0000000437113883,0.0000000201201544,0.1205610781908035,0.0000000433925607,0.9927059412002563,0.4010350406169891,0.0000000000000000,0.0000000000000000,0.0000000000000000,1.0000000000000000
M 0.9894115924835205,-0.0000000063441359,-0.1451368927955627,0.1561079025268555,0.0000000000000000,1.0000000000000000,-0.0000000437113883,0.0000000201201544,0.1451368927955627,0.0000000432485550,0.9894115924835205,0.4851565659046173,0.0000000000000000,0.0000000000000000,0.0000000000000000,1.0000000000000000
M 0.9852547645568848,-0.0000000074787430,-0.1710936874151230,0.1766784340143204,0.0000000000000000,1.0000000000000000,-0.0000000437113883,0.0000000201201544,0.1710936874151230,0.0000000430668550,0.9852547645568848,0.5748939514160156,0.0000000000000000,0.0000000000000000,0.0000000000000000,1.0000000000000000
M 0.9801644682884216,-0.0000000086629806,-0.1981858909130096,0.1957081705331802,0.0000000000000000,1.0000000000000000,-0.0000000437113883,0.0000000201201544,0.1981858909130096,0.0000000428443556,0.9801644682884216,0.6695432066917419,0.0000000000000000,0.0000000000000000,0.0000000000000000,1.0000000000000000
M 0.9740887880325317,-0.0000000098860236,-0.2261658459901810,0.2127034515142441,0.0000000000000000,1.0000000000000000,-0.0000000437113883,0.0000000201201544,0.2261658459901810,0.0000000425787725,0.9740887880325317,0.7683683037757874,0.0000000000000000,0.0000000000000000,0.0000000000000000,1.0000000000000000
M 0.9669977426528931,-0.0000000111370024,-0.2547848820686340,0.2272404283285141,0.0000000000000000,1.0000000000000000,-0.0000000437113883,0.0000000201201544,0.2547848820686340,0.0000000422688125,0.9669977426528931,0.8706011772155762,0.0000000000000000,0.0000000000000000,0.0000000000000000,1.0000000000000000
M 0.9588847756385803,-0.0000000124050992,-0.2837955951690674,0.2389736473560333,0.0000000000000000,1.0000000000000000,-0.0000000437113883,0.0000000201201544,0.2837955951690674,0.0000000419141841,0.9588847756385803,0.9754469990730286,0.0000000000000000,0.0000000000000000,0.0000000000000000,1.0000000000000000
M 0.9497683644294739,-0.0000000136796441,-0.3129537701606750,0.2476419210433960,0.0000000000000000,1.0000000000000000,-0.0000000437113883,0.0000000201201544,0.3129537701606750,0.0000000415157011,0.9497683644294739,1.0820887088775635,0.0000000000000000,0.0000000000000000,0.0000000000000000,1.0000000000000000
M 0.9396926164627075,-0.0000000149501744,-0.3420201241970062,0.2530747652053833,0.0000000000000000,1.0000000000000000,-0.0000000437113883,0.0000000201201544,0.3420201241970062,0.0000000410752676,0.9396926164627075,1.1896914243698120,0.0000000000000000,0.0000000000000000,0.0000000000000000,1.0000000000000000
M 0.9287276268005371,-0.0000000162065579,-0.3707627952098846,0.2551955282688141,0.0000000000000000,1.0000000000000000,-0.0000000437113883,0.0000000201201544,0.3707627952098846,0.0000000405959817,0.9287276268005371,1.2974100112915039,0.0000000000000000,0.0000000000000000,0.0000000000000000,1.0000000000000000
M 0.9169687032699585,-0.0000000174390600,-0.3989591896533966,0.2540214955806732,0.0000000000000000,1.0000000000000000,-0.0000000437113883,0.0000000201201544,0.3989591896533966,0.0000000400819822,0.9169687032699585,1.4043970108032227,0.0000000000000000,0.0000000000000000,0.0000000000000000,1.0000000000000000
M 0.9045358300209045,-0.0000000186384312,-0.4263976216316223,0.2496640384197235,0.0000000000000000,1.0000000000000000,-0.0000000437113883,0.0000000201201544,0.4263976216316223,0.0000000395385165,0.9045358300209045,1.5098074674606323,0.0000000000000000,0.0000000000000000,0.0000000000000000,1.0000000000000000
M 0.8915719389915466,-0.0000000197959746,-0.4528791010379791,0.2423265725374222,0.0000000000000000,1.0000000000000000,-0.0000000437113883,0.0000000201201544,0.4528791010379791,0.0000000389718480,0.8915719389915466,1.6128077507019043,0.0000000000000000,0.0000000000000000,0.0000000000000000,1.0000000000000000
M 0.8782410025596619,-0.0000000209035864,-0.4782183170318604,0.2322982698678970,0.0000000000000000,1.0000000000000000,-0.0000000437113883,0.0000000201201544,0.4782183170318604,0.0000000383891390,0.8782410025596619,1.7125806808471680,0.0000000000000000,0.0000000000000000,0.0000000000000000,1.0000000000000000
M 0.8647258877754211,-0.0000000219537881,-0.5022441148757935,0.2199480086565018,0.0000000000000000,1.0000000000000000,-0.0000000437113883,0.0000000201201544,0.5022441148757935,0.0000000377983689,0.8647258877754211,1.8083306550979614,0.0000000000000000,0.0000000000000000,0.0000000000000000,1.0000000000000000
M 0.8512254953384399,-0.0000000229397461,-0.5248001217842102,0.2057163268327713,0.0000000000000000,1.0000000000000000,-0.0000000437113883,0.0000000201201544,0.5248001217842102,0.0000000372082560,0.8512254953384399,1.8992890119552612,0.0000000000000000,0.0000000000000000,0.0000000000000000,1.0000000000000000
M 0.8379520773887634,-0.0000000238552200,-0.5457438230514526,0.1901056915521622,0.0000000000000000,1.0000000000000000,-0.0000000437113883,0.0000000201201544,0.5457438230514526,0.0000000366280482,0.8379520773887634,1.9847142696380615,0.0000000000000000,0.0000000000000000,0.0000000000000000,1.0000000000000000
M 0.8251278996467590,-0.0000000246945717,-0.5649459362030029,0.1736677438020706,0.0000000000000000,1.0000000000000000,-0.0000000437113883,0.0000000201201544,0.5649459362030029,0.0000000360674868,0.8251278996467590,2.0638947486877441,0.0000000000000000,0.0000000000000000,0.0000000000000000,1.0000000000000000
M 0.8129824995994568,-0.0000000254526231,-0.5822881460189819,0.1569928675889969,0.0000000000000000,1.0000000000000000,-0.0000000437113883,0.0000000201201544,0.5822881460189819,0.0000000355365941,0.8129824995994568,2.1361455917358398,0.0000000000000000,0.0000000000000000,0.0000000000000000,1.0000000000000000
M 0.8017482757568359,-0.0000000261246331,-0.5976618528366089,0.1406929045915604,0.0000000000000000,1.0000000000000000,-0.0000000437113883,0.0000000201201544,0.5976618528366089,0.0000000350455309,0.8017482757568359,2.2008085250854492,0.0000000000000000,0.0000000000000000,0.0000000000000000,1.0000000000000000
M 0.7916581034660339,-0.0000000267061004,-0.6109643578529358,0.1253893524408340,0.0000000000000000,1.0000000000000000,-0.0000000437113883,0.0000000201201544,0.6109643578529358,0.0000000346044757,0.7916581034660339,2.2572448253631592,0.0000000000000000,0.0000000000000000,0.0000000000000000,1.0000000000000000
M 0.7829409241676331,-0.0000000271926854,-0.6220960617065430,0.1116948202252388,0.0000000000000000,1.0000000000000000,-0.0000000437113883,0.0000000201201544,0.6220960617065430,0.0000000342234330,0.7829409241676331,2.3048307895660400,0.0000000000000000,0.0000000000000000,0.0000000000000000,1.0000000000000000
M 0.7758184671401978,-0.0000000275799739,-0.6309561729431152,0.1001969054341316,0.0000000000000000,1.0000000000000000,-0.0000000437113883,0.0000000201201544,0.6309561729431152,0.0000000339121016,0.7758184671401978,2.3429474830627441,0.0000000000000000,0.0000000000000000,0.0000000000000000,1.0000000000000000
M 0.7705014944076538,-0.0000000278633081,-0.6374381780624390,0.0914400294423103,0.0000000000000000,1.0000000000000000,-0.0000000437113883,0.0000000201201544,0.6374381780624390,0.0000000336796901,0.7705014944076538,2.3709731101989746,0.0000000000000000,0.0000000000000000,0.0000000000000000,1.0000000000000000
M 0.7671849727630615,-0.0000000280376167,-0.6414259076118469,0.0859052017331123,0.0000000000000000,1.0000000000000000,-0.0000000437113883,0.0000000201201544,0.6414259076118469,0.0000000335347217,0.7671849727630615,2.3882739543914795,0.0000000000000000,0.0000000000000000,0.0000000000000000,1.0000000000000000
M 0.7660444378852844,-0.0000000280971371,-0.6427875757217407,0.0839889720082283,0.0000000000000000,1.0000000000000000,-0.0000000437113883,0.0000000201201544,0.6427875757217407,0.0000000334848664,0.7660444378852844,2.3941924571990967,0.0000000000000000,0.0000000000000000,0.0000000000000000,1.0000000000000000
M 0.7660444378852844,-0.0000000280971371,-0.6427875757217407,0.0839889720082283,0.0000000000000000,1.0000000000000000,-0.0000000437113883,0.0000000201201544,0.6427875757217407,0.0000000334848664,0.7660444378852844,2.3941924571990967,0.0000000000000000,0.0000000000000000,0.0000000000000000,1.0000000000000000
M 0.7660444378852844,-0.0000000280971371,-0.6427875757217407,0.0839889720082283,0.0000000000000000,1.0000000000000000,-0.0000000437113883,0.0000000201201544,0.6427875757217407,0.0000000334848664,0.7660444378852844,2.3941924571990967,0.0000000000000000,0.0000000000000000,0.0000000000000000,1.0000000000000000
M 0.7660444378852844,-0.0000000280971371,-0.6427875757217407,0.0839889720082283,0.0000000000000000,1.0000000000000000,-0.0000000437113883,0.0000000201201544,0.6427875757217407,0.0000000334848664,0.7660444378852844,2.3941924571990967,0.0000000000000000,0.0000000000000000,0.0000000000000000,1.0000000000000000
M 0.7660444378852844,-0.0000000280971371,-0.6427875757217407,0.0839889720082283,0.0000000000000000,1.0000000000000000,-0.0000000437113883,0.0000000201201544,0.6427875757217407,0.0000000334848664,0.7660444378852844,2.3941924571990967,0.0000000000000000,0.0000000000000000,0.0000000000000000,1.0000000000000000
M 0.7660444378852844,-0.0000000280971371,-0.6427875757217407,0.0839889720082283,0.0000000000000000,1.0000000000000000,-0.0000000437113883,0.0000000201201544,0.6427875757217407,0.0000000334848664,0.7660444378852844,2.3941924571990967,0.0000000000000000,0.0000000000000000,0.0000000000000000,1.0000000000000000
M 0.7660444378852844,-0.0000000280971371,-0.6427875757217407,0.0839889720082283,0.0000000000000000,1.0000000000000000,-0.0000000437113883,0.0000000201201544,0.6427875757217407,0.0000000334848664,0.7660444378852844,2.3941924571990967,0.0000000000000000,0.0000000000000000,0.0000000000000000,1.0000000000000000
M 0.7660444378852844,-0.0000000280971371,-0.6427875757217407,0.0839889720082283,0.0000000000000000,1.0000000000000000,-0.0000000437113883,0.0000000201201544,0.6427875757217407,0.0000000334848664,0.7660444378852844,2.3941924571990967,0.0000000000000000,0.0000000000000000,0.0000000000000000,1.0000000000000000
M 0.7660444378852844,-0.0000000280971371,-0.6427875757217407,0.0839889720082283,0.0000000000000000,1.0000000000000000,-0.0000000437113883,0.0000000201201544,0.6427875757217407,0.0000000334848664,0.7660444378852844,2.3941924571990967,0.0000000000000000,0.0000000000000000,0.0000000000000000,1.0000000000000000
M 0.7660444378852844,-0.0000000280971371,-0.6427875757217407,0.0839889720082283,0.0000000000000000,1.0000000000000000,-0.0000000437113883,0.0000000201201544,0.6427875757217407,0.0000000334848664,0.7660444378852844,2.3941924571990967,0.0000000000000000,0.0000000000000000,0.0000000000000000,1.0000000000000000
M 0.7660444378852844,-0.0000000280971371,-0.6427875757217407,0.0839889720082283,0.0000000000000000,1.0000000000000000,-0.0000000437113883,0.0000000201201544,0.6427875757217407,0.0000000334848664,0.7660444378852844,2.3941924571990967,0.0000000000000000,0.0000000000000000,0.0000000000000000,1.0000000000000000
M 0.7660444378852844,-0.0000000280971371,-0.6427875757217407,0.0839889720082283,0.0000000000000000,1.0000000000000000,-0.0000000437113883,0.0000000201201544,0.6427875757217407,0.0000000334848664,0.7660444378852844,2.3941924571990967,0.0000000000000000,0.0000000000000000,0.0000000000000000,1.0000000000000000
M 0.7660444378852844,-0.0000000280971371,-0.6427875757217407,0.0839889720082283,0.0000000000000000,1.0000000000000000,-0.0000000437113883,0.0000000201201544,0.6427875757217407,0.0000000334848664,0.7660444378852844,2.3941924571990967,0.0000000000000000,0.0000000000000000,0.0000000000000000,1.0000000000000000
M 0.7660444378852844,-0.0000000280971371,-0.6427875757217407,0.0839889720082283,0.0000000000000000,1.0000000000000000,-0.0000000437113883,0.0000000201201544,0.6427875757217407,0.0000000334848664,0.7660444378852844,2.3941924571990967,0.0000000000000000,0.0000000000000000,0.0000000000000000,1.0000000000000000
M 0.7660444378852844,-0.0000000280971371,-0.6427875757217407,0.0839889720082283,0.0000000000000000,1.0000000000000000,-0.0000000437113883,0.0000000201201544,0.6427875757217407,0.0000000334848664,0.7660444378852844,2.3941924571990967,0.0000000000000000,0.0000000000000000,0.0000000000000000,1.0000000000000000
M 0.7660444378852844,-0.0000000280971371,-0.6427875757217407,0.0839889720082283,0.0000000000000000,1.0000000000000000,-0.0000000437113883,0.0000000201201544,0.6427875757217407,0.0000000334848664,0.7660444378852844,2.3941924571990967,0.0000000000000000,0.0000000000000000,0.0000000000000000,1.0000000000000000
M 0.7660444378852844,-0.0000000280971371,-0.6427875757217407,0.0839889720082283,0.0000000000000000,1.0000000000000000,-0.0000000437113883,0.0000000201201544,0.6427875757217407,0.0000000334848664,0.7660444378852844,2.3941924571990967,0.0000000000000000,0.0000000000000000,0.0000000000000000,1.0000000000000000
M 0.7660444378852844,-0.0000000280971371,-0.6427875757217407,0.0839889720082283,0.0000000000000000,1.0000000000000000,-0.0000000437113883,0.0000000201201544,0.6427875757217407,0.0000000334848664,0.7660444378852844,2.3941924571990967,0.0000000000000000,0.0000000000000000,0.0000000000000000,1.0000000000000000
M 0.7660444378852844,-0.0000000280971371,-0.6427875757217407,0.0839889720082283,0.0000000000000000,1.0000000000000000,-0.0000000437113883,0.0000000201201544,0.6427875757217407,0.0000000334848664,0.7660444378852844,2.3941924571990967,0.0000000000000000,0.0000000000000000,0.0000000000000000,1.0000000000000000
M 0.7660444378852844,-0.0000000280971371,-0.6427875757217407,0.0839889720082283,0.0000000000000000,1.0000000000000000,-0.0000000437113883,0.0000000201201544,0.6427875757217407,0.0000000334848664,0.7660444378852844,2.3941924571990967,0.0000000000000000,0.0000000000000000,0.0000000000000000,1.0000000000000000
M 0.7660444378852844,-0.0000000280971371,-0.6427875757217407,0.0839889720082283,0.0000000000000000,1.0000000000000000,-0.0000000437113883,0.0000000201201544,0.6427875757217407,0.0000000334848664,0.7660444378852844,2.3941924571990967,0.0000000000000000,0.0000000000000000,0.0000000000000000,1.0000000000000000
M 0.7660444378852844,-0.0000000280971371,-0.6427875757217407,0.0839889720082283,0.0000000000000000,1.0000000000000000,-0.0000000437113883,0.0000000201201544,0.6427875757217407,0.0000000334848664,0.7660444378852844,2.3941924571990967,0.0000000000000000,0.0000000000000000,0.0000000000000000,1.0000000000000000
M 0.7660444378852844,-0.0000000280971371,-0.6427875757217407,0.0839889720082283,0.0000000000000000,1.0000000000000000,-0.0000000437113883,0.0000000201201544,0.6427875757217407,0.0000000334848664,0.7660444378852844,2.3941924571990967,0.0000000000000000,0.0000000000000000,0.0000000000000000,1.0000000000000000
M 0.7660444378852844,-0.0000000280971371,-0.6427875757217407,0.0839889720082283,0.0000000000000000,1.0000000000000000,-0.0000000437113883,0.0000000201201544,0.6427875757217407,0.0000000334848664,0.7660444378852844,2.3941924571990967,0.0000000000000000,0.0000000000000000,0.0000000000000000,1.0000000000000000
M 0.7660444378852844,-0.0000000280971371,-0.6427875757217407,0.0839889720082283,0.0000000000000000,1.0000000000000000,-0.0000000437113883,0.0000000201201544,0.6427875757217407,0.0000000334848664,0.7660444378852844,2.3941924571990967,0.0000000000000000,0.0000000000000000,0.0000000000000000,1.0000000000000000
M 0.7660444378852844,-0.0000000280971371,-0.6427875757217407,0.0839889720082283,0.0000000000000000,1.0000000000000000,-0.0000000437113883,0.0000000201201544,0.6427875757217407,0.0000000334848664,0.7660444378852844,2.3941924571990967,0.0000000000000000,0.0000000000000000,0.0000000000000000,1.0000000000000000
M 0.7660444378852844,-0.0000000280971371,-0.6427875757217407,0.0839889720082283,0.0000000000000000,1.0000000000000000,-0.0000000437113883,0.0000000201201544,0.6427875757217407,0.0000000334848664,0.7660444378852844,2.3941924571990967,0.0000000000000000,0.0000000000000000,0.0000000000000000,1.0000000000000000
M 0.7660444378852844,-0.0000000280971371,-0.6427875757217407,0.0839889720082283,0.0000000000000000,1.0000000000000000,-0.0000000437113883,0.0000000201201544,0.6427875757217407,0.0000000334848664,0.7660444378852844,2.3941924571990967,0.0000000000000000,0.0000000000000000,0.0000000000000000,1.0000000000000000
M 0.7660444378852844,-0.0000000280971371,-0.6427875757217407,0.0839889720082283,0.0000000000000000,1.0000000000000000,-0.0000000437113883,0.0000000201201544,0.6427875757217407,0.0000000334848664,0.7660444378852844,2.3941924571990967,0.0000000000000000,0.0000000000000000,0.0000000000000000,1.0000000000000000
M 0.7660444378852844,-0.0000000280971371,-0.6427875757217407,0.0839889720082283,0.0000000000000000,1.0000000000000000,-0.0000000437113883,0.0000000201201544,0.6427875757217407,0.0000000334848664,0.7660444378852844,2.3941924571990967,0.0000000000000000,0.0000000000000000,0.0000000000000000,1.0000000000000000
M 0.7660444378852844,-0.0000000280971371,-0.6427875757217407,0.0839889720082283,0.0000000000000000,1.0000000000000000,-0.0000000437113883,0.0000000201201544,0.6427875757217407,0.0000000334848664,0.7660444378852844,2.3941924571990967,0.0000000000000000,0.0000000000000000,0.0000000000000000,1.0000000000000000
M 0.7660444378852844,-0.0000000280971371,-0.6427875757217407,0.0839889720082283,0.0000000000000000,1.0000000000000000,-0.0000000437113883,0.0000000201201544,0.6427875757217407,0.0000000334848664,0.7660444378852844,2.3941924571990967,0.0000000000000000,0.0000000000000000,0.0000000000000000,1.0000000000000000
M 0.7660444378852844,-0.0000000280971371,-0.6427875757217407,0.0839889720082283,0.0000000000000000,1.0000000000000000,-0.0000000437113883,0.0000000201201544,0.6427875757217407,0.0000000334848664,0.7660444378852844,2.3941924571990967,0.0000000000000000,0.0000000000000000,0.0000000000000000,1.0000000000000000
M 0.7660444378852844,-0.0000000280971371,-0.6427875757217407,0.0839889720082283,0.0000000000000000,1.0000000000000000,-0.0000000437113883,0.0000000201201544,0.6427875757217407,0.0000000334848664,0.7660444378852844,2.3941924571990967,0.0000000000000000,0.0000000000000000,0.0000000000000000,1.0000000000000000
M 0.7660444378852844,-0.0000000280971371,-0.6427875757217407,0.0839889720082283,0.0000000000000000,1.0000000000000000,-0.0000000437113883,0.0000000201201544,0.6427875757217407,0.0000000334848664,0.7660444378852844,2.3941924571990967,0.0000000000000000,0.0000000000000000,0.0000000000000000,1.0000000000000000
M 0.7660444378852844,-0.0000000280971371,-0.6427875757217407,0.0839889720082283,0.0000000000000000,1.0000000000000000,-0.0000000437113883,0.0000000201201544,0.6427875757217407,0.0000000334848664,0.7660444378852844,2.3941924571990967,0.0000000000000000,0.0000000000000000,0.0000000000000000,1.0000000000000000
M 0.7660444378852844,-0.0000000280971371,-0.6427875757217407,0.0839889720082283,0.0000000000000000,1.0000000000000000,-0.0000000437113883,0.0000000201201544,0.6427875757217407,0.0000000334848664,0.7660444378852844,2.3941924571990967,0.0000000000000000,0.0000000000000000,0.0000000000000000,1.0000000000000000
M 0.7660444378852844,-0.0000000280971371,-0.6427875757217407,0.0839889720082283,0.0000000000000000,1.0000000000000000,-0.0000000437113883,0.0000000201201544,0.6427875757217407,0.0000000334848664,0.7660444378852844,2.3941924571990967,0.0000000000000000,0.0000000000000000,0.0000000000000000,1.0000000000000000
M 0.7660444378852844,-0.0000000280971371,-0.6427875757217407,0.0839889720082283,0.0000000000000000,1.0000000000000000,-0.0000000437113883,0.0000000201201544,0.6427875757217407,0.0000000334848664,0.7660444378852844,2.3941924571990967,0.0000000000000000,0.0000000000000000,0.0000000000000000,1.0000000000000000
M 0.7660444378852844,-0.0000000280971371,-0.6427875757217407,0.0839889720082283,0.0000000000000000,1.0000000000000000,-0.0000000437113883,0.0000000201201544,0.6427875757217407,0.0000000334848664,0.7660444378852844,2.3941924571990967,0.0000000000000000,0.0000000000000000,0.0000000000000000,1.0000000000000000
M 0.7660444378852844,-0.0000000280971371,-0.6427875757217407,0.0839889720082283,0.0000000000000000,1.0000000000000000,-0.0000000437113883,0.0000000201201544,0.6427875757217407,0.0000000334848664,0.7660444378852844,2.3941924571990967,0.0000000000000000,0.0000000000000000,0.0000000000000000,1.0000000000000000
M 0.7660444378852844,-0.0000000280971371,-0.6427875757217407,0.0839889720082283,0.0000000000000000,1.0000000000000000,-0.0000000437113883,0.0000000201201544,0.6427875757217407,0.0000000334848664,0.7660444378852844,2.3941924571990967,0.0000000000000000,0.0000000000000000,0.0000000000000000,1.0000000000000000
M 0.7660444378852844,-0.0000000280971371,-0.6427875757217407,0.0839889720082283,0.0000000000000000,1.0000000000000000,-0.0000000437113883,0.0000000201201544,0.6427875757217407,0.0000000334848664,0.7660444378852844,2.3941924571990967,0.0000000000000000,0.0000000000000000,0.0000000000000000,1.0000000000000000
M 0.7660444378852844,-0.0000000280971371,-0.6427875757217407,0.0839889720082283,0.0000000000000000,1.0000000000000000,-0.0000000437113883,0.0000000201201544,0.6427875757217407,0.0000000334848664,0.7660444378852844,2.3941924571990967,0.0000000000000000,0.0000000000000000,0.0000000000000000,1.0000000000000000
M 0.7660444378852844,-0.0000000280971371,-0.6427875757217407,0.0839889720082283,0.0000000000000000,1.0000000000000000,-0.0000000437113883,0.0000000201201544,0.6427875757217407,0.0000000334848664,0.7660444378852844,2.3941924571990967,0.0000000000000000,0.0000000000000000,0.0000000000000000,1.0000000000000000
M 0.7660444378852844,-0.0000000280971371,-0.6427875757217407,0.0839889720082283,0.0000000000000000,1.0000000000000000,-0.0000000437113883,0.0000000201201544,0.6427875757217407,0.0000000334848664,0.7660444378852844,2.3941924571990967,0.0000000000000000,0.0000000000000000,0.0000000000000000,1.0000000000000000
M 0.7660444378852844,-0.0000000280971371,-0.6427875757217407,0.0839889720082283,0.0000000000000000,1.0000000000000000,-0.0000000437113883,0.0000000201201544,0.6427875757217407,0.0000000334848664,0.7660444378852844,2.3941924571990967,0.0000000000000000,0.0000000000000000,0.0000000000000000,1.0000000000000000
M 0.7660444378852844,-0.0000000280971371,-0.6427875757217407,0.0839889720082283,0.0000000000000000,1.0000000000000000,-0.0000000437113883,0.0000000201201544,0.6427875757217407,0.0000000334848664,0.7660444378852844,2.3941924571990967,0.0000000000000000,0.0000000000000000,0.0000000000000000,1.0000000000000000
M 0.7660444378852844,-0.0000000280971371,-0.6427875757217407,0.0839889720082283,0.0000000000000000,1.0000000000000000,-0.0000000437113883,0.0000000201201544,0.6427875757217407,0.0000000334848664,0.7660444378852844,2.3941924571990967,0.0000000000000000,0.0000000000000000,0.0000000000000000,1.0000000000000000
M 0.7660444378852844,-0.0000000280971371,-0.6427875757217407,0.0839889720082283,0.0000000000000000,1.0000000000000000,-0.0000000437113883,0.0000000201201544,0.6427875757217407,0.0000000334848664,0.7660444378852844,2.3941924571990967,0.0000000000000000,0.0000000000000000,0.0000000000000000,1.0000000000000000
M 0.7660444378852844,-0.0000000280971371,-0.6427875757217407,0.0839889720082283,0.0000000000000000,1.0000000000000000,-0.0000000437113883,0.0000000201201544,0.6427875757217407,0.0000000334848664,0.7660444378852844,2.3941924571990967,0.0000000000000000,0.0000000000000000,0.0000000000000000,1.0000000000000000
M 0.7660444378852844,-0.0000000280971371,-0.6427875757217407,0.0839889720082283,0.0000000000000000,1.0000000000000000,-0.0000000437113883,0.0000000201201544,0.6427875757217407,0.0000000334848664,0.7660444378852844,2.3941924571990967,0.0000000000000000,0.0000000000000000,0.0000000000000000,1.0000000000000000
M 0.7660444378852844,-0.0000000280971371,-0.6427875757217407,0.0839889720082283,0.0000000000000000,1.0000000000000000,-0.0000000437113883,0.0000000201201544,0.6427875757217407,0.0000000334848664,0.7660444378852844,2.3941924571990967,0.0000000000000000,0.0000000000000000,0.0000000000000000,1.0000000000000000
M 0.7660444378852844,-0.0000000280971371,-0.6427875757217407,0.0839889720082283,0.0000000000000000,1.0000000000000000,-0.0000000437113883,0.0000000201201544,0.6427875757217407,0.0000000334848664,0.7660444378852844,2.3941924571990967,0.0000000000000000,0.0000000000000000,0.0000000000000000,1.0000000000000000
M 0.7660444378852844,-0.0000000280971371,-0.6427875757217407,0.0839889720082283,0.0000000000000000,1.0000000000000000,-0.0000000437113883,0.0000000201201544,0.6427875757217407,0.0000000334848664,0.7660444378852844,2.3941924571990967,0.0000000000000000,0.0000000000000000,0.0000000000000000,1.0000000000000000
M 0.7660444378852844,-0.0000000280971371,-0.6427875757217407,0.0839889720082283,0.0000000000000000,1.0000000000000000,-0.0000000437113883,0.0000000201201544,0.6427875757217407,0.0000000334848664,0.7660444378852844,2.3941924571990967,0.0000000000000000,0.0000000000000000,0.0000000000000000,1.0000000000000000
M 0.7660444378852844,-0.0000000280971371,-0.6427875757217407,0.0839889720082283,0.0000000000000000,1.0000000000000000,-0.0000000437113883,0.0000000201201544,0.6427875757217407,0.0000000334848664,0.7660444378852844,2.3941924571990967,0.0000000000000000,0.0000000000000000,0.0000000000000000,1.0000000000000000
M 0.7660444378852844,-0.0000000280971371,-0.6427875757217407,0.0839889720082283,0.0000000000000000,1.0000000000000000,-0.0000000437113883,0.0000000201201544,0.6427875757217407,0.0000000334848664,0.7660444378852844,2.3941924571990967,0.0000000000000000,0.0000000000000000,0.0000000000000000,1.0000000000000000
M 0.7660444378852844,-0.0000000280971371,-0.6427875757217407,0.0839889720082283,0.0000000000000000,1.0000000000000000,-0.0000000437113883,0.0000000201201544,0.6427875757217407,0.0000000334848664,0.7660444378852844,2.3941924571990967,0.0000000000000000,0.0000000000000000,0.0000000000000000,1.0000000000000000
M 0.7660444378852844,-0.0000000280971371,-0.6427875757217407,0.0839889720082283,0.0000000000000000,1.0000000000000000,-0.0000000437113883,0.0000000201201544,0.6427875757217407,0.0000000334848664,0.7660444378852844,2.3941924571990967,0.0000000000000000,0.0000000000000000,0.0000000000000000,1.0000000000000000
M 0.7660444378852844,-0.0000000280971371,-0.6427875757217407,0.0839889720082283,0.0000000000000000,1.0000000000000000,-0.0000000437113883,0.0000000201201544,0.6427875757217407,0.0000000334848664,0.7660444378852844,2.3941924571990967,0.0000000000000000,0.0000000000000000,0.0000000000000000,1.0000000000000000
M 0.7660444378852844,-0.0000000280971371,-0.6427875757217407,0.0839889720082283,0.0000000000000000,1.0000000000000000,-0.0000000437113883,0.0000000201201544,0.6427875757217407,0.0000000334848664,0.7660444378852844,2.3941924571990967,0.0000000000000000,0.0000000000000000,0.0000000000000000,1.0000000000000000
M 0.7660444378852844,-0.0000000280971371,-0.6427875757217407,0.0839889720082283,0.0000000000000000,1.0000000000000000,-0.0000000437113883,0.0000000201201544,0.6427875757217407,0.0000000334848664,0.7660444378852844,2.3941924571990967,0.0000000000000000,0.0000000000000000,0.0000000000000000,1.0000000000000000
M 0.7660444378852844,-0.0000000280971371,-0.6427875757217407,0.0839889720082283,0.0000000000000000,1.0000000000000000,-0.0000000437113883,0.0000000201201544,0.6427875757217407,0.0000000334848664,0.7660444378852844,2.3941924571990967,0.0000000000000000,0.0000000000000000,0.0000000000000000,1.0000000000000000
M 0.7660444378852844,-0.0000000280971371,-0.6427875757217407,0.0839889720082283,0.0000000000000000,1.0000000000000000,-0.0000000437113883,0.0000000201201544,0.6427875757217407,0.0000000334848664,0.7660444378852844,2.3941924571990967,0.0000000000000000,0.0000000000000000,0.0000000000000000,1.0000000000000000
M 0.7660444378852844,-0.0000000280971371,-0.6427875757217407,0.0839889720082283,0.0000000000000000,1.0000000000000000,-0.0000000437113883,0.0000000201201544,0.6427875757217407,0.0000000334848664,0.7660444378852844,2.3941924571990967,0.0000000000000000,0.0000000000000000,0.0000000000000000,1.0000000000000000
M 0.7660444378852844,-0.0000000280971371,-0.6427875757217407,0.0839889720082283,0.0000000000000000,1.0000000000000000,-0.0000000437113883,0.0000000201201544,0.6427875757217407,0.0000000334848664,0.7660444378852844,2.3941924571990967,0.0000000000000000,0.0000000000000000,0.0000000000000000,1.0000000000000000
M 0.7660444378852844,-0.0000000280971371,-0.6427875757217407,0.0839889720082283,0.0000000000000000,1.0000000000000000,-0.0000000437113883,0.0000000201201544,0.6427875757217407,0.0000000334848664,0.7660444378852844,2.3941924571990967,0.0000000000000000,0.0000000000000000,0.0000000000000000,1.0000000000000000
M 0.7660444378852844,-0.0000000280971371,-0.6427875757217407,0.0839889720082283,0.0000000000000000,1.0000000000000000,-0.0000000437113883,0.0000000201201544,0.6427875757217407,0.0000000334848664,0.7660444378852844,2.3941924571990967,0.0000000000000000,0.0000000000000000,0.0000000000000000,1.0000000000000000
M 0.7660444378852844,-0.0000000280971371,-0.6427875757217407,0.0839889720082283,0.0000000000000000,1.0000000000000000,-0.0000000437113883,0.0000000201201544,0.6427875757217407,0.0000000334848664,0.7660444378852844,2.3941924571990967,0.0000000000000000,0.0000000000000000,0.0000000000000000,1.0000000000000000
M 0.7660444378852844,-0.0000000280971371,-0.6427875757217407,0.0839889720082283,0.0000000000000000,1.0000000000000000,-0.0000000437113883,0.0000000201201544,0.6427875757217407,0.0000000334848664,0.7660444378852844,2.3941924571990967,0.0000000000000000,0.0000000000000000,0.0000000000000000,1.0000000000000000
M 0.7660444378852844,-0.0000000280971371,-0.6427875757217407,0.0839889720082283,0.0000000000000000,1.0000000000000000,-0.0000000437113883,0.0000000201201544,0.6427875757217407,0.0000000334848664,0.7660444378852844,2.3941924571990967,0.0000000000000000,0.0000000000000000,0.0000000000000000,1.0000000000000000
M 0.7660444378852844,-0.0000000280971371,-0.6427875757217407,0.0839889720082283,0.0000000000000000,1.0000000000000000,-0.0000000437113883,0.0000000201201544,0.6427875757217407,0.0000000334848664,0.7660444378852844,2.3941924571990967,0.0000000000000000,0.0000000000000000,0.0000000000000000,1.0000000000000000
M 0.7660444378852844,-0.0000000280971371,-0.6427875757217407,0.0839889720082283,0.0000000000000000,1.0000000000000000,-0.0000000437113883,0.0000000201201544,0.6427875757217407,0.0000000334848664,0.7660444378852844,2.3941924571990967,0.0000000000000000,0.0000000000000000,0.0000000000000000,1.0000000000000000
M 0.7660444378852844,-0.0000000280971371,-0.6427875757217407,0.0839889720082283,0.0000000000000000,1.0000000000000000,-0.0000000437113883,0.0000000201201544,0.6427875757217407,0.0000000334848664,0.7660444378852844,2.3941924571990967,0.0000000000000000,0.0000000000000000,0.0000000000000000,1.0000000000000000
M 0.7660444378852844,-0.0000000280971371,-0.6427875757217407,0.0839889720082283,0.0000000000000000,1.0000000000000000,-0.0000000437113883,0.0000000201201544,0.6427875757217407,0.0000000334848664,0.7660444378852844,2.3941924571990967,0.0000000000000000,0.0000000000000000,0.0000000000000000,1.0000000000000000
M 0.7660444378852844,-0.0000000280971371,-0.6427875757217407,0.0839889720082283,0.0000000000000000,1.0000000000000000,-0.0000000437113883,0.0000000201201544,0.6427875757217407,0.0000000334848664,0.7660444378852844,2.3941924571990967,0.0000000000000000,0.0000000000000000,0.0000000000000000,1.0000000000000000
M 0.7660444378852844,-0.0000000280971371,-0.6427875757217407,0.0839889720082283,0.0000000000000000,1.0000000000000000,-0.0000000437113883,0.0000000201201544,0.6427875757217407,0.0000000334848664,0.7660444378852844,2.3941924571990967,0.0000000000000000,0.0000000000000000,0.0000000000000000,1.0000000000000000
M 0.7660444378852844,-0.0000000280971371,-0.6427875757217407,0.0839889720082283,0.0000000000000000,1.0000000000000000,-0.0000000437113883,0.0000000201201544,0.6427875757217407,0.0000000334848664,0.7660444378852844,2.3941924571990967,0.0000000000000000,0.0000000000000000,0.0000000000000000,1.0000000000000000
M 0.7660444378852844,-0.0000000280971371,-0.6427875757217407,0.0839889720082283,0.0000000000000000,1.0000000000000000,-0.0000000437113883,0.0000000201201544,0.6427875757217407,0.0000000334848664,0.7660444378852844,2.3941924571990967,0.0000000000000000,0.0000000000000000,0.0000000000000000,1.0000000000000000
M 0.7660444378852844,-0.0000000280971371,-0.6427875757217407,0.0839889720082283,0.0000000000000000,1.0000000000000000,-0.0000000437113883,0.0000000201201544,0.6427875757217407,0.0000000334848664,0.7660444378852844,2.3941924571990967,0.0000000000000000,0.0000000000000000,0.0000000000000000,1.0000000000000000
M 0.7660444378852844,-0.0000000280971371,-0.6427875757217407,0.0839889720082283,0.0000000000000000,1.0000000000000000,-0.0000000437113883,0.0000000201201544,0.6427875757217407,0.0000000334848664,0.7660444378852844,2.3941924571990967,0.0000000000000000,0.0000000000000000,0.0000000000000000,1.0000000000000000
M 0.7660444378852844,-0.0000000280971371,-0.6427875757217407,0.0839889720082283,0.0000000000000000,1.0000000000000000,-0.0000000437113883,0.0000000201201544,0.6427875757217407,0.0000000334848664,0.7660444378852844,2.3941924571990967,0.0000000000000000,0.0000000000000000,0.0000000000000000,1.0000000000000000
M 0.7660444378852844,-0.0000000280971371,-0.6427875757217407,0.0839889720082283,0.0000000000000000,1.0000000000000000,-0.0000000437113883,0.0000000201201544,0.6427875757217407,0.0000000334848664,0.7660444378852844,2.3941924571990967,0.0000000000000000,0.0000000000000000,0.0000000000000000,1.0000000000000000
M 0.7660444378852844,-0.0000000280971371,-0.6427875757217407,0.0839889720082283,0.0000000000000000,1.0000000000000000,-0.0000000437113883,0.0000000201201544,0.6427875757217407,0.0000000334848664,0.7660444378852844,2.3941924571990967,0.0000000000000000,0.0000000000000000,0.0000000000000000,1.0000000000000000
M 0.7660444378852844,-0.0000000280971371,-0.6427875757217407,0.0839889720082283,0.0000000000000000,1.0000000000000000,-0.0000000437113883,0.0000000201201544,0.6427875757217407,0.0000000334848664,0.7660444378852844,2.3941924571990967,0.0000000000000000,0.0000000000000000,0.0000000000000000,1.0000000000000000
M 0.7660444378852844,-0.0000000280971371,-0.6427875757217407,0.0839889720082283,0.0000000000000000,1.0000000000000000,-0.0000000437113883,0.0000000201201544,0.6427875757217407,0.0000000334848664,0.7660444378852844,2.3941924571990967,0.0000000000000000,0.0000000000000000,0.0000000000000000,1.0000000000000000
M 0.7660444378852844,-0.0000000280971371,-0.6427875757217407,0.0839889720082283,0.0000000000000000,1.0000000000000000,-0.0000000437113883,0.0000000201201544,0.6427875757217407,0.0000000334848664,0.7660444378852844,2.3941924571990967,0.0000000000000000,0.0000000000000000,0.0000000000000000,1.0000000000000000
M 0.7660444378852844,-0.0000000280971371,-0.6427875757217407,0.0839889720082283,0.0000000000000000,1.0000000000000000,-0.0000000437113883,0.0000000201201544,0.6427875757217407,0.0000000334848664,0.7660444378852844,2.3941924571990967,0.0000000000000000,0.0000000000000000,0.0000000000000000,1.0000000000000000
M 0.7660444378852844,-0.0000000280971371,-0.6427875757217407,0.0839889720082283,0.0000000000000000,1.0000000000000000,-0.0000000437113883,0.0000000201201544,0.6427875757217407,0.0000000334848664,0.7660444378852844,2.3941924571990967,0.0000000000000000,0.0000000000000000,0.0000000000000000,1.0000000000000000
M 0.7660444378852844,-0.0000000280971371,-0.6427875757217407,0.0839889720082283,0.0000000000000000,1.0000000000000000,-0.0000000437113883,0.0000000201201544,0.6427875757217407,0.0000000334848664,0.7660444378852844,2.3941924571990967,0.0000000000000000,0.0000000000000000,0.0000000000000000,1.0000000000000000
M 0.7660444378852844,-0.0000000280971371,-0.6427875757217407,0.0839889720082283,0.0000000000000000,1.0000000000000000,-0.0000000437113883,0.0000000201201544,0.6427875757217407,0.0000000334848664,0.7660444378852844,2.3941924571990967,0.0000000000000000,0.0000000000000000,0.0000000000000000,1.0000000000000000
M 0.7660444378852844,-0.0000000280971371,-0.6427875757217407,0.0839889720082283,0.0000000000000000,1.0000000000000000,-0.0000000437113883,0.0000000201201544,0.6427875757217407,0.0000000334848664,0.7660444378852844,2.3941924571990967,0.0000000000000000,0.0000000000000000,0.0000000000000000,1.0000000000000000
M 0.7660444378852844,-0.0000000280971371,-0.6427875757217407,0.0839889720082283,0.0000000000000000,1.0000000000000000,-0.0000000437113883,0.0000000201201544,0.6427875757217407,0.0000000334848664,0.7660444378852844,2.3941924571990967,0.0000000000000000,0.0000000000000000,0.0000000000000000,1.0000000000000000
M 0.7660444378852844,-0.0000000280971371,-0.6427875757217407,0.0839889720082283,0.0000000000000000,1.0000000000000000,-0.0000000437113883,0.0000000201201544,0.6427875757217407,0.0000000334848664,0.7660444378852844,2.3941924571990967,0.0000000000000000,0.0000000000000000,0.0000000000000000,1.0000000000000000
