O DOOR_5_Arm_INTERIOR_LCG_il_LINVERT
A DOOR_5_Arm_INTERIOR_LCG_il_LINVERT_DOOR_5_Arm_INTERIOR_LCG_il_LINVERT
M 1.0000000000000000,0.0000000000000000,0.0000000000000000,0.0000000000000000,0.0000000000000000,1.0000000000000000,-0.0000000437113883,-0.0000000201182289,-0.0000000000000000,0.0000000437113883,1.0000000000000000,-0.0000000337591786,0.0000000000000000,0.0000000000000000,0.0000000000000000,1.0000000000000000
M 0.9999984502792358,0.0000000000776417,0.0017762349452823,0.0023189124185592,0.0000000000000000,1.0000000000000000,-0.0000000437113883,-0.0000000201182289,-0.0017762349452823,0.0000000437113279,0.9999984502792358,-0.0147563396021724,0.0000000000000000,0.0000000000000000,0.0000000000000000,1.0000000000000000
M 0.9999757409095764,0.0000000003043532,0.0069627882912755,0.0089374408125877,0.0000000000000000,1.0000000000000000,-0.0000000437113883,-0.0000000201182289,-0.0069627882912755,0.0000000437103296,0.9999757409095764,-0.0578682012856007,0.0000000000000000,0.0000000000000000,0.0000000000000000,1.0000000000000000
M 0.9998822212219238,0.0000000006707983,0.0153460754081607,0.0191632695496082,0.0000000000000000,1.0000000000000000,-0.0000000437113883,-0.0000000201182289,-0.0153460754081607,0.0000000437062404,0.9998822212219238,-0.1276266872882843,0.0000000000000000,0.0000000000000000,0.0000000000000000,1.0000000000000000
M 0.9996432065963745,0.0000000011675928,0.0267114099115133,0.0320947319269180,0.0000000000000000,1.0000000000000000,-0.0000000437113883,-0.0000000201182289,-0.0267114099115133,0.0000000436957990,0.9996432065963745,-0.2223463654518127,0.0000000000000000,0.0000000000000000,0.0000000000000000,1.0000000000000000
M 0.9991655945777893,0.0000000017852629,0.0408420562744141,0.0466739311814308,0.0000000000000000,1.0000000000000000,-0.0000000437113883,-0.0000000201182289,-0.0408420562744141,0.0000000436749161,0.9991655945777893,-0.3403493762016296,0.0000000000000000,0.0000000000000000,0.0000000000000000,1.0000000000000000
M 0.9983444809913635,0.0000000025142037,0.0575182661414146,0.0617407895624638,0.0000000000000000,1.0000000000000000,-0.0000000437113883,-0.0000000201182289,-0.0575182661414146,0.0000000436390231,0.9983444809913635,-0.4799478054046631,0.0000000000000000,0.0000000000000000,0.0000000000000000,1.0000000000000000
M 0.9970683455467224,0.0000000033446386,0.0765164121985435,0.0760757923126221,0.0000000000000000,1.0000000000000000,-0.0000000437113883,-0.0000000201182289,-0.0765164121985435,0.0000000435832419,0.9970683455467224,-0.6394307613372803,0.0000000000000000,0.0000000000000000,0.0000000000000000,1.0000000000000000
M 0.9952248930931091,0.0000000042665969,0.0976083502173424,0.0884467735886574,0.0000000000000000,1.0000000000000000,-0.0000000437113883,-0.0000000201182289,-0.0976083502173424,0.0000000435026628,0.9952248930931091,-0.8170502185821533,0.0000000000000000,0.0000000000000000,0.0000000000000000,1.0000000000000000
M 0.9927059412002563,0.0000000052698921,0.1205610781908035,0.0976486429572105,0.0000000000000000,1.0000000000000000,-0.0000000437113883,-0.0000000201182289,-0.1205610781908035,0.0000000433925607,0.9927059412002563,-1.0110129117965698,0.0000000000000000,0.0000000000000000,0.0000000000000000,1.0000000000000000
M 0.9894115924835205,0.0000000063441359,0.1451368927955627,0.1025396883487701,0.0000000000000000,1.0000000000000000,-0.0000000437113883,-0.0000000201182289,-0.1451368927955627,0.0000000432485550,0.9894115924835205,-1.2194756269454956,0.0000000000000000,0.0000000000000000,0.0000000000000000,1.0000000000000000
M 0.9852547645568848,0.0000000074787430,0.1710936874151230,0.1020792722702026,0.0000000000000000,1.0000000000000000,-0.0000000437113883,-0.0000000201182289,-0.1710936874151230,0.0000000430668550,0.9852547645568848,-1.4405412673950195,0.0000000000000000,0.0000000000000000,0.0000000000000000,1.0000000000000000
M 0.9801644682884216,0.0000000086629806,0.1981858909130096,0.0953557044267654,0.0000000000000000,1.0000000000000000,-0.0000000437113883,-0.0000000201182289,-0.1981858909130096,0.0000000428443556,0.9801644682884216,-1.6722633838653564,0.0000000000000000,0.0000000000000000,0.0000000000000000,1.0000000000000000
M 0.9740887880325317,0.0000000098860236,0.2261658459901810,0.0816119536757469,0.0000000000000000,1.0000000000000000,-0.0000000437113883,-0.0000000201182289,-0.2261658459901810,0.0000000425787725,0.9740887880325317,-1.9126530885696411,0.0000000000000000,0.0000000000000000,0.0000000000000000,1.0000000000000000
M 0.9669977426528931,0.0000000111370024,0.2547848820686340,0.0602726563811302,0.0000000000000000,1.0000000000000000,-0.0000000437113883,-0.0000000201182289,-0.2547848820686340,0.0000000422688125,0.9669977426528931,-2.1596839427947998,0.0000000000000000,0.0000000000000000,0.0000000000000000,1.0000000000000000
M 0.9588847756385803,0.0000000124050992,0.2837955951690674,0.0309587959200144,0.0000000000000000,1.0000000000000000,-0.0000000437113883,-0.0000000201182289,-0.2837955951690674,0.0000000419141841,0.9588847756385803,-2.4113094806671143,0.0000000000000000,0.0000000000000000,0.0000000000000000,1.0000000000000000
M 0.9497683644294739,0.0000000136796441,0.3129537701606750,-0.0064966115169227,0.0000000000000000,1.0000000000000000,-0.0000000437113883,-0.0000000201182289,-0.3129537701606750,0.0000000415157011,0.9497683644294739,-2.6654767990112305,0.0000000000000000,0.0000000000000000,0.0000000000000000,1.0000000000000000
M 0.9396926164627075,0.0000000149501744,0.3420201241970062,-0.0520409643650055,0.0000000000000000,1.0000000000000000,-0.0000000437113883,-0.0000000201182289,-0.3420201241970062,0.0000000410752676,0.9396926164627075,-2.9201405048370361,0.0000000000000000,0.0000000000000000,0.0000000000000000,1.0000000000000000
M 0.9287276268005371,0.0000000162065579,0.3707627952098846,-0.1053968667984009,0.0000000000000000,1.0000000000000000,-0.0000000437113883,-0.0000000201182289,-0.3707627952098846,0.0000000405959817,0.9287276268005371,-3.1732831001281738,0.0000000000000000,0.0000000000000000,0.0000000000000000,1.0000000000000000
M 0.9169687032699585,0.0000000174390600,0.3989591896533966,-0.1660644114017487,0.0000000000000000,1.0000000000000000,-0.0000000437113883,-0.0000000201182289,-0.3989591896533966,0.0000000400819822,0.9169687032699585,-3.4229295253753662,0.0000000000000000,0.0000000000000000,0.0000000000000000,1.0000000000000000
M 0.9045358300209045,0.0000000186384312,0.4263976216316223,-0.2333247959613800,0.0000000000000000,1.0000000000000000,-0.0000000437113883,-0.0000000201182289,-0.4263976216316223,0.0000000395385165,0.9045358300209045,-3.6671648025512695,0.0000000000000000,0.0000000000000000,0.0000000000000000,1.0000000000000000
M 0.8915719389915466,0.0000000197959746,0.4528791010379791,-0.3062524497509003,0.0000000000000000,1.0000000000000000,-0.0000000437113883,-0.0000000201182289,-0.4528791010379791,0.0000000389718480,0.8915719389915466,-3.9041481018066406,0.0000000000000000,0.0000000000000000,0.0000000000000000,1.0000000000000000
M 0.8782410025596619,0.0000000209035864,0.4782183170318604,-0.3837282359600067,0.0000000000000000,1.0000000000000000,-0.0000000437113883,-0.0000000201182289,-0.4782183170318604,0.0000000383891390,0.8782410025596619,-4.1321249008178711,0.0000000000000000,0.0000000000000000,0.0000000000000000,1.0000000000000000
M 0.8647258877754211,0.0000000219537881,0.5022441148757935,-0.4644575417041779,0.0000000000000000,1.0000000000000000,-0.0000000437113883,-0.0000000201182289,-0.5022441148757935,0.0000000377983689,0.8647258877754211,-4.3494334220886230,0.0000000000000000,0.0000000000000000,0.0000000000000000,1.0000000000000000
M 0.8512254953384399,0.0000000229397461,0.5248001217842102,-0.5469934344291687,0.0000000000000000,1.0000000000000000,-0.0000000437113883,-0.0000000201182289,-0.5248001217842102,0.0000000372082560,0.8512254953384399,-4.5545139312744141,0.0000000000000000,0.0000000000000000,0.0000000000000000,1.0000000000000000
M 0.8379520773887634,0.0000000238552200,0.5457438230514526,-0.6297605037689209,0.0000000000000000,1.0000000000000000,-0.0000000437113883,-0.0000000201182289,-0.5457438230514526,0.0000000366280482,0.8379520773887634,-4.7459039688110352,0.0000000000000000,0.0000000000000000,0.0000000000000000,1.0000000000000000
M 0.8251278996467590,0.0000000246945717,0.5649459362030029,-0.7110812067985535,0.0000000000000000,1.0000000000000000,-0.0000000437113883,-0.0000000201182289,-0.5649459362030029,0.0000000360674868,0.8251278996467590,-4.9222383499145508,0.0000000000000000,0.0000000000000000,0.0000000000000000,1.0000000000000000
M 0.8129824995994568,0.0000000254526231,0.5822881460189819,-0.7892054319381714,0.0000000000000000,1.0000000000000000,-0.0000000437113883,-0.0000000201182289,-0.5822881460189819,0.0000000355365941,0.8129824995994568,-5.0822315216064453,0.0000000000000000,0.0000000000000000,0.0000000000000000,1.0000000000000000
M 0.8017482757568359,0.0000000261246331,0.5976618528366089,-0.8623444437980652,0.0000000000000000,1.0000000000000000,-0.0000000437113883,-0.0000000201182289,-0.5976618528366089,0.0000000350455309,0.8017482757568359,-5.2246785163879395,0.0000000000000000,0.0000000000000000,0.0000000000000000,1.0000000000000000
M 0.7916581034660339,0.0000000267061004,0.6109643578529358,-0.9286985993385315,0.0000000000000000,1.0000000000000000,-0.0000000437113883,-0.0000000201182289,-0.6109643578529358,0.0000000346044757,0.7916581034660339,-5.3484187126159668,0.0000000000000000,0.0000000000000000,0.0000000000000000,1.0000000000000000
M 0.7829409241676331,0.0000000271926854,0.6220960617065430,-0.9864973425865173,0.0000000000000000,1.0000000000000000,-0.0000000437113883,-0.0000000201182289,-0.6220960617065430,0.0000000342234330,0.7829409241676331,-5.4523253440856934,0.0000000000000000,0.0000000000000000,0.0000000000000000,1.0000000000000000
M 0.7758184671401978,0.0000000275799739,0.6309561729431152,-1.0340311527252197,0.0000000000000000,1.0000000000000000,-0.0000000437113883,-0.0000000201182289,-0.6309561729431152,0.0000000339121016,0.7758184671401978,-5.5352702140808105,0.0000000000000000,0.0000000000000000,0.0000000000000000,1.0000000000000000
M 0.7705014944076538,0.0000000278633081,0.6374381780624390,-1.0696890354156494,0.0000000000000000,1.0000000000000000,-0.0000000437113883,-0.0000000201182289,-0.6374381780624390,0.0000000336796901,0.7705014944076538,-5.5960912704467773,0.0000000000000000,0.0000000000000000,0.0000000000000000,1.0000000000000000
M 0.7671849727630615,0.0000000280376167,0.6414259076118469,-1.0920039415359497,0.0000000000000000,1.0000000000000000,-0.0000000437113883,-0.0000000201182289,-0.6414259076118469,0.0000000335347217,0.7671849727630615,-5.6335687637329102,0.0000000000000000,0.0000000000000000,0.0000000000000000,1.0000000000000000
M 0.7660444378852844,0.0000000280971371,0.6427875757217407,-1.0996905565261841,0.0000000000000000,1.0000000000000000,-0.0000000437113883,-0.0000000201182289,-0.6427875757217407,0.0000000334848664,0.7660444378852844,-5.6463761329650879,0.0000000000000000,0.0000000000000000,0.0000000000000000,1.0000000000000000
M 0.7660444378852844,0.0000000280971371,0.6427875757217407,-1.0996905565261841,0.0000000000000000,1.0000000000000000,-0.0000000437113883,-0.0000000201182289,-0.6427875757217407,0.0000000334848664,0.7660444378852844,-5.6463761329650879,0.0000000000000000,0.0000000000000000,0.0000000000000000,1.0000000000000000
M 0.7660444378852844,0.0000000280971371,0.6427875757217407,-1.0996905565261841,0.0000000000000000,1.0000000000000000,-0.0000000437113883,-0.0000000201182289,-0.6427875757217407,0.0000000334848664,0.7660444378852844,-5.6463761329650879,0.0000000000000000,0.0000000000000000,0.0000000000000000,1.0000000000000000
M 0.7660444378852844,0.0000000280971371,0.6427875757217407,-1.0996905565261841,0.0000000000000000,1.0000000000000000,-0.0000000437113883,-0.0000000201182289,-0.6427875757217407,0.0000000334848664,0.7660444378852844,-5.6463761329650879,0.0000000000000000,0.0000000000000000,0.0000000000000000,1.0000000000000000
M 0.7660444378852844,0.0000000280971371,0.6427875757217407,-1.0996905565261841,0.0000000000000000,1.0000000000000000,-0.0000000437113883,-0.0000000201182289,-0.6427875757217407,0.0000000334848664,0.7660444378852844,-5.6463761329650879,0.0000000000000000,0.0000000000000000,0.0000000000000000,1.0000000000000000
M 0.7660444378852844,0.0000000280971371,0.6427875757217407,-1.0996905565261841,0.0000000000000000,1.0000000000000000,-0.0000000437113883,-0.0000000201182289,-0.6427875757217407,0.0000000334848664,0.7660444378852844,-5.6463761329650879,0.0000000000000000,0.0000000000000000,0.0000000000000000,1.0000000000000000
M 0.7660444378852844,0.0000000280971371,0.6427875757217407,-1.0996905565261841,0.0000000000000000,1.0000000000000000,-0.0000000437113883,-0.0000000201182289,-0.6427875757217407,0.0000000334848664,0.7660444378852844,-5.6463761329650879,0.0000000000000000,0.0000000000000000,0.0000000000000000,1.0000000000000000
M 0.7660444378852844,0.0000000280971371,0.6427875757217407,-1.0996905565261841,0.0000000000000000,1.0000000000000000,-0.0000000437113883,-0.0000000201182289,-0.6427875757217407,0.0000000334848664,0.7660444378852844,-5.6463761329650879,0.0000000000000000,0.0000000000000000,0.0000000000000000,1.0000000000000000
M 0.7660444378852844,0.0000000280971371,0.6427875757217407,-1.0996905565261841,0.0000000000000000,1.0000000000000000,-0.0000000437113883,-0.0000000201182289,-0.6427875757217407,0.0000000334848664,0.7660444378852844,-5.6463761329650879,0.0000000000000000,0.0000000000000000,0.0000000000000000,1.0000000000000000
M 0.7660444378852844,0.0000000280971371,0.6427875757217407,-1.0996905565261841,0.0000000000000000,1.0000000000000000,-0.0000000437113883,-0.0000000201182289,-0.6427875757217407,0.0000000334848664,0.7660444378852844,-5.6463761329650879,0.0000000000000000,0.0000000000000000,0.0000000000000000,1.0000000000000000
M 0.7660444378852844,0.0000000280971371,0.6427875757217407,-1.0996905565261841,0.0000000000000000,1.0000000000000000,-0.0000000437113883,-0.0000000201182289,-0.6427875757217407,0.0000000334848664,0.7660444378852844,-5.6463761329650879,0.0000000000000000,0.0000000000000000,0.0000000000000000,1.0000000000000000
M 0.7660444378852844,0.0000000280971371,0.6427875757217407,-1.0996905565261841,0.0000000000000000,1.0000000000000000,-0.0000000437113883,-0.0000000201182289,-0.6427875757217407,0.0000000334848664,0.7660444378852844,-5.6463761329650879,0.0000000000000000,0.0000000000000000,0.0000000000000000,1.0000000000000000
M 0.7660444378852844,0.0000000280971371,0.6427875757217407,-1.0996905565261841,0.0000000000000000,1.0000000000000000,-0.0000000437113883,-0.0000000201182289,-0.6427875757217407,0.0000000334848664,0.7660444378852844,-5.6463761329650879,0.0000000000000000,0.0000000000000000,0.0000000000000000,1.0000000000000000
M 0.7660444378852844,0.0000000280971371,0.6427875757217407,-1.0996905565261841,0.0000000000000000,1.0000000000000000,-0.0000000437113883,-0.0000000201182289,-0.6427875757217407,0.0000000334848664,0.7660444378852844,-5.6463761329650879,0.0000000000000000,0.0000000000000000,0.0000000000000000,1.0000000000000000
M 0.7660444378852844,0.0000000280971371,0.6427875757217407,-1.0996905565261841,0.0000000000000000,1.0000000000000000,-0.0000000437113883,-0.0000000201182289,-0.6427875757217407,0.0000000334848664,0.7660444378852844,-5.6463761329650879,0.0000000000000000,0.0000000000000000,0.0000000000000000,1.0000000000000000
M 0.7660444378852844,0.0000000280971371,0.6427875757217407,-1.0996905565261841,0.0000000000000000,1.0000000000000000,-0.0000000437113883,-0.0000000201182289,-0.6427875757217407,0.0000000334848664,0.7660444378852844,-5.6463761329650879,0.0000000000000000,0.0000000000000000,0.0000000000000000,1.0000000000000000
M 0.7660444378852844,0.0000000280971371,0.6427875757217407,-1.0996905565261841,0.0000000000000000,1.0000000000000000,-0.0000000437113883,-0.0000000201182289,-0.6427875757217407,0.0000000334848664,0.7660444378852844,-5.6463761329650879,0.0000000000000000,0.0000000000000000,0.0000000000000000,1.0000000000000000
M 0.7660444378852844,0.0000000280971371,0.6427875757217407,-1.0996905565261841,0.0000000000000000,1.0000000000000000,-0.0000000437113883,-0.0000000201182289,-0.6427875757217407,0.0000000334848664,0.7660444378852844,-5.6463761329650879,0.0000000000000000,0.0000000000000000,0.0000000000000000,1.0000000000000000
M 0.7660444378852844,0.0000000280971371,0.6427875757217407,-1.0996905565261841,0.0000000000000000,1.0000000000000000,-0.0000000437113883,-0.0000000201182289,-0.6427875757217407,0.0000000334848664,0.7660444378852844,-5.6463761329650879,0.0000000000000000,0.0000000000000000,0.0000000000000000,1.0000000000000000
M 0.7660444378852844,0.0000000280971371,0.6427875757217407,-1.0996905565261841,0.0000000000000000,1.0000000000000000,-0.0000000437113883,-0.0000000201182289,-0.6427875757217407,0.0000000334848664,0.7660444378852844,-5.6463761329650879,0.0000000000000000,0.0000000000000000,0.0000000000000000,1.0000000000000000
M 0.7660444378852844,0.0000000280971371,0.6427875757217407,-1.0996905565261841,0.0000000000000000,1.0000000000000000,-0.0000000437113883,-0.0000000201182289,-0.6427875757217407,0.0000000334848664,0.7660444378852844,-5.6463761329650879,0.0000000000000000,0.0000000000000000,0.0000000000000000,1.0000000000000000
M 0.7660444378852844,0.0000000280971371,0.6427875757217407,-1.0996905565261841,0.0000000000000000,1.0000000000000000,-0.0000000437113883,-0.0000000201182289,-0.6427875757217407,0.0000000334848664,0.7660444378852844,-5.6463761329650879,0.0000000000000000,0.0000000000000000,0.0000000000000000,1.0000000000000000
M 0.7660444378852844,0.0000000280971371,0.6427875757217407,-1.0996905565261841,0.0000000000000000,1.0000000000000000,-0.0000000437113883,-0.0000000201182289,-0.6427875757217407,0.0000000334848664,0.7660444378852844,-5.6463761329650879,0.0000000000000000,0.0000000000000000,0.0000000000000000,1.0000000000000000
M 0.7660444378852844,0.0000000280971371,0.6427875757217407,-1.0996905565261841,0.0000000000000000,1.0000000000000000,-0.0000000437113883,-0.0000000201182289,-0.6427875757217407,0.0000000334848664,0.7660444378852844,-5.6463761329650879,0.0000000000000000,0.0000000000000000,0.0000000000000000,1.0000000000000000
M 0.7660444378852844,0.0000000280971371,0.6427875757217407,-1.0996905565261841,0.0000000000000000,1.0000000000000000,-0.0000000437113883,-0.0000000201182289,-0.6427875757217407,0.0000000334848664,0.7660444378852844,-5.6463761329650879,0.0000000000000000,0.0000000000000000,0.0000000000000000,1.0000000000000000
M 0.7660444378852844,0.0000000280971371,0.6427875757217407,-1.0996905565261841,0.0000000000000000,1.0000000000000000,-0.0000000437113883,-0.0000000201182289,-0.6427875757217407,0.0000000334848664,0.7660444378852844,-5.6463761329650879,0.0000000000000000,0.0000000000000000,0.0000000000000000,1.0000000000000000
M 0.7660444378852844,0.0000000280971371,0.6427875757217407,-1.0996905565261841,0.0000000000000000,1.0000000000000000,-0.0000000437113883,-0.0000000201182289,-0.6427875757217407,0.0000000334848664,0.7660444378852844,-5.6463761329650879,0.0000000000000000,0.0000000000000000,0.0000000000000000,1.0000000000000000
M 0.7660444378852844,0.0000000280971371,0.6427875757217407,-1.0996905565261841,0.0000000000000000,1.0000000000000000,-0.0000000437113883,-0.0000000201182289,-0.6427875757217407,0.0000000334848664,0.7660444378852844,-5.6463761329650879,0.0000000000000000,0.0000000000000000,0.0000000000000000,1.0000000000000000
M 0.7660444378852844,0.0000000280971371,0.6427875757217407,-1.0996905565261841,0.0000000000000000,1.0000000000000000,-0.0000000437113883,-0.0000000201182289,-0.6427875757217407,0.0000000334848664,0.7660444378852844,-5.6463761329650879,0.0000000000000000,0.0000000000000000,0.0000000000000000,1.0000000000000000
M 0.7660444378852844,0.0000000280971371,0.6427875757217407,-1.0996905565261841,0.0000000000000000,1.0000000000000000,-0.0000000437113883,-0.0000000201182289,-0.6427875757217407,0.0000000334848664,0.7660444378852844,-5.6463761329650879,0.0000000000000000,0.0000000000000000,0.0000000000000000,1.0000000000000000
M 0.7660444378852844,0.0000000280971371,0.6427875757217407,-1.0996905565261841,0.0000000000000000,1.0000000000000000,-0.0000000437113883,-0.0000000201182289,-0.6427875757217407,0.0000000334848664,0.7660444378852844,-5.6463761329650879,0.0000000000000000,0.0000000000000000,0.0000000000000000,1.0000000000000000
M 0.7660444378852844,0.0000000280971371,0.6427875757217407,-1.0996905565261841,0.0000000000000000,1.0000000000000000,-0.0000000437113883,-0.0000000201182289,-0.6427875757217407,0.0000000334848664,0.7660444378852844,-5.6463761329650879,0.0000000000000000,0.0000000000000000,0.0000000000000000,1.0000000000000000
M 0.7660444378852844,0.0000000280971371,0.6427875757217407,-1.0996905565261841,0.0000000000000000,1.0000000000000000,-0.0000000437113883,-0.0000000201182289,-0.6427875757217407,0.0000000334848664,0.7660444378852844,-5.6463761329650879,0.0000000000000000,0.0000000000000000,0.0000000000000000,1.0000000000000000
M 0.7660444378852844,0.0000000280971371,0.6427875757217407,-1.0996905565261841,0.0000000000000000,1.0000000000000000,-0.0000000437113883,-0.0000000201182289,-0.6427875757217407,0.0000000334848664,0.7660444378852844,-5.6463761329650879,0.0000000000000000,0.0000000000000000,0.0000000000000000,1.0000000000000000
M 0.7660444378852844,0.0000000280971371,0.6427875757217407,-1.0996905565261841,0.0000000000000000,1.0000000000000000,-0.0000000437113883,-0.0000000201182289,-0.6427875757217407,0.0000000334848664,0.7660444378852844,-5.6463761329650879,0.0000000000000000,0.0000000000000000,0.0000000000000000,1.0000000000000000
M 0.7660444378852844,0.0000000280971371,0.6427875757217407,-1.0996905565261841,0.0000000000000000,1.0000000000000000,-0.0000000437113883,-0.0000000201182289,-0.6427875757217407,0.0000000334848664,0.7660444378852844,-5.6463761329650879,0.0000000000000000,0.0000000000000000,0.0000000000000000,1.0000000000000000
M 0.7660444378852844,0.0000000280971371,0.6427875757217407,-1.0996905565261841,0.0000000000000000,1.0000000000000000,-0.0000000437113883,-0.0000000201182289,-0.6427875757217407,0.0000000334848664,0.7660444378852844,-5.6463761329650879,0.0000000000000000,0.0000000000000000,0.0000000000000000,1.0000000000000000
M 0.7660444378852844,0.0000000280971371,0.6427875757217407,-1.0996905565261841,0.0000000000000000,1.0000000000000000,-0.0000000437113883,-0.0000000201182289,-0.6427875757217407,0.0000000334848664,0.7660444378852844,-5.6463761329650879,0.0000000000000000,0.0000000000000000,0.0000000000000000,1.0000000000000000
M 0.7660444378852844,0.0000000280971371,0.6427875757217407,-1.0996905565261841,0.0000000000000000,1.0000000000000000,-0.0000000437113883,-0.0000000201182289,-0.6427875757217407,0.0000000334848664,0.7660444378852844,-5.6463761329650879,0.0000000000000000,0.0000000000000000,0.0000000000000000,1.0000000000000000
M 0.7660444378852844,0.0000000280971371,0.6427875757217407,-1.0996905565261841,0.0000000000000000,1.0000000000000000,-0.0000000437113883,-0.0000000201182289,-0.6427875757217407,0.0000000334848664,0.7660444378852844,-5.6463761329650879,0.0000000000000000,0.0000000000000000,0.0000000000000000,1.0000000000000000
M 0.7660444378852844,0.0000000280971371,0.6427875757217407,-1.0996905565261841,0.0000000000000000,1.0000000000000000,-0.0000000437113883,-0.0000000201182289,-0.6427875757217407,0.0000000334848664,0.7660444378852844,-5.6463761329650879,0.0000000000000000,0.0000000000000000,0.0000000000000000,1.0000000000000000
M 0.7660444378852844,0.0000000280971371,0.6427875757217407,-1.0996905565261841,0.0000000000000000,1.0000000000000000,-0.0000000437113883,-0.0000000201182289,-0.6427875757217407,0.0000000334848664,0.7660444378852844,-5.6463761329650879,0.0000000000000000,0.0000000000000000,0.0000000000000000,1.0000000000000000
M 0.7660444378852844,0.0000000280971371,0.6427875757217407,-1.0996905565261841,0.0000000000000000,1.0000000000000000,-0.0000000437113883,-0.0000000201182289,-0.6427875757217407,0.0000000334848664,0.7660444378852844,-5.6463761329650879,0.0000000000000000,0.0000000000000000,0.0000000000000000,1.0000000000000000
M 0.7660444378852844,0.0000000280971371,0.6427875757217407,-1.0996905565261841,0.0000000000000000,1.0000000000000000,-0.0000000437113883,-0.0000000201182289,-0.6427875757217407,0.0000000334848664,0.7660444378852844,-5.6463761329650879,0.0000000000000000,0.0000000000000000,0.0000000000000000,1.0000000000000000
M 0.7660444378852844,0.0000000280971371,0.6427875757217407,-1.0996905565261841,0.0000000000000000,1.0000000000000000,-0.0000000437113883,-0.0000000201182289,-0.6427875757217407,0.0000000334848664,0.7660444378852844,-5.6463761329650879,0.0000000000000000,0.0000000000000000,0.0000000000000000,1.0000000000000000
M 0.7660444378852844,0.0000000280971371,0.6427875757217407,-1.0996905565261841,0.0000000000000000,1.0000000000000000,-0.0000000437113883,-0.0000000201182289,-0.6427875757217407,0.0000000334848664,0.7660444378852844,-5.6463761329650879,0.0000000000000000,0.0000000000000000,0.0000000000000000,1.0000000000000000
M 0.7660444378852844,0.0000000280971371,0.6427875757217407,-1.0996905565261841,0.0000000000000000,1.0000000000000000,-0.0000000437113883,-0.0000000201182289,-0.6427875757217407,0.0000000334848664,0.7660444378852844,-5.6463761329650879,0.0000000000000000,0.0000000000000000,0.0000000000000000,1.0000000000000000
M 0.7660444378852844,0.0000000280971371,0.6427875757217407,-1.0996905565261841,0.0000000000000000,1.0000000000000000,-0.0000000437113883,-0.0000000201182289,-0.6427875757217407,0.0000000334848664,0.7660444378852844,-5.6463761329650879,0.0000000000000000,0.0000000000000000,0.0000000000000000,1.0000000000000000
M 0.7660444378852844,0.0000000280971371,0.6427875757217407,-1.0996905565261841,0.0000000000000000,1.0000000000000000,-0.0000000437113883,-0.0000000201182289,-0.6427875757217407,0.0000000334848664,0.7660444378852844,-5.6463761329650879,0.0000000000000000,0.0000000000000000,0.0000000000000000,1.0000000000000000
M 0.7660444378852844,0.0000000280971371,0.6427875757217407,-1.0996905565261841,0.0000000000000000,1.0000000000000000,-0.0000000437113883,-0.0000000201182289,-0.6427875757217407,0.0000000334848664,0.7660444378852844,-5.6463761329650879,0.0000000000000000,0.0000000000000000,0.0000000000000000,1.0000000000000000
M 0.7660444378852844,0.0000000280971371,0.6427875757217407,-1.0996905565261841,0.0000000000000000,1.0000000000000000,-0.0000000437113883,-0.0000000201182289,-0.6427875757217407,0.0000000334848664,0.7660444378852844,-5.6463761329650879,0.0000000000000000,0.0000000000000000,0.0000000000000000,1.0000000000000000
M 0.7660444378852844,0.0000000280971371,0.6427875757217407,-1.0996905565261841,0.0000000000000000,1.0000000000000000,-0.0000000437113883,-0.0000000201182289,-0.6427875757217407,0.0000000334848664,0.7660444378852844,-5.6463761329650879,0.0000000000000000,0.0000000000000000,0.0000000000000000,1.0000000000000000
M 0.7660444378852844,0.0000000280971371,0.6427875757217407,-1.0996905565261841,0.0000000000000000,1.0000000000000000,-0.0000000437113883,-0.0000000201182289,-0.6427875757217407,0.0000000334848664,0.7660444378852844,-5.6463761329650879,0.0000000000000000,0.0000000000000000,0.0000000000000000,1.0000000000000000
M 0.7660444378852844,0.0000000280971371,0.6427875757217407,-1.0996905565261841,0.0000000000000000,1.0000000000000000,-0.0000000437113883,-0.0000000201182289,-0.6427875757217407,0.0000000334848664,0.7660444378852844,-5.6463761329650879,0.0000000000000000,0.0000000000000000,0.0000000000000000,1.0000000000000000
M 0.7660444378852844,0.0000000280971371,0.6427875757217407,-1.0996905565261841,0.0000000000000000,1.0000000000000000,-0.0000000437113883,-0.0000000201182289,-0.6427875757217407,0.0000000334848664,0.7660444378852844,-5.6463761329650879,0.0000000000000000,0.0000000000000000,0.0000000000000000,1.0000000000000000
M 0.7660444378852844,0.0000000280971371,0.6427875757217407,-1.0996905565261841,0.0000000000000000,1.0000000000000000,-0.0000000437113883,-0.0000000201182289,-0.6427875757217407,0.0000000334848664,0.7660444378852844,-5.6463761329650879,0.0000000000000000,0.0000000000000000,0.0000000000000000,1.0000000000000000
M 0.7660444378852844,0.0000000280971371,0.6427875757217407,-1.0996905565261841,0.0000000000000000,1.0000000000000000,-0.0000000437113883,-0.0000000201182289,-0.6427875757217407,0.0000000334848664,0.7660444378852844,-5.6463761329650879,0.0000000000000000,0.0000000000000000,0.0000000000000000,1.0000000000000000
M 0.7660444378852844,0.0000000280971371,0.6427875757217407,-1.0996905565261841,0.0000000000000000,1.0000000000000000,-0.0000000437113883,-0.0000000201182289,-0.6427875757217407,0.0000000334848664,0.7660444378852844,-5.6463761329650879,0.0000000000000000,0.0000000000000000,0.0000000000000000,1.0000000000000000
M 0.7660444378852844,0.0000000280971371,0.6427875757217407,-1.0996905565261841,0.0000000000000000,1.0000000000000000,-0.0000000437113883,-0.0000000201182289,-0.6427875757217407,0.0000000334848664,0.7660444378852844,-5.6463761329650879,0.0000000000000000,0.0000000000000000,0.0000000000000000,1.0000000000000000
M 0.7660444378852844,0.0000000280971371,0.6427875757217407,-1.0996905565261841,0.0000000000000000,1.0000000000000000,-0.0000000437113883,-0.0000000201182289,-0.6427875757217407,0.0000000334848664,0.7660444378852844,-5.6463761329650879,0.0000000000000000,0.0000000000000000,0.0000000000000000,1.0000000000000000
M 0.7660444378852844,0.0000000280971371,0.6427875757217407,-1.0996905565261841,0.0000000000000000,1.0000000000000000,-0.0000000437113883,-0.0000000201182289,-0.6427875757217407,0.0000000334848664,0.7660444378852844,-5.6463761329650879,0.0000000000000000,0.0000000000000000,0.0000000000000000,1.0000000000000000
M 0.7660444378852844,0.0000000280971371,0.6427875757217407,-1.0996905565261841,0.0000000000000000,1.0000000000000000,-0.0000000437113883,-0.0000000201182289,-0.6427875757217407,0.0000000334848664,0.7660444378852844,-5.6463761329650879,0.0000000000000000,0.0000000000000000,0.0000000000000000,1.0000000000000000
M 0.7660444378852844,0.0000000280971371,0.6427875757217407,-1.0996905565261841,0.0000000000000000,1.0000000000000000,-0.0000000437113883,-0.0000000201182289,-0.6427875757217407,0.0000000334848664,0.7660444378852844,-5.6463761329650879,0.0000000000000000,0.0000000000000000,0.0000000000000000,1.0000000000000000
M 0.7660444378852844,0.0000000280971371,0.6427875757217407,-1.0996905565261841,0.0000000000000000,1.0000000000000000,-0.0000000437113883,-0.0000000201182289,-0.6427875757217407,0.0000000334848664,0.7660444378852844,-5.6463761329650879,0.0000000000000000,0.0000000000000000,0.0000000000000000,1.0000000000000000
M 0.7660444378852844,0.0000000280971371,0.6427875757217407,-1.0996905565261841,0.0000000000000000,1.0000000000000000,-0.0000000437113883,-0.0000000201182289,-0.6427875757217407,0.0000000334848664,0.7660444378852844,-5.6463761329650879,0.0000000000000000,0.0000000000000000,0.0000000000000000,1.0000000000000000
M 0.7660444378852844,0.0000000280971371,0.6427875757217407,-1.0996905565261841,0.0000000000000000,1.0000000000000000,-0.0000000437113883,-0.0000000201182289,-0.6427875757217407,0.0000000334848664,0.7660444378852844,-5.6463761329650879,0.0000000000000000,0.0000000000000000,0.0000000000000000,1.0000000000000000
M 0.7660444378852844,0.0000000280971371,0.6427875757217407,-1.0996905565261841,0.0000000000000000,1.0000000000000000,-0.0000000437113883,-0.0000000201182289,-0.6427875757217407,0.0000000334848664,0.7660444378852844,-5.6463761329650879,0.0000000000000000,0.0000000000000000,0.0000000000000000,1.0000000000000000
M 0.7660444378852844,0.0000000280971371,0.6427875757217407,-1.0996905565261841,0.0000000000000000,1.0000000000000000,-0.0000000437113883,-0.0000000201182289,-0.6427875757217407,0.0000000334848664,0.7660444378852844,-5.6463761329650879,0.0000000000000000,0.0000000000000000,0.0000000000000000,1.0000000000000000
M 0.7660444378852844,0.0000000280971371,0.6427875757217407,-1.0996905565261841,0.0000000000000000,1.0000000000000000,-0.0000000437113883,-0.0000000201182289,-0.6427875757217407,0.0000000334848664,0.7660444378852844,-5.6463761329650879,0.0000000000000000,0.0000000000000000,0.0000000000000000,1.0000000000000000
M 0.7660444378852844,0.0000000280971371,0.6427875757217407,-1.0996905565261841,0.0000000000000000,1.0000000000000000,-0.0000000437113883,-0.0000000201182289,-0.6427875757217407,0.0000000334848664,0.7660444378852844,-5.6463761329650879,0.0000000000000000,0.0000000000000000,0.0000000000000000,1.0000000000000000
M 0.7660444378852844,0.0000000280971371,0.6427875757217407,-1.0996905565261841,0.0000000000000000,1.0000000000000000,-0.0000000437113883,-0.0000000201182289,-0.6427875757217407,0.0000000334848664,0.7660444378852844,-5.6463761329650879,0.0000000000000000,0.0000000000000000,0.0000000000000000,1.0000000000000000
M 0.7660444378852844,0.0000000280971371,0.6427875757217407,-1.0996905565261841,0.0000000000000000,1.0000000000000000,-0.0000000437113883,-0.0000000201182289,-0.6427875757217407,0.0000000334848664,0.7660444378852844,-5.6463761329650879,0.0000000000000000,0.0000000000000000,0.0000000000000000,1.0000000000000000
M 0.7660444378852844,0.0000000280971371,0.6427875757217407,-1.0996905565261841,0.0000000000000000,1.0000000000000000,-0.0000000437113883,-0.0000000201182289,-0.6427875757217407,0.0000000334848664,0.7660444378852844,-5.6463761329650879,0.0000000000000000,0.0000000000000000,0.0000000000000000,1.0000000000000000
M 0.7660444378852844,0.0000000280971371,0.6427875757217407,-1.0996905565261841,0.0000000000000000,1.0000000000000000,-0.0000000437113883,-0.0000000201182289,-0.6427875757217407,0.0000000334848664,0.7660444378852844,-5.6463761329650879,0.0000000000000000,0.0000000000000000,0.0000000000000000,1.0000000000000000
M 0.7660444378852844,0.0000000280971371,0.6427875757217407,-1.0996905565261841,0.0000000000000000,1.0000000000000000,-0.0000000437113883,-0.0000000201182289,-0.6427875757217407,0.0000000334848664,0.7660444378852844,-5.6463761329650879,0.0000000000000000,0.0000000000000000,0.0000000000000000,1.0000000000000000
M 0.7660444378852844,0.0000000280971371,0.6427875757217407,-1.0996905565261841,0.0000000000000000,1.0000000000000000,-0.0000000437113883,-0.0000000201182289,-0.6427875757217407,0.0000000334848664,0.7660444378852844,-5.6463761329650879,0.0000000000000000,0.0000000000000000,0.0000000000000000,1.0000000000000000
M 0.7660444378852844,0.0000000280971371,0.6427875757217407,-1.0996905565261841,0.0000000000000000,1.0000000000000000,-0.0000000437113883,-0.0000000201182289,-0.6427875757217407,0.0000000334848664,0.7660444378852844,-5.6463761329650879,0.0000000000000000,0.0000000000000000,0.0000000000000000,1.0000000000000000
M 0.7660444378852844,0.0000000280971371,0.6427875757217407,-1.0996905565261841,0.0000000000000000,1.0000000000000000,-0.0000000437113883,-0.0000000201182289,-0.6427875757217407,0.0000000334848664,0.7660444378852844,-5.6463761329650879,0.0000000000000000,0.0000000000000000,0.0000000000000000,1.0000000000000000
M 0.7660444378852844,0.0000000280971371,0.6427875757217407,-1.0996905565261841,0.0000000000000000,1.0000000000000000,-0.0000000437113883,-0.0000000201182289,-0.6427875757217407,0.0000000334848664,0.7660444378852844,-5.6463761329650879,0.0000000000000000,0.0000000000000000,0.0000000000000000,1.0000000000000000
M 0.7660444378852844,0.0000000280971371,0.6427875757217407,-1.0996905565261841,0.0000000000000000,1.0000000000000000,-0.0000000437113883,-0.0000000201182289,-0.6427875757217407,0.0000000334848664,0.7660444378852844,-5.6463761329650879,0.0000000000000000,0.0000000000000000,0.0000000000000000,1.0000000000000000
M 0.7660444378852844,0.0000000280971371,0.6427875757217407,-1.0996905565261841,0.0000000000000000,1.0000000000000000,-0.0000000437113883,-0.0000000201182289,-0.6427875757217407,0.0000000334848664,0.7660444378852844,-5.6463761329650879,0.0000000000000000,0.0000000000000000,0.0000000000000000,1.0000000000000000
M 0.7660444378852844,0.0000000280971371,0.6427875757217407,-1.0996905565261841,0.0000000000000000,1.0000000000000000,-0.0000000437113883,-0.0000000201182289,-0.6427875757217407,0.0000000334848664,0.7660444378852844,-5.6463761329650879,0.0000000000000000,0.0000000000000000,0.0000000000000000,1.0000000000000000
M 0.7660444378852844,0.0000000280971371,0.6427875757217407,-1.0996905565261841,0.0000000000000000,1.0000000000000000,-0.0000000437113883,-0.0000000201182289,-0.6427875757217407,0.0000000334848664,0.7660444378852844,-5.6463761329650879,0.0000000000000000,0.0000000000000000,0.0000000000000000,1.0000000000000000
M 0.7660444378852844,0.0000000280971371,0.6427875757217407,-1.0996905565261841,0.0000000000000000,1.0000000000000000,-0.0000000437113883,-0.0000000201182289,-0.6427875757217407,0.0000000334848664,0.7660444378852844,-5.6463761329650879,0.0000000000000000,0.0000000000000000,0.0000000000000000,1.0000000000000000
M 0.7660444378852844,0.0000000280971371,0.6427875757217407,-1.0996905565261841,0.0000000000000000,1.0000000000000000,-0.0000000437113883,-0.0000000201182289,-0.6427875757217407,0.0000000334848664,0.7660444378852844,-5.6463761329650879,0.0000000000000000,0.0000000000000000,0.0000000000000000,1.0000000000000000
M 0.7660444378852844,0.0000000280971371,0.6427875757217407,-1.0996905565261841,0.0000000000000000,1.0000000000000000,-0.0000000437113883,-0.0000000201182289,-0.6427875757217407,0.0000000334848664,0.7660444378852844,-5.6463761329650879,0.0000000000000000,0.0000000000000000,0.0000000000000000,1.0000000000000000
M 0.7660444378852844,0.0000000280971371,0.6427875757217407,-1.0996905565261841,0.0000000000000000,1.0000000000000000,-0.0000000437113883,-0.0000000201182289,-0.6427875757217407,0.0000000334848664,0.7660444378852844,-5.6463761329650879,0.0000000000000000,0.0000000000000000,0.0000000000000000,1.0000000000000000
M 0.7660444378852844,0.0000000280971371,0.6427875757217407,-1.0996905565261841,0.0000000000000000,1.0000000000000000,-0.0000000437113883,-0.0000000201182289,-0.6427875757217407,0.0000000334848664,0.7660444378852844,-5.6463761329650879,0.0000000000000000,0.0000000000000000,0.0000000000000000,1.0000000000000000
M 0.7660444378852844,0.0000000280971371,0.6427875757217407,-1.0996905565261841,0.0000000000000000,1.0000000000000000,-0.0000000437113883,-0.0000000201182289,-0.6427875757217407,0.0000000334848664,0.7660444378852844,-5.6463761329650879,0.0000000000000000,0.0000000000000000,0.0000000000000000,1.0000000000000000
M 0.7660444378852844,0.0000000280971371,0.6427875757217407,-1.0996905565261841,0.0000000000000000,1.0000000000000000,-0.0000000437113883,-0.0000000201182289,-0.6427875757217407,0.0000000334848664,0.7660444378852844,-5.6463761329650879,0.0000000000000000,0.0000000000000000,0.0000000000000000,1.0000000000000000
M 0.7660444378852844,0.0000000280971371,0.6427875757217407,-1.0996905565261841,0.0000000000000000,1.0000000000000000,-0.0000000437113883,-0.0000000201182289,-0.6427875757217407,0.0000000334848664,0.7660444378852844,-5.6463761329650879,0.0000000000000000,0.0000000000000000,0.0000000000000000,1.0000000000000000
M 0.7660444378852844,0.0000000280971371,0.6427875757217407,-1.0996905565261841,0.0000000000000000,1.0000000000000000,-0.0000000437113883,-0.0000000201182289,-0.6427875757217407,0.0000000334848664,0.7660444378852844,-5.6463761329650879,0.0000000000000000,0.0000000000000000,0.0000000000000000,1.0000000000000000
M 0.7660444378852844,0.0000000280971371,0.6427875757217407,-1.0996905565261841,0.0000000000000000,1.0000000000000000,-0.0000000437113883,-0.0000000201182289,-0.6427875757217407,0.0000000334848664,0.7660444378852844,-5.6463761329650879,0.0000000000000000,0.0000000000000000,0.0000000000000000,1.0000000000000000
M 0.7660444378852844,0.0000000280971371,0.6427875757217407,-1.0996905565261841,0.0000000000000000,1.0000000000000000,-0.0000000437113883,-0.0000000201182289,-0.6427875757217407,0.0000000334848664,0.7660444378852844,-5.6463761329650879,0.0000000000000000,0.0000000000000000,0.0000000000000000,1.0000000000000000
