O DOOR_13_Arm_INTERIOR_LCG_il_LINVERT
A DOOR_13_Arm_INTERIOR_LCG_il_LINVERT_DOOR_13_Arm_INTERIOR_LCG_il_LINVERT
M 1.0000000000000000,0.0000000000000000,0.0000000000000000,0.0000000000000000,0.0000000000000000,1.0000000000000000,-0.0000000437113883,-0.0000000201211989,-0.0000000000000000,0.0000000437113883,1.0000000000000000,-0.0000000337780648,0.0000000000000000,0.0000000000000000,0.0000000000000000,1.0000000000000000
M 0.9999984502792358,0.0000000000776417,0.0017762349452823,0.0023341011255980,0.0000000000000000,1.0000000000000000,-0.0000000437113883,-0.0000000201211989,-0.0017762349452823,0.0000000437113279,0.9999984502792358,0.0032189032062888,0.0000000000000000,0.0000000000000000,0.0000000000000000,1.0000000000000000
M 0.9999757409095764,0.0000000003043532,0.0069627882912755,0.0091823805123568,0.0000000000000000,1.0000000000000000,-0.0000000437113883,-0.0000000201211989,-0.0069627882912755,0.0000000437103296,0.9999757409095764,0.0125942192971706,0.0000000000000000,0.0000000000000000,0.0000000000000000,1.0000000000000000
M 0.9998822212219238,0.0000000006707983,0.0153460754081607,0.0203547570854425,0.0000000000000000,1.0000000000000000,-0.0000000437113883,-0.0000000201211989,-0.0153460754081607,0.0000000437062404,0.9998822212219238,0.0276733990758657,0.0000000000000000,0.0000000000000000,0.0000000000000000,1.0000000000000000
M 0.9996432065963745,0.0000000011675928,0.0267114099115133,0.0357046499848366,0.0000000000000000,1.0000000000000000,-0.0000000437113883,-0.0000000201211989,-0.0267114099115133,0.0000000436957990,0.9996432065963745,0.0479692667722702,0.0000000000000000,0.0000000000000000,0.0000000000000000,1.0000000000000000
M 0.9991655945777893,0.0000000017852629,0.0408420562744141,0.0551167540252209,0.0000000000000000,1.0000000000000000,-0.0000000437113883,-0.0000000201211989,-0.0408420562744141,0.0000000436749161,0.9991655945777893,0.0729663744568825,0.0000000000000000,0.0000000000000000,0.0000000000000000,1.0000000000000000
M 0.9983444809913635,0.0000000025142037,0.0575182661414146,0.0784925669431686,0.0000000000000000,1.0000000000000000,-0.0000000437113883,-0.0000000201211989,-0.0575182661414146,0.0000000436390231,0.9983444809913635,0.1021287888288498,0.0000000000000000,0.0000000000000000,0.0000000000000000,1.0000000000000000
M 0.9970683455467224,0.0000000033446386,0.0765164121985435,0.1057409942150116,0.0000000000000000,1.0000000000000000,-0.0000000437113883,-0.0000000201211989,-0.0765164121985435,0.0000000435832419,0.9970683455467224,0.1349044889211655,0.0000000000000000,0.0000000000000000,0.0000000000000000,1.0000000000000000
M 0.9952248930931091,0.0000000042665969,0.0976083502173424,0.1367662250995636,0.0000000000000000,1.0000000000000000,-0.0000000437113883,-0.0000000201211989,-0.0976083502173424,0.0000000435026628,0.9952248930931091,0.1707324087619781,0.0000000000000000,0.0000000000000000,0.0000000000000000,1.0000000000000000
M 0.9927059412002563,0.0000000052698921,0.1205610781908035,0.1714585423469543,0.0000000000000000,1.0000000000000000,-0.0000000437113883,-0.0000000201211989,-0.1205610781908035,0.0000000433925607,0.9927059412002563,0.2090480774641037,0.0000000000000000,0.0000000000000000,0.0000000000000000,1.0000000000000000
M 0.9894115924835205,0.0000000063441359,0.1451368927955627,0.2096872776746750,0.0000000000000000,1.0000000000000000,-0.0000000437113883,-0.0000000201211989,-0.1451368927955627,0.0000000432485550,0.9894115924835205,0.2492894232273102,0.0000000000000000,0.0000000000000000,0.0000000000000000,1.0000000000000000
M 0.9852547645568848,0.0000000074787430,0.1710936874151230,0.2512924075126648,0.0000000000000000,1.0000000000000000,-0.0000000437113883,-0.0000000201211989,-0.1710936874151230,0.0000000430668550,0.9852547645568848,0.2909028530120850,0.0000000000000000,0.0000000000000000,0.0000000000000000,1.0000000000000000
M 0.9801644682884216,0.0000000086629806,0.1981858909130096,0.2960804104804993,0.0000000000000000,1.0000000000000000,-0.0000000437113883,-0.0000000201211989,-0.1981858909130096,0.0000000428443556,0.9801644682884216,0.3333500623703003,0.0000000000000000,0.0000000000000000,0.0000000000000000,1.0000000000000000
M 0.9740887880325317,0.0000000098860236,0.2261658459901810,0.3438204526901245,0.0000000000000000,1.0000000000000000,-0.0000000437113883,-0.0000000201211989,-0.2261658459901810,0.0000000425787725,0.9740887880325317,0.3761139214038849,0.0000000000000000,0.0000000000000000,0.0000000000000000,1.0000000000000000
M 0.9669977426528931,0.0000000111370024,0.2547848820686340,0.3942405879497528,0.0000000000000000,1.0000000000000000,-0.0000000437113883,-0.0000000201211989,-0.2547848820686340,0.0000000422688125,0.9669977426528931,0.4187039136886597,0.0000000000000000,0.0000000000000000,0.0000000000000000,1.0000000000000000
M 0.9588847756385803,0.0000000124050992,0.2837955951690674,0.4470277726650238,0.0000000000000000,1.0000000000000000,-0.0000000437113883,-0.0000000201211989,-0.2837955951690674,0.0000000419141841,0.9588847756385803,0.4606630504131317,0.0000000000000000,0.0000000000000000,0.0000000000000000,1.0000000000000000
M 0.9497683644294739,0.0000000136796441,0.3129537701606750,0.5018280744552612,0.0000000000000000,1.0000000000000000,-0.0000000437113883,-0.0000000201211989,-0.3129537701606750,0.0000000415157011,0.9497683644294739,0.5015725493431091,0.0000000000000000,0.0000000000000000,0.0000000000000000,1.0000000000000000
M 0.9396926164627075,0.0000000149501744,0.3420201241970062,0.5582476258277893,0.0000000000000000,1.0000000000000000,-0.0000000437113883,-0.0000000201211989,-0.3420201241970062,0.0000000410752676,0.9396926164627075,0.5410563349723816,0.0000000000000000,0.0000000000000000,0.0000000000000000,1.0000000000000000
M 0.9287276268005371,0.0000000162065579,0.3707627952098846,0.6158548593521118,0.0000000000000000,1.0000000000000000,-0.0000000437113883,-0.0000000201211989,-0.3707627952098846,0.0000000405959817,0.9287276268005371,0.5787862539291382,0.0000000000000000,0.0000000000000000,0.0000000000000000,1.0000000000000000
M 0.9169687032699585,0.0000000174390600,0.3989591896533966,0.6741847395896912,0.0000000000000000,1.0000000000000000,-0.0000000437113883,-0.0000000201211989,-0.3989591896533966,0.0000000400819822,0.9169687032699585,0.6144834160804749,0.0000000000000000,0.0000000000000000,0.0000000000000000,1.0000000000000000
M 0.9045358300209045,0.0000000186384312,0.4263976216316223,0.7327419519424438,0.0000000000000000,1.0000000000000000,-0.0000000437113883,-0.0000000201211989,-0.4263976216316223,0.0000000395385165,0.9045358300209045,0.6479217410087585,0.0000000000000000,0.0000000000000000,0.0000000000000000,1.0000000000000000
M 0.8915719389915466,0.0000000197959746,0.4528791010379791,0.7910062074661255,0.0000000000000000,1.0000000000000000,-0.0000000437113883,-0.0000000201211989,-0.4528791010379791,0.0000000389718480,0.8915719389915466,0.6789277195930481,0.0000000000000000,0.0000000000000000,0.0000000000000000,1.0000000000000000
M 0.8782410025596619,0.0000000209035864,0.4782183170318604,0.8484367728233337,0.0000000000000000,1.0000000000000000,-0.0000000437113883,-0.0000000201211989,-0.4782183170318604,0.0000000383891390,0.8782410025596619,0.7073806524276733,0.0000000000000000,0.0000000000000000,0.0000000000000000,1.0000000000000000
M 0.8647258877754211,0.0000000219537881,0.5022441148757935,0.9044775962829590,0.0000000000000000,1.0000000000000000,-0.0000000437113883,-0.0000000201211989,-0.5022441148757935,0.0000000377983689,0.8647258877754211,0.7332100868225098,0.0000000000000000,0.0000000000000000,0.0000000000000000,1.0000000000000000
M 0.8512254953384399,0.0000000229397461,0.5248001217842102,0.9585625529289246,0.0000000000000000,1.0000000000000000,-0.0000000437113883,-0.0000000201211989,-0.5248001217842102,0.0000000372082560,0.8512254953384399,0.7563937306404114,0.0000000000000000,0.0000000000000000,0.0000000000000000,1.0000000000000000
M 0.8379520773887634,0.0000000238552200,0.5457438230514526,1.0101199150085449,0.0000000000000000,1.0000000000000000,-0.0000000437113883,-0.0000000201211989,-0.5457438230514526,0.0000000366280482,0.8379520773887634,0.7769514322280884,0.0000000000000000,0.0000000000000000,0.0000000000000000,1.0000000000000000
M 0.8251278996467590,0.0000000246945717,0.5649459362030029,1.0585769414901733,0.0000000000000000,1.0000000000000000,-0.0000000437113883,-0.0000000201211989,-0.5649459362030029,0.0000000360674868,0.8251278996467590,0.7949406504631042,0.0000000000000000,0.0000000000000000,0.0000000000000000,1.0000000000000000
M 0.8129824995994568,0.0000000254526231,0.5822881460189819,1.1033619642257690,0.0000000000000000,1.0000000000000000,-0.0000000437113883,-0.0000000201211989,-0.5822881460189819,0.0000000355365941,0.8129824995994568,0.8104481101036072,0.0000000000000000,0.0000000000000000,0.0000000000000000,1.0000000000000000
M 0.8017482757568359,0.0000000261246331,0.5976618528366089,1.1439111232757568,0.0000000000000000,1.0000000000000000,-0.0000000437113883,-0.0000000201211989,-0.5976618528366089,0.0000000350455309,0.8017482757568359,0.8235816359519958,0.0000000000000000,0.0000000000000000,0.0000000000000000,1.0000000000000000
M 0.7916581034660339,0.0000000267061004,0.6109643578529358,1.1796673536300659,0.0000000000000000,1.0000000000000000,-0.0000000437113883,-0.0000000201211989,-0.6109643578529358,0.0000000346044757,0.7916581034660339,0.8344610333442688,0.0000000000000000,0.0000000000000000,0.0000000000000000,1.0000000000000000
M 0.7829409241676331,0.0000000271926854,0.6220960617065430,1.2100846767425537,0.0000000000000000,1.0000000000000000,-0.0000000437113883,-0.0000000201211989,-0.6220960617065430,0.0000000342234330,0.7829409241676331,0.8432058691978455,0.0000000000000000,0.0000000000000000,0.0000000000000000,1.0000000000000000
M 0.7758184671401978,0.0000000275799739,0.6309561729431152,1.2346287965774536,0.0000000000000000,1.0000000000000000,-0.0000000437113883,-0.0000000201211989,-0.6309561729431152,0.0000000339121016,0.7758184671401978,0.8499246239662170,0.0000000000000000,0.0000000000000000,0.0000000000000000,1.0000000000000000
M 0.7705014944076538,0.0000000278633081,0.6374381780624390,1.2527778148651123,0.0000000000000000,1.0000000000000000,-0.0000000437113883,-0.0000000201211989,-0.6374381780624390,0.0000000336796901,0.7705014944076538,0.8547006249427795,0.0000000000000000,0.0000000000000000,0.0000000000000000,1.0000000000000000
M 0.7671849727630615,0.0000000280376167,0.6414259076118469,1.2640255689620972,0.0000000000000000,1.0000000000000000,-0.0000000437113883,-0.0000000201211989,-0.6414259076118469,0.0000000335347217,0.7671849727630615,0.8575789332389832,0.0000000000000000,0.0000000000000000,0.0000000000000000,1.0000000000000000
M 0.7660444378852844,0.0000000280971371,0.6427875757217407,1.2678810358047485,0.0000000000000000,1.0000000000000000,-0.0000000437113883,-0.0000000201211989,-0.6427875757217407,0.0000000334848664,0.7660444378852844,0.8585512042045593,0.0000000000000000,0.0000000000000000,0.0000000000000000,1.0000000000000000
M 0.7660444378852844,0.0000000280971371,0.6427875757217407,1.2678810358047485,0.0000000000000000,1.0000000000000000,-0.0000000437113883,-0.0000000201211989,-0.6427875757217407,0.0000000334848664,0.7660444378852844,0.8585512042045593,0.0000000000000000,0.0000000000000000,0.0000000000000000,1.0000000000000000
M 0.7660444378852844,0.0000000280971371,0.6427875757217407,1.2678810358047485,0.0000000000000000,1.0000000000000000,-0.0000000437113883,-0.0000000201211989,-0.6427875757217407,0.0000000334848664,0.7660444378852844,0.8585512042045593,0.0000000000000000,0.0000000000000000,0.0000000000000000,1.0000000000000000
M 0.7660444378852844,0.0000000280971371,0.6427875757217407,1.2678810358047485,0.0000000000000000,1.0000000000000000,-0.0000000437113883,-0.0000000201211989,-0.6427875757217407,0.0000000334848664,0.7660444378852844,0.8585512042045593,0.0000000000000000,0.0000000000000000,0.0000000000000000,1.0000000000000000
M 0.7660444378852844,0.0000000280971371,0.6427875757217407,1.2678810358047485,0.0000000000000000,1.0000000000000000,-0.0000000437113883,-0.0000000201211989,-0.6427875757217407,0.0000000334848664,0.7660444378852844,0.8585512042045593,0.0000000000000000,0.0000000000000000,0.0000000000000000,1.0000000000000000
M 0.7660444378852844,0.0000000280971371,0.6427875757217407,1.2678810358047485,0.0000000000000000,1.0000000000000000,-0.0000000437113883,-0.0000000201211989,-0.6427875757217407,0.0000000334848664,0.7660444378852844,0.8585512042045593,0.0000000000000000,0.0000000000000000,0.0000000000000000,1.0000000000000000
M 0.7660444378852844,0.0000000280971371,0.6427875757217407,1.2678810358047485,0.0000000000000000,1.0000000000000000,-0.0000000437113883,-0.0000000201211989,-0.6427875757217407,0.0000000334848664,0.7660444378852844,0.8585512042045593,0.0000000000000000,0.0000000000000000,0.0000000000000000,1.0000000000000000
M 0.7660444378852844,0.0000000280971371,0.6427875757217407,1.2678810358047485,0.0000000000000000,1.0000000000000000,-0.0000000437113883,-0.0000000201211989,-0.6427875757217407,0.0000000334848664,0.7660444378852844,0.8585512042045593,0.0000000000000000,0.0000000000000000,0.0000000000000000,1.0000000000000000
M 0.7660444378852844,0.0000000280971371,0.6427875757217407,1.2678810358047485,0.0000000000000000,1.0000000000000000,-0.0000000437113883,-0.0000000201211989,-0.6427875757217407,0.0000000334848664,0.7660444378852844,0.8585512042045593,0.0000000000000000,0.0000000000000000,0.0000000000000000,1.0000000000000000
M 0.7660444378852844,0.0000000280971371,0.6427875757217407,1.2678810358047485,0.0000000000000000,1.0000000000000000,-0.0000000437113883,-0.0000000201211989,-0.6427875757217407,0.0000000334848664,0.7660444378852844,0.8585512042045593,0.0000000000000000,0.0000000000000000,0.0000000000000000,1.0000000000000000
M 0.7660444378852844,0.0000000280971371,0.6427875757217407,1.2678810358047485,0.0000000000000000,1.0000000000000000,-0.0000000437113883,-0.0000000201211989,-0.6427875757217407,0.0000000334848664,0.7660444378852844,0.8585512042045593,0.0000000000000000,0.0000000000000000,0.0000000000000000,1.0000000000000000
M 0.7660444378852844,0.0000000280971371,0.6427875757217407,1.2678810358047485,0.0000000000000000,1.0000000000000000,-0.0000000437113883,-0.0000000201211989,-0.6427875757217407,0.0000000334848664,0.7660444378852844,0.8585512042045593,0.0000000000000000,0.0000000000000000,0.0000000000000000,1.0000000000000000
M 0.7660444378852844,0.0000000280971371,0.6427875757217407,1.2678810358047485,0.0000000000000000,1.0000000000000000,-0.0000000437113883,-0.0000000201211989,-0.6427875757217407,0.0000000334848664,0.7660444378852844,0.8585512042045593,0.0000000000000000,0.0000000000000000,0.0000000000000000,1.0000000000000000
M 0.7660444378852844,0.0000000280971371,0.6427875757217407,1.2678810358047485,0.0000000000000000,1.0000000000000000,-0.0000000437113883,-0.0000000201211989,-0.6427875757217407,0.0000000334848664,0.7660444378852844,0.8585512042045593,0.0000000000000000,0.0000000000000000,0.0000000000000000,1.0000000000000000
M 0.7660444378852844,0.0000000280971371,0.6427875757217407,1.2678810358047485,0.0000000000000000,1.0000000000000000,-0.0000000437113883,-0.0000000201211989,-0.6427875757217407,0.0000000334848664,0.7660444378852844,0.8585512042045593,0.0000000000000000,0.0000000000000000,0.0000000000000000,1.0000000000000000
M 0.7660444378852844,0.0000000280971371,0.6427875757217407,1.2678810358047485,0.0000000000000000,1.0000000000000000,-0.0000000437113883,-0.0000000201211989,-0.6427875757217407,0.0000000334848664,0.7660444378852844,0.8585512042045593,0.0000000000000000,0.0000000000000000,0.0000000000000000,1.0000000000000000
M 0.7660444378852844,0.0000000280971371,0.6427875757217407,1.2678810358047485,0.0000000000000000,1.0000000000000000,-0.0000000437113883,-0.0000000201211989,-0.6427875757217407,0.0000000334848664,0.7660444378852844,0.8585512042045593,0.0000000000000000,0.0000000000000000,0.0000000000000000,1.0000000000000000
M 0.7660444378852844,0.0000000280971371,0.6427875757217407,1.2678810358047485,0.0000000000000000,1.0000000000000000,-0.0000000437113883,-0.0000000201211989,-0.6427875757217407,0.0000000334848664,0.7660444378852844,0.8585512042045593,0.0000000000000000,0.0000000000000000,0.0000000000000000,1.0000000000000000
M 0.7660444378852844,0.0000000280971371,0.6427875757217407,1.2678810358047485,0.0000000000000000,1.0000000000000000,-0.0000000437113883,-0.0000000201211989,-0.6427875757217407,0.0000000334848664,0.7660444378852844,0.8585512042045593,0.0000000000000000,0.0000000000000000,0.0000000000000000,1.0000000000000000
M 0.7660444378852844,0.0000000280971371,0.6427875757217407,1.2678810358047485,0.0000000000000000,1.0000000000000000,-0.0000000437113883,-0.0000000201211989,-0.6427875757217407,0.0000000334848664,0.7660444378852844,0.8585512042045593,0.0000000000000000,0.0000000000000000,0.0000000000000000,1.0000000000000000
M 0.7660444378852844,0.0000000280971371,0.6427875757217407,1.2678810358047485,0.0000000000000000,1.0000000000000000,-0.0000000437113883,-0.0000000201211989,-0.6427875757217407,0.0000000334848664,0.7660444378852844,0.8585512042045593,0.0000000000000000,0.0000000000000000,0.0000000000000000,1.0000000000000000
M 0.7660444378852844,0.0000000280971371,0.6427875757217407,1.2678810358047485,0.0000000000000000,1.0000000000000000,-0.0000000437113883,-0.0000000201211989,-0.6427875757217407,0.0000000334848664,0.7660444378852844,0.8585512042045593,0.0000000000000000,0.0000000000000000,0.0000000000000000,1.0000000000000000
M 0.7660444378852844,0.0000000280971371,0.6427875757217407,1.2678810358047485,0.0000000000000000,1.0000000000000000,-0.0000000437113883,-0.0000000201211989,-0.6427875757217407,0.0000000334848664,0.7660444378852844,0.8585512042045593,0.0000000000000000,0.0000000000000000,0.0000000000000000,1.0000000000000000
M 0.7660444378852844,0.0000000280971371,0.6427875757217407,1.2678810358047485,0.0000000000000000,1.0000000000000000,-0.0000000437113883,-0.0000000201211989,-0.6427875757217407,0.0000000334848664,0.7660444378852844,0.8585512042045593,0.0000000000000000,0.0000000000000000,0.0000000000000000,1.0000000000000000
M 0.7660444378852844,0.0000000280971371,0.6427875757217407,1.2678810358047485,0.0000000000000000,1.0000000000000000,-0.0000000437113883,-0.0000000201211989,-0.6427875757217407,0.0000000334848664,0.7660444378852844,0.8585512042045593,0.0000000000000000,0.0000000000000000,0.0000000000000000,1.0000000000000000
M 0.7660444378852844,0.0000000280971371,0.6427875757217407,1.2678810358047485,0.0000000000000000,1.0000000000000000,-0.0000000437113883,-0.0000000201211989,-0.6427875757217407,0.0000000334848664,0.7660444378852844,0.8585512042045593,0.0000000000000000,0.0000000000000000,0.0000000000000000,1.0000000000000000
M 0.7660444378852844,0.0000000280971371,0.6427875757217407,1.2678810358047485,0.0000000000000000,1.0000000000000000,-0.0000000437113883,-0.0000000201211989,-0.6427875757217407,0.0000000334848664,0.7660444378852844,0.8585512042045593,0.0000000000000000,0.0000000000000000,0.0000000000000000,1.0000000000000000
M 0.7660444378852844,0.0000000280971371,0.6427875757217407,1.2678810358047485,0.0000000000000000,1.0000000000000000,-0.0000000437113883,-0.0000000201211989,-0.6427875757217407,0.0000000334848664,0.7660444378852844,0.8585512042045593,0.0000000000000000,0.0000000000000000,0.0000000000000000,1.0000000000000000
M 0.7660444378852844,0.0000000280971371,0.6427875757217407,1.2678810358047485,0.0000000000000000,1.0000000000000000,-0.0000000437113883,-0.0000000201211989,-0.6427875757217407,0.0000000334848664,0.7660444378852844,0.8585512042045593,0.0000000000000000,0.0000000000000000,0.0000000000000000,1.0000000000000000
M 0.7660444378852844,0.0000000280971371,0.6427875757217407,1.2678810358047485,0.0000000000000000,1.0000000000000000,-0.0000000437113883,-0.0000000201211989,-0.6427875757217407,0.0000000334848664,0.7660444378852844,0.8585512042045593,0.0000000000000000,0.0000000000000000,0.0000000000000000,1.0000000000000000
M 0.7660444378852844,0.0000000280971371,0.6427875757217407,1.2678810358047485,0.0000000000000000,1.0000000000000000,-0.0000000437113883,-0.0000000201211989,-0.6427875757217407,0.0000000334848664,0.7660444378852844,0.8585512042045593,0.0000000000000000,0.0000000000000000,0.0000000000000000,1.0000000000000000
M 0.7660444378852844,0.0000000280971371,0.6427875757217407,1.2678810358047485,0.0000000000000000,1.0000000000000000,-0.0000000437113883,-0.0000000201211989,-0.6427875757217407,0.0000000334848664,0.7660444378852844,0.8585512042045593,0.0000000000000000,0.0000000000000000,0.0000000000000000,1.0000000000000000
M 0.7660444378852844,0.0000000280971371,0.6427875757217407,1.2678810358047485,0.0000000000000000,1.0000000000000000,-0.0000000437113883,-0.0000000201211989,-0.6427875757217407,0.0000000334848664,0.7660444378852844,0.8585512042045593,0.0000000000000000,0.0000000000000000,0.0000000000000000,1.0000000000000000
M 0.7660444378852844,0.0000000280971371,0.6427875757217407,1.2678810358047485,0.0000000000000000,1.0000000000000000,-0.0000000437113883,-0.0000000201211989,-0.6427875757217407,0.0000000334848664,0.7660444378852844,0.8585512042045593,0.0000000000000000,0.0000000000000000,0.0000000000000000,1.0000000000000000
M 0.7660444378852844,0.0000000280971371,0.6427875757217407,1.2678810358047485,0.0000000000000000,1.0000000000000000,-0.0000000437113883,-0.0000000201211989,-0.6427875757217407,0.0000000334848664,0.7660444378852844,0.8585512042045593,0.0000000000000000,0.0000000000000000,0.0000000000000000,1.0000000000000000
M 0.7660444378852844,0.0000000280971371,0.6427875757217407,1.2678810358047485,0.0000000000000000,1.0000000000000000,-0.0000000437113883,-0.0000000201211989,-0.6427875757217407,0.0000000334848664,0.7660444378852844,0.8585512042045593,0.0000000000000000,0.0000000000000000,0.0000000000000000,1.0000000000000000
M 0.7660444378852844,0.0000000280971371,0.6427875757217407,1.2678810358047485,0.0000000000000000,1.0000000000000000,-0.0000000437113883,-0.0000000201211989,-0.6427875757217407,0.0000000334848664,0.7660444378852844,0.8585512042045593,0.0000000000000000,0.0000000000000000,0.0000000000000000,1.0000000000000000
M 0.7660444378852844,0.0000000280971371,0.6427875757217407,1.2678810358047485,0.0000000000000000,1.0000000000000000,-0.0000000437113883,-0.0000000201211989,-0.6427875757217407,0.0000000334848664,0.7660444378852844,0.8585512042045593,0.0000000000000000,0.0000000000000000,0.0000000000000000,1.0000000000000000
M 0.7660444378852844,0.0000000280971371,0.6427875757217407,1.2678810358047485,0.0000000000000000,1.0000000000000000,-0.0000000437113883,-0.0000000201211989,-0.6427875757217407,0.0000000334848664,0.7660444378852844,0.8585512042045593,0.0000000000000000,0.0000000000000000,0.0000000000000000,1.0000000000000000
M 0.7660444378852844,0.0000000280971371,0.6427875757217407,1.2678810358047485,0.0000000000000000,1.0000000000000000,-0.0000000437113883,-0.0000000201211989,-0.6427875757217407,0.0000000334848664,0.7660444378852844,0.8585512042045593,0.0000000000000000,0.0000000000000000,0.0000000000000000,1.0000000000000000
M 0.7660444378852844,0.0000000280971371,0.6427875757217407,1.2678810358047485,0.0000000000000000,1.0000000000000000,-0.0000000437113883,-0.0000000201211989,-0.6427875757217407,0.0000000334848664,0.7660444378852844,0.8585512042045593,0.0000000000000000,0.0000000000000000,0.0000000000000000,1.0000000000000000
M 0.7660444378852844,0.0000000280971371,0.6427875757217407,1.2678810358047485,0.0000000000000000,1.0000000000000000,-0.0000000437113883,-0.0000000201211989,-0.6427875757217407,0.0000000334848664,0.7660444378852844,0.8585512042045593,0.0000000000000000,0.0000000000000000,0.0000000000000000,1.0000000000000000
M 0.7660444378852844,0.0000000280971371,0.6427875757217407,1.2678810358047485,0.0000000000000000,1.0000000000000000,-0.0000000437113883,-0.0000000201211989,-0.6427875757217407,0.0000000334848664,0.7660444378852844,0.8585512042045593,0.0000000000000000,0.0000000000000000,0.0000000000000000,1.0000000000000000
M 0.7660444378852844,0.0000000280971371,0.6427875757217407,1.2678810358047485,0.0000000000000000,1.0000000000000000,-0.0000000437113883,-0.0000000201211989,-0.6427875757217407,0.0000000334848664,0.7660444378852844,0.8585512042045593,0.0000000000000000,0.0000000000000000,0.0000000000000000,1.0000000000000000
M 0.7660444378852844,0.0000000280971371,0.6427875757217407,1.2678810358047485,0.0000000000000000,1.0000000000000000,-0.0000000437113883,-0.0000000201211989,-0.6427875757217407,0.0000000334848664,0.7660444378852844,0.8585512042045593,0.0000000000000000,0.0000000000000000,0.0000000000000000,1.0000000000000000
M 0.7660444378852844,0.0000000280971371,0.6427875757217407,1.2678810358047485,0.0000000000000000,1.0000000000000000,-0.0000000437113883,-0.0000000201211989,-0.6427875757217407,0.0000000334848664,0.7660444378852844,0.8585512042045593,0.0000000000000000,0.0000000000000000,0.0000000000000000,1.0000000000000000
M 0.7660444378852844,0.0000000280971371,0.6427875757217407,1.2678810358047485,0.0000000000000000,1.0000000000000000,-0.0000000437113883,-0.0000000201211989,-0.6427875757217407,0.0000000334848664,0.7660444378852844,0.8585512042045593,0.0000000000000000,0.0000000000000000,0.0000000000000000,1.0000000000000000
M 0.7660444378852844,0.0000000280971371,0.6427875757217407,1.2678810358047485,0.0000000000000000,1.0000000000000000,-0.0000000437113883,-0.0000000201211989,-0.6427875757217407,0.0000000334848664,0.7660444378852844,0.8585512042045593,0.0000000000000000,0.0000000000000000,0.0000000000000000,1.0000000000000000
M 0.7660444378852844,0.0000000280971371,0.6427875757217407,1.2678810358047485,0.0000000000000000,1.0000000000000000,-0.0000000437113883,-0.0000000201211989,-0.6427875757217407,0.0000000334848664,0.7660444378852844,0.8585512042045593,0.0000000000000000,0.0000000000000000,0.0000000000000000,1.0000000000000000
M 0.7660444378852844,0.0000000280971371,0.6427875757217407,1.2678810358047485,0.0000000000000000,1.0000000000000000,-0.0000000437113883,-0.0000000201211989,-0.6427875757217407,0.0000000334848664,0.7660444378852844,0.8585512042045593,0.0000000000000000,0.0000000000000000,0.0000000000000000,1.0000000000000000
M 0.7660444378852844,0.0000000280971371,0.6427875757217407,1.2678810358047485,0.0000000000000000,1.0000000000000000,-0.0000000437113883,-0.0000000201211989,-0.6427875757217407,0.0000000334848664,0.7660444378852844,0.8585512042045593,0.0000000000000000,0.0000000000000000,0.0000000000000000,1.0000000000000000
M 0.7660444378852844,0.0000000280971371,0.6427875757217407,1.2678810358047485,0.0000000000000000,1.0000000000000000,-0.0000000437113883,-0.0000000201211989,-0.6427875757217407,0.0000000334848664,0.7660444378852844,0.8585512042045593,0.0000000000000000,0.0000000000000000,0.0000000000000000,1.0000000000000000
M 0.7660444378852844,0.0000000280971371,0.6427875757217407,1.2678810358047485,0.0000000000000000,1.0000000000000000,-0.0000000437113883,-0.0000000201211989,-0.6427875757217407,0.0000000334848664,0.7660444378852844,0.8585512042045593,0.0000000000000000,0.0000000000000000,0.0000000000000000,1.0000000000000000
M 0.7660444378852844,0.0000000280971371,0.6427875757217407,1.2678810358047485,0.0000000000000000,1.0000000000000000,-0.0000000437113883,-0.0000000201211989,-0.6427875757217407,0.0000000334848664,0.7660444378852844,0.8585512042045593,0.0000000000000000,0.0000000000000000,0.0000000000000000,1.0000000000000000
M 0.7660444378852844,0.0000000280971371,0.6427875757217407,1.2678810358047485,0.0000000000000000,1.0000000000000000,-0.0000000437113883,-0.0000000201211989,-0.6427875757217407,0.0000000334848664,0.7660444378852844,0.8585512042045593,0.0000000000000000,0.0000000000000000,0.0000000000000000,1.0000000000000000
M 0.7660444378852844,0.0000000280971371,0.6427875757217407,1.2678810358047485,0.0000000000000000,1.0000000000000000,-0.0000000437113883,-0.0000000201211989,-0.6427875757217407,0.0000000334848664,0.7660444378852844,0.8585512042045593,0.0000000000000000,0.0000000000000000,0.0000000000000000,1.0000000000000000
M 0.7660444378852844,0.0000000280971371,0.6427875757217407,1.2678810358047485,0.0000000000000000,1.0000000000000000,-0.0000000437113883,-0.0000000201211989,-0.6427875757217407,0.0000000334848664,0.7660444378852844,0.8585512042045593,0.0000000000000000,0.0000000000000000,0.0000000000000000,1.0000000000000000
M 0.7660444378852844,0.0000000280971371,0.6427875757217407,1.2678810358047485,0.0000000000000000,1.0000000000000000,-0.0000000437113883,-0.0000000201211989,-0.6427875757217407,0.0000000334848664,0.7660444378852844,0.8585512042045593,0.0000000000000000,0.0000000000000000,0.0000000000000000,1.0000000000000000
M 0.7660444378852844,0.0000000280971371,0.6427875757217407,1.2678810358047485,0.0000000000000000,1.0000000000000000,-0.0000000437113883,-0.0000000201211989,-0.6427875757217407,0.0000000334848664,0.7660444378852844,0.8585512042045593,0.0000000000000000,0.0000000000000000,0.0000000000000000,1.0000000000000000
M 0.7660444378852844,0.0000000280971371,0.6427875757217407,1.2678810358047485,0.0000000000000000,1.0000000000000000,-0.0000000437113883,-0.0000000201211989,-0.6427875757217407,0.0000000334848664,0.7660444378852844,0.8585512042045593,0.0000000000000000,0.0000000000000000,0.0000000000000000,1.0000000000000000
M 0.7660444378852844,0.0000000280971371,0.6427875757217407,1.2678810358047485,0.0000000000000000,1.0000000000000000,-0.0000000437113883,-0.0000000201211989,-0.6427875757217407,0.0000000334848664,0.7660444378852844,0.8585512042045593,0.0000000000000000,0.0000000000000000,0.0000000000000000,1.0000000000000000
M 0.7660444378852844,0.0000000280971371,0.6427875757217407,1.2678810358047485,0.0000000000000000,1.0000000000000000,-0.0000000437113883,-0.0000000201211989,-0.6427875757217407,0.0000000334848664,0.7660444378852844,0.8585512042045593,0.0000000000000000,0.0000000000000000,0.0000000000000000,1.0000000000000000
M 0.7660444378852844,0.0000000280971371,0.6427875757217407,1.2678810358047485,0.0000000000000000,1.0000000000000000,-0.0000000437113883,-0.0000000201211989,-0.6427875757217407,0.0000000334848664,0.7660444378852844,0.8585512042045593,0.0000000000000000,0.0000000000000000,0.0000000000000000,1.0000000000000000
M 0.7660444378852844,0.0000000280971371,0.6427875757217407,1.2678810358047485,0.0000000000000000,1.0000000000000000,-0.0000000437113883,-0.0000000201211989,-0.6427875757217407,0.0000000334848664,0.7660444378852844,0.8585512042045593,0.0000000000000000,0.0000000000000000,0.0000000000000000,1.0000000000000000
M 0.7660444378852844,0.0000000280971371,0.6427875757217407,1.2678810358047485,0.0000000000000000,1.0000000000000000,-0.0000000437113883,-0.0000000201211989,-0.6427875757217407,0.0000000334848664,0.7660444378852844,0.8585512042045593,0.0000000000000000,0.0000000000000000,0.0000000000000000,1.0000000000000000
M 0.7660444378852844,0.0000000280971371,0.6427875757217407,1.2678810358047485,0.0000000000000000,1.0000000000000000,-0.0000000437113883,-0.0000000201211989,-0.6427875757217407,0.0000000334848664,0.7660444378852844,0.8585512042045593,0.0000000000000000,0.0000000000000000,0.0000000000000000,1.0000000000000000
M 0.7660444378852844,0.0000000280971371,0.6427875757217407,1.2678810358047485,0.0000000000000000,1.0000000000000000,-0.0000000437113883,-0.0000000201211989,-0.6427875757217407,0.0000000334848664,0.7660444378852844,0.8585512042045593,0.0000000000000000,0.0000000000000000,0.0000000000000000,1.0000000000000000
M 0.7660444378852844,0.0000000280971371,0.6427875757217407,1.2678810358047485,0.0000000000000000,1.0000000000000000,-0.0000000437113883,-0.0000000201211989,-0.6427875757217407,0.0000000334848664,0.7660444378852844,0.8585512042045593,0.0000000000000000,0.0000000000000000,0.0000000000000000,1.0000000000000000
M 0.7660444378852844,0.0000000280971371,0.6427875757217407,1.2678810358047485,0.0000000000000000,1.0000000000000000,-0.0000000437113883,-0.0000000201211989,-0.6427875757217407,0.0000000334848664,0.7660444378852844,0.8585512042045593,0.0000000000000000,0.0000000000000000,0.0000000000000000,1.0000000000000000
M 0.7660444378852844,0.0000000280971371,0.6427875757217407,1.2678810358047485,0.0000000000000000,1.0000000000000000,-0.0000000437113883,-0.0000000201211989,-0.6427875757217407,0.0000000334848664,0.7660444378852844,0.8585512042045593,0.0000000000000000,0.0000000000000000,0.0000000000000000,1.0000000000000000
M 0.7660444378852844,0.0000000280971371,0.6427875757217407,1.2678810358047485,0.0000000000000000,1.0000000000000000,-0.0000000437113883,-0.0000000201211989,-0.6427875757217407,0.0000000334848664,0.7660444378852844,0.8585512042045593,0.0000000000000000,0.0000000000000000,0.0000000000000000,1.0000000000000000
M 0.7660444378852844,0.0000000280971371,0.6427875757217407,1.2678810358047485,0.0000000000000000,1.0000000000000000,-0.0000000437113883,-0.0000000201211989,-0.6427875757217407,0.0000000334848664,0.7660444378852844,0.8585512042045593,0.0000000000000000,0.0000000000000000,0.0000000000000000,1.0000000000000000
M 0.7660444378852844,0.0000000280971371,0.6427875757217407,1.2678810358047485,0.0000000000000000,1.0000000000000000,-0.0000000437113883,-0.0000000201211989,-0.6427875757217407,0.0000000334848664,0.7660444378852844,0.8585512042045593,0.0000000000000000,0.0000000000000000,0.0000000000000000,1.0000000000000000
M 0.7660444378852844,0.0000000280971371,0.6427875757217407,1.2678810358047485,0.0000000000000000,1.0000000000000000,-0.0000000437113883,-0.0000000201211989,-0.6427875757217407,0.0000000334848664,0.7660444378852844,0.8585512042045593,0.0000000000000000,0.0000000000000000,0.0000000000000000,1.0000000000000000
M 0.7660444378852844,0.0000000280971371,0.6427875757217407,1.2678810358047485,0.0000000000000000,1.0000000000000000,-0.0000000437113883,-0.0000000201211989,-0.6427875757217407,0.0000000334848664,0.7660444378852844,0.8585512042045593,0.0000000000000000,0.0000000000000000,0.0000000000000000,1.0000000000000000
M 0.7660444378852844,0.0000000280971371,0.6427875757217407,1.2678810358047485,0.0000000000000000,1.0000000000000000,-0.0000000437113883,-0.0000000201211989,-0.6427875757217407,0.0000000334848664,0.7660444378852844,0.8585512042045593,0.0000000000000000,0.0000000000000000,0.0000000000000000,1.0000000000000000
M 0.7660444378852844,0.0000000280971371,0.6427875757217407,1.2678810358047485,0.0000000000000000,1.0000000000000000,-0.0000000437113883,-0.0000000201211989,-0.6427875757217407,0.0000000334848664,0.7660444378852844,0.8585512042045593,0.0000000000000000,0.0000000000000000,0.0000000000000000,1.0000000000000000
M 0.7660444378852844,0.0000000280971371,0.6427875757217407,1.2678810358047485,0.0000000000000000,1.0000000000000000,-0.0000000437113883,-0.0000000201211989,-0.6427875757217407,0.0000000334848664,0.7660444378852844,0.8585512042045593,0.0000000000000000,0.0000000000000000,0.0000000000000000,1.0000000000000000
M 0.7660444378852844,0.0000000280971371,0.6427875757217407,1.2678810358047485,0.0000000000000000,1.0000000000000000,-0.0000000437113883,-0.0000000201211989,-0.6427875757217407,0.0000000334848664,0.7660444378852844,0.8585512042045593,0.0000000000000000,0.0000000000000000,0.0000000000000000,1.0000000000000000
M 0.7660444378852844,0.0000000280971371,0.6427875757217407,1.2678810358047485,0.0000000000000000,1.0000000000000000,-0.0000000437113883,-0.0000000201211989,-0.6427875757217407,0.0000000334848664,0.7660444378852844,0.8585512042045593,0.0000000000000000,0.0000000000000000,0.0000000000000000,1.0000000000000000
M 0.7660444378852844,0.0000000280971371,0.6427875757217407,1.2678810358047485,0.0000000000000000,1.0000000000000000,-0.0000000437113883,-0.0000000201211989,-0.6427875757217407,0.0000000334848664,0.7660444378852844,0.8585512042045593,0.0000000000000000,0.0000000000000000,0.0000000000000000,1.0000000000000000
M 0.7660444378852844,0.0000000280971371,0.6427875757217407,1.2678810358047485,0.0000000000000000,1.0000000000000000,-0.0000000437113883,-0.0000000201211989,-0.6427875757217407,0.0000000334848664,0.7660444378852844,0.8585512042045593,0.0000000000000000,0.0000000000000000,0.0000000000000000,1.0000000000000000
M 0.7660444378852844,0.0000000280971371,0.6427875757217407,1.2678810358047485,0.0000000000000000,1.0000000000000000,-0.0000000437113883,-0.0000000201211989,-0.6427875757217407,0.0000000334848664,0.7660444378852844,0.8585512042045593,0.0000000000000000,0.0000000000000000,0.0000000000000000,1.0000000000000000
M 0.7660444378852844,0.0000000280971371,0.6427875757217407,1.2678810358047485,0.0000000000000000,1.0000000000000000,-0.0000000437113883,-0.0000000201211989,-0.6427875757217407,0.0000000334848664,0.7660444378852844,0.8585512042045593,0.0000000000000000,0.0000000000000000,0.0000000000000000,1.0000000000000000
M 0.7660444378852844,0.0000000280971371,0.6427875757217407,1.2678810358047485,0.0000000000000000,1.0000000000000000,-0.0000000437113883,-0.0000000201211989,-0.6427875757217407,0.0000000334848664,0.7660444378852844,0.8585512042045593,0.0000000000000000,0.0000000000000000,0.0000000000000000,1.0000000000000000
M 0.7660444378852844,0.0000000280971371,0.6427875757217407,1.2678810358047485,0.0000000000000000,1.0000000000000000,-0.0000000437113883,-0.0000000201211989,-0.6427875757217407,0.0000000334848664,0.7660444378852844,0.8585512042045593,0.0000000000000000,0.0000000000000000,0.0000000000000000,1.0000000000000000
M 0.7660444378852844,0.0000000280971371,0.6427875757217407,1.2678810358047485,0.0000000000000000,1.0000000000000000,-0.0000000437113883,-0.0000000201211989,-0.6427875757217407,0.0000000334848664,0.7660444378852844,0.8585512042045593,0.0000000000000000,0.0000000000000000,0.0000000000000000,1.0000000000000000
M 0.7660444378852844,0.0000000280971371,0.6427875757217407,1.2678810358047485,0.0000000000000000,1.0000000000000000,-0.0000000437113883,-0.0000000201211989,-0.6427875757217407,0.0000000334848664,0.7660444378852844,0.8585512042045593,0.0000000000000000,0.0000000000000000,0.0000000000000000,1.0000000000000000
M 0.7660444378852844,0.0000000280971371,0.6427875757217407,1.2678810358047485,0.0000000000000000,1.0000000000000000,-0.0000000437113883,-0.0000000201211989,-0.6427875757217407,0.0000000334848664,0.7660444378852844,0.8585512042045593,0.0000000000000000,0.0000000000000000,0.0000000000000000,1.0000000000000000
M 0.7660444378852844,0.0000000280971371,0.6427875757217407,1.2678810358047485,0.0000000000000000,1.0000000000000000,-0.0000000437113883,-0.0000000201211989,-0.6427875757217407,0.0000000334848664,0.7660444378852844,0.8585512042045593,0.0000000000000000,0.0000000000000000,0.0000000000000000,1.0000000000000000
M 0.7660444378852844,0.0000000280971371,0.6427875757217407,1.2678810358047485,0.0000000000000000,1.0000000000000000,-0.0000000437113883,-0.0000000201211989,-0.6427875757217407,0.0000000334848664,0.7660444378852844,0.8585512042045593,0.0000000000000000,0.0000000000000000,0.0000000000000000,1.0000000000000000
M 0.7660444378852844,0.0000000280971371,0.6427875757217407,1.2678810358047485,0.0000000000000000,1.0000000000000000,-0.0000000437113883,-0.0000000201211989,-0.6427875757217407,0.0000000334848664,0.7660444378852844,0.8585512042045593,0.0000000000000000,0.0000000000000000,0.0000000000000000,1.0000000000000000
M 0.7660444378852844,0.0000000280971371,0.6427875757217407,1.2678810358047485,0.0000000000000000,1.0000000000000000,-0.0000000437113883,-0.0000000201211989,-0.6427875757217407,0.0000000334848664,0.7660444378852844,0.8585512042045593,0.0000000000000000,0.0000000000000000,0.0000000000000000,1.0000000000000000
M 0.7660444378852844,0.0000000280971371,0.6427875757217407,1.2678810358047485,0.0000000000000000,1.0000000000000000,-0.0000000437113883,-0.0000000201211989,-0.6427875757217407,0.0000000334848664,0.7660444378852844,0.8585512042045593,0.0000000000000000,0.0000000000000000,0.0000000000000000,1.0000000000000000
M 0.7660444378852844,0.0000000280971371,0.6427875757217407,1.2678810358047485,0.0000000000000000,1.0000000000000000,-0.0000000437113883,-0.0000000201211989,-0.6427875757217407,0.0000000334848664,0.7660444378852844,0.8585512042045593,0.0000000000000000,0.0000000000000000,0.0000000000000000,1.0000000000000000
