O DOOR_17_Arm_INTERIOR_LCG_il_LINVERT
A DOOR_17_Arm_INTERIOR_LCG_il_LINVERT_DOOR_17_Arm_INTERIOR_LCG_il_LINVERT
M 1.0000000000000000,0.0000000000000000,0.0000000000000000,0.0000000000000000,0.0000000000000000,1.0000000000000000,-0.0000000437113883,-0.0000000201193586,-0.0000000000000000,0.0000000437113883,1.0000000000000000,-0.0000000339902257,0.0000000000000000,0.0000000000000000,0.0000000000000000,1.0000000000000000
M 0.9999984502792358,0.0000000000776417,0.0017762349452823,0.0023417740594596,0.0000000000000000,1.0000000000000000,-0.0000000437113883,-0.0000000201193586,-0.0017762349452823,0.0000000437113279,0.9999984502792358,0.0122200734913349,0.0000000000000000,0.0000000000000000,0.0000000000000000,1.0000000000000000
M 0.9999757409095764,0.0000000003043532,0.0069627882912755,0.0093054557219148,0.0000000000000000,1.0000000000000000,-0.0000000437113883,-0.0000000201193586,-0.0069627882912755,0.0000000437103296,0.9999757409095764,0.0478785410523415,0.0000000000000000,0.0000000000000000,0.0000000000000000,1.0000000000000000
M 0.9998822212219238,0.0000000006707983,0.0153460754081607,0.0209521334618330,0.0000000000000000,1.0000000000000000,-0.0000000437113883,-0.0000000201193586,-0.0153460754081607,0.0000000437062404,0.9998822212219238,0.1054404973983765,0.0000000000000000,0.0000000000000000,0.0000000000000000,1.0000000000000000
M 0.9996432065963745,0.0000000011675928,0.0267114099115133,0.0375135876238346,0.0000000000000000,1.0000000000000000,-0.0000000437113883,-0.0000000201193586,-0.0267114099115133,0.0000000436957990,0.9996432065963745,0.1833308339118958,0.0000000000000000,0.0000000000000000,0.0000000000000000,1.0000000000000000
M 0.9991655945777893,0.0000000017852629,0.0408420562744141,0.0593462251126766,0.0000000000000000,1.0000000000000000,-0.0000000437113883,-0.0000000201193586,-0.0408420562744141,0.0000000436749161,0.9991655945777893,0.2799357771873474,0.0000000000000000,0.0000000000000000,0.0000000000000000,1.0000000000000000
M 0.9983444809913635,0.0000000025142037,0.0575182661414146,0.0868835598230362,0.0000000000000000,1.0000000000000000,-0.0000000437113883,-0.0000000201193586,-0.0575182661414146,0.0000000436390231,0.9983444809913635,0.3936058282852173,0.0000000000000000,0.0000000000000000,0.0000000000000000,1.0000000000000000
M 0.9970683455467224,0.0000000033446386,0.0765164121985435,0.1205993145704269,0.0000000000000000,1.0000000000000000,-0.0000000437113883,-0.0000000201193586,-0.0765164121985435,0.0000000435832419,0.9970683455467224,0.5226556658744812,0.0000000000000000,0.0000000000000000,0.0000000000000000,1.0000000000000000
M 0.9952248930931091,0.0000000042665969,0.0976083502173424,0.1609665453433990,0.0000000000000000,1.0000000000000000,-0.0000000437113883,-0.0000000201193586,-0.0976083502173424,0.0000000435026628,0.9952248930931091,0.6653680801391602,0.0000000000000000,0.0000000000000000,0.0000000000000000,1.0000000000000000
M 0.9927059412002563,0.0000000052698921,0.1205610781908035,0.2084247022867203,0.0000000000000000,1.0000000000000000,-0.0000000437113883,-0.0000000201193586,-0.1205610781908035,0.0000000433925607,0.9927059412002563,0.8199979662895203,0.0000000000000000,0.0000000000000000,0.0000000000000000,1.0000000000000000
M 0.9894115924835205,0.0000000063441359,0.1451368927955627,0.2633479833602905,0.0000000000000000,1.0000000000000000,-0.0000000437113883,-0.0000000201193586,-0.1451368927955627,0.0000000432485550,0.9894115924835205,0.9847784042358398,0.0000000000000000,0.0000000000000000,0.0000000000000000,1.0000000000000000
M 0.9852547645568848,0.0000000074787430,0.1710936874151230,0.3260189890861511,0.0000000000000000,1.0000000000000000,-0.0000000437113883,-0.0000000201193586,-0.1710936874151230,0.0000000430668550,0.9852547645568848,1.1579294204711914,0.0000000000000000,0.0000000000000000,0.0000000000000000,1.0000000000000000
M 0.9801644682884216,0.0000000086629806,0.1981858909130096,0.3966027498245239,0.0000000000000000,1.0000000000000000,-0.0000000437113883,-0.0000000201193586,-0.1981858909130096,0.0000000428443556,0.9801644682884216,1.3376677036285400,0.0000000000000000,0.0000000000000000,0.0000000000000000,1.0000000000000000
M 0.9740887880325317,0.0000000098860236,0.2261658459901810,0.4751327633857727,0.0000000000000000,1.0000000000000000,-0.0000000437113883,-0.0000000201193586,-0.2261658459901810,0.0000000425787725,0.9740887880325317,1.5222213268280029,0.0000000000000000,0.0000000000000000,0.0000000000000000,1.0000000000000000
M 0.9669977426528931,0.0000000111370024,0.2547848820686340,0.5614876747131348,0.0000000000000000,1.0000000000000000,-0.0000000437113883,-0.0000000201193586,-0.2547848820686340,0.0000000422688125,0.9669977426528931,1.7098398208618164,0.0000000000000000,0.0000000000000000,0.0000000000000000,1.0000000000000000
M 0.9588847756385803,0.0000000124050992,0.2837955951690674,0.6553885936737061,0.0000000000000000,1.0000000000000000,-0.0000000437113883,-0.0000000201193586,-0.2837955951690674,0.0000000419141841,0.9588847756385803,1.8988121747970581,0.0000000000000000,0.0000000000000000,0.0000000000000000,1.0000000000000000
M 0.9497683644294739,0.0000000136796441,0.3129537701606750,0.7563875913619995,0.0000000000000000,1.0000000000000000,-0.0000000437113883,-0.0000000201193586,-0.3129537701606750,0.0000000415157011,0.9497683644294739,2.0874819755554199,0.0000000000000000,0.0000000000000000,0.0000000000000000,1.0000000000000000
M 0.9396926164627075,0.0000000149501744,0.3420201241970062,0.8638670444488525,0.0000000000000000,1.0000000000000000,-0.0000000437113883,-0.0000000201193586,-0.3420201241970062,0.0000000410752676,0.9396926164627075,2.2742612361907959,0.0000000000000000,0.0000000000000000,0.0000000000000000,1.0000000000000000
M 0.9287276268005371,0.0000000162065579,0.3707627952098846,0.9770408868789673,0.0000000000000000,1.0000000000000000,-0.0000000437113883,-0.0000000201193586,-0.3707627952098846,0.0000000405959817,0.9287276268005371,2.4576458930969238,0.0000000000000000,0.0000000000000000,0.0000000000000000,1.0000000000000000
M 0.9169687032699585,0.0000000174390600,0.3989591896533966,1.0949603319168091,0.0000000000000000,1.0000000000000000,-0.0000000437113883,-0.0000000201193586,-0.3989591896533966,0.0000000400819822,0.9169687032699585,2.6362295150756836,0.0000000000000000,0.0000000000000000,0.0000000000000000,1.0000000000000000
M 0.9045358300209045,0.0000000186384312,0.4263976216316223,1.2165222167968750,0.0000000000000000,1.0000000000000000,-0.0000000437113883,-0.0000000201193586,-0.4263976216316223,0.0000000395385165,0.9045358300209045,2.8087131977081299,0.0000000000000000,0.0000000000000000,0.0000000000000000,1.0000000000000000
M 0.8915719389915466,0.0000000197959746,0.4528791010379791,1.3404825925827026,0.0000000000000000,1.0000000000000000,-0.0000000437113883,-0.0000000201193586,-0.4528791010379791,0.0000000389718480,0.8915719389915466,2.9739153385162354,0.0000000000000000,0.0000000000000000,0.0000000000000000,1.0000000000000000
M 0.8782410025596619,0.0000000209035864,0.4782183170318604,1.4654691219329834,0.0000000000000000,1.0000000000000000,-0.0000000437113883,-0.0000000201193586,-0.4782183170318604,0.0000000383891390,0.8782410025596619,3.1307759284973145,0.0000000000000000,0.0000000000000000,0.0000000000000000,1.0000000000000000
M 0.8647258877754211,0.0000000219537881,0.5022441148757935,1.5899988412857056,0.0000000000000000,1.0000000000000000,-0.0000000437113883,-0.0000000201193586,-0.5022441148757935,0.0000000377983689,0.8647258877754211,3.2783570289611816,0.0000000000000000,0.0000000000000000,0.0000000000000000,1.0000000000000000
M 0.8512254953384399,0.0000000229397461,0.5248001217842102,1.7124987840652466,0.0000000000000000,1.0000000000000000,-0.0000000437113883,-0.0000000201193586,-0.5248001217842102,0.0000000372082560,0.8512254953384399,3.4158439636230469,0.0000000000000000,0.0000000000000000,0.0000000000000000,1.0000000000000000
M 0.8379520773887634,0.0000000238552200,0.5457438230514526,1.8313200473785400,0.0000000000000000,1.0000000000000000,-0.0000000437113883,-0.0000000201193586,-0.5457438230514526,0.0000000366280482,0.8379520773887634,3.5425350666046143,0.0000000000000000,0.0000000000000000,0.0000000000000000,1.0000000000000000
M 0.8251278996467590,0.0000000246945717,0.5649459362030029,1.9447649717330933,0.0000000000000000,1.0000000000000000,-0.0000000437113883,-0.0000000201193586,-0.5649459362030029,0.0000000360674868,0.8251278996467590,3.6578316688537598,0.0000000000000000,0.0000000000000000,0.0000000000000000,1.0000000000000000
M 0.8129824995994568,0.0000000254526231,0.5822881460189819,2.0510978698730469,0.0000000000000000,1.0000000000000000,-0.0000000437113883,-0.0000000201193586,-0.5822881460189819,0.0000000355365941,0.8129824995994568,3.7612211704254150,0.0000000000000000,0.0000000000000000,0.0000000000000000,1.0000000000000000
M 0.8017482757568359,0.0000000261246331,0.5976618528366089,2.1485776901245117,0.0000000000000000,1.0000000000000000,-0.0000000437113883,-0.0000000201193586,-0.5976618528366089,0.0000000350455309,0.8017482757568359,3.8522617816925049,0.0000000000000000,0.0000000000000000,0.0000000000000000,1.0000000000000000
M 0.7916581034660339,0.0000000267061004,0.6109643578529358,2.2354664802551270,0.0000000000000000,1.0000000000000000,-0.0000000437113883,-0.0000000201193586,-0.6109643578529358,0.0000000346044757,0.7916581034660339,3.9305522441864014,0.0000000000000000,0.0000000000000000,0.0000000000000000,1.0000000000000000
M 0.7829409241676331,0.0000000271926854,0.6220960617065430,2.3100588321685791,0.0000000000000000,1.0000000000000000,-0.0000000437113883,-0.0000000201193586,-0.6220960617065430,0.0000000342234330,0.7829409241676331,3.9957072734832764,0.0000000000000000,0.0000000000000000,0.0000000000000000,1.0000000000000000
M 0.7758184671401978,0.0000000275799739,0.6309561729431152,2.3706970214843750,0.0000000000000000,1.0000000000000000,-0.0000000437113883,-0.0000000201193586,-0.6309561729431152,0.0000000339121016,0.7758184671401978,4.0473246574401855,0.0000000000000000,0.0000000000000000,0.0000000000000000,1.0000000000000000
M 0.7705014944076538,0.0000000278633081,0.6374381780624390,2.4157898426055908,0.0000000000000000,1.0000000000000000,-0.0000000437113883,-0.0000000201193586,-0.6374381780624390,0.0000000336796901,0.7705014944076538,4.0849485397338867,0.0000000000000000,0.0000000000000000,0.0000000000000000,1.0000000000000000
M 0.7671849727630615,0.0000000280376167,0.6414259076118469,2.4438445568084717,0.0000000000000000,1.0000000000000000,-0.0000000437113883,-0.0000000201193586,-0.6414259076118469,0.0000000335347217,0.7671849727630615,4.1080350875854492,0.0000000000000000,0.0000000000000000,0.0000000000000000,1.0000000000000000
M 0.7660444378852844,0.0000000280971371,0.6427875757217407,2.4534795284271240,0.0000000000000000,1.0000000000000000,-0.0000000437113883,-0.0000000201193586,-0.6427875757217407,0.0000000334848664,0.7660444378852844,4.1159076690673828,0.0000000000000000,0.0000000000000000,0.0000000000000000,1.0000000000000000
M 0.7660444378852844,0.0000000280971371,0.6427875757217407,2.4534795284271240,0.0000000000000000,1.0000000000000000,-0.0000000437113883,-0.0000000201193586,-0.6427875757217407,0.0000000334848664,0.7660444378852844,4.1159076690673828,0.0000000000000000,0.0000000000000000,0.0000000000000000,1.0000000000000000
M 0.7660444378852844,0.0000000280971371,0.6427875757217407,2.4534795284271240,0.0000000000000000,1.0000000000000000,-0.0000000437113883,-0.0000000201193586,-0.6427875757217407,0.0000000334848664,0.7660444378852844,4.1159076690673828,0.0000000000000000,0.0000000000000000,0.0000000000000000,1.0000000000000000
M 0.7660444378852844,0.0000000280971371,0.6427875757217407,2.4534795284271240,0.0000000000000000,1.0000000000000000,-0.0000000437113883,-0.0000000201193586,-0.6427875757217407,0.0000000334848664,0.7660444378852844,4.1159076690673828,0.0000000000000000,0.0000000000000000,0.0000000000000000,1.0000000000000000
M 0.7660444378852844,0.0000000280971371,0.6427875757217407,2.4534795284271240,0.0000000000000000,1.0000000000000000,-0.0000000437113883,-0.0000000201193586,-0.6427875757217407,0.0000000334848664,0.7660444378852844,4.1159076690673828,0.0000000000000000,0.0000000000000000,0.0000000000000000,1.0000000000000000
M 0.7660444378852844,0.0000000280971371,0.6427875757217407,2.4534795284271240,0.0000000000000000,1.0000000000000000,-0.0000000437113883,-0.0000000201193586,-0.6427875757217407,0.0000000334848664,0.7660444378852844,4.1159076690673828,0.0000000000000000,0.0000000000000000,0.0000000000000000,1.0000000000000000
M 0.7660444378852844,0.0000000280971371,0.6427875757217407,2.4534795284271240,0.0000000000000000,1.0000000000000000,-0.0000000437113883,-0.0000000201193586,-0.6427875757217407,0.0000000334848664,0.7660444378852844,4.1159076690673828,0.0000000000000000,0.0000000000000000,0.0000000000000000,1.0000000000000000
M 0.7660444378852844,0.0000000280971371,0.6427875757217407,2.4534795284271240,0.0000000000000000,1.0000000000000000,-0.0000000437113883,-0.0000000201193586,-0.6427875757217407,0.0000000334848664,0.7660444378852844,4.1159076690673828,0.0000000000000000,0.0000000000000000,0.0000000000000000,1.0000000000000000
M 0.7660444378852844,0.0000000280971371,0.6427875757217407,2.4534795284271240,0.0000000000000000,1.0000000000000000,-0.0000000437113883,-0.0000000201193586,-0.6427875757217407,0.0000000334848664,0.7660444378852844,4.1159076690673828,0.0000000000000000,0.0000000000000000,0.0000000000000000,1.0000000000000000
M 0.7660444378852844,0.0000000280971371,0.6427875757217407,2.4534795284271240,0.0000000000000000,1.0000000000000000,-0.0000000437113883,-0.0000000201193586,-0.6427875757217407,0.0000000334848664,0.7660444378852844,4.1159076690673828,0.0000000000000000,0.0000000000000000,0.0000000000000000,1.0000000000000000
M 0.7660444378852844,0.0000000280971371,0.6427875757217407,2.4534795284271240,0.0000000000000000,1.0000000000000000,-0.0000000437113883,-0.0000000201193586,-0.6427875757217407,0.0000000334848664,0.7660444378852844,4.1159076690673828,0.0000000000000000,0.0000000000000000,0.0000000000000000,1.0000000000000000
M 0.7660444378852844,0.0000000280971371,0.6427875757217407,2.4534795284271240,0.0000000000000000,1.0000000000000000,-0.0000000437113883,-0.0000000201193586,-0.6427875757217407,0.0000000334848664,0.7660444378852844,4.1159076690673828,0.0000000000000000,0.0000000000000000,0.0000000000000000,1.0000000000000000
M 0.7660444378852844,0.0000000280971371,0.6427875757217407,2.4534795284271240,0.0000000000000000,1.0000000000000000,-0.0000000437113883,-0.0000000201193586,-0.6427875757217407,0.0000000334848664,0.7660444378852844,4.1159076690673828,0.0000000000000000,0.0000000000000000,0.0000000000000000,1.0000000000000000
M 0.7660444378852844,0.0000000280971371,0.6427875757217407,2.4534795284271240,0.0000000000000000,1.0000000000000000,-0.0000000437113883,-0.0000000201193586,-0.6427875757217407,0.0000000334848664,0.7660444378852844,4.1159076690673828,0.0000000000000000,0.0000000000000000,0.0000000000000000,1.0000000000000000
M 0.7660444378852844,0.0000000280971371,0.6427875757217407,2.4534795284271240,0.0000000000000000,1.0000000000000000,-0.0000000437113883,-0.0000000201193586,-0.6427875757217407,0.0000000334848664,0.7660444378852844,4.1159076690673828,0.0000000000000000,0.0000000000000000,0.0000000000000000,1.0000000000000000
M 0.7660444378852844,0.0000000280971371,0.6427875757217407,2.4534795284271240,0.0000000000000000,1.0000000000000000,-0.0000000437113883,-0.0000000201193586,-0.6427875757217407,0.0000000334848664,0.7660444378852844,4.1159076690673828,0.0000000000000000,0.0000000000000000,0.0000000000000000,1.0000000000000000
M 0.7660444378852844,0.0000000280971371,0.6427875757217407,2.4534795284271240,0.0000000000000000,1.0000000000000000,-0.0000000437113883,-0.0000000201193586,-0.6427875757217407,0.0000000334848664,0.7660444378852844,4.1159076690673828,0.0000000000000000,0.0000000000000000,0.0000000000000000,1.0000000000000000
M 0.7660444378852844,0.0000000280971371,0.6427875757217407,2.4534795284271240,0.0000000000000000,1.0000000000000000,-0.0000000437113883,-0.0000000201193586,-0.6427875757217407,0.0000000334848664,0.7660444378852844,4.1159076690673828,0.0000000000000000,0.0000000000000000,0.0000000000000000,1.0000000000000000
M 0.7660444378852844,0.0000000280971371,0.6427875757217407,2.4534795284271240,0.0000000000000000,1.0000000000000000,-0.0000000437113883,-0.0000000201193586,-0.6427875757217407,0.0000000334848664,0.7660444378852844,4.1159076690673828,0.0000000000000000,0.0000000000000000,0.0000000000000000,1.0000000000000000
M 0.7660444378852844,0.0000000280971371,0.6427875757217407,2.4534795284271240,0.0000000000000000,1.0000000000000000,-0.0000000437113883,-0.0000000201193586,-0.6427875757217407,0.0000000334848664,0.7660444378852844,4.1159076690673828,0.0000000000000000,0.0000000000000000,0.0000000000000000,1.0000000000000000
M 0.7660444378852844,0.0000000280971371,0.6427875757217407,2.4534795284271240,0.0000000000000000,1.0000000000000000,-0.0000000437113883,-0.0000000201193586,-0.6427875757217407,0.0000000334848664,0.7660444378852844,4.1159076690673828,0.0000000000000000,0.0000000000000000,0.0000000000000000,1.0000000000000000
M 0.7660444378852844,0.0000000280971371,0.6427875757217407,2.4534795284271240,0.0000000000000000,1.0000000000000000,-0.0000000437113883,-0.0000000201193586,-0.6427875757217407,0.0000000334848664,0.7660444378852844,4.1159076690673828,0.0000000000000000,0.0000000000000000,0.0000000000000000,1.0000000000000000
M 0.7660444378852844,0.0000000280971371,0.6427875757217407,2.4534795284271240,0.0000000000000000,1.0000000000000000,-0.0000000437113883,-0.0000000201193586,-0.6427875757217407,0.0000000334848664,0.7660444378852844,4.1159076690673828,0.0000000000000000,0.0000000000000000,0.0000000000000000,1.0000000000000000
M 0.7660444378852844,0.0000000280971371,0.6427875757217407,2.4534795284271240,0.0000000000000000,1.0000000000000000,-0.0000000437113883,-0.0000000201193586,-0.6427875757217407,0.0000000334848664,0.7660444378852844,4.1159076690673828,0.0000000000000000,0.0000000000000000,0.0000000000000000,1.0000000000000000
M 0.7660444378852844,0.0000000280971371,0.6427875757217407,2.4534795284271240,0.0000000000000000,1.0000000000000000,-0.0000000437113883,-0.0000000201193586,-0.6427875757217407,0.0000000334848664,0.7660444378852844,4.1159076690673828,0.0000000000000000,0.0000000000000000,0.0000000000000000,1.0000000000000000
M 0.7660444378852844,0.0000000280971371,0.6427875757217407,2.4534795284271240,0.0000000000000000,1.0000000000000000,-0.0000000437113883,-0.0000000201193586,-0.6427875757217407,0.0000000334848664,0.7660444378852844,4.1159076690673828,0.0000000000000000,0.0000000000000000,0.0000000000000000,1.0000000000000000
M 0.7660444378852844,0.0000000280971371,0.6427875757217407,2.4534795284271240,0.0000000000000000,1.0000000000000000,-0.0000000437113883,-0.0000000201193586,-0.6427875757217407,0.0000000334848664,0.7660444378852844,4.1159076690673828,0.0000000000000000,0.0000000000000000,0.0000000000000000,1.0000000000000000
M 0.7660444378852844,0.0000000280971371,0.6427875757217407,2.4534795284271240,0.0000000000000000,1.0000000000000000,-0.0000000437113883,-0.0000000201193586,-0.6427875757217407,0.0000000334848664,0.7660444378852844,4.1159076690673828,0.0000000000000000,0.0000000000000000,0.0000000000000000,1.0000000000000000
M 0.7660444378852844,0.0000000280971371,0.6427875757217407,2.4534795284271240,0.0000000000000000,1.0000000000000000,-0.0000000437113883,-0.0000000201193586,-0.6427875757217407,0.0000000334848664,0.7660444378852844,4.1159076690673828,0.0000000000000000,0.0000000000000000,0.0000000000000000,1.0000000000000000
M 0.7660444378852844,0.0000000280971371,0.6427875757217407,2.4534795284271240,0.0000000000000000,1.0000000000000000,-0.0000000437113883,-0.0000000201193586,-0.6427875757217407,0.0000000334848664,0.7660444378852844,4.1159076690673828,0.0000000000000000,0.0000000000000000,0.0000000000000000,1.0000000000000000
M 0.7660444378852844,0.0000000280971371,0.6427875757217407,2.4534795284271240,0.0000000000000000,1.0000000000000000,-0.0000000437113883,-0.0000000201193586,-0.6427875757217407,0.0000000334848664,0.7660444378852844,4.1159076690673828,0.0000000000000000,0.0000000000000000,0.0000000000000000,1.0000000000000000
M 0.7660444378852844,0.0000000280971371,0.6427875757217407,2.4534795284271240,0.0000000000000000,1.0000000000000000,-0.0000000437113883,-0.0000000201193586,-0.6427875757217407,0.0000000334848664,0.7660444378852844,4.1159076690673828,0.0000000000000000,0.0000000000000000,0.0000000000000000,1.0000000000000000
M 0.7660444378852844,0.0000000280971371,0.6427875757217407,2.4534795284271240,0.0000000000000000,1.0000000000000000,-0.0000000437113883,-0.0000000201193586,-0.6427875757217407,0.0000000334848664,0.7660444378852844,4.1159076690673828,0.0000000000000000,0.0000000000000000,0.0000000000000000,1.0000000000000000
M 0.7660444378852844,0.0000000280971371,0.6427875757217407,2.4534795284271240,0.0000000000000000,1.0000000000000000,-0.0000000437113883,-0.0000000201193586,-0.6427875757217407,0.0000000334848664,0.7660444378852844,4.1159076690673828,0.0000000000000000,0.0000000000000000,0.0000000000000000,1.0000000000000000
M 0.7660444378852844,0.0000000280971371,0.6427875757217407,2.4534795284271240,0.0000000000000000,1.0000000000000000,-0.0000000437113883,-0.0000000201193586,-0.6427875757217407,0.0000000334848664,0.7660444378852844,4.1159076690673828,0.0000000000000000,0.0000000000000000,0.0000000000000000,1.0000000000000000
M 0.7660444378852844,0.0000000280971371,0.6427875757217407,2.4534795284271240,0.0000000000000000,1.0000000000000000,-0.0000000437113883,-0.0000000201193586,-0.6427875757217407,0.0000000334848664,0.7660444378852844,4.1159076690673828,0.0000000000000000,0.0000000000000000,0.0000000000000000,1.0000000000000000
M 0.7660444378852844,0.0000000280971371,0.6427875757217407,2.4534795284271240,0.0000000000000000,1.0000000000000000,-0.0000000437113883,-0.0000000201193586,-0.6427875757217407,0.0000000334848664,0.7660444378852844,4.1159076690673828,0.0000000000000000,0.0000000000000000,0.0000000000000000,1.0000000000000000
M 0.7660444378852844,0.0000000280971371,0.6427875757217407,2.4534795284271240,0.0000000000000000,1.0000000000000000,-0.0000000437113883,-0.0000000201193586,-0.6427875757217407,0.0000000334848664,0.7660444378852844,4.1159076690673828,0.0000000000000000,0.0000000000000000,0.0000000000000000,1.0000000000000000
M 0.7660444378852844,0.0000000280971371,0.6427875757217407,2.4534795284271240,0.0000000000000000,1.0000000000000000,-0.0000000437113883,-0.0000000201193586,-0.6427875757217407,0.0000000334848664,0.7660444378852844,4.1159076690673828,0.0000000000000000,0.0000000000000000,0.0000000000000000,1.0000000000000000
M 0.7660444378852844,0.0000000280971371,0.6427875757217407,2.4534795284271240,0.0000000000000000,1.0000000000000000,-0.0000000437113883,-0.0000000201193586,-0.6427875757217407,0.0000000334848664,0.7660444378852844,4.1159076690673828,0.0000000000000000,0.0000000000000000,0.0000000000000000,1.0000000000000000
M 0.7660444378852844,0.0000000280971371,0.6427875757217407,2.4534795284271240,0.0000000000000000,1.0000000000000000,-0.0000000437113883,-0.0000000201193586,-0.6427875757217407,0.0000000334848664,0.7660444378852844,4.1159076690673828,0.0000000000000000,0.0000000000000000,0.0000000000000000,1.0000000000000000
M 0.7660444378852844,0.0000000280971371,0.6427875757217407,2.4534795284271240,0.0000000000000000,1.0000000000000000,-0.0000000437113883,-0.0000000201193586,-0.6427875757217407,0.0000000334848664,0.7660444378852844,4.1159076690673828,0.0000000000000000,0.0000000000000000,0.0000000000000000,1.0000000000000000
M 0.7660444378852844,0.0000000280971371,0.6427875757217407,2.4534795284271240,0.0000000000000000,1.0000000000000000,-0.0000000437113883,-0.0000000201193586,-0.6427875757217407,0.0000000334848664,0.7660444378852844,4.1159076690673828,0.0000000000000000,0.0000000000000000,0.0000000000000000,1.0000000000000000
M 0.7660444378852844,0.0000000280971371,0.6427875757217407,2.4534795284271240,0.0000000000000000,1.0000000000000000,-0.0000000437113883,-0.0000000201193586,-0.6427875757217407,0.0000000334848664,0.7660444378852844,4.1159076690673828,0.0000000000000000,0.0000000000000000,0.0000000000000000,1.0000000000000000
M 0.7660444378852844,0.0000000280971371,0.6427875757217407,2.4534795284271240,0.0000000000000000,1.0000000000000000,-0.0000000437113883,-0.0000000201193586,-0.6427875757217407,0.0000000334848664,0.7660444378852844,4.1159076690673828,0.0000000000000000,0.0000000000000000,0.0000000000000000,1.0000000000000000
M 0.7660444378852844,0.0000000280971371,0.6427875757217407,2.4534795284271240,0.0000000000000000,1.0000000000000000,-0.0000000437113883,-0.0000000201193586,-0.6427875757217407,0.0000000334848664,0.7660444378852844,4.1159076690673828,0.0000000000000000,0.0000000000000000,0.0000000000000000,1.0000000000000000
M 0.7660444378852844,0.0000000280971371,0.6427875757217407,2.4534795284271240,0.0000000000000000,1.0000000000000000,-0.0000000437113883,-0.0000000201193586,-0.6427875757217407,0.0000000334848664,0.7660444378852844,4.1159076690673828,0.0000000000000000,0.0000000000000000,0.0000000000000000,1.0000000000000000
M 0.7660444378852844,0.0000000280971371,0.6427875757217407,2.4534795284271240,0.0000000000000000,1.0000000000000000,-0.0000000437113883,-0.0000000201193586,-0.6427875757217407,0.0000000334848664,0.7660444378852844,4.1159076690673828,0.0000000000000000,0.0000000000000000,0.0000000000000000,1.0000000000000000
M 0.7660444378852844,0.0000000280971371,0.6427875757217407,2.4534795284271240,0.0000000000000000,1.0000000000000000,-0.0000000437113883,-0.0000000201193586,-0.6427875757217407,0.0000000334848664,0.7660444378852844,4.1159076690673828,0.0000000000000000,0.0000000000000000,0.0000000000000000,1.0000000000000000
M 0.7660444378852844,0.0000000280971371,0.6427875757217407,2.4534795284271240,0.0000000000000000,1.0000000000000000,-0.0000000437113883,-0.0000000201193586,-0.6427875757217407,0.0000000334848664,0.7660444378852844,4.1159076690673828,0.0000000000000000,0.0000000000000000,0.0000000000000000,1.0000000000000000
M 0.7660444378852844,0.0000000280971371,0.6427875757217407,2.4534795284271240,0.0000000000000000,1.0000000000000000,-0.0000000437113883,-0.0000000201193586,-0.6427875757217407,0.0000000334848664,0.7660444378852844,4.1159076690673828,0.0000000000000000,0.0000000000000000,0.0000000000000000,1.0000000000000000
M 0.7660444378852844,0.0000000280971371,0.6427875757217407,2.4534795284271240,0.0000000000000000,1.0000000000000000,-0.0000000437113883,-0.0000000201193586,-0.6427875757217407,0.0000000334848664,0.7660444378852844,4.1159076690673828,0.0000000000000000,0.0000000000000000,0.0000000000000000,1.0000000000000000
M 0.7660444378852844,0.0000000280971371,0.6427875757217407,2.4534795284271240,0.0000000000000000,1.0000000000000000,-0.0000000437113883,-0.0000000201193586,-0.6427875757217407,0.0000000334848664,0.7660444378852844,4.1159076690673828,0.0000000000000000,0.0000000000000000,0.0000000000000000,1.0000000000000000
M 0.7660444378852844,0.0000000280971371,0.6427875757217407,2.4534795284271240,0.0000000000000000,1.0000000000000000,-0.0000000437113883,-0.0000000201193586,-0.6427875757217407,0.0000000334848664,0.7660444378852844,4.1159076690673828,0.0000000000000000,0.0000000000000000,0.0000000000000000,1.0000000000000000
M 0.7660444378852844,0.0000000280971371,0.6427875757217407,2.4534795284271240,0.0000000000000000,1.0000000000000000,-0.0000000437113883,-0.0000000201193586,-0.6427875757217407,0.0000000334848664,0.7660444378852844,4.1159076690673828,0.0000000000000000,0.0000000000000000,0.0000000000000000,1.0000000000000000
M 0.7660444378852844,0.0000000280971371,0.6427875757217407,2.4534795284271240,0.0000000000000000,1.0000000000000000,-0.0000000437113883,-0.0000000201193586,-0.6427875757217407,0.0000000334848664,0.7660444378852844,4.1159076690673828,0.0000000000000000,0.0000000000000000,0.0000000000000000,1.0000000000000000
M 0.7660444378852844,0.0000000280971371,0.6427875757217407,2.4534795284271240,0.0000000000000000,1.0000000000000000,-0.0000000437113883,-0.0000000201193586,-0.6427875757217407,0.0000000334848664,0.7660444378852844,4.1159076690673828,0.0000000000000000,0.0000000000000000,0.0000000000000000,1.0000000000000000
M 0.7660444378852844,0.0000000280971371,0.6427875757217407,2.4534795284271240,0.0000000000000000,1.0000000000000000,-0.0000000437113883,-0.0000000201193586,-0.6427875757217407,0.0000000334848664,0.7660444378852844,4.1159076690673828,0.0000000000000000,0.0000000000000000,0.0000000000000000,1.0000000000000000
M 0.7660444378852844,0.0000000280971371,0.6427875757217407,2.4534795284271240,0.0000000000000000,1.0000000000000000,-0.0000000437113883,-0.0000000201193586,-0.6427875757217407,0.0000000334848664,0.7660444378852844,4.1159076690673828,0.0000000000000000,0.0000000000000000,0.0000000000000000,1.0000000000000000
M 0.7660444378852844,0.0000000280971371,0.6427875757217407,2.4534795284271240,0.0000000000000000,1.0000000000000000,-0.0000000437113883,-0.0000000201193586,-0.6427875757217407,0.0000000334848664,0.7660444378852844,4.1159076690673828,0.0000000000000000,0.0000000000000000,0.0000000000000000,1.0000000000000000
M 0.7660444378852844,0.0000000280971371,0.6427875757217407,2.4534795284271240,0.0000000000000000,1.0000000000000000,-0.0000000437113883,-0.0000000201193586,-0.6427875757217407,0.0000000334848664,0.7660444378852844,4.1159076690673828,0.0000000000000000,0.0000000000000000,0.0000000000000000,1.0000000000000000
M 0.7660444378852844,0.0000000280971371,0.6427875757217407,2.4534795284271240,0.0000000000000000,1.0000000000000000,-0.0000000437113883,-0.0000000201193586,-0.6427875757217407,0.0000000334848664,0.7660444378852844,4.1159076690673828,0.0000000000000000,0.0000000000000000,0.0000000000000000,1.0000000000000000
M 0.7660444378852844,0.0000000280971371,0.6427875757217407,2.4534795284271240,0.0000000000000000,1.0000000000000000,-0.0000000437113883,-0.0000000201193586,-0.6427875757217407,0.0000000334848664,0.7660444378852844,4.1159076690673828,0.0000000000000000,0.0000000000000000,0.0000000000000000,1.0000000000000000
M 0.7660444378852844,0.0000000280971371,0.6427875757217407,2.4534795284271240,0.0000000000000000,1.0000000000000000,-0.0000000437113883,-0.0000000201193586,-0.6427875757217407,0.0000000334848664,0.7660444378852844,4.1159076690673828,0.0000000000000000,0.0000000000000000,0.0000000000000000,1.0000000000000000
M 0.7660444378852844,0.0000000280971371,0.6427875757217407,2.4534795284271240,0.0000000000000000,1.0000000000000000,-0.0000000437113883,-0.0000000201193586,-0.6427875757217407,0.0000000334848664,0.7660444378852844,4.1159076690673828,0.0000000000000000,0.0000000000000000,0.0000000000000000,1.0000000000000000
M 0.7660444378852844,0.0000000280971371,0.6427875757217407,2.4534795284271240,0.0000000000000000,1.0000000000000000,-0.0000000437113883,-0.0000000201193586,-0.6427875757217407,0.0000000334848664,0.7660444378852844,4.1159076690673828,0.0000000000000000,0.0000000000000000,0.0000000000000000,1.0000000000000000
M 0.7660444378852844,0.0000000280971371,0.6427875757217407,2.4534795284271240,0.0000000000000000,1.0000000000000000,-0.0000000437113883,-0.0000000201193586,-0.6427875757217407,0.0000000334848664,0.7660444378852844,4.1159076690673828,0.0000000000000000,0.0000000000000000,0.0000000000000000,1.0000000000000000
M 0.7660444378852844,0.0000000280971371,0.6427875757217407,2.4534795284271240,0.0000000000000000,1.0000000000000000,-0.0000000437113883,-0.0000000201193586,-0.6427875757217407,0.0000000334848664,0.7660444378852844,4.1159076690673828,0.0000000000000000,0.0000000000000000,0.0000000000000000,1.0000000000000000
M 0.7660444378852844,0.0000000280971371,0.6427875757217407,2.4534795284271240,0.0000000000000000,1.0000000000000000,-0.0000000437113883,-0.0000000201193586,-0.6427875757217407,0.0000000334848664,0.7660444378852844,4.1159076690673828,0.0000000000000000,0.0000000000000000,0.0000000000000000,1.0000000000000000
M 0.7660444378852844,0.0000000280971371,0.6427875757217407,2.4534795284271240,0.0000000000000000,1.0000000000000000,-0.0000000437113883,-0.0000000201193586,-0.6427875757217407,0.0000000334848664,0.7660444378852844,4.1159076690673828,0.0000000000000000,0.0000000000000000,0.0000000000000000,1.0000000000000000
M 0.7660444378852844,0.0000000280971371,0.6427875757217407,2.4534795284271240,0.0000000000000000,1.0000000000000000,-0.0000000437113883,-0.0000000201193586,-0.6427875757217407,0.0000000334848664,0.7660444378852844,4.1159076690673828,0.0000000000000000,0.0000000000000000,0.0000000000000000,1.0000000000000000
M 0.7660444378852844,0.0000000280971371,0.6427875757217407,2.4534795284271240,0.0000000000000000,1.0000000000000000,-0.0000000437113883,-0.0000000201193586,-0.6427875757217407,0.0000000334848664,0.7660444378852844,4.1159076690673828,0.0000000000000000,0.0000000000000000,0.0000000000000000,1.0000000000000000
M 0.7660444378852844,0.0000000280971371,0.6427875757217407,2.4534795284271240,0.0000000000000000,1.0000000000000000,-0.0000000437113883,-0.0000000201193586,-0.6427875757217407,0.0000000334848664,0.7660444378852844,4.1159076690673828,0.0000000000000000,0.0000000000000000,0.0000000000000000,1.0000000000000000
M 0.7660444378852844,0.0000000280971371,0.6427875757217407,2.4534795284271240,0.0000000000000000,1.0000000000000000,-0.0000000437113883,-0.0000000201193586,-0.6427875757217407,0.0000000334848664,0.7660444378852844,4.1159076690673828,0.0000000000000000,0.0000000000000000,0.0000000000000000,1.0000000000000000
M 0.7660444378852844,0.0000000280971371,0.6427875757217407,2.4534795284271240,0.0000000000000000,1.0000000000000000,-0.0000000437113883,-0.0000000201193586,-0.6427875757217407,0.0000000334848664,0.7660444378852844,4.1159076690673828,0.0000000000000000,0.0000000000000000,0.0000000000000000,1.0000000000000000
M 0.7660444378852844,0.0000000280971371,0.6427875757217407,2.4534795284271240,0.0000000000000000,1.0000000000000000,-0.0000000437113883,-0.0000000201193586,-0.6427875757217407,0.0000000334848664,0.7660444378852844,4.1159076690673828,0.0000000000000000,0.0000000000000000,0.0000000000000000,1.0000000000000000
M 0.7660444378852844,0.0000000280971371,0.6427875757217407,2.4534795284271240,0.0000000000000000,1.0000000000000000,-0.0000000437113883,-0.0000000201193586,-0.6427875757217407,0.0000000334848664,0.7660444378852844,4.1159076690673828,0.0000000000000000,0.0000000000000000,0.0000000000000000,1.0000000000000000
M 0.7660444378852844,0.0000000280971371,0.6427875757217407,2.4534795284271240,0.0000000000000000,1.0000000000000000,-0.0000000437113883,-0.0000000201193586,-0.6427875757217407,0.0000000334848664,0.7660444378852844,4.1159076690673828,0.0000000000000000,0.0000000000000000,0.0000000000000000,1.0000000000000000
M 0.7660444378852844,0.0000000280971371,0.6427875757217407,2.4534795284271240,0.0000000000000000,1.0000000000000000,-0.0000000437113883,-0.0000000201193586,-0.6427875757217407,0.0000000334848664,0.7660444378852844,4.1159076690673828,0.0000000000000000,0.0000000000000000,0.0000000000000000,1.0000000000000000
M 0.7660444378852844,0.0000000280971371,0.6427875757217407,2.4534795284271240,0.0000000000000000,1.0000000000000000,-0.0000000437113883,-0.0000000201193586,-0.6427875757217407,0.0000000334848664,0.7660444378852844,4.1159076690673828,0.0000000000000000,0.0000000000000000,0.0000000000000000,1.0000000000000000
M 0.7660444378852844,0.0000000280971371,0.6427875757217407,2.4534795284271240,0.0000000000000000,1.0000000000000000,-0.0000000437113883,-0.0000000201193586,-0.6427875757217407,0.0000000334848664,0.7660444378852844,4.1159076690673828,0.0000000000000000,0.0000000000000000,0.0000000000000000,1.0000000000000000
M 0.7660444378852844,0.0000000280971371,0.6427875757217407,2.4534795284271240,0.0000000000000000,1.0000000000000000,-0.0000000437113883,-0.0000000201193586,-0.6427875757217407,0.0000000334848664,0.7660444378852844,4.1159076690673828,0.0000000000000000,0.0000000000000000,0.0000000000000000,1.0000000000000000
M 0.7660444378852844,0.0000000280971371,0.6427875757217407,2.4534795284271240,0.0000000000000000,1.0000000000000000,-0.0000000437113883,-0.0000000201193586,-0.6427875757217407,0.0000000334848664,0.7660444378852844,4.1159076690673828,0.0000000000000000,0.0000000000000000,0.0000000000000000,1.0000000000000000
M 0.7660444378852844,0.0000000280971371,0.6427875757217407,2.4534795284271240,0.0000000000000000,1.0000000000000000,-0.0000000437113883,-0.0000000201193586,-0.6427875757217407,0.0000000334848664,0.7660444378852844,4.1159076690673828,0.0000000000000000,0.0000000000000000,0.0000000000000000,1.0000000000000000
M 0.7660444378852844,0.0000000280971371,0.6427875757217407,2.4534795284271240,0.0000000000000000,1.0000000000000000,-0.0000000437113883,-0.0000000201193586,-0.6427875757217407,0.0000000334848664,0.7660444378852844,4.1159076690673828,0.0000000000000000,0.0000000000000000,0.0000000000000000,1.0000000000000000
M 0.7660444378852844,0.0000000280971371,0.6427875757217407,2.4534795284271240,0.0000000000000000,1.0000000000000000,-0.0000000437113883,-0.0000000201193586,-0.6427875757217407,0.0000000334848664,0.7660444378852844,4.1159076690673828,0.0000000000000000,0.0000000000000000,0.0000000000000000,1.0000000000000000
M 0.7660444378852844,0.0000000280971371,0.6427875757217407,2.4534795284271240,0.0000000000000000,1.0000000000000000,-0.0000000437113883,-0.0000000201193586,-0.6427875757217407,0.0000000334848664,0.7660444378852844,4.1159076690673828,0.0000000000000000,0.0000000000000000,0.0000000000000000,1.0000000000000000
M 0.7660444378852844,0.0000000280971371,0.6427875757217407,2.4534795284271240,0.0000000000000000,1.0000000000000000,-0.0000000437113883,-0.0000000201193586,-0.6427875757217407,0.0000000334848664,0.7660444378852844,4.1159076690673828,0.0000000000000000,0.0000000000000000,0.0000000000000000,1.0000000000000000
M 0.7660444378852844,0.0000000280971371,0.6427875757217407,2.4534795284271240,0.0000000000000000,1.0000000000000000,-0.0000000437113883,-0.0000000201193586,-0.6427875757217407,0.0000000334848664,0.7660444378852844,4.1159076690673828,0.0000000000000000,0.0000000000000000,0.0000000000000000,1.0000000000000000
M 0.7660444378852844,0.0000000280971371,0.6427875757217407,2.4534795284271240,0.0000000000000000,1.0000000000000000,-0.0000000437113883,-0.0000000201193586,-0.6427875757217407,0.0000000334848664,0.7660444378852844,4.1159076690673828,0.0000000000000000,0.0000000000000000,0.0000000000000000,1.0000000000000000
M 0.7660444378852844,0.0000000280971371,0.6427875757217407,2.4534795284271240,0.0000000000000000,1.0000000000000000,-0.0000000437113883,-0.0000000201193586,-0.6427875757217407,0.0000000334848664,0.7660444378852844,4.1159076690673828,0.0000000000000000,0.0000000000000000,0.0000000000000000,1.0000000000000000
M 0.7660444378852844,0.0000000280971371,0.6427875757217407,2.4534795284271240,0.0000000000000000,1.0000000000000000,-0.0000000437113883,-0.0000000201193586,-0.6427875757217407,0.0000000334848664,0.7660444378852844,4.1159076690673828,0.0000000000000000,0.0000000000000000,0.0000000000000000,1.0000000000000000
M 0.7660444378852844,0.0000000280971371,0.6427875757217407,2.4534795284271240,0.0000000000000000,1.0000000000000000,-0.0000000437113883,-0.0000000201193586,-0.6427875757217407,0.0000000334848664,0.7660444378852844,4.1159076690673828,0.0000000000000000,0.0000000000000000,0.0000000000000000,1.0000000000000000
M 0.7660444378852844,0.0000000280971371,0.6427875757217407,2.4534795284271240,0.0000000000000000,1.0000000000000000,-0.0000000437113883,-0.0000000201193586,-0.6427875757217407,0.0000000334848664,0.7660444378852844,4.1159076690673828,0.0000000000000000,0.0000000000000000,0.0000000000000000,1.0000000000000000
M 0.7660444378852844,0.0000000280971371,0.6427875757217407,2.4534795284271240,0.0000000000000000,1.0000000000000000,-0.0000000437113883,-0.0000000201193586,-0.6427875757217407,0.0000000334848664,0.7660444378852844,4.1159076690673828,0.0000000000000000,0.0000000000000000,0.0000000000000000,1.0000000000000000
