O INDEPENDENT_BRAKE_1_CG_hb1
A INDEPENDENT_BRAKE_1_CG_hb1_INDEPENDENT_BRAKE_1_CG_hb1
M 1.0000000000000000,0.0000000000000000,0.0000000000000000,0.0000000000000000,0.0000000000000000,1.0000000000000000,-0.0000000437113883,-0.0000000009316494,-0.0000000000000000,0.0000000437113883,1.0000000000000000,0.0000000061098859,0.0000000000000000,0.0000000000000000,0.0000000000000000,1.0000000000000000
M 1.0000000000000000,0.0002364063257119,-0.0000000000103336,-0.0003924115153495,-0.0002364063257119,1.0000000000000000,-0.0000000437113954,0.0006279534427449,-0.0000000000000000,0.0000000437113883,1.0000000000000000,0.0000000061098859,0.0000000000000000,0.0000000000000000,0.0000000000000000,1.0000000000000000
M 0.9999995827674866,0.0009440425201319,-0.0000000000412654,-0.0015658267075196,-0.0009440425201319,0.9999995827674866,-0.0000000437113776,0.0025083275977522,-0.0000000000000000,0.0000000437113883,1.0000000000000000,0.0000000061098859,0.0000000000000000,0.0000000000000000,0.0000000000000000,1.0000000000000000
M 0.9999977350234985,0.0021205334924161,-0.0000000000926915,-0.0035139189567417,-0.0021205334924161,0.9999977350234985,-0.0000000437112888,0.0056364815682173,-0.0000000000000000,0.0000000437113883,1.0000000000000000,0.0000000061098859,0.0000000000000000,0.0000000000000000,0.0000000000000000,1.0000000000000000
M 0.9999929070472717,0.0037635006010532,-0.0000000001645079,-0.0062282104045153,-0.0037635006010532,0.9999929070472717,-0.0000000437110792,0.0100086005404592,-0.0000000000000000,0.0000000437113883,1.0000000000000000,0.0000000061098859,0.0000000000000000,0.0000000000000000,0.0000000000000000,1.0000000000000000
M 0.9999827742576599,0.0058705583214760,-0.0000000002566103,-0.0096987802535295,-0.0058705583214760,0.9999827742576599,-0.0000000437106351,0.0156222814694047,-0.0000000000000000,0.0000000437113883,1.0000000000000000,0.0000000061098859,0.0000000000000000,0.0000000000000000,0.0000000000000000,1.0000000000000000
M 0.9999644160270691,0.0084393080323935,-0.0000000003688939,-0.0139140170067549,-0.0084393080323935,0.9999644160270691,-0.0000000437098393,0.0224759224802256,-0.0000000000000000,0.0000000437113883,1.0000000000000000,0.0000000061098859,0.0000000000000000,0.0000000000000000,0.0000000000000000,1.0000000000000000
M 0.9999342560768127,0.0114673338830471,-0.0000000005012531,-0.0188601370900869,-0.0114673338830471,0.9999342560768127,-0.0000000437085141,0.0305691845715046,-0.0000000000000000,0.0000000437113883,1.0000000000000000,0.0000000061098859,0.0000000000000000,0.0000000000000000,0.0000000000000000,1.0000000000000000
M 0.9998881816864014,0.0149521920830011,-0.0000000006535811,-0.0245221164077520,-0.0149521920830011,0.9998881816864014,-0.0000000437064998,0.0399023741483688,-0.0000000000000000,0.0000000437113883,1.0000000000000000,0.0000000061098859,0.0000000000000000,0.0000000000000000,0.0000000000000000,1.0000000000000000
M 0.9998215436935425,0.0188914015889168,-0.0000000008257695,-0.0308839138597250,-0.0188914015889168,0.9998215436935425,-0.0000000437035865,0.0504765249788761,-0.0000000000000000,0.0000000437113883,1.0000000000000000,0.0000000061098859,0.0000000000000000,0.0000000000000000,0.0000000000000000,1.0000000000000000
M 0.9997289180755615,0.0232824329286814,-0.0000000010177075,-0.0379265509545803,-0.0232824329286814,0.9997289180755615,-0.0000000436995400,0.0622939839959145,-0.0000000000000000,0.0000000437113883,1.0000000000000000,0.0000000061098859,0.0000000000000000,0.0000000000000000,0.0000000000000000,1.0000000000000000
M 0.9996044635772705,0.0281227063387632,-0.0000000012292828,-0.0456302501261234,-0.0281227063387632,0.9996044635772705,-0.0000000436940972,0.0753575488924980,-0.0000000000000000,0.0000000437113883,1.0000000000000000,0.0000000061098859,0.0000000000000000,0.0000000000000000,0.0000000000000000,1.0000000000000000
M 0.9994417428970337,0.0334095694124699,-0.0000000014603787,-0.0539736747741699,-0.0334095694124699,0.9994417428970337,-0.0000000436869847,0.0896707922220230,-0.0000000000000000,0.0000000437113883,1.0000000000000000,0.0000000061098859,0.0000000000000000,0.0000000000000000,0.0000000000000000,1.0000000000000000
M 0.9992337226867676,0.0391402691602707,-0.0000000017108758,-0.0629336684942245,-0.0391402691602707,0.9992337226867676,-0.0000000436778933,0.1052383109927177,-0.0000000000000000,0.0000000437113883,1.0000000000000000,0.0000000061098859,0.0000000000000000,0.0000000000000000,0.0000000000000000,1.0000000000000000
M 0.9989728927612305,0.0453119799494743,-0.0000000019806496,-0.0724852606654167,-0.0453119799494743,0.9989728927612305,-0.0000000436664997,0.1220648884773254,-0.0000000000000000,0.0000000437113883,1.0000000000000000,0.0000000061098859,0.0000000000000000,0.0000000000000000,0.0000000000000000,1.0000000000000000
M 0.9986511468887329,0.0519217364490032,-0.0000000022695712,-0.0826020836830139,-0.0519217364490032,0.9986511468887329,-0.0000000436524275,0.1401561200618744,-0.0000000000000000,0.0000000437113883,1.0000000000000000,0.0000000061098859,0.0000000000000000,0.0000000000000000,0.0000000000000000,1.0000000000000000
M 0.9982599616050720,0.0589664615690708,-0.0000000025775064,-0.0932566151022911,-0.0589664615690708,0.9982599616050720,-0.0000000436353282,0.1595180034637451,-0.0000000000000000,0.0000000437113883,1.0000000000000000,0.0000000061098859,0.0000000000000000,0.0000000000000000,0.0000000000000000,1.0000000000000000
M 0.9977902173995972,0.0664429143071175,-0.0000000029043121,-0.1044191494584084,-0.0664429143071175,0.9977902173995972,-0.0000000436147971,0.1801570802927017,-0.0000000000000000,0.0000000437113883,1.0000000000000000,0.0000000061098859,0.0000000000000000,0.0000000000000000,0.0000000000000000,1.0000000000000000
M 0.9972323775291443,0.0743476971983910,-0.0000000032498415,-0.1160585507750511,-0.0743476971983910,0.9972323775291443,-0.0000000435904113,0.2020800560712814,-0.0000000000000000,0.0000000437113883,1.0000000000000000,0.0000000061098859,0.0000000000000000,0.0000000000000000,0.0000000000000000,1.0000000000000000
M 0.9965763688087463,0.0826772078871727,-0.0000000036139360,-0.1281421333551407,-0.0826772078871727,0.9965763688087463,-0.0000000435617444,0.2252942919731140,-0.0000000000000000,0.0000000437113883,1.0000000000000000,0.0000000061098859,0.0000000000000000,0.0000000000000000,0.0000000000000000,1.0000000000000000
M 0.9958117008209229,0.0914276540279388,-0.0000000039964294,-0.1406359374523163,-0.0914276540279388,0.9958117008209229,-0.0000000435283134,0.2498068958520889,-0.0000000000000000,0.0000000437113883,1.0000000000000000,0.0000000061098859,0.0000000000000000,0.0000000000000000,0.0000000000000000,1.0000000000000000
M 0.9949274659156799,0.1005950421094894,-0.0000000043971489,-0.1535040140151978,-0.1005950421094894,0.9949274659156799,-0.0000000434896599,0.2756254673004150,-0.0000000000000000,0.0000000437113883,1.0000000000000000,0.0000000061098859,0.0000000000000000,0.0000000000000000,0.0000000000000000,1.0000000000000000
M 0.9939122200012207,0.1101750507950783,-0.0000000048159055,-0.1667091399431229,-0.1101750507950783,0.9939122200012207,-0.0000000434452829,0.3027576506137848,-0.0000000000000000,0.0000000437113883,1.0000000000000000,0.0000000061098859,0.0000000000000000,0.0000000000000000,0.0000000000000000,1.0000000000000000
M 0.9927541613578796,0.1201631948351860,-0.0000000052525011,-0.1802124083042145,-0.1201631948351860,0.9927541613578796,-0.0000000433946639,0.3312109112739563,-0.0000000000000000,0.0000000437113883,1.0000000000000000,0.0000000061098859,0.0000000000000000,0.0000000000000000,0.0000000000000000,1.0000000000000000
M 0.9914411306381226,0.1305546015501022,-0.0000000057067231,-0.1939735412597656,-0.1305546015501022,0.9914411306381226,-0.0000000433372769,0.3609925806522369,-0.0000000000000000,0.0000000437113883,1.0000000000000000,0.0000000061098859,0.0000000000000000,0.0000000000000000,0.0000000000000000,1.0000000000000000
M 0.9899604916572571,0.1413441449403763,-0.0000000061783498,-0.2079501897096634,-0.1413441449403763,0.9899604916572571,-0.0000000432725464,0.3921100497245789,-0.0000000000000000,0.0000000437113883,1.0000000000000000,0.0000000061098859,0.0000000000000000,0.0000000000000000,0.0000000000000000,1.0000000000000000
M 0.9882994294166565,0.1525263339281082,-0.0000000066671380,-0.2220993489027023,-0.1525263339281082,0.9882994294166565,-0.0000000431999467,0.4245699346065521,-0.0000000000000000,0.0000000437113883,1.0000000000000000,0.0000000061098859,0.0000000000000000,0.0000000000000000,0.0000000000000000,1.0000000000000000
M 0.9864444732666016,0.1640954017639160,-0.0000000071728388,-0.2363754957914352,-0.1640954017639160,0.9864444732666016,-0.0000000431188560,0.4583793282508850,-0.0000000000000000,0.0000000437113883,1.0000000000000000,0.0000000061098859,0.0000000000000000,0.0000000000000000,0.0000000000000000,1.0000000000000000
M 0.9843820929527283,0.1760449856519699,-0.0000000076951707,-0.2507325112819672,-0.1760449856519699,0.9843820929527283,-0.0000000430287095,0.4935437440872192,-0.0000000000000000,0.0000000437113883,1.0000000000000000,0.0000000061098859,0.0000000000000000,0.0000000000000000,0.0000000000000000,1.0000000000000000
M 0.9820984005928040,0.1883685737848282,-0.0000000082338518,-0.2651223838329315,-0.1883685737848282,0.9820984005928040,-0.0000000429288924,0.5300689935684204,-0.0000000000000000,0.0000000437113883,1.0000000000000000,0.0000000061098859,0.0000000000000000,0.0000000000000000,0.0000000000000000,1.0000000000000000
M 0.9795790910720825,0.2010591030120850,-0.0000000087885743,-0.2794954776763916,-0.2010591030120850,0.9795790910720825,-0.0000000428187619,0.5679599642753601,-0.0000000000000000,0.0000000437113883,1.0000000000000000,0.0000000061098859,0.0000000000000000,0.0000000000000000,0.0000000000000000,1.0000000000000000
M 0.9768097400665283,0.2141090333461761,-0.0000000093590051,-0.2938011884689331,-0.2141090333461761,0.9768097400665283,-0.0000000426977103,0.6072208285331726,-0.0000000000000000,0.0000000437113883,1.0000000000000000,0.0000000061098859,0.0000000000000000,0.0000000000000000,0.0000000000000000,1.0000000000000000
M 0.9737756252288818,0.2275103926658630,-0.0000000099447952,-0.3079866170883179,-0.2275103926658630,0.9737756252288818,-0.0000000425650839,0.6478543877601624,-0.0000000000000000,0.0000000437113883,1.0000000000000000,0.0000000061098859,0.0000000000000000,0.0000000000000000,0.0000000000000000,1.0000000000000000
M 0.9704618453979492,0.2412547022104263,-0.0000000105455777,-0.3219986557960510,-0.2412547022104263,0.9704618453979492,-0.0000000424202433,0.6898632645606995,-0.0000000000000000,0.0000000437113883,1.0000000000000000,0.0000000061098859,0.0000000000000000,0.0000000000000000,0.0000000000000000,1.0000000000000000
M 0.9668532013893127,0.2553329765796661,-0.0000000111609593,-0.3357818424701691,-0.2553329765796661,0.9668532013893127,-0.0000000422625028,0.7332487106323242,-0.0000000000000000,0.0000000437113883,1.0000000000000000,0.0000000061098859,0.0000000000000000,0.0000000000000000,0.0000000000000000,1.0000000000000000
M 0.9629343748092651,0.2697356939315796,-0.0000000117905197,-0.3492793738842010,-0.2697356939315796,0.9629343748092651,-0.0000000420911981,0.7780108451843262,-0.0000000000000000,0.0000000437113883,1.0000000000000000,0.0000000061098859,0.0000000000000000,0.0000000000000000,0.0000000000000000,1.0000000000000000
M 0.9586900472640991,0.2844527065753937,-0.0000000124338229,-0.3624343276023865,-0.2844527065753937,0.9586900472640991,-0.0000000419056718,0.8241480588912964,-0.0000000000000000,0.0000000437113883,1.0000000000000000,0.0000000061098859,0.0000000000000000,0.0000000000000000,0.0000000000000000,1.0000000000000000
M 0.9541046619415283,0.2994732856750488,-0.0000000130903928,-0.3751869201660156,-0.2994732856750488,0.9541046619415283,-0.0000000417052384,0.8716577291488647,-0.0000000000000000,0.0000000437113883,1.0000000000000000,0.0000000061098859,0.0000000000000000,0.0000000000000000,0.0000000000000000,1.0000000000000000
M 0.9491626024246216,0.3147862553596497,-0.0000000137597445,-0.3874776661396027,-0.3147862553596497,0.9491626024246216,-0.0000000414892156,0.9205362200737000,-0.0000000000000000,0.0000000437113883,1.0000000000000000,0.0000000061098859,0.0000000000000000,0.0000000000000000,0.0000000000000000,1.0000000000000000
M 0.9438481330871582,0.3303795456886292,-0.0000000144413468,-0.3992444574832916,-0.3303795456886292,0.9438481330871582,-0.0000000412569108,0.9707773923873901,-0.0000000000000000,0.0000000437113883,1.0000000000000000,0.0000000061098859,0.0000000000000000,0.0000000000000000,0.0000000000000000,1.0000000000000000
M 0.9381456971168518,0.3462407290935516,-0.0000000151346651,-0.4104255139827728,-0.3462407290935516,0.9381456971168518,-0.0000000410076524,1.0223741531372070,-0.0000000000000000,0.0000000437113883,1.0000000000000000,0.0000000061098859,0.0000000000000000,0.0000000000000000,0.0000000000000000,1.0000000000000000
M 0.9320395588874817,0.3623564839363098,-0.0000000158391060,-0.4209567010402679,-0.3623564839363098,0.9320395588874817,-0.0000000407407441,1.0753172636032104,-0.0000000000000000,0.0000000437113883,1.0000000000000000,0.0000000061098859,0.0000000000000000,0.0000000000000000,0.0000000000000000,1.0000000000000000
M 0.9255142211914062,0.3787128031253815,-0.0000000165540630,-0.4307736158370972,-0.3787128031253815,0.9255142211914062,-0.0000000404555109,1.1295950412750244,-0.0000000000000000,0.0000000437113883,1.0000000000000000,0.0000000061098859,0.0000000000000000,0.0000000000000000,0.0000000000000000,1.0000000000000000
M 0.9185541272163391,0.3952951729297638,-0.0000000172789001,-0.4398110508918762,-0.3952951729297638,0.9185541272163391,-0.0000000401512779,1.1851952075958252,-0.0000000000000000,0.0000000437113883,1.0000000000000000,0.0000000061098859,0.0000000000000000,0.0000000000000000,0.0000000000000000,1.0000000000000000
M 0.9111439585685730,0.4120882451534271,-0.0000000180129494,-0.4480025172233582,-0.4120882451534271,0.9111439585685730,-0.0000000398273663,1.2421019077301025,-0.0000000000000000,0.0000000437113883,1.0000000000000000,0.0000000061098859,0.0000000000000000,0.0000000000000000,0.0000000000000000,1.0000000000000000
M 0.9032683968544006,0.4290760457515717,-0.0000000187555091,-0.4552813172340393,-0.4290760457515717,0.9032683968544006,-0.0000000394831154,1.3002983331680298,-0.0000000000000000,0.0000000437113883,1.0000000000000000,0.0000000061098859,0.0000000000000000,0.0000000000000000,0.0000000000000000,1.0000000000000000
M 0.8949125409126282,0.4462415575981140,-0.0000000195058423,-0.4615790843963623,-0.4462415575981140,0.8949125409126282,-0.0000000391178681,1.3597640991210938,-0.0000000000000000,0.0000000437113883,1.0000000000000000,0.0000000061098859,0.0000000000000000,0.0000000000000000,0.0000000000000000,1.0000000000000000
M 0.8860616683959961,0.4635673463344574,-0.0000000202631725,-0.4668279886245728,-0.4635673463344574,0.8860616683959961,-0.0000000387309846,1.4204773902893066,-0.0000000000000000,0.0000000437113883,1.0000000000000000,0.0000000061098859,0.0000000000000000,0.0000000000000000,0.0000000000000000,1.0000000000000000
M 0.8767012953758240,0.4810351431369781,-0.0000000210267146,-0.4709593057632446,-0.4810351431369781,0.8767012953758240,-0.0000000383218293,1.4824135303497314,-0.0000000000000000,0.0000000437113883,1.0000000000000000,0.0000000061098859,0.0000000000000000,0.0000000000000000,0.0000000000000000,1.0000000000000000
M 0.8668173551559448,0.4986257553100586,-0.0000000217956249,-0.4739038348197937,-0.4986257553100586,0.8668173551559448,-0.0000000378897909,1.5455451011657715,-0.0000000000000000,0.0000000437113883,1.0000000000000000,0.0000000061098859,0.0000000000000000,0.0000000000000000,0.0000000000000000,1.0000000000000000
M 0.8563960790634155,0.5163193941116333,-0.0000000225690382,-0.4755919575691223,-0.5163193941116333,0.8563960790634155,-0.0000000374342619,1.6098420619964600,-0.0000000000000000,0.0000000437113883,1.0000000000000000,0.0000000061098859,0.0000000000000000,0.0000000000000000,0.0000000000000000,1.0000000000000000
M 0.8454242348670959,0.5340954065322876,-0.0000000233460558,-0.4759545922279358,-0.5340954065322876,0.8454242348670959,-0.0000000369546740,1.6752717494964600,-0.0000000000000000,0.0000000437113883,1.0000000000000000,0.0000000061098859,0.0000000000000000,0.0000000000000000,0.0000000000000000,1.0000000000000000
M 0.8338889479637146,0.5519322752952576,-0.0000000241257254,-0.4749214649200439,-0.5519322752952576,0.8338889479637146,-0.0000000364504444,1.7417985200881958,-0.0000000000000000,0.0000000437113883,1.0000000000000000,0.0000000061098859,0.0000000000000000,0.0000000000000000,0.0000000000000000,1.0000000000000000
M 0.8217778205871582,0.5698080062866211,-0.0000000249070986,-0.4724231362342834,-0.5698080062866211,0.8217778205871582,-0.0000000359210510,1.8093841075897217,-0.0000000000000000,0.0000000437113883,1.0000000000000000,0.0000000061098859,0.0000000000000000,0.0000000000000000,0.0000000000000000,1.0000000000000000
M 0.8090792298316956,0.5876995921134949,-0.0000000256891681,-0.4683909416198730,-0.5876995921134949,0.8090792298316956,-0.0000000353659750,1.8779871463775635,-0.0000000000000000,0.0000000437113883,1.0000000000000000,0.0000000061098859,0.0000000000000000,0.0000000000000000,0.0000000000000000,1.0000000000000000
M 0.7957822084426880,0.6055828928947449,-0.0000000264708682,-0.4627552628517151,-0.6055828928947449,0.7957822084426880,-0.0000000347847440,1.9475613832473755,-0.0000000000000000,0.0000000437113883,1.0000000000000000,0.0000000061098859,0.0000000000000000,0.0000000000000000,0.0000000000000000,1.0000000000000000
M 0.7818760275840759,0.6234338879585266,-0.0000000272511613,-0.4554477632045746,-0.6234338879585266,0.7818760275840759,-0.0000000341768853,2.0180611610412598,-0.0000000000000000,0.0000000437113883,1.0000000000000000,0.0000000061098859,0.0000000000000000,0.0000000000000000,0.0000000000000000,1.0000000000000000
M 0.7673511505126953,0.6412271261215210,-0.0000000280289285,-0.4464012086391449,-0.6412271261215210,0.7673511505126953,-0.0000000335419870,2.0894341468811035,-0.0000000000000000,0.0000000437113883,1.0000000000000000,0.0000000061098859,0.0000000000000000,0.0000000000000000,0.0000000000000000,1.0000000000000000
M 0.7521986365318298,0.6589364409446716,-0.0000000288030293,-0.4355480372905731,-0.6589364409446716,0.7521986365318298,-0.0000000328796474,2.1616263389587402,-0.0000000000000000,0.0000000437113883,1.0000000000000000,0.0000000061098859,0.0000000000000000,0.0000000000000000,0.0000000000000000,1.0000000000000000
M 0.7364102005958557,0.6765353083610535,-0.0000000295722984,-0.4228223264217377,-0.6765353083610535,0.7364102005958557,-0.0000000321895151,2.2345805168151855,-0.0000000000000000,0.0000000437113883,1.0000000000000000,0.0000000061098859,0.0000000000000000,0.0000000000000000,0.0000000000000000,1.0000000000000000
M 0.7199786901473999,0.6939961910247803,-0.0000000303355385,-0.4081594645977020,-0.6939961910247803,0.7199786901473999,-0.0000000314712700,2.3082356452941895,-0.0000000000000000,0.0000000437113883,1.0000000000000000,0.0000000061098859,0.0000000000000000,0.0000000000000000,0.0000000000000000,1.0000000000000000
M 0.7028977274894714,0.7112908959388733,-0.0000000310915134,-0.3914957940578461,-0.7112908959388733,0.7028977274894714,-0.0000000307246353,2.3825275897979736,-0.0000000000000000,0.0000000437113883,1.0000000000000000,0.0000000061098859,0.0000000000000000,0.0000000000000000,0.0000000000000000,1.0000000000000000
M 0.6851620674133301,0.7283906936645508,-0.0000000318389723,-0.3727694451808929,-0.7283906936645508,0.6851620674133301,-0.0000000299493870,2.4573884010314941,-0.0000000000000000,0.0000000437113883,1.0000000000000000,0.0000000061098859,0.0000000000000000,0.0000000000000000,0.0000000000000000,1.0000000000000000
M 0.6667672991752625,0.7452659606933594,-0.0000000325766116,-0.3519196212291718,-0.7452659606933594,0.6667672991752625,-0.0000000291453244,2.5327467918395996,-0.0000000000000000,0.0000000437113883,1.0000000000000000,0.0000000061098859,0.0000000000000000,0.0000000000000000,0.0000000000000000,1.0000000000000000
M 0.6477101445198059,0.7618868350982666,-0.0000000333031309,-0.3288880288600922,-0.7618868350982666,0.6477101445198059,-0.0000000283123089,2.6085288524627686,-0.0000000000000000,0.0000000437113883,1.0000000000000000,0.0000000061098859,0.0000000000000000,0.0000000000000000,0.0000000000000000,1.0000000000000000
M 0.6279885172843933,0.7782225608825684,-0.0000000340171873,-0.3036181628704071,-0.7782225608825684,0.6279885172843933,-0.0000000274502501,2.6846568584442139,-0.0000000000000000,0.0000000437113883,1.0000000000000000,0.0000000061098859,0.0000000000000000,0.0000000000000000,0.0000000000000000,1.0000000000000000
M 0.6076015830039978,0.7942419648170471,-0.0000000347174200,-0.2760561406612396,-0.7942419648170471,0.6076015830039978,-0.0000000265591087,2.7610487937927246,-0.0000000000000000,0.0000000437113883,1.0000000000000000,0.0000000061098859,0.0000000000000000,0.0000000000000000,0.0000000000000000,1.0000000000000000
M 0.5865494012832642,0.8099134564399719,-0.0000000354024401,-0.2461494058370590,-0.8099134564399719,0.5865494012832642,-0.0000000256388883,2.8376207351684570,-0.0000000000000000,0.0000000437113883,1.0000000000000000,0.0000000061098859,0.0000000000000000,0.0000000000000000,0.0000000000000000,1.0000000000000000
M 0.5648338198661804,0.8252046704292297,-0.0000000360708405,-0.2138492912054062,-0.8252046704292297,0.5648338198661804,-0.0000000246896743,2.9142835140228271,-0.0000000000000000,0.0000000437113883,1.0000000000000000,0.0000000061098859,0.0000000000000000,0.0000000000000000,0.0000000000000000,1.0000000000000000
M 0.5424576401710510,0.8400831818580627,-0.0000000367212039,-0.1791094392538071,-0.8400831818580627,0.5424576401710510,-0.0000000237115803,2.9909467697143555,-0.0000000000000000,0.0000000437113883,1.0000000000000000,0.0000000061098859,0.0000000000000000,0.0000000000000000,0.0000000000000000,1.0000000000000000
M 0.5194247961044312,0.8545161485671997,-0.0000000373520876,-0.1418857425451279,-0.8545161485671997,0.5194247961044312,-0.0000000227047785,3.0675168037414551,-0.0000000000000000,0.0000000437113883,1.0000000000000000,0.0000000061098859,0.0000000000000000,0.0000000000000000,0.0000000000000000,1.0000000000000000
M 0.4957413673400879,0.8684701919555664,-0.0000000379620388,-0.1021389812231064,-0.8684701919555664,0.4957413673400879,-0.0000000216695426,3.1438944339752197,-0.0000000000000000,0.0000000437113883,1.0000000000000000,0.0000000061098859,0.0000000000000000,0.0000000000000000,0.0000000000000000,1.0000000000000000
M 0.4714143276214600,0.8819118738174438,-0.0000000385495937,-0.0598322004079819,-0.8819118738174438,0.4714143276214600,-0.0000000206061745,3.2199795246124268,-0.0000000000000000,0.0000000437113883,1.0000000000000000,0.0000000061098859,0.0000000000000000,0.0000000000000000,0.0000000000000000,1.0000000000000000
M 0.4464523196220398,0.8948074579238892,-0.0000000391132851,-0.0149322627112269,-0.8948074579238892,0.4464523196220398,-0.0000000195150545,3.2956678867340088,-0.0000000000000000,0.0000000437113883,1.0000000000000000,0.0000000061098859,0.0000000000000000,0.0000000000000000,0.0000000000000000,1.0000000000000000
M 0.4208655953407288,0.9071230292320251,-0.0000000396516064,0.0325898043811321,-0.9071230292320251,0.4208655953407288,-0.0000000183966193,3.3708524703979492,-0.0000000000000000,0.0000000437113883,1.0000000000000000,0.0000000061098859,0.0000000000000000,0.0000000000000000,0.0000000000000000,1.0000000000000000
M 0.3946655690670013,0.9188248515129089,-0.0000000401631155,0.0827597454190254,-0.9188248515129089,0.3946655690670013,-0.0000000172513790,3.4454250335693359,-0.0000000000000000,0.0000000437113883,1.0000000000000000,0.0000000061098859,0.0000000000000000,0.0000000000000000,0.0000000000000000,1.0000000000000000
M 0.3678658306598663,0.9298788905143738,-0.0000000406462988,0.1355978995561600,-0.9298788905143738,0.3678658306598663,-0.0000000160799267,3.5192723274230957,-0.0000000000000000,0.0000000437113883,1.0000000000000000,0.0000000061098859,0.0000000000000000,0.0000000000000000,0.0000000000000000,1.0000000000000000
M 0.3404814302921295,0.9402512311935425,-0.0000000410996854,0.1911206841468811,-0.9402512311935425,0.3404814302921295,-0.0000000148829162,3.5922794342041016,-0.0000000000000000,0.0000000437113883,1.0000000000000000,0.0000000061098859,0.0000000000000000,0.0000000000000000,0.0000000000000000,1.0000000000000000
M 0.3125287890434265,0.9499083161354065,-0.0000000415218189,0.2493400573730469,-0.9499083161354065,0.3125287890434265,-0.0000000136610687,3.6643295288085938,-0.0000000000000000,0.0000000437113883,1.0000000000000000,0.0000000061098859,0.0000000000000000,0.0000000000000000,0.0000000000000000,1.0000000000000000
M 0.2840260863304138,0.9588165283203125,-0.0000000419111998,0.3102636337280273,-0.9588165283203125,0.2840260863304138,-0.0000000124151747,3.7353036403656006,-0.0000000000000000,0.0000000437113883,1.0000000000000000,0.0000000061098859,0.0000000000000000,0.0000000000000000,0.0000000000000000,1.0000000000000000
M 0.2549937069416046,0.9669427275657654,-0.0000000422664144,0.3738921284675598,-0.9669427275657654,0.2549937069416046,-0.0000000111461294,3.8050799369812012,-0.0000000000000000,0.0000000437113883,1.0000000000000000,0.0000000061098859,0.0000000000000000,0.0000000000000000,0.0000000000000000,1.0000000000000000
M 0.2254530191421509,0.9742540121078491,-0.0000000425859952,0.4402236342430115,-0.9742540121078491,0.2254530191421509,-0.0000000098548645,3.8735351562500000,-0.0000000000000000,0.0000000437113883,1.0000000000000000,0.0000000061098859,0.0000000000000000,0.0000000000000000,0.0000000000000000,1.0000000000000000
M 0.1954276561737061,0.9807181358337402,-0.0000000428685567,0.5092486739158630,-0.9807181358337402,0.1954276561737061,-0.0000000085424148,3.9405446052551270,-0.0000000000000000,0.0000000437113883,1.0000000000000000,0.0000000061098859,0.0000000000000000,0.0000000000000000,0.0000000000000000,1.0000000000000000
M 0.1649430543184280,0.9863030910491943,-0.0000000431126779,0.5809528827667236,-0.9863030910491943,0.1649430543184280,-0.0000000072098909,4.0059809684753418,-0.0000000000000000,0.0000000437113883,1.0000000000000000,0.0000000061098859,0.0000000000000000,0.0000000000000000,0.0000000000000000,1.0000000000000000
M 0.1340257227420807,0.9909778833389282,-0.0000000433170264,0.6553173661231995,-0.9909778833389282,0.1340257227420807,-0.0000000058584506,4.0697183609008789,-0.0000000000000000,0.0000000437113883,1.0000000000000000,0.0000000061098859,0.0000000000000000,0.0000000000000000,0.0000000000000000,1.0000000000000000
M 0.1027047336101532,0.9947118759155273,-0.0000000434802381,0.7323156595230103,-0.9947118759155273,0.1027047336101532,-0.0000000044893667,4.1316266059875488,-0.0000000000000000,0.0000000437113883,1.0000000000000000,0.0000000061098859,0.0000000000000000,0.0000000000000000,0.0000000000000000,1.0000000000000000
M 0.0710104554891586,0.9974755644798279,-0.0000000436010410,0.8119162321090698,-0.9974755644798279,0.0710104554891586,-0.0000000031039655,4.1915769577026367,-0.0000000000000000,0.0000000437113883,1.0000000000000000,0.0000000061098859,0.0000000000000000,0.0000000000000000,0.0000000000000000,1.0000000000000000
M 0.0389749780297279,0.9992401599884033,-0.0000000436781740,0.8940813541412354,-0.9992401599884033,0.0389749780297279,-0.0000000017036507,4.2494401931762695,-0.0000000000000000,0.0000000437113883,1.0000000000000000,0.0000000061098859,0.0000000000000000,0.0000000000000000,0.0000000000000000,1.0000000000000000
M 0.0066324742510915,0.9999780058860779,-0.0000000437104255,0.9787663817405701,-0.9999780058860779,0.0066324742510915,-0.0000000002899147,4.3050851821899414,-0.0000000000000000,0.0000000437113883,1.0000000000000000,0.0000000061098859,0.0000000000000000,0.0000000000000000,0.0000000000000000,1.0000000000000000
M -0.0259817652404308,0.9996623992919922,-0.0000000436966303,1.0659219026565552,-0.9996623992919922,-0.0259817652404308,0.0000000011356990,4.3583836555480957,-0.0000000000000000,0.0000000437113883,1.0000000000000000,0.0000000061098859,0.0000000000000000,0.0000000000000000,0.0000000000000000,1.0000000000000000
M -0.0588304102420807,0.9982680082321167,-0.0000000436356800,1.1554906368255615,-0.9982680082321167,-0.0588304102420807,0.0000000025715590,4.4092054367065430,-0.0000000000000000,0.0000000437113883,1.0000000000000000,0.0000000061098859,0.0000000000000000,0.0000000000000000,0.0000000000000000,1.0000000000000000
M -0.0918737649917603,0.9957706332206726,-0.0000000435265157,1.2474074363708496,-0.9957706332206726,-0.0918737649917603,0.0000000040159298,4.4574203491210938,-0.0000000000000000,0.0000000437113883,1.0000000000000000,0.0000000061098859,0.0000000000000000,0.0000000000000000,0.0000000000000000,1.0000000000000000
M -0.1250723004341125,0.9921476244926453,-0.0000000433681500,1.3416049480438232,-0.9921476244926453,-0.1250723004341125,0.0000000054670837,4.5029029846191406,-0.0000000000000000,0.0000000437113883,1.0000000000000000,0.0000000061098859,0.0000000000000000,0.0000000000000000,0.0000000000000000,1.0000000000000000
M -0.1583832353353500,0.9873777031898499,-0.0000000431596519,1.4380047321319580,-0.9873777031898499,-0.1583832353353500,0.0000000069231509,4.5455255508422852,-0.0000000000000000,0.0000000437113883,1.0000000000000000,0.0000000061098859,0.0000000000000000,0.0000000000000000,0.0000000000000000,1.0000000000000000
M -0.1917626410722733,0.9814413189888000,-0.0000000429001616,1.5365226268768311,-0.9814413189888000,-0.1917626410722733,0.0000000083822114,4.5851635932922363,-0.0000000000000000,0.0000000437113883,1.0000000000000000,0.0000000061098859,0.0000000000000000,0.0000000000000000,0.0000000000000000,1.0000000000000000
M -0.2251658886671066,0.9743204712867737,-0.0000000425889013,1.6370699405670166,-0.9743204712867737,-0.2251658886671066,0.0000000098423136,4.6216950416564941,-0.0000000000000000,0.0000000437113883,1.0000000000000000,0.0000000061098859,0.0000000000000000,0.0000000000000000,0.0000000000000000,1.0000000000000000
M -0.2585462331771851,0.9659988880157471,-0.0000000422251532,1.7395495176315308,-0.9659988880157471,-0.2585462331771851,0.0000000113014149,4.6549992561340332,-0.0000000000000000,0.0000000437113883,1.0000000000000000,0.0000000061098859,0.0000000000000000,0.0000000000000000,0.0000000000000000,1.0000000000000000
M -0.2918553948402405,0.9564624428749084,-0.0000000418083026,1.8438565731048584,-0.9564624428749084,-0.2918553948402405,0.0000000127574067,4.6849579811096191,-0.0000000000000000,0.0000000437113883,1.0000000000000000,0.0000000061098859,0.0000000000000000,0.0000000000000000,0.0000000000000000,1.0000000000000000
M -0.3250443935394287,0.9456987380981445,-0.0000000413378061,1.9498815536499023,-0.9456987380981445,-0.3250443935394287,0.0000000142081413,4.7114572525024414,-0.0000000000000000,0.0000000437113883,1.0000000000000000,0.0000000061098859,0.0000000000000000,0.0000000000000000,0.0000000000000000,1.0000000000000000
M -0.3580628633499146,0.9336974620819092,-0.0000000408132124,2.0575077533721924,-0.9336974620819092,-0.3580628633499146,0.0000000156514250,4.7343864440917969,-0.0000000000000000,0.0000000437113883,1.0000000000000000,0.0000000061098859,0.0000000000000000,0.0000000000000000,0.0000000000000000,1.0000000000000000
M -0.3908587694168091,0.9204506874084473,-0.0000000402341840,2.1666102409362793,-0.9204506874084473,-0.3908587694168091,0.0000000170849788,4.7536377906799316,-0.0000000000000000,0.0000000437113883,1.0000000000000000,0.0000000061098859,0.0000000000000000,0.0000000000000000,0.0000000000000000,1.0000000000000000
M -0.4233796596527100,0.9059523344039917,-0.0000000396004332,2.2770597934722900,-0.9059523344039917,-0.4233796596527100,0.0000000185065154,4.7691082954406738,-0.0000000000000000,0.0000000437113883,1.0000000000000000,0.0000000061098859,0.0000000000000000,0.0000000000000000,0.0000000000000000,1.0000000000000000
M -0.4555723071098328,0.8901987671852112,-0.0000000389118249,2.3887207508087158,-0.8901987671852112,-0.4555723071098328,0.0000000199136974,4.7806992530822754,-0.0000000000000000,0.0000000437113883,1.0000000000000000,0.0000000061098859,0.0000000000000000,0.0000000000000000,0.0000000000000000,1.0000000000000000
M -0.4873816967010498,0.8731890320777893,-0.0000000381683130,2.5014491081237793,-0.8731890320777893,-0.4873816967010498,0.0000000213041300,4.7883176803588867,-0.0000000000000000,0.0000000437113883,1.0000000000000000,0.0000000061098859,0.0000000000000000,0.0000000000000000,0.0000000000000000,1.0000000000000000
M -0.5187523961067200,0.8549244999885559,-0.0000000373699365,2.6150949001312256,-0.8549244999885559,-0.5187523961067200,0.0000000226753869,4.7918748855590820,-0.0000000000000000,0.0000000437113883,1.0000000000000000,0.0000000061098859,0.0000000000000000,0.0000000000000000,0.0000000000000000,1.0000000000000000
M -0.5496293902397156,0.8354086279869080,-0.0000000365168695,2.7295062541961670,-0.8354086279869080,-0.5496293902397156,0.0000000240250628,4.7912888526916504,-0.0000000000000000,0.0000000437113883,1.0000000000000000,0.0000000061098859,0.0000000000000000,0.0000000000000000,0.0000000000000000,1.0000000000000000
M -0.5799558162689209,0.8146479129791260,-0.0000000356093928,2.8445217609405518,-0.8146479129791260,-0.5799558162689209,0.0000000253506780,4.7864818572998047,-0.0000000000000000,0.0000000437113883,1.0000000000000000,0.0000000061098859,0.0000000000000000,0.0000000000000000,0.0000000000000000,1.0000000000000000
M -0.6096744537353516,0.7926518917083740,-0.0000000346479148,2.9599730968475342,-0.7926518917083740,-0.6096744537353516,0.0000000266497207,4.7773852348327637,-0.0000000000000000,0.0000000437113883,1.0000000000000000,0.0000000061098859,0.0000000000000000,0.0000000000000000,0.0000000000000000,1.0000000000000000
M -0.6387293934822083,0.7694314718246460,-0.0000000336329187,3.0756938457489014,-0.7694314718246460,-0.6387293934822083,0.0000000279197483,4.7639341354370117,-0.0000000000000000,0.0000000437113883,1.0000000000000000,0.0000000061098859,0.0000000000000000,0.0000000000000000,0.0000000000000000,1.0000000000000000
M -0.6670619845390320,0.7450022101402283,-0.0000000325650795,3.1915025711059570,-0.7450022101402283,-0.6670619845390320,0.0000000291582083,4.7460732460021973,-0.0000000000000000,0.0000000437113883,1.0000000000000000,0.0000000061098859,0.0000000000000000,0.0000000000000000,0.0000000000000000,1.0000000000000000
M -0.6946154236793518,0.7193812727928162,-0.0000000314451540,3.3072197437286377,-0.7193812727928162,-0.6946154236793518,0.0000000303626067,4.7237534523010254,-0.0000000000000000,0.0000000437113883,1.0000000000000000,0.0000000061098859,0.0000000000000000,0.0000000000000000,0.0000000000000000,1.0000000000000000
M -0.7213331460952759,0.6925882697105408,-0.0000000302739949,3.4226624965667725,-0.6925882697105408,-0.7213331460952759,0.0000000315304760,4.6969332695007324,-0.0000000000000000,0.0000000437113883,1.0000000000000000,0.0000000061098859,0.0000000000000000,0.0000000000000000,0.0000000000000000,1.0000000000000000
M -0.7471576333045959,0.6646469235420227,-0.0000000290526430,3.5376386642456055,-0.6646469235420227,-0.7471576333045959,0.0000000326593010,4.6655802726745605,-0.0000000000000000,0.0000000437113883,1.0000000000000000,0.0000000061098859,0.0000000000000000,0.0000000000000000,0.0000000000000000,1.0000000000000000
M -0.7720326185226440,0.6355828642845154,-0.0000000277822050,3.6519563198089600,-0.6355828642845154,-0.7720326185226440,0.0000000337466162,4.6296691894531250,-0.0000000000000000,0.0000000437113883,1.0000000000000000,0.0000000061098859,0.0000000000000000,0.0000000000000000,0.0000000000000000,1.0000000000000000
M -0.7959019541740417,0.6054255366325378,-0.0000000264639937,3.7654175758361816,-0.6054255366325378,-0.7959019541740417,0.0000000347899807,4.5891842842102051,-0.0000000000000000,0.0000000437113883,1.0000000000000000,0.0000000061098859,0.0000000000000000,0.0000000000000000,0.0000000000000000,1.0000000000000000
M -0.8187106251716614,0.5742063522338867,-0.0000000250993608,3.8778238296508789,-0.5742063522338867,-0.8187106251716614,0.0000000357869858,4.5441184043884277,-0.0000000000000000,0.0000000437113883,1.0000000000000000,0.0000000061098859,0.0000000000000000,0.0000000000000000,0.0000000000000000,1.0000000000000000
M -0.8404038548469543,0.5419606566429138,-0.0000000236898519,3.9889712333679199,-0.5419606566429138,-0.8404038548469543,0.0000000367352264,4.4944748878479004,-0.0000000000000000,0.0000000437113883,1.0000000000000000,0.0000000061098859,0.0000000000000000,0.0000000000000000,0.0000000000000000,1.0000000000000000
M -0.8609291911125183,0.5087248682975769,-0.0000000222370744,4.0986595153808594,-0.5087248682975769,-0.8609291911125183,0.0000000376324110,4.4402623176574707,-0.0000000000000000,0.0000000437113883,1.0000000000000000,0.0000000061098859,0.0000000000000000,0.0000000000000000,0.0000000000000000,1.0000000000000000
M -0.8802333474159241,0.4745410978794098,-0.0000000207428545,4.2066779136657715,-0.4745410978794098,-0.8802333474159241,0.0000000384762231,4.3815045356750488,-0.0000000000000000,0.0000000437113883,1.0000000000000000,0.0000000061098859,0.0000000000000000,0.0000000000000000,0.0000000000000000,1.0000000000000000
M -0.8982660174369812,0.4394521117210388,-0.0000000192090646,4.3128218650817871,-0.4394521117210388,-0.8982660174369812,0.0000000392644530,4.3182315826416016,-0.0000000000000000,0.0000000437113883,1.0000000000000000,0.0000000061098859,0.0000000000000000,0.0000000000000000,0.0000000000000000,1.0000000000000000
M -0.9149779081344604,0.4035039842128754,-0.0000000176377188,4.4168834686279297,-0.4035039842128754,-0.9149779081344604,0.0000000399949620,4.2504844665527344,-0.0000000000000000,0.0000000437113883,1.0000000000000000,0.0000000061098859,0.0000000000000000,0.0000000000000000,0.0000000000000000,1.0000000000000000
M -0.9303210973739624,0.3667460381984711,-0.0000000160309774,4.5186529159545898,-0.3667460381984711,-0.9303210973739624,0.0000000406656255,4.1783146858215332,-0.0000000000000000,0.0000000437113883,1.0000000000000000,0.0000000061098859,0.0000000000000000,0.0000000000000000,0.0000000000000000,1.0000000000000000
M -0.9442495107650757,0.3292306661605835,-0.0000000143911292,4.6179223060607910,-0.3292306661605835,-0.9442495107650757,0.0000000412744576,4.1017842292785645,-0.0000000000000000,0.0000000437113883,1.0000000000000000,0.0000000061098859,0.0000000000000000,0.0000000000000000,0.0000000000000000,1.0000000000000000
M -0.9567193388938904,0.2910121977329254,-0.0000000127205491,4.7144842147827148,-0.2910121977329254,-0.9567193388938904,0.0000000418195292,4.0209650993347168,-0.0000000000000000,0.0000000437113883,1.0000000000000000,0.0000000061098859,0.0000000000000000,0.0000000000000000,0.0000000000000000,1.0000000000000000
M -0.9676889181137085,0.2521471381187439,-0.0000000110217018,4.8081345558166504,-0.2521471381187439,-0.9676889181137085,0.0000000422990247,3.9359383583068848,-0.0000000000000000,0.0000000437113883,1.0000000000000000,0.0000000061098859,0.0000000000000000,0.0000000000000000,0.0000000000000000,1.0000000000000000
M -0.9771183729171753,0.2126961797475815,-0.0000000092972456,4.8986663818359375,-0.2126961797475815,-0.9771183729171753,0.0000000427111999,3.8467986583709717,-0.0000000000000000,0.0000000437113883,1.0000000000000000,0.0000000061098859,0.0000000000000000,0.0000000000000000,0.0000000000000000,1.0000000000000000
M -0.9849707484245300,0.1727212369441986,-0.0000000075498852,4.9858784675598145,-0.1727212369441986,-0.9849707484245300,0.0000000430544382,3.7536494731903076,-0.0000000000000000,0.0000000437113883,1.0000000000000000,0.0000000061098859,0.0000000000000000,0.0000000000000000,0.0000000000000000,1.0000000000000000
M -0.9912115931510925,0.1322859525680542,-0.0000000057824026,5.0695743560791016,-0.1322859525680542,-0.9912115931510925,0.0000000433272334,3.6566023826599121,-0.0000000000000000,0.0000000437113883,1.0000000000000000,0.0000000061098859,0.0000000000000000,0.0000000000000000,0.0000000000000000,1.0000000000000000
