O DOOR_31_LCG_il_LINVERT_INTERIOR
A DOOR_31_LCG_il_LINVERT_INTERIOR_DOOR_31_LCG_il_LINVERT_INTERIOR
M 0.9999999403953552,0.0000000000000207,0.0000000018626305,0.0000000403245508,-0.0000000000000124,1.0000000000000000,-0.0000000437113847,0.0000000627153298,-0.0000000018626598,0.0000000437113812,0.9999999403953552,-0.0000000373238933,0.0000000000000000,0.0000000000000000,0.0000000000000000,1.0000000000000000
M 0.9999502301216125,0.0000000022580791,0.0099671725183725,0.0130241196602583,-0.0000000018131336,1.0000000000000000,-0.0000000446483917,0.0000000593890874,-0.0099671725183725,0.0000000446275550,0.9999502301216125,-0.0236410349607468,0.0000000000000000,0.0000000000000000,0.0000000000000000,1.0000000000000000
M 0.9997974038124084,0.0000000045585011,0.0201210211962461,0.0261747185140848,-0.0000000036412882,1.0000000000000000,-0.0000000456213485,0.0000001156029299,-0.0201210211962461,0.0000000455382576,0.9997974038124084,-0.0476328507065773,0.0000000000000000,0.0000000000000000,0.0000000000000000,1.0000000000000000
M 0.9995357990264893,0.0000000069016961,0.0304638016968966,0.0394470244646072,-0.0000000054836669,1.0000000000000000,-0.0000000466314596,0.0000000525422692,-0.0304638016968966,0.0000000464424659,0.9995357990264893,-0.0719861984252930,0.0000000000000000,0.0000000000000000,0.0000000000000000,1.0000000000000000
M 0.9991590976715088,0.0000000092880477,0.0409973114728928,0.0528365895152092,-0.0000000073394695,1.0000000000000000,-0.0000000476802811,-0.0000000105847278,-0.0409973151981831,0.0000000473387267,0.9991590976715088,-0.0967109203338623,0.0000000000000000,0.0000000000000000,0.0000000000000000,1.0000000000000000
M 0.9986942410469055,0.0000000115637224,0.0510843209922314,0.0661319792270660,-0.0000000090876542,1.0000000000000000,-0.0000000487028018,-0.0000000139481315,-0.0510843247175217,0.0000000481747371,0.9986942410469055,-0.1208952516317368,0.0000000000000000,0.0000000000000000,0.0000000000000000,1.0000000000000000
M 0.9987229108810425,0.0000000114090932,0.0505211614072323,0.0736587420105934,-0.0000000089629371,1.0000000000000000,-0.0000000486449672,-0.0000000137280409,-0.0505211651325226,0.0000000481296034,0.9987229108810425,-0.1284752786159515,0.0000000000000000,0.0000000000000000,0.0000000000000000,1.0000000000000000
M 0.9989007711410522,0.0000000104826734,0.0468734242022038,0.0791037827730179,-0.0000000082290281,1.0000000000000000,-0.0000000482723941,-0.0000000123904442,-0.0468734242022038,0.0000000478330726,0.9989007711410522,-0.1307088732719421,0.0000000000000000,0.0000000000000000,0.0000000000000000,1.0000000000000000
M 0.9990641474723816,0.0000000095628003,0.0432513020932674,0.0845656320452690,-0.0000000074978770,1.0000000000000000,-0.0000000479049334,-0.0000000110627454,-0.0432513058185577,0.0000000475355790,0.9990641474723816,-0.1329909712076187,0.0000000000000000,0.0000000000000000,0.0000000000000000,1.0000000000000000
M 0.9992133378982544,0.0000000086494509,0.0396550670266151,0.0900450274348259,-0.0000000067694659,1.0000000000000000,-0.0000000475429722,-0.0000000097454631,-0.0396550670266151,0.0000000472367887,0.9992133378982544,-0.1353220045566559,0.0000000000000000,0.0000000000000000,0.0000000000000000,1.0000000000000000
M 0.9993487000465393,0.0000000077426554,0.0360843949019909,0.0955422446131706,-0.0000000060439125,1.0000000000000000,-0.0000000471861199,-0.0000000084381568,-0.0360843949019909,0.0000000469370676,0.9993487000465393,-0.1377004086971283,0.0000000000000000,0.0000000000000000,0.0000000000000000,1.0000000000000000
M 0.9994704127311707,0.0000000068422445,0.0325390249490738,0.1010570749640465,-0.0000000053211053,1.0000000000000000,-0.0000000468344652,0.0000001120684132,-0.0325390249490738,0.0000000466362700,0.9994704127311707,-0.1401259303092957,0.0000000000000000,0.0000000000000000,0.0000000000000000,1.0000000000000000
M 0.9995788335800171,0.0000000059483716,0.0290190577507019,0.1065890640020370,-0.0000000046012687,1.0000000000000000,-0.0000000464878660,0.0000001133556395,-0.0290190577507019,0.0000000463345771,0.9995788335800171,-0.1425986588001251,0.0000000000000000,0.0000000000000000,0.0000000000000000,1.0000000000000000
M 0.9996741414070129,0.0000000050608522,0.0255241226404905,0.1121396273374557,-0.0000000038842773,1.0000000000000000,-0.0000000461464431,0.0000001146327762,-0.0255241226404905,0.0000000460318113,0.9996741414070129,-0.1451171338558197,0.0000000000000000,0.0000000000000000,0.0000000000000000,1.0000000000000000
M 0.9997566938400269,0.0000000041797268,0.0220541991293430,0.1177077963948250,-0.0000000031701926,1.0000000000000000,-0.0000000458097915,0.0000000562956401,-0.0220541991293430,0.0000000457283740,0.9997566938400269,-0.1476814448833466,0.0000000000000000,0.0000000000000000,0.0000000000000000,1.0000000000000000
M 0.9998952150344849,0.0000000028824141,0.0144685022532940,0.1195489764213562,-0.0000000022304110,1.0000000000000000,-0.0000000450795028,0.0000000583407740,-0.0144685022532940,0.0000000450419080,0.9998952150344849,-0.1403596103191376,0.0000000000000000,0.0000000000000000,0.0000000000000000,1.0000000000000000
M 0.9999824166297913,0.0000000014911423,0.0059126261621714,0.1204662173986435,-0.0000000012294515,1.0000000000000000,-0.0000000442637003,0.0000000605688655,-0.0059126261621714,0.0000000442550920,0.9999824166297913,-0.1307014673948288,0.0000000000000000,0.0000000000000000,0.0000000000000000,1.0000000000000000
M 0.9999979734420776,0.0000000008680342,0.0019952170550823,0.1273889541625977,-0.0000000007804589,1.0000000000000000,-0.0000000438926762,0.0000000615750011,-0.0019952170550823,0.0000000438909922,0.9999979734420776,-0.1265007406473160,0.0000000000000000,0.0000000000000000,0.0000000000000000,1.0000000000000000
M 0.9999984502792358,0.0000000008435655,0.0016915556043386,0.1390370428562164,-0.0000000007693627,1.0000000000000000,-0.0000000438640484,0.0000000616254141,-0.0016915556043386,0.0000000438620091,0.9999984502792358,-0.1264981478452682,0.0000000000000000,0.0000000000000000,0.0000000000000000,1.0000000000000000
M 0.9999989271163940,0.0000000008190717,0.0013879202306271,0.1506849378347397,-0.0000000007582178,1.0000000000000000,-0.0000000438351755,0.0000000616761824,-0.0013879202306271,0.0000000438332783,0.9999989271163940,-0.1264954507350922,0.0000000000000000,0.0000000000000000,0.0000000000000000,1.0000000000000000
M 0.9999995231628418,0.0000000007861382,0.0008927956223488,0.1620853096246719,-0.0000000007470297,1.0000000000000000,-0.0000000437875052,0.0000000617516775,-0.0008927956223488,0.0000000437868266,0.9999995231628418,-0.1260329186916351,0.0000000000000000,0.0000000000000000,0.0000000000000000,1.0000000000000000
M 0.9999998807907104,0.0000000007492844,0.0003089997917414,0.1733704954385757,-0.0000000007357749,1.0000000000000000,-0.0000000437320544,0.0000000618374827,-0.0003089997917414,0.0000000437312515,0.9999998807907104,-0.1253574490547180,0.0000000000000000,0.0000000000000000,0.0000000000000000,1.0000000000000000
M 0.9999999403953552,0.0000000007299165,0.0000951252877712,0.1851409673690796,-0.0000000007257465,1.0000000000000000,-0.0000000437114380,0.0000000618761291,-0.0000951252877712,0.0000000437113314,0.9999999403953552,-0.1251098215579987,0.0000000000000000,0.0000000000000000,0.0000000000000000,1.0000000000000000
M 0.9999999403953552,0.0000000007204932,0.0000938959419727,0.1971906721591949,-0.0000000007163673,1.0000000000000000,-0.0000000437116690,0.0000000618866594,-0.0000938959419727,0.0000000437110970,0.9999999403953552,-0.1251085549592972,0.0000000000000000,0.0000000000000000,0.0000000000000000,1.0000000000000000
M 0.9999999403953552,0.0000000007110990,0.0000926721841097,0.2092400193214417,-0.0000000007070337,1.0000000000000000,-0.0000000437114487,0.0000000618977438,-0.0000926721841097,0.0000000437113101,0.9999999403953552,-0.1251073032617569,0.0000000000000000,0.0000000000000000,0.0000000000000000,1.0000000000000000
M 0.9999999403953552,0.0000000007017193,0.0000914502888918,0.2212892472743988,-0.0000000006977113,1.0000000000000000,-0.0000000437116832,0.0000000619082172,-0.0000914502888918,0.0000000437110756,0.9999999403953552,-0.1251059323549271,0.0000000000000000,0.0000000000000000,0.0000000000000000,1.0000000000000000
M 0.9999999403953552,0.0000000006923250,0.0000902265310287,0.2333389520645142,-0.0000000006883776,1.0000000000000000,-0.0000000437114593,0.0000000619193159,-0.0000902265310287,0.0000000437113066,0.9999999403953552,-0.1251043230295181,0.0000000000000000,0.0000000000000000,0.0000000000000000,1.0000000000000000
M 0.9999999403953552,0.0000000006829308,0.0000890027731657,0.2453881651163101,-0.0000000006790410,1.0000000000000000,-0.0000000437116938,0.0000000619298035,-0.0000890027731657,0.0000000437110721,0.9999999403953552,-0.1251029372215271,0.0000000000000000,0.0000000000000000,0.0000000000000000,1.0000000000000000
M 0.9999999403953552,0.0000000006735509,0.0000877790153027,0.2574380040168762,-0.0000000006697074,1.0000000000000000,-0.0000000437114736,0.0000000619408738,-0.0000877790153027,0.0000000437112888,0.9999999403953552,-0.1251015663146973,0.0000000000000000,0.0000000000000000,0.0000000000000000,1.0000000000000000
M 0.9999998807907104,0.0000000006641567,0.0000865552574396,0.2694869935512543,-0.0000000006603709,1.0000000000000000,-0.0000000437117045,0.0000000619513614,-0.0000865552574396,0.0000000437110543,0.9999998807907104,-0.1251001954078674,0.0000000000000000,0.0000000000000000,0.0000000000000000,1.0000000000000000
M 0.9999999403953552,0.0000000006547479,0.0000853277742863,0.2815369367599487,-0.0000000006510088,1.0000000000000000,-0.0000000437114842,0.0000000619624743,-0.0000853277742863,0.0000000437112746,0.9999999403953552,-0.1250987052917480,0.0000000000000000,0.0000000000000000,0.0000000000000000,1.0000000000000000
M 0.9999998807907104,0.0000000006453971,0.0000841114670038,0.2935859262943268,-0.0000000006417291,1.0000000000000000,-0.0000000437117151,0.0000000619729192,-0.0000841114670038,0.0000000437110437,0.9999998807907104,-0.1250973343849182,0.0000000000000000,0.0000000000000000,0.0000000000000000,1.0000000000000000
M 0.9999999403953552,0.0000000006360171,0.0000828877091408,0.3056355118751526,-0.0000000006323811,1.0000000000000000,-0.0000000437114949,0.0000000619840179,-0.0000828877091408,0.0000000437112710,0.9999999403953552,-0.1250958442687988,0.0000000000000000,0.0000000000000000,0.0000000000000000,1.0000000000000000
M 0.9999998807907104,0.0000000006266517,0.0000816676765680,0.3176849782466888,-0.0000000006230730,1.0000000000000000,-0.0000000437117293,0.0000000619944629,-0.0000816676765680,0.0000000437110401,0.9999998807907104,-0.1250945925712585,0.0000000000000000,0.0000000000000000,0.0000000000000000,1.0000000000000000
M 0.9999999403953552,0.0000000006172574,0.0000804420560598,0.3297344446182251,-0.0000000006137252,1.0000000000000000,-0.0000000437115055,0.0000000620055545,-0.0000804420560598,0.0000000437112533,0.9999999403953552,-0.1250930875539780,0.0000000000000000,0.0000000000000000,0.0000000000000000,1.0000000000000000
M 0.9999998807907104,0.0000000006078920,0.0000792220234871,0.3417841494083405,-0.0000000006044171,1.0000000000000000,-0.0000000437117400,0.0000000620160137,-0.0000792220234871,0.0000000437110188,0.9999998807907104,-0.1250917166471481,0.0000000000000000,0.0000000000000000,0.0000000000000000,1.0000000000000000
M 0.9999999403953552,0.0000000005984689,0.0000779945403337,0.3538334965705872,-0.0000000005950550,1.0000000000000000,-0.0000000437115162,0.0000000620271408,-0.0000779945403337,0.0000000437112462,0.9999999403953552,-0.1250902265310287,0.0000000000000000,0.0000000000000000,0.0000000000000000,1.0000000000000000
M 0.9999998807907104,0.0000000005891035,0.0000767745077610,0.3658832013607025,-0.0000000005857469,1.0000000000000000,-0.0000000437117507,0.0000000620375857,-0.0000767745077610,0.0000000437110153,0.9999998807907104,-0.1250888556241989,0.0000000000000000,0.0000000000000000,0.0000000000000000,1.0000000000000000
M 0.9999999403953552,0.0000000005797092,0.0000755488872528,0.3779325485229492,-0.0000000005763989,1.0000000000000000,-0.0000000437115304,0.0000000620486844,-0.0000755488872528,0.0000000437112355,0.9999999403953552,-0.1250874847173691,0.0000000000000000,0.0000000000000000,0.0000000000000000,1.0000000000000000
M 0.9999998807907104,0.0000000005703295,0.0000743269920349,0.3899817764759064,-0.0000000005670766,1.0000000000000000,-0.0000000437117613,0.0000000620591578,-0.0000743269920349,0.0000000437110046,0.9999998807907104,-0.1250859946012497,0.0000000000000000,0.0000000000000000,0.0000000000000000,1.0000000000000000
M 0.9999999403953552,0.0000000005609495,0.0000731032341719,0.4020314812660217,-0.0000000005577430,1.0000000000000000,-0.0000000437115411,0.0000000620702423,-0.0000731032341719,0.0000000437112178,0.9999999403953552,-0.1250845044851303,0.0000000000000000,0.0000000000000000,0.0000000000000000,1.0000000000000000
M 0.9999998807907104,0.0000000005515843,0.0000718850642443,0.4140807092189789,-0.0000000005484491,1.0000000000000000,-0.0000000437117720,0.0000000620806873,-0.0000718850642443,0.0000000437109868,0.9999998807907104,-0.1250831335783005,0.0000000000000000,0.0000000000000000,0.0000000000000000,1.0000000000000000
M 0.9999999403953552,0.0000000005422187,0.0000706631690264,0.4261302947998047,-0.0000000005391153,1.0000000000000000,-0.0000000437115517,0.0000000620917717,-0.0000706631690264,0.0000000437112142,0.9999999403953552,-0.1250817626714706,0.0000000000000000,0.0000000000000000,0.0000000000000000,1.0000000000000000
M 0.9999998807907104,0.0000000005328532,0.0000694431364536,0.4381797611713409,-0.0000000005298072,1.0000000000000000,-0.0000000437117826,0.0000000621022309,-0.0000694431364536,0.0000000437109833,0.9999998807907104,-0.1250805109739304,0.0000000000000000,0.0000000000000000,0.0000000000000000,1.0000000000000000
M 0.9999999403953552,0.0000000005234878,0.0000682212412357,0.4502294659614563,-0.0000000005204878,1.0000000000000000,-0.0000000437115695,0.0000000621132799,-0.0000682212412357,0.0000000437111964,0.9999999403953552,-0.1250790208578110,0.0000000000000000,0.0000000000000000,0.0000000000000000,1.0000000000000000
M 0.9999998807907104,0.0000000005141080,0.0000669993460178,0.4622784554958344,-0.0000000005111654,1.0000000000000000,-0.0000000437118004,0.0000000621237533,-0.0000669993460178,0.0000000437109620,0.9999998807907104,-0.1250776499509811,0.0000000000000000,0.0000000000000000,0.0000000000000000,1.0000000000000000
M 0.9999999403953552,0.0000000005047137,0.0000657755881548,0.4743285179138184,-0.0000000005018318,1.0000000000000000,-0.0000000437115801,0.0000000621348519,-0.0000657755881548,0.0000000437111858,0.9999999403953552,-0.1250760257244110,0.0000000000000000,0.0000000000000000,0.0000000000000000,1.0000000000000000
M 0.9999998807907104,0.0000000004953628,0.0000645574182272,0.4863775074481964,-0.0000000004925379,1.0000000000000000,-0.0000000437118146,0.0000000621452969,-0.0000645574182272,0.0000000437109549,0.9999998807907104,-0.1250746548175812,0.0000000000000000,0.0000000000000000,0.0000000000000000,1.0000000000000000
M 0.9999999403953552,0.0000000004859829,0.0000633336603642,0.4984269738197327,-0.0000000004832041,1.0000000000000000,-0.0000000437115908,0.0000000621563672,-0.0000633336603642,0.0000000437111822,0.9999999403953552,-0.1250731647014618,0.0000000000000000,0.0000000000000000,0.0000000000000000,1.0000000000000000
M 0.9999999403953552,0.0000000004765888,0.0000621099025011,0.5104768276214600,-0.0000000004738705,1.0000000000000000,-0.0000000437113705,0.0000000621674516,-0.0000621099025011,0.0000000437113954,0.9999999403953552,-0.1250719130039215,0.0000000000000000,0.0000000000000000,0.0000000000000000,1.0000000000000000
M 0.9999999403953552,0.0000000004672521,0.0000608917325735,0.5225260257720947,-0.0000000004645766,1.0000000000000000,-0.0000000437116014,0.0000000621778966,-0.0000608917325735,0.0000000437111645,0.9999999403953552,-0.1250705420970917,0.0000000000000000,0.0000000000000000,0.0000000000000000,1.0000000000000000
M 0.9999999403953552,0.0000000004578580,0.0000596698373556,0.5345755219459534,-0.0000000004552430,1.0000000000000000,-0.0000000437113812,0.0000000621889811,-0.0000596698373556,0.0000000437113847,0.9999999403953552,-0.1250689327716827,0.0000000000000000,0.0000000000000000,0.0000000000000000,1.0000000000000000
M 0.9999999403953552,0.0000000004485212,0.0000584516674280,0.5466249585151672,-0.0000000004459491,1.0000000000000000,-0.0000000437116121,0.0000000621994261,-0.0000584516674280,0.0000000437111538,0.9999999403953552,-0.1250675618648529,0.0000000000000000,0.0000000000000000,0.0000000000000000,1.0000000000000000
M 0.9999999403953552,0.0000000004391415,0.0000572297722101,0.5586745738983154,-0.0000000004366295,1.0000000000000000,-0.0000000437113918,0.0000000622104963,-0.0000572297722101,0.0000000437113741,0.9999999403953552,-0.1250660717487335,0.0000000000000000,0.0000000000000000,0.0000000000000000,1.0000000000000000
M 0.9999999403953552,0.0000000004297759,0.0000560078769922,0.5707240104675293,-0.0000000004273072,1.0000000000000000,-0.0000000437116228,0.0000000622209555,-0.0000560078769922,0.0000000437111431,0.9999999403953552,-0.1250647008419037,0.0000000000000000,0.0000000000000000,0.0000000000000000,1.0000000000000000
M 0.9999999403953552,0.0000000004203964,0.0000547878444195,0.5827736258506775,-0.0000000004180020,1.0000000000000000,-0.0000000437114025,0.0000000622320186,-0.0000547878444195,0.0000000437113634,0.9999999403953552,-0.1250634491443634,0.0000000000000000,0.0000000000000000,0.0000000000000000,1.0000000000000000
M 0.9999999403953552,0.0000000004110597,0.0000535696744919,0.5948230624198914,-0.0000000004087081,1.0000000000000000,-0.0000000437116334,0.0000000622424494,-0.0000535696744919,0.0000000437111325,0.9999999403953552,-0.1250620931386948,0.0000000000000000,0.0000000000000000,0.0000000000000000,1.0000000000000000
M 0.9999999403953552,0.0000000004016943,0.0000523496419191,0.6068725585937500,-0.0000000003994027,1.0000000000000000,-0.0000000437114096,0.0000000622535055,-0.0000523496419191,0.0000000437113634,0.9999999403953552,-0.1250606030225754,0.0000000000000000,0.0000000000000000,0.0000000000000000,1.0000000000000000
M 0.9999999403953552,0.0000000003923432,0.0000511296093464,0.6189220547676086,-0.0000000003900946,1.0000000000000000,-0.0000000437116441,0.0000000622639647,-0.0000511296093464,0.0000000437111289,0.9999999403953552,-0.1250592321157455,0.0000000000000000,0.0000000000000000,0.0000000000000000,1.0000000000000000
M 0.9999999403953552,0.0000000003829491,0.0000499058514833,0.6309716105461121,-0.0000000003807610,1.0000000000000000,-0.0000000437114238,0.0000000622750349,-0.0000499058514833,0.0000000437113457,0.9999999403953552,-0.1250576227903366,0.0000000000000000,0.0000000000000000,0.0000000000000000,1.0000000000000000
M 0.9999999403953552,0.0000000003736269,0.0000486914068460,0.6430208683013916,-0.0000000003714955,1.0000000000000000,-0.0000000437116547,0.0000000622854657,-0.0000486914068460,0.0000000437111112,0.9999999403953552,-0.1250562518835068,0.0000000000000000,0.0000000000000000,0.0000000000000000,1.0000000000000000
M 0.9999999403953552,0.0000000003642903,0.0000474750995636,0.6550705432891846,-0.0000000003622045,1.0000000000000000,-0.0000000437114309,0.0000000622964933,-0.0000474750995636,0.0000000437113350,0.9999999403953552,-0.1250548809766769,0.0000000000000000,0.0000000000000000,0.0000000000000000,1.0000000000000000
M 0.9999999403953552,0.0000000003549392,0.0000462550669909,0.6671200394630432,-0.0000000003528964,1.0000000000000000,-0.0000000437116654,0.0000000623069525,-0.0000462550669909,0.0000000437111041,0.9999999403953552,-0.1250535100698471,0.0000000000000000,0.0000000000000000,0.0000000000000000,1.0000000000000000
M 0.9999999403953552,0.0000000003455595,0.0000450331717730,0.6791695952415466,-0.0000000003435768,1.0000000000000000,-0.0000000437114416,0.0000000623180085,-0.0000450331717730,0.0000000437113243,0.9999999403953552,-0.1250520348548889,0.0000000000000000,0.0000000000000000,0.0000000000000000,1.0000000000000000
M 0.9999999403953552,0.0000000003361942,0.0000438131392002,0.6912190914154053,-0.0000000003342687,1.0000000000000000,-0.0000000437116725,0.0000000623284677,-0.0000438131392002,0.0000000437110899,0.9999999403953552,-0.1250507831573486,0.0000000000000000,0.0000000000000000,0.0000000000000000,1.0000000000000000
M 0.9999999403953552,0.0000000003268144,0.0000425912439823,0.7032683491706848,-0.0000000003249493,1.0000000000000000,-0.0000000437114522,0.0000000623395522,-0.0000425912439823,0.0000000437113137,0.9999999403953552,-0.1250492781400681,0.0000000000000000,0.0000000000000000,0.0000000000000000,1.0000000000000000
M 0.9999999403953552,0.0000000003174778,0.0000413749366999,0.7153180241584778,-0.0000000003156696,1.0000000000000000,-0.0000000437116832,0.0000000623499687,-0.0000413749366999,0.0000000437110828,0.9999999403953552,-0.1250479221343994,0.0000000000000000,0.0000000000000000,0.0000000000000000,1.0000000000000000
M 0.9999999403953552,0.0000000003081268,0.0000401549041271,0.7273674011230469,-0.0000000003063644,1.0000000000000000,-0.0000000437114629,0.0000000623610177,-0.0000401549041271,0.0000000437113030,0.9999999403953552,-0.1250465512275696,0.0000000000000000,0.0000000000000000,0.0000000000000000,1.0000000000000000
M 0.9999999403953552,0.0000000002987759,0.0000389367341995,0.7394168376922607,-0.0000000002970705,1.0000000000000000,-0.0000000437116938,0.0000000623714485,-0.0000389367341995,0.0000000437110721,0.9999999403953552,-0.1250451803207397,0.0000000000000000,0.0000000000000000,0.0000000000000000,1.0000000000000000
M 0.9999999403953552,0.0000000002894248,0.0000377167016268,0.7514664530754089,-0.0000000002877651,1.0000000000000000,-0.0000000437114736,0.0000000623825045,-0.0000377167016268,0.0000000437112959,0.9999999403953552,-0.1250435709953308,0.0000000000000000,0.0000000000000000,0.0000000000000000,1.0000000000000000
M 0.9999999403953552,0.0000000002800739,0.0000365003943443,0.7635159492492676,-0.0000000002784855,1.0000000000000000,-0.0000000437117045,0.0000000623929353,-0.0000365003943443,0.0000000437110614,0.9999999403953552,-0.1250422149896622,0.0000000000000000,0.0000000000000000,0.0000000000000000,1.0000000000000000
M 0.9999999403953552,0.0000000002707516,0.0000352840870619,0.7755653858184814,-0.0000000002691944,1.0000000000000000,-0.0000000437114807,0.0000000624039629,-0.0000352840870619,0.0000000437112853,0.9999999403953552,-0.1250407248735428,0.0000000000000000,0.0000000000000000,0.0000000000000000,1.0000000000000000
M 0.9999998807907104,0.0000000002613718,0.0000340621918440,0.7876148819923401,-0.0000000002598721,1.0000000000000000,-0.0000000437117151,0.0000000624144363,-0.0000340621918440,0.0000000437110508,0.9999998807907104,-0.1250393539667130,0.0000000000000000,0.0000000000000000,0.0000000000000000,1.0000000000000000
M 0.9999999403953552,0.0000000002520352,0.0000328440219164,0.7996644377708435,-0.0000000002505811,1.0000000000000000,-0.0000000437114913,0.0000000624254781,-0.0000328440219164,0.0000000437112746,0.9999999403953552,-0.1250379830598831,0.0000000000000000,0.0000000000000000,0.0000000000000000,1.0000000000000000
M 0.9999998807907104,0.0000000002427132,0.0000316295772791,0.8117136955261230,-0.0000000002413156,1.0000000000000000,-0.0000000437117222,0.0000000624358805,-0.0000316295772791,0.0000000437110437,0.9999998807907104,-0.1250366270542145,0.0000000000000000,0.0000000000000000,0.0000000000000000,1.0000000000000000
M 0.9999999403953552,0.0000000002333767,0.0000304132699966,0.8237634301185608,-0.0000000002320387,1.0000000000000000,-0.0000000437115020,0.0000000624469081,-0.0000304132699966,0.0000000437112675,0.9999999403953552,-0.1250351369380951,0.0000000000000000,0.0000000000000000,0.0000000000000000,1.0000000000000000
M 0.9999998807907104,0.0000000002240112,0.0000291932374239,0.8358126282691956,-0.0000000002227306,1.0000000000000000,-0.0000000437117329,0.0000000624573673,-0.0000291932374239,0.0000000437110330,0.9999998807907104,-0.1250338852405548,0.0000000000000000,0.0000000000000000,0.0000000000000000,1.0000000000000000
M 0.9999999403953552,0.0000000002146602,0.0000279732048512,0.8478622436523438,-0.0000000002134254,1.0000000000000000,-0.0000000437115091,0.0000000624684020,-0.0000279732048512,0.0000000437112568,0.9999999403953552,-0.1250323951244354,0.0000000000000000,0.0000000000000000,0.0000000000000000,1.0000000000000000
M 0.9999998807907104,0.0000000002053237,0.0000267568975687,0.8599114418029785,-0.0000000002041457,1.0000000000000000,-0.0000000437117436,0.0000000624788328,-0.0000267568975687,0.0000000437110224,0.9999998807907104,-0.1250310242176056,0.0000000000000000,0.0000000000000000,0.0000000000000000,1.0000000000000000
M 0.9999999403953552,0.0000000001959727,0.0000255368649960,0.8719611763954163,-0.0000000001948404,1.0000000000000000,-0.0000000437115197,0.0000000624898746,-0.0000255368649960,0.0000000437112462,0.9999999403953552,-0.1250296682119370,0.0000000000000000,0.0000000000000000,0.0000000000000000,1.0000000000000000
M 0.9999998807907104,0.0000000001865930,0.0000243168324232,0.8840109109878540,-0.0000000001855323,1.0000000000000000,-0.0000000437117507,0.0000000625003480,-0.0000243168324232,0.0000000437110117,0.9999998807907104,-0.1250282973051071,0.0000000000000000,0.0000000000000000,0.0000000000000000,1.0000000000000000
M 0.9999999403953552,0.0000000001772998,0.0000231061130762,0.8960602283477783,-0.0000000001762839,1.0000000000000000,-0.0000000437115304,0.0000000625113330,-0.0000231061130762,0.0000000437112391,0.9999999403953552,-0.1250268071889877,0.0000000000000000,0.0000000000000000,0.0000000000000000,1.0000000000000000
M 0.9999998807907104,0.0000000001679775,0.0000218898057938,0.9081097245216370,-0.0000000001670042,1.0000000000000000,-0.0000000437117613,0.0000000625217496,-0.0000218898057938,0.0000000437110046,0.9999998807907104,-0.1250254511833191,0.0000000000000000,0.0000000000000000,0.0000000000000000,1.0000000000000000
M 0.9999999403953552,0.0000000001586121,0.0000206697732210,0.9201589822769165,-0.0000000001576990,1.0000000000000000,-0.0000000437115375,0.0000000625328056,-0.0000206697732210,0.0000000437112284,0.9999999403953552,-0.1250239610671997,0.0000000000000000,0.0000000000000000,0.0000000000000000,1.0000000000000000
M 0.9999998807907104,0.0000000001492898,0.0000194534659386,0.9322084188461304,-0.0000000001484193,1.0000000000000000,-0.0000000437117720,0.0000000625432222,-0.0000194534659386,0.0000000437109975,0.9999998807907104,-0.1250225901603699,0.0000000000000000,0.0000000000000000,0.0000000000000000,1.0000000000000000
M 0.9999999403953552,0.0000000001399103,0.0000182334333658,0.9442580342292786,-0.0000000001391139,1.0000000000000000,-0.0000000437115482,0.0000000625542924,-0.0000182334333658,0.0000000437112178,0.9999999403953552,-0.1250211000442505,0.0000000000000000,0.0000000000000000,0.0000000000000000,1.0000000000000000
M 0.9999998807907104,0.0000000001306024,0.0000170189887285,0.9563074707984924,-0.0000000001298485,1.0000000000000000,-0.0000000437117791,0.0000000625646948,-0.0000170189887285,0.0000000437109868,0.9999998807907104,-0.1250197440385818,0.0000000000000000,0.0000000000000000,0.0000000000000000,1.0000000000000000
M 0.9999999403953552,0.0000000001212660,0.0000158026814461,0.9683568477630615,-0.0000000001205717,1.0000000000000000,-0.0000000437115553,0.0000000625757082,-0.0000158026814461,0.0000000437112107,0.9999999403953552,-0.1250182539224625,0.0000000000000000,0.0000000000000000,0.0000000000000000,1.0000000000000000
M 0.9999998807907104,0.0000000001119870,0.0000145919620991,0.9804065823554993,-0.0000000001113346,1.0000000000000000,-0.0000000437117862,0.0000000625860821,-0.0000145919620991,0.0000000437109797,0.9999998807907104,-0.1250170171260834,0.0000000000000000,0.0000000000000000,0.0000000000000000,1.0000000000000000
M 0.9999999403953552,0.0000000001025929,0.0000133682042360,0.9924557805061340,-0.0000000001020010,1.0000000000000000,-0.0000000437115659,0.0000000625971595,-0.0000133682042360,0.0000000437111929,0.9999999403953552,-0.1250154078006744,0.0000000000000000,0.0000000000000000,0.0000000000000000,1.0000000000000000
M 0.9999998807907104,0.0000000000932851,0.0000121556222439,1.0045052766799927,-0.0000000000927497,1.0000000000000000,-0.0000000437117968,0.0000000626075618,-0.0000121556222439,0.0000000437109620,0.9999998807907104,-0.1250140368938446,0.0000000000000000,0.0000000000000000,0.0000000000000000,1.0000000000000000
M 0.9999999403953552,0.0000000000839486,0.0000109393149614,1.0165548324584961,-0.0000000000834586,1.0000000000000000,-0.0000000437115730,0.0000000626186036,-0.0000109393149614,0.0000000437111929,0.9999999403953552,-0.1250126808881760,0.0000000000000000,0.0000000000000000,0.0000000000000000,1.0000000000000000
M 0.9999998807907104,0.0000000000746263,0.0000097230076790,1.0286043882369995,-0.0000000000741789,1.0000000000000000,-0.0000000437118075,0.0000000626290202,-0.0000097230076790,0.0000000437109584,0.9999998807907104,-0.1250113099813461,0.0000000000000000,0.0000000000000000,0.0000000000000000,1.0000000000000000
M 0.9999999403953552,0.0000000000653043,0.0000085085630417,1.0406538248062134,-0.0000000000649163,1.0000000000000000,-0.0000000437115837,0.0000000626400194,-0.0000085085630417,0.0000000437111822,0.9999999403953552,-0.1250098347663879,0.0000000000000000,0.0000000000000000,0.0000000000000000,1.0000000000000000
M 0.9999999403953552,0.0000000000559535,0.0000072903931141,1.0527033805847168,-0.0000000000556252,1.0000000000000000,-0.0000000437113599,0.0000000626510612,-0.0000072903931141,0.0000000437114061,0.9999999403953552,-0.1250083446502686,0.0000000000000000,0.0000000000000000,0.0000000000000000,1.0000000000000000
M 0.9999999403953552,0.0000000000466457,0.0000060778111219,1.0647529363632202,-0.0000000000463739,1.0000000000000000,-0.0000000437115908,0.0000000626614636,-0.0000060778111219,0.0000000437111751,0.9999999403953552,-0.1250069737434387,0.0000000000000000,0.0000000000000000,0.0000000000000000,1.0000000000000000
M 0.9999999403953552,0.0000000000372661,0.0000048559159040,1.0768023729324341,-0.0000000000370545,1.0000000000000000,-0.0000000437113705,0.0000000626725196,-0.0000048559159040,0.0000000437113954,0.9999999403953552,-0.1250056028366089,0.0000000000000000,0.0000000000000000,0.0000000000000000,1.0000000000000000
M 0.9999999403953552,0.0000000000279870,0.0000036451965570,1.0888518095016479,-0.0000000000278174,1.0000000000000000,-0.0000000437116014,0.0000000626828935,-0.0000036451965570,0.0000000437111645,0.9999999403953552,-0.1250042468309402,0.0000000000000000,0.0000000000000000,0.0000000000000000,1.0000000000000000
M 0.9999999403953552,0.0000000000186218,0.0000024251639843,1.1009012460708618,-0.0000000000185122,1.0000000000000000,-0.0000000437113776,0.0000000626939425,-0.0000024251639843,0.0000000437113883,0.9999999403953552,-0.1250027567148209,0.0000000000000000,0.0000000000000000,0.0000000000000000,1.0000000000000000
M 0.9999999403953552,0.0000000000093428,0.0000012163072824,1.1129506826400757,-0.0000000000092893,1.0000000000000000,-0.0000000437116086,0.0000000627043164,-0.0000012163072824,0.0000000437111574,0.9999999403953552,-0.1250014007091522,0.0000000000000000,0.0000000000000000,0.0000000000000000,1.0000000000000000
M 0.9999999403953552,0.0000000000000207,0.0000000018626305,1.1250002384185791,-0.0000000000000124,1.0000000000000000,-0.0000000437113847,0.0000000627153298,-0.0000000018626598,0.0000000437113812,0.9999999403953552,-0.1250000447034836,0.0000000000000000,0.0000000000000000,0.0000000000000000,1.0000000000000000
O WIDGET_35_CG_displays_HIDE
A WIDGET_35_CG_displays_HIDE_WIDGET_35_CG_displays_HIDE
M 0.9999999403953552,0.0000000000000207,0.0000000018626305,0.0000000403245508,-0.0000000000000124,1.0000000000000000,-0.0000000437113847,0.0000000627153298,-0.0000000018626598,0.0000000437113812,0.9999999403953552,-0.0000000373238933,0.0000000000000000,0.0000000000000000,0.0000000000000000,1.0000000000000000
M 0.9999502301216125,0.0000000022580791,0.0099671725183725,0.0130241196602583,-0.0000000018131336,1.0000000000000000,-0.0000000446483917,0.0000000593890874,-0.0099671725183725,0.0000000446275550,0.9999502301216125,-0.0236410349607468,0.0000000000000000,0.0000000000000000,0.0000000000000000,1.0000000000000000
M 0.9997974038124084,0.0000000045585011,0.0201210211962461,0.0261747185140848,-0.0000000036412882,1.0000000000000000,-0.0000000456213485,0.0000001156029299,-0.0201210211962461,0.0000000455382576,0.9997974038124084,-0.0476328507065773,0.0000000000000000,0.0000000000000000,0.0000000000000000,1.0000000000000000
M 0.9995357990264893,0.0000000069016961,0.0304638016968966,0.0394470244646072,-0.0000000054836669,1.0000000000000000,-0.0000000466314596,0.0000000525422692,-0.0304638016968966,0.0000000464424659,0.9995357990264893,-0.0719861984252930,0.0000000000000000,0.0000000000000000,0.0000000000000000,1.0000000000000000
M 0.9991590976715088,0.0000000092880477,0.0409973114728928,0.0528365895152092,-0.0000000073394695,1.0000000000000000,-0.0000000476802811,-0.0000000105847278,-0.0409973151981831,0.0000000473387267,0.9991590976715088,-0.0967109203338623,0.0000000000000000,0.0000000000000000,0.0000000000000000,1.0000000000000000
M 0.9986942410469055,0.0000000115637224,0.0510843209922314,0.0661319792270660,-0.0000000090876542,1.0000000000000000,-0.0000000487028018,-0.0000000139481315,-0.0510843247175217,0.0000000481747371,0.9986942410469055,-0.1208952516317368,0.0000000000000000,0.0000000000000000,0.0000000000000000,1.0000000000000000
M 0.9987229108810425,0.0000000114090932,0.0505211614072323,0.0736587420105934,-0.0000000089629371,1.0000000000000000,-0.0000000486449672,-0.0000000137280409,-0.0505211651325226,0.0000000481296034,0.9987229108810425,-0.1284752786159515,0.0000000000000000,0.0000000000000000,0.0000000000000000,1.0000000000000000
M 0.9989007711410522,0.0000000104826734,0.0468734242022038,0.0791037827730179,-0.0000000082290281,1.0000000000000000,-0.0000000482723941,-0.0000000123904442,-0.0468734242022038,0.0000000478330726,0.9989007711410522,-0.1307088732719421,0.0000000000000000,0.0000000000000000,0.0000000000000000,1.0000000000000000
M 0.9990641474723816,0.0000000095628003,0.0432513020932674,0.0845656320452690,-0.0000000074978770,1.0000000000000000,-0.0000000479049334,-0.0000000110627454,-0.0432513058185577,0.0000000475355790,0.9990641474723816,-0.1329909712076187,0.0000000000000000,0.0000000000000000,0.0000000000000000,1.0000000000000000
M 0.9992133378982544,0.0000000086494509,0.0396550670266151,0.0900450274348259,-0.0000000067694659,1.0000000000000000,-0.0000000475429722,-0.0000000097454631,-0.0396550670266151,0.0000000472367887,0.9992133378982544,-0.1353220045566559,0.0000000000000000,0.0000000000000000,0.0000000000000000,1.0000000000000000
M 0.9993487000465393,0.0000000077426554,0.0360843949019909,0.0955422446131706,-0.0000000060439125,1.0000000000000000,-0.0000000471861199,-0.0000000084381568,-0.0360843949019909,0.0000000469370676,0.9993487000465393,-0.1377004086971283,0.0000000000000000,0.0000000000000000,0.0000000000000000,1.0000000000000000
M 0.9994704127311707,0.0000000068422445,0.0325390249490738,0.1010570749640465,-0.0000000053211053,1.0000000000000000,-0.0000000468344652,0.0000001120684132,-0.0325390249490738,0.0000000466362700,0.9994704127311707,-0.1401259303092957,0.0000000000000000,0.0000000000000000,0.0000000000000000,1.0000000000000000
M 0.9995788335800171,0.0000000059483716,0.0290190577507019,0.1065890640020370,-0.0000000046012687,1.0000000000000000,-0.0000000464878660,0.0000001133556395,-0.0290190577507019,0.0000000463345771,0.9995788335800171,-0.1425986588001251,0.0000000000000000,0.0000000000000000,0.0000000000000000,1.0000000000000000
M 0.9996741414070129,0.0000000050608522,0.0255241226404905,0.1121396273374557,-0.0000000038842773,1.0000000000000000,-0.0000000461464431,0.0000001146327762,-0.0255241226404905,0.0000000460318113,0.9996741414070129,-0.1451171338558197,0.0000000000000000,0.0000000000000000,0.0000000000000000,1.0000000000000000
M 0.9997566938400269,0.0000000041797268,0.0220541991293430,0.1177077963948250,-0.0000000031701926,1.0000000000000000,-0.0000000458097915,0.0000000562956401,-0.0220541991293430,0.0000000457283740,0.9997566938400269,-0.1476814448833466,0.0000000000000000,0.0000000000000000,0.0000000000000000,1.0000000000000000
M 0.9998952150344849,0.0000000028824141,0.0144685022532940,0.1195489764213562,-0.0000000022304110,1.0000000000000000,-0.0000000450795028,0.0000000583407740,-0.0144685022532940,0.0000000450419080,0.9998952150344849,-0.1403596103191376,0.0000000000000000,0.0000000000000000,0.0000000000000000,1.0000000000000000
M 0.9999824166297913,0.0000000014911423,0.0059126261621714,0.1204662173986435,-0.0000000012294515,1.0000000000000000,-0.0000000442637003,0.0000000605688655,-0.0059126261621714,0.0000000442550920,0.9999824166297913,-0.1307014673948288,0.0000000000000000,0.0000000000000000,0.0000000000000000,1.0000000000000000
M 0.9999979734420776,0.0000000008680342,0.0019952170550823,0.1273889541625977,-0.0000000007804589,1.0000000000000000,-0.0000000438926762,0.0000000615750011,-0.0019952170550823,0.0000000438909922,0.9999979734420776,-0.1265007406473160,0.0000000000000000,0.0000000000000000,0.0000000000000000,1.0000000000000000
M 0.9999984502792358,0.0000000008435655,0.0016915556043386,0.1390370428562164,-0.0000000007693627,1.0000000000000000,-0.0000000438640484,0.0000000616254141,-0.0016915556043386,0.0000000438620091,0.9999984502792358,-0.1264981478452682,0.0000000000000000,0.0000000000000000,0.0000000000000000,1.0000000000000000
M 0.9999989271163940,0.0000000008190717,0.0013879202306271,0.1506849378347397,-0.0000000007582178,1.0000000000000000,-0.0000000438351755,0.0000000616761824,-0.0013879202306271,0.0000000438332783,0.9999989271163940,-0.1264954507350922,0.0000000000000000,0.0000000000000000,0.0000000000000000,1.0000000000000000
M 0.9999995231628418,0.0000000007861382,0.0008927956223488,0.1620853096246719,-0.0000000007470297,1.0000000000000000,-0.0000000437875052,0.0000000617516775,-0.0008927956223488,0.0000000437868266,0.9999995231628418,-0.1260329186916351,0.0000000000000000,0.0000000000000000,0.0000000000000000,1.0000000000000000
M 0.9999998807907104,0.0000000007492844,0.0003089997917414,0.1733704954385757,-0.0000000007357749,1.0000000000000000,-0.0000000437320544,0.0000000618374827,-0.0003089997917414,0.0000000437312515,0.9999998807907104,-0.1253574490547180,0.0000000000000000,0.0000000000000000,0.0000000000000000,1.0000000000000000
M 0.9999999403953552,0.0000000007299165,0.0000951252877712,0.1851409673690796,-0.0000000007257465,1.0000000000000000,-0.0000000437114380,0.0000000618761291,-0.0000951252877712,0.0000000437113314,0.9999999403953552,-0.1251098215579987,0.0000000000000000,0.0000000000000000,0.0000000000000000,1.0000000000000000
M 0.9999999403953552,0.0000000007204932,0.0000938959419727,0.1971906721591949,-0.0000000007163673,1.0000000000000000,-0.0000000437116690,0.0000000618866594,-0.0000938959419727,0.0000000437110970,0.9999999403953552,-0.1251085549592972,0.0000000000000000,0.0000000000000000,0.0000000000000000,1.0000000000000000
M 0.9999999403953552,0.0000000007110990,0.0000926721841097,0.2092400193214417,-0.0000000007070337,1.0000000000000000,-0.0000000437114487,0.0000000618977438,-0.0000926721841097,0.0000000437113101,0.9999999403953552,-0.1251073032617569,0.0000000000000000,0.0000000000000000,0.0000000000000000,1.0000000000000000
M 0.9999999403953552,0.0000000007017193,0.0000914502888918,0.2212892472743988,-0.0000000006977113,1.0000000000000000,-0.0000000437116832,0.0000000619082172,-0.0000914502888918,0.0000000437110756,0.9999999403953552,-0.1251059323549271,0.0000000000000000,0.0000000000000000,0.0000000000000000,1.0000000000000000
M 0.9999999403953552,0.0000000006923250,0.0000902265310287,0.2333389520645142,-0.0000000006883776,1.0000000000000000,-0.0000000437114593,0.0000000619193159,-0.0000902265310287,0.0000000437113066,0.9999999403953552,-0.1251043230295181,0.0000000000000000,0.0000000000000000,0.0000000000000000,1.0000000000000000
