O DOOR_12_CG_d2_LCG_cab1_INTERIOR
A DOOR_12_CG_d2_LCG_cab1_INTERIOR_DOOR_12_CG_d2_LCG_cab1_INTERIOR
M 1.0000000000000000,0.0000000000000000,0.0000000000000000,0.0000000000000000,0.0000000000000000,1.0000000000000000,-0.0000000437113883,-0.0000000177589854,-0.0000000000000000,0.0000000437113883,1.0000000000000000,0.0000000081934246,0.0000000000000000,0.0000000000000000,0.0000000000000000,1.0000000000000000
M 0.9965844750404358,0.0000000036096577,0.0825793445110321,0.0884449854493141,0.0000000000000000,1.0000000000000000,-0.0000000437113883,-0.0000000177589854,-0.0825793445110321,0.0000000435620926,0.9965844750404358,-0.5490971207618713,0.0000000000000000,0.0000000000000000,0.0000000000000000,1.0000000000000000
M 0.9863613247871399,0.0000000071946582,0.1645945906639099,0.1312439441680908,0.0000000000000000,1.0000000000000000,-0.0000000437113883,-0.0000000177589854,-0.1645945906639099,0.0000000431152287,0.9863613247871399,-1.1036225557327271,0.0000000000000000,0.0000000000000000,0.0000000000000000,1.0000000000000000
M 0.9694002866744995,0.0000000107305116,0.2454854846000671,0.1281041800975800,0.0000000000000000,1.0000000000000000,-0.0000000437113883,-0.0000000177589854,-0.2454854846000671,0.0000000423738307,0.9694002866744995,-1.6597882509231567,0.0000000000000000,0.0000000000000000,0.0000000000000000,1.0000000000000000
M 0.9458172321319580,0.0000000141930645,0.3246994614601135,0.0790470987558365,0.0000000000000000,1.0000000000000000,-0.0000000437113883,-0.0000000177589854,-0.3246994614601135,0.0000000413429859,0.9458172321319580,-2.2137951850891113,0.0000000000000000,0.0000000000000000,0.0000000000000000,1.0000000000000000
M 0.9157733321189880,0.0000000175586692,0.4016954600811005,-0.0155910337343812,0.0000000000000000,1.0000000000000000,-0.0000000437113883,-0.0000000177589854,-0.4016954600811005,0.0000000400297253,0.9157733321189880,-2.7618591785430908,0.0000000000000000,0.0000000000000000,0.0000000000000000,1.0000000000000000
M 0.8794737458229065,0.0000000208043200,0.4759473800659180,-0.1551658511161804,0.0000000000000000,1.0000000000000000,-0.0000000437113883,-0.0000000177589854,-0.4759473800659180,0.0000000384430194,0.8794737458229065,-3.3002352714538574,0.0000000000000000,0.0000000000000000,0.0000000000000000,1.0000000000000000
M 0.8371664285659790,0.0000000239078641,0.5469481945037842,-0.3387220501899719,0.0000000000000000,1.0000000000000000,-0.0000000437113883,-0.0000000177589854,-0.5469481945037842,0.0000000365937076,0.8371664285659790,-3.8252472877502441,0.0000000000000000,0.0000000000000000,0.0000000000000000,1.0000000000000000
M 0.7891405224800110,0.0000000268480900,0.6142126917839050,-0.5650062561035156,0.0000000000000000,1.0000000000000000,-0.0000000437113883,-0.0000000177589854,-0.6142126917839050,0.0000000344944304,0.7891405224800110,-4.3333072662353516,0.0000000000000000,0.0000000000000000,0.0000000000000000,1.0000000000000000
M 0.7357239127159119,0.0000000296049212,0.6772815585136414,-0.8324732184410095,0.0000000000000000,1.0000000000000000,-0.0000000437113883,-0.0000000177589854,-0.6772815585136414,0.0000000321595159,0.7357239127159119,-4.8209462165832520,0.0000000000000000,0.0000000000000000,0.0000000000000000,1.0000000000000000
M 0.6772815585136414,0.0000000321595195,0.7357239723205566,-1.1392956972122192,0.0000000000000000,1.0000000000000000,-0.0000000437113883,-0.0000000177589854,-0.7357239723205566,0.0000000296049212,0.6772815585136414,-5.2848329544067383,0.0000000000000000,0.0000000000000000,0.0000000000000000,1.0000000000000000
M 0.6142126917839050,0.0000000344944269,0.7891405224800110,-1.4833774566650391,0.0000000000000000,1.0000000000000000,-0.0000000437113883,-0.0000000177589854,-0.7891405224800110,0.0000000268480935,0.6142126917839050,-5.7217969894409180,0.0000000000000000,0.0000000000000000,0.0000000000000000,1.0000000000000000
M 0.5469481945037842,0.0000000365937112,0.8371664881706238,-1.8623678684234619,0.0000000000000000,1.0000000000000000,-0.0000000437113883,-0.0000000177589854,-0.8371664881706238,0.0000000239078677,0.5469481945037842,-6.1288552284240723,0.0000000000000000,0.0000000000000000,0.0000000000000000,1.0000000000000000
M 0.4759473502635956,0.0000000384430194,0.8794737458229065,-2.2736792564392090,0.0000000000000000,1.0000000000000000,-0.0000000437113883,-0.0000000177589854,-0.8794737458229065,0.0000000208043236,0.4759473502635956,-6.5032258033752441,0.0000000000000000,0.0000000000000000,0.0000000000000000,1.0000000000000000
M 0.4016953408718109,0.0000000400297324,0.9157733917236328,-2.7145009040832520,0.0000000000000000,1.0000000000000000,-0.0000000437113883,-0.0000000177589854,-0.9157733917236328,0.0000000175586603,0.4016953408718109,-6.8423523902893066,0.0000000000000000,0.0000000000000000,0.0000000000000000,1.0000000000000000
M 0.3246994316577911,0.0000000413429859,0.9458172321319580,-3.1818211078643799,0.0000000000000000,1.0000000000000000,-0.0000000437113883,-0.0000000177589854,-0.9458172321319580,0.0000000141930645,0.3246994316577911,-7.1439175605773926,0.0000000000000000,0.0000000000000000,0.0000000000000000,1.0000000000000000
M 0.2454854995012283,0.0000000423738307,0.9694002866744995,-3.6724481582641602,0.0000000000000000,1.0000000000000000,-0.0000000437113883,-0.0000000177589854,-0.9694002866744995,0.0000000107305116,0.2454854995012283,-7.4058618545532227,0.0000000000000000,0.0000000000000000,0.0000000000000000,1.0000000000000000
M 0.1645945459604263,0.0000000431152287,0.9863613247871399,-4.1830315589904785,0.0000000000000000,1.0000000000000000,-0.0000000437113883,-0.0000000177589854,-0.9863613247871399,0.0000000071946560,0.1645945459604263,-7.6263961791992188,0.0000000000000000,0.0000000000000000,0.0000000000000000,1.0000000000000000
M 0.0825793594121933,0.0000000435620926,0.9965844750404358,-4.7100815773010254,0.0000000000000000,1.0000000000000000,-0.0000000437113883,-0.0000000177589854,-0.9965844750404358,0.0000000036096584,0.0825793594121933,-7.8040132522583008,0.0000000000000000,0.0000000000000000,0.0000000000000000,1.0000000000000000
M -0.0000000437113883,0.0000000437113883,1.0000000000000000,-5.2500000000000000,0.0000000000000000,1.0000000000000000,-0.0000000437113883,-0.0000000177589854,-1.0000000000000000,-0.0000000000000019,-0.0000000437113883,-7.9375000000000000,0.0000000000000000,0.0000000000000000,0.0000000000000000,1.0000000000000000
O DOOR_12_EXTERNAL
A DOOR_12_EXTERNAL_DOOR_12_EXTERNAL
M 1.0000000000000000,0.0000000000000000,0.0000000000000000,0.0000000000000000,0.0000000000000000,1.0000000000000000,-0.0000000437113883,-0.0000000177589854,-0.0000000000000000,0.0000000437113883,1.0000000000000000,0.0000000081934246,0.0000000000000000,0.0000000000000000,0.0000000000000000,1.0000000000000000
M 0.9965844750404358,0.0000000036096577,0.0825793445110321,0.0884449854493141,0.0000000000000000,1.0000000000000000,-0.0000000437113883,-0.0000000177589854,-0.0825793445110321,0.0000000435620926,0.9965844750404358,-0.5490971207618713,0.0000000000000000,0.0000000000000000,0.0000000000000000,1.0000000000000000
M 0.9863613247871399,0.0000000071946582,0.1645945906639099,0.1312439441680908,0.0000000000000000,1.0000000000000000,-0.0000000437113883,-0.0000000177589854,-0.1645945906639099,0.0000000431152287,0.9863613247871399,-1.1036225557327271,0.0000000000000000,0.0000000000000000,0.0000000000000000,1.0000000000000000
M 0.9694002866744995,0.0000000107305116,0.2454854846000671,0.1281041800975800,0.0000000000000000,1.0000000000000000,-0.0000000437113883,-0.0000000177589854,-0.2454854846000671,0.0000000423738307,0.9694002866744995,-1.6597882509231567,0.0000000000000000,0.0000000000000000,0.0000000000000000,1.0000000000000000
M 0.9458172321319580,0.0000000141930645,0.3246994614601135,0.0790470987558365,0.0000000000000000,1.0000000000000000,-0.0000000437113883,-0.0000000177589854,-0.3246994614601135,0.0000000413429859,0.9458172321319580,-2.2137951850891113,0.0000000000000000,0.0000000000000000,0.0000000000000000,1.0000000000000000
M 0.9157733321189880,0.0000000175586692,0.4016954600811005,-0.0155910337343812,0.0000000000000000,1.0000000000000000,-0.0000000437113883,-0.0000000177589854,-0.4016954600811005,0.0000000400297253,0.9157733321189880,-2.7618591785430908,0.0000000000000000,0.0000000000000000,0.0000000000000000,1.0000000000000000
M 0.8794737458229065,0.0000000208043200,0.4759473800659180,-0.1551658511161804,0.0000000000000000,1.0000000000000000,-0.0000000437113883,-0.0000000177589854,-0.4759473800659180,0.0000000384430194,0.8794737458229065,-3.3002352714538574,0.0000000000000000,0.0000000000000000,0.0000000000000000,1.0000000000000000
M 0.8371664285659790,0.0000000239078641,0.5469481945037842,-0.3387220501899719,0.0000000000000000,1.0000000000000000,-0.0000000437113883,-0.0000000177589854,-0.5469481945037842,0.0000000365937076,0.8371664285659790,-3.8252472877502441,0.0000000000000000,0.0000000000000000,0.0000000000000000,1.0000000000000000
M 0.7891405224800110,0.0000000268480900,0.6142126917839050,-0.5650062561035156,0.0000000000000000,1.0000000000000000,-0.0000000437113883,-0.0000000177589854,-0.6142126917839050,0.0000000344944304,0.7891405224800110,-4.3333072662353516,0.0000000000000000,0.0000000000000000,0.0000000000000000,1.0000000000000000
M 0.7357239127159119,0.0000000296049212,0.6772815585136414,-0.8324732184410095,0.0000000000000000,1.0000000000000000,-0.0000000437113883,-0.0000000177589854,-0.6772815585136414,0.0000000321595159,0.7357239127159119,-4.8209462165832520,0.0000000000000000,0.0000000000000000,0.0000000000000000,1.0000000000000000
M 0.6772815585136414,0.0000000321595195,0.7357239723205566,-1.1392956972122192,0.0000000000000000,1.0000000000000000,-0.0000000437113883,-0.0000000177589854,-0.7357239723205566,0.0000000296049212,0.6772815585136414,-5.2848329544067383,0.0000000000000000,0.0000000000000000,0.0000000000000000,1.0000000000000000
M 0.6142126917839050,0.0000000344944269,0.7891405224800110,-1.4833774566650391,0.0000000000000000,1.0000000000000000,-0.0000000437113883,-0.0000000177589854,-0.7891405224800110,0.0000000268480935,0.6142126917839050,-5.7217969894409180,0.0000000000000000,0.0000000000000000,0.0000000000000000,1.0000000000000000
M 0.5469481945037842,0.0000000365937112,0.8371664881706238,-1.8623678684234619,0.0000000000000000,1.0000000000000000,-0.0000000437113883,-0.0000000177589854,-0.8371664881706238,0.0000000239078677,0.5469481945037842,-6.1288552284240723,0.0000000000000000,0.0000000000000000,0.0000000000000000,1.0000000000000000
M 0.4759473502635956,0.0000000384430194,0.8794737458229065,-2.2736792564392090,0.0000000000000000,1.0000000000000000,-0.0000000437113883,-0.0000000177589854,-0.8794737458229065,0.0000000208043236,0.4759473502635956,-6.5032258033752441,0.0000000000000000,0.0000000000000000,0.0000000000000000,1.0000000000000000
M 0.4016953408718109,0.0000000400297324,0.9157733917236328,-2.7145009040832520,0.0000000000000000,1.0000000000000000,-0.0000000437113883,-0.0000000177589854,-0.9157733917236328,0.0000000175586603,0.4016953408718109,-6.8423523902893066,0.0000000000000000,0.0000000000000000,0.0000000000000000,1.0000000000000000
M 0.3246994316577911,0.0000000413429859,0.9458172321319580,-3.1818211078643799,0.0000000000000000,1.0000000000000000,-0.0000000437113883,-0.0000000177589854,-0.9458172321319580,0.0000000141930645,0.3246994316577911,-7.1439175605773926,0.0000000000000000,0.0000000000000000,0.0000000000000000,1.0000000000000000
M 0.2454854995012283,0.0000000423738307,0.9694002866744995,-3.6724481582641602,0.0000000000000000,1.0000000000000000,-0.0000000437113883,-0.0000000177589854,-0.9694002866744995,0.0000000107305116,0.2454854995012283,-7.4058618545532227,0.0000000000000000,0.0000000000000000,0.0000000000000000,1.0000000000000000
M 0.1645945459604263,0.0000000431152287,0.9863613247871399,-4.1830315589904785,0.0000000000000000,1.0000000000000000,-0.0000000437113883,-0.0000000177589854,-0.9863613247871399,0.0000000071946560,0.1645945459604263,-7.6263961791992188,0.0000000000000000,0.0000000000000000,0.0000000000000000,1.0000000000000000
M 0.0825793594121933,0.0000000435620926,0.9965844750404358,-4.7100815773010254,0.0000000000000000,1.0000000000000000,-0.0000000437113883,-0.0000000177589854,-0.9965844750404358,0.0000000036096584,0.0825793594121933,-7.8040132522583008,0.0000000000000000,0.0000000000000000,0.0000000000000000,1.0000000000000000
M -0.0000000437113883,0.0000000437113883,1.0000000000000000,-5.2500000000000000,0.0000000000000000,1.0000000000000000,-0.0000000437113883,-0.0000000177589854,-1.0000000000000000,-0.0000000000000019,-0.0000000437113883,-7.9375000000000000,0.0000000000000000,0.0000000000000000,0.0000000000000000,1.0000000000000000
O WINDOW_12
A WINDOW_12_WINDOW_12
M 1.0000000000000000,0.0000000000000000,0.0000000000000000,0.0000000000000000,0.0000000000000000,1.0000000000000000,-0.0000000437113883,-0.0000000177589854,-0.0000000000000000,0.0000000437113883,1.0000000000000000,0.0000000081934246,0.0000000000000000,0.0000000000000000,0.0000000000000000,1.0000000000000000
M 0.9965844750404358,0.0000000036096577,0.0825793445110321,0.0884449854493141,0.0000000000000000,1.0000000000000000,-0.0000000437113883,-0.0000000177589854,-0.0825793445110321,0.0000000435620926,0.9965844750404358,-0.5490971207618713,0.0000000000000000,0.0000000000000000,0.0000000000000000,1.0000000000000000
M 0.9863613247871399,0.0000000071946582,0.1645945906639099,0.1312439441680908,0.0000000000000000,1.0000000000000000,-0.0000000437113883,-0.0000000177589854,-0.1645945906639099,0.0000000431152287,0.9863613247871399,-1.1036225557327271,0.0000000000000000,0.0000000000000000,0.0000000000000000,1.0000000000000000
M 0.9694002866744995,0.0000000107305116,0.2454854846000671,0.1281041800975800,0.0000000000000000,1.0000000000000000,-0.0000000437113883,-0.0000000177589854,-0.2454854846000671,0.0000000423738307,0.9694002866744995,-1.6597882509231567,0.0000000000000000,0.0000000000000000,0.0000000000000000,1.0000000000000000
M 0.9458172321319580,0.0000000141930645,0.3246994614601135,0.0790470987558365,0.0000000000000000,1.0000000000000000,-0.0000000437113883,-0.0000000177589854,-0.3246994614601135,0.0000000413429859,0.9458172321319580,-2.2137951850891113,0.0000000000000000,0.0000000000000000,0.0000000000000000,1.0000000000000000
M 0.9157733321189880,0.0000000175586692,0.4016954600811005,-0.0155910337343812,0.0000000000000000,1.0000000000000000,-0.0000000437113883,-0.0000000177589854,-0.4016954600811005,0.0000000400297253,0.9157733321189880,-2.7618591785430908,0.0000000000000000,0.0000000000000000,0.0000000000000000,1.0000000000000000
M 0.8794737458229065,0.0000000208043200,0.4759473800659180,-0.1551658511161804,0.0000000000000000,1.0000000000000000,-0.0000000437113883,-0.0000000177589854,-0.4759473800659180,0.0000000384430194,0.8794737458229065,-3.3002352714538574,0.0000000000000000,0.0000000000000000,0.0000000000000000,1.0000000000000000
M 0.8371664285659790,0.0000000239078641,0.5469481945037842,-0.3387220501899719,0.0000000000000000,1.0000000000000000,-0.0000000437113883,-0.0000000177589854,-0.5469481945037842,0.0000000365937076,0.8371664285659790,-3.8252472877502441,0.0000000000000000,0.0000000000000000,0.0000000000000000,1.0000000000000000
M 0.7891405224800110,0.0000000268480900,0.6142126917839050,-0.5650062561035156,0.0000000000000000,1.0000000000000000,-0.0000000437113883,-0.0000000177589854,-0.6142126917839050,0.0000000344944304,0.7891405224800110,-4.3333072662353516,0.0000000000000000,0.0000000000000000,0.0000000000000000,1.0000000000000000
M 0.7357239127159119,0.0000000296049212,0.6772815585136414,-0.8324732184410095,0.0000000000000000,1.0000000000000000,-0.0000000437113883,-0.0000000177589854,-0.6772815585136414,0.0000000321595159,0.7357239127159119,-4.8209462165832520,0.0000000000000000,0.0000000000000000,0.0000000000000000,1.0000000000000000
M 0.6772815585136414,0.0000000321595195,0.7357239723205566,-1.1392956972122192,0.0000000000000000,1.0000000000000000,-0.0000000437113883,-0.0000000177589854,-0.7357239723205566,0.0000000296049212,0.6772815585136414,-5.2848329544067383,0.0000000000000000,0.0000000000000000,0.0000000000000000,1.0000000000000000
M 0.6142126917839050,0.0000000344944269,0.7891405224800110,-1.4833774566650391,0.0000000000000000,1.0000000000000000,-0.0000000437113883,-0.0000000177589854,-0.7891405224800110,0.0000000268480935,0.6142126917839050,-5.7217969894409180,0.0000000000000000,0.0000000000000000,0.0000000000000000,1.0000000000000000
M 0.5469481945037842,0.0000000365937112,0.8371664881706238,-1.8623678684234619,0.0000000000000000,1.0000000000000000,-0.0000000437113883,-0.0000000177589854,-0.8371664881706238,0.0000000239078677,0.5469481945037842,-6.1288552284240723,0.0000000000000000,0.0000000000000000,0.0000000000000000,1.0000000000000000
M 0.4759473502635956,0.0000000384430194,0.8794737458229065,-2.2736792564392090,0.0000000000000000,1.0000000000000000,-0.0000000437113883,-0.0000000177589854,-0.8794737458229065,0.0000000208043236,0.4759473502635956,-6.5032258033752441,0.0000000000000000,0.0000000000000000,0.0000000000000000,1.0000000000000000
M 0.4016953408718109,0.0000000400297324,0.9157733917236328,-2.7145009040832520,0.0000000000000000,1.0000000000000000,-0.0000000437113883,-0.0000000177589854,-0.9157733917236328,0.0000000175586603,0.4016953408718109,-6.8423523902893066,0.0000000000000000,0.0000000000000000,0.0000000000000000,1.0000000000000000
M 0.3246994316577911,0.0000000413429859,0.9458172321319580,-3.1818211078643799,0.0000000000000000,1.0000000000000000,-0.0000000437113883,-0.0000000177589854,-0.9458172321319580,0.0000000141930645,0.3246994316577911,-7.1439175605773926,0.0000000000000000,0.0000000000000000,0.0000000000000000,1.0000000000000000
M 0.2454854995012283,0.0000000423738307,0.9694002866744995,-3.6724481582641602,0.0000000000000000,1.0000000000000000,-0.0000000437113883,-0.0000000177589854,-0.9694002866744995,0.0000000107305116,0.2454854995012283,-7.4058618545532227,0.0000000000000000,0.0000000000000000,0.0000000000000000,1.0000000000000000
M 0.1645945459604263,0.0000000431152287,0.9863613247871399,-4.1830315589904785,0.0000000000000000,1.0000000000000000,-0.0000000437113883,-0.0000000177589854,-0.9863613247871399,0.0000000071946560,0.1645945459604263,-7.6263961791992188,0.0000000000000000,0.0000000000000000,0.0000000000000000,1.0000000000000000
M 0.0825793594121933,0.0000000435620926,0.9965844750404358,-4.7100815773010254,0.0000000000000000,1.0000000000000000,-0.0000000437113883,-0.0000000177589854,-0.9965844750404358,0.0000000036096584,0.0825793594121933,-7.8040132522583008,0.0000000000000000,0.0000000000000000,0.0000000000000000,1.0000000000000000
M -0.0000000437113883,0.0000000437113883,1.0000000000000000,-5.2500000000000000,0.0000000000000000,1.0000000000000000,-0.0000000437113883,-0.0000000177589854,-1.0000000000000000,-0.0000000000000019,-0.0000000437113883,-7.9375000000000000,0.0000000000000000,0.0000000000000000,0.0000000000000000,1.0000000000000000
O WINDOW_12_LCG_cab1_INTERIOR
A WINDOW_12_LCG_cab1_INTERIOR_WINDOW_12_LCG_cab1_INTERIOR
M 1.0000000000000000,0.0000000000000000,0.0000000000000000,0.0000000000000000,0.0000000000000000,1.0000000000000000,-0.0000000437113883,-0.0000000177589854,-0.0000000000000000,0.0000000437113883,1.0000000000000000,0.0000000081934246,0.0000000000000000,0.0000000000000000,0.0000000000000000,1.0000000000000000
M 0.9965844750404358,0.0000000036096577,0.0825793445110321,0.0884449854493141,0.0000000000000000,1.0000000000000000,-0.0000000437113883,-0.0000000177589854,-0.0825793445110321,0.0000000435620926,0.9965844750404358,-0.5490971207618713,0.0000000000000000,0.0000000000000000,0.0000000000000000,1.0000000000000000
M 0.9863613247871399,0.0000000071946582,0.1645945906639099,0.1312439441680908,0.0000000000000000,1.0000000000000000,-0.0000000437113883,-0.0000000177589854,-0.1645945906639099,0.0000000431152287,0.9863613247871399,-1.1036225557327271,0.0000000000000000,0.0000000000000000,0.0000000000000000,1.0000000000000000
M 0.9694002866744995,0.0000000107305116,0.2454854846000671,0.1281041800975800,0.0000000000000000,1.0000000000000000,-0.0000000437113883,-0.0000000177589854,-0.2454854846000671,0.0000000423738307,0.9694002866744995,-1.6597882509231567,0.0000000000000000,0.0000000000000000,0.0000000000000000,1.0000000000000000
M 0.9458172321319580,0.0000000141930645,0.3246994614601135,0.0790470987558365,0.0000000000000000,1.0000000000000000,-0.0000000437113883,-0.0000000177589854,-0.3246994614601135,0.0000000413429859,0.9458172321319580,-2.2137951850891113,0.0000000000000000,0.0000000000000000,0.0000000000000000,1.0000000000000000
M 0.9157733321189880,0.0000000175586692,0.4016954600811005,-0.0155910337343812,0.0000000000000000,1.0000000000000000,-0.0000000437113883,-0.0000000177589854,-0.4016954600811005,0.0000000400297253,0.9157733321189880,-2.7618591785430908,0.0000000000000000,0.0000000000000000,0.0000000000000000,1.0000000000000000
M 0.8794737458229065,0.0000000208043200,0.4759473800659180,-0.1551658511161804,0.0000000000000000,1.0000000000000000,-0.0000000437113883,-0.0000000177589854,-0.4759473800659180,0.0000000384430194,0.8794737458229065,-3.3002352714538574,0.0000000000000000,0.0000000000000000,0.0000000000000000,1.0000000000000000
M 0.8371664285659790,0.0000000239078641,0.5469481945037842,-0.3387220501899719,0.0000000000000000,1.0000000000000000,-0.0000000437113883,-0.0000000177589854,-0.5469481945037842,0.0000000365937076,0.8371664285659790,-3.8252472877502441,0.0000000000000000,0.0000000000000000,0.0000000000000000,1.0000000000000000
M 0.7891405224800110,0.0000000268480900,0.6142126917839050,-0.5650062561035156,0.0000000000000000,1.0000000000000000,-0.0000000437113883,-0.0000000177589854,-0.6142126917839050,0.0000000344944304,0.7891405224800110,-4.3333072662353516,0.0000000000000000,0.0000000000000000,0.0000000000000000,1.0000000000000000
M 0.7357239127159119,0.0000000296049212,0.6772815585136414,-0.8324732184410095,0.0000000000000000,1.0000000000000000,-0.0000000437113883,-0.0000000177589854,-0.6772815585136414,0.0000000321595159,0.7357239127159119,-4.8209462165832520,0.0000000000000000,0.0000000000000000,0.0000000000000000,1.0000000000000000
M 0.6772815585136414,0.0000000321595195,0.7357239723205566,-1.1392956972122192,0.0000000000000000,1.0000000000000000,-0.0000000437113883,-0.0000000177589854,-0.7357239723205566,0.0000000296049212,0.6772815585136414,-5.2848329544067383,0.0000000000000000,0.0000000000000000,0.0000000000000000,1.0000000000000000
M 0.6142126917839050,0.0000000344944269,0.7891405224800110,-1.4833774566650391,0.0000000000000000,1.0000000000000000,-0.0000000437113883,-0.0000000177589854,-0.7891405224800110,0.0000000268480935,0.6142126917839050,-5.7217969894409180,0.0000000000000000,0.0000000000000000,0.0000000000000000,1.0000000000000000
M 0.5469481945037842,0.0000000365937112,0.8371664881706238,-1.8623678684234619,0.0000000000000000,1.0000000000000000,-0.0000000437113883,-0.0000000177589854,-0.8371664881706238,0.0000000239078677,0.5469481945037842,-6.1288552284240723,0.0000000000000000,0.0000000000000000,0.0000000000000000,1.0000000000000000
M 0.4759473502635956,0.0000000384430194,0.8794737458229065,-2.2736792564392090,0.0000000000000000,1.0000000000000000,-0.0000000437113883,-0.0000000177589854,-0.8794737458229065,0.0000000208043236,0.4759473502635956,-6.5032258033752441,0.0000000000000000,0.0000000000000000,0.0000000000000000,1.0000000000000000
M 0.4016953408718109,0.0000000400297324,0.9157733917236328,-2.7145009040832520,0.0000000000000000,1.0000000000000000,-0.0000000437113883,-0.0000000177589854,-0.9157733917236328,0.0000000175586603,0.4016953408718109,-6.8423523902893066,0.0000000000000000,0.0000000000000000,0.0000000000000000,1.0000000000000000
M 0.3246994316577911,0.0000000413429859,0.9458172321319580,-3.1818211078643799,0.0000000000000000,1.0000000000000000,-0.0000000437113883,-0.0000000177589854,-0.9458172321319580,0.0000000141930645,0.3246994316577911,-7.1439175605773926,0.0000000000000000,0.0000000000000000,0.0000000000000000,1.0000000000000000
M 0.2454854995012283,0.0000000423738307,0.9694002866744995,-3.6724481582641602,0.0000000000000000,1.0000000000000000,-0.0000000437113883,-0.0000000177589854,-0.9694002866744995,0.0000000107305116,0.2454854995012283,-7.4058618545532227,0.0000000000000000,0.0000000000000000,0.0000000000000000,1.0000000000000000
M 0.1645945459604263,0.0000000431152287,0.9863613247871399,-4.1830315589904785,0.0000000000000000,1.0000000000000000,-0.0000000437113883,-0.0000000177589854,-0.9863613247871399,0.0000000071946560,0.1645945459604263,-7.6263961791992188,0.0000000000000000,0.0000000000000000,0.0000000000000000,1.0000000000000000
M 0.0825793594121933,0.0000000435620926,0.9965844750404358,-4.7100815773010254,0.0000000000000000,1.0000000000000000,-0.0000000437113883,-0.0000000177589854,-0.9965844750404358,0.0000000036096584,0.0825793594121933,-7.8040132522583008,0.0000000000000000,0.0000000000000000,0.0000000000000000,1.0000000000000000
M -0.0000000437113883,0.0000000437113883,1.0000000000000000,-5.2500000000000000,0.0000000000000000,1.0000000000000000,-0.0000000437113883,-0.0000000177589854,-1.0000000000000000,-0.0000000000000019,-0.0000000437113883,-7.9375000000000000,0.0000000000000000,0.0000000000000000,0.0000000000000000,1.0000000000000000
O WINDOW_12_ROT_120_LCG_cab1_INTERIOR
A WINDOW_12_ROT_120_LCG_cab1_INTERIOR_WINDOW_12_ROT_120_LCG_cab1_INTERIOR
M 1.0000000000000000,0.0000000000000000,0.0000000000000000,0.0000000000000000,0.0000000000000000,1.0000000000000000,-0.0000000437113883,-0.0000000177589854,-0.0000000000000000,0.0000000437113883,1.0000000000000000,0.0000000081934246,0.0000000000000000,0.0000000000000000,0.0000000000000000,1.0000000000000000
M 0.9965844750404358,0.0000000036096577,0.0825793445110321,0.0884449854493141,0.0000000000000000,1.0000000000000000,-0.0000000437113883,-0.0000000177589854,-0.0825793445110321,0.0000000435620926,0.9965844750404358,-0.5490971207618713,0.0000000000000000,0.0000000000000000,0.0000000000000000,1.0000000000000000
M 0.9863613247871399,0.0000000071946582,0.1645945906639099,0.1312439441680908,0.0000000000000000,1.0000000000000000,-0.0000000437113883,-0.0000000177589854,-0.1645945906639099,0.0000000431152287,0.9863613247871399,-1.1036225557327271,0.0000000000000000,0.0000000000000000,0.0000000000000000,1.0000000000000000
M 0.9694002866744995,0.0000000107305116,0.2454854846000671,0.1281041800975800,0.0000000000000000,1.0000000000000000,-0.0000000437113883,-0.0000000177589854,-0.2454854846000671,0.0000000423738307,0.9694002866744995,-1.6597882509231567,0.0000000000000000,0.0000000000000000,0.0000000000000000,1.0000000000000000
M 0.9458172321319580,0.0000000141930645,0.3246994614601135,0.0790470987558365,0.0000000000000000,1.0000000000000000,-0.0000000437113883,-0.0000000177589854,-0.3246994614601135,0.0000000413429859,0.9458172321319580,-2.2137951850891113,0.0000000000000000,0.0000000000000000,0.0000000000000000,1.0000000000000000
M 0.9157733321189880,0.0000000175586692,0.4016954600811005,-0.0155910337343812,0.0000000000000000,1.0000000000000000,-0.0000000437113883,-0.0000000177589854,-0.4016954600811005,0.0000000400297253,0.9157733321189880,-2.7618591785430908,0.0000000000000000,0.0000000000000000,0.0000000000000000,1.0000000000000000
M 0.8794737458229065,0.0000000208043200,0.4759473800659180,-0.1551658511161804,0.0000000000000000,1.0000000000000000,-0.0000000437113883,-0.0000000177589854,-0.4759473800659180,0.0000000384430194,0.8794737458229065,-3.3002352714538574,0.0000000000000000,0.0000000000000000,0.0000000000000000,1.0000000000000000
M 0.8371664285659790,0.0000000239078641,0.5469481945037842,-0.3387220501899719,0.0000000000000000,1.0000000000000000,-0.0000000437113883,-0.0000000177589854,-0.5469481945037842,0.0000000365937076,0.8371664285659790,-3.8252472877502441,0.0000000000000000,0.0000000000000000,0.0000000000000000,1.0000000000000000
M 0.7891405224800110,0.0000000268480900,0.6142126917839050,-0.5650062561035156,0.0000000000000000,1.0000000000000000,-0.0000000437113883,-0.0000000177589854,-0.6142126917839050,0.0000000344944304,0.7891405224800110,-4.3333072662353516,0.0000000000000000,0.0000000000000000,0.0000000000000000,1.0000000000000000
M 0.7357239127159119,0.0000000296049212,0.6772815585136414,-0.8324732184410095,0.0000000000000000,1.0000000000000000,-0.0000000437113883,-0.0000000177589854,-0.6772815585136414,0.0000000321595159,0.7357239127159119,-4.8209462165832520,0.0000000000000000,0.0000000000000000,0.0000000000000000,1.0000000000000000
M 0.6772815585136414,0.0000000321595195,0.7357239723205566,-1.1392956972122192,0.0000000000000000,1.0000000000000000,-0.0000000437113883,-0.0000000177589854,-0.7357239723205566,0.0000000296049212,0.6772815585136414,-5.2848329544067383,0.0000000000000000,0.0000000000000000,0.0000000000000000,1.0000000000000000
M 0.6142126917839050,0.0000000344944269,0.7891405224800110,-1.4833774566650391,0.0000000000000000,1.0000000000000000,-0.0000000437113883,-0.0000000177589854,-0.7891405224800110,0.0000000268480935,0.6142126917839050,-5.7217969894409180,0.0000000000000000,0.0000000000000000,0.0000000000000000,1.0000000000000000
M 0.5469481945037842,0.0000000365937112,0.8371664881706238,-1.8623678684234619,0.0000000000000000,1.0000000000000000,-0.0000000437113883,-0.0000000177589854,-0.8371664881706238,0.0000000239078677,0.5469481945037842,-6.1288552284240723,0.0000000000000000,0.0000000000000000,0.0000000000000000,1.0000000000000000
M 0.4759473502635956,0.0000000384430194,0.8794737458229065,-2.2736792564392090,0.0000000000000000,1.0000000000000000,-0.0000000437113883,-0.0000000177589854,-0.8794737458229065,0.0000000208043236,0.4759473502635956,-6.5032258033752441,0.0000000000000000,0.0000000000000000,0.0000000000000000,1.0000000000000000
M 0.4016953408718109,0.0000000400297324,0.9157733917236328,-2.7145009040832520,0.0000000000000000,1.0000000000000000,-0.0000000437113883,-0.0000000177589854,-0.9157733917236328,0.0000000175586603,0.4016953408718109,-6.8423523902893066,0.0000000000000000,0.0000000000000000,0.0000000000000000,1.0000000000000000
M 0.3246994316577911,0.0000000413429859,0.9458172321319580,-3.1818211078643799,0.0000000000000000,1.0000000000000000,-0.0000000437113883,-0.0000000177589854,-0.9458172321319580,0.0000000141930645,0.3246994316577911,-7.1439175605773926,0.0000000000000000,0.0000000000000000,0.0000000000000000,1.0000000000000000
M 0.2454854995012283,0.0000000423738307,0.9694002866744995,-3.6724481582641602,0.0000000000000000,1.0000000000000000,-0.0000000437113883,-0.0000000177589854,-0.9694002866744995,0.0000000107305116,0.2454854995012283,-7.4058618545532227,0.0000000000000000,0.0000000000000000,0.0000000000000000,1.0000000000000000
M 0.1645945459604263,0.0000000431152287,0.9863613247871399,-4.1830315589904785,0.0000000000000000,1.0000000000000000,-0.0000000437113883,-0.0000000177589854,-0.9863613247871399,0.0000000071946560,0.1645945459604263,-7.6263961791992188,0.0000000000000000,0.0000000000000000,0.0000000000000000,1.0000000000000000
M 0.0825793594121933,0.0000000435620926,0.9965844750404358,-4.7100815773010254,0.0000000000000000,1.0000000000000000,-0.0000000437113883,-0.0000000177589854,-0.9965844750404358,0.0000000036096584,0.0825793594121933,-7.8040132522583008,0.0000000000000000,0.0000000000000000,0.0000000000000000,1.0000000000000000
M -0.0000000437113883,0.0000000437113883,1.0000000000000000,-5.2500000000000000,0.0000000000000000,1.0000000000000000,-0.0000000437113883,-0.0000000177589854,-1.0000000000000000,-0.0000000000000019,-0.0000000437113883,-7.9375000000000000,0.0000000000000000,0.0000000000000000,0.0000000000000000,1.0000000000000000
