O dfl3
A dfl3_dfl3
M 1.0000000000000000,0.0000000000000000,0.0000000000000000,0.0000000000000000,0.0000000000000000,0.4999999701976776,-0.8660254478454590,1.3721553087234497,-0.0000000000000000,0.8660254478454590,0.4999999701976776,-0.0016425251960754,0.0000000000000000,0.0000000000000000,0.0000000000000000,1.0000000000000000
M 1.0000000000000000,0.0000000000000000,0.0000000000000000,0.0000000000000000,0.0000000000000000,0.5029529333114624,-0.8643137812614441,1.3680924177169800,-0.0000000000000000,0.8643137812614441,0.5029529333114624,-0.0039724707603455,0.0000000000000000,0.0000000000000000,0.0000000000000000,1.0000000000000000
M 1.0000000000000000,0.0000000000000000,0.0000000000000000,0.0000000000000000,0.0000000000000000,0.5115097165107727,-0.8592774868011475,1.3562290668487549,-0.0000000000000000,0.8592774868011475,0.5115097165107727,-0.0106711983680725,0.0000000000000000,0.0000000000000000,0.0000000000000000,1.0000000000000000
M 1.0000000000000000,0.0000000000000000,0.0000000000000000,0.0000000000000000,0.0000000000000000,0.5251744389533997,-0.8509945869445801,1.3369985818862915,-0.0000000000000000,0.8509945869445801,0.5251744389533997,-0.0212035179138184,0.0000000000000000,0.0000000000000000,0.0000000000000000,1.0000000000000000
M 1.0000000000000000,0.0000000000000000,0.0000000000000000,0.0000000000000000,0.0000000000000000,0.5434021949768066,-0.8394724726676941,1.3107845783233643,-0.0000000000000000,0.8394724726676941,0.5434021949768066,-0.0349275469779968,0.0000000000000000,0.0000000000000000,0.0000000000000000,1.0000000000000000
M 1.0000000000000000,0.0000000000000000,0.0000000000000000,0.0000000000000000,0.0000000000000000,0.5656068325042725,-0.8246750235557556,1.2779468297958374,-0.0000000000000000,0.8246750235557556,0.5656068325042725,-0.0511223077774048,0.0000000000000000,0.0000000000000000,0.0000000000000000,1.0000000000000000
M 1.0000000000000000,0.0000000000000000,0.0000000000000000,0.0000000000000000,0.0000000000000000,0.5911688804626465,-0.8065477609634399,1.2388467788696289,-0.0000000000000000,0.8065477609634399,0.5911688804626465,-0.0690147280693054,0.0000000000000000,0.0000000000000000,0.0000000000000000,1.0000000000000000
M 1.0000000000000000,0.0000000000000000,0.0000000000000000,0.0000000000000000,0.0000000000000000,0.6194440126419067,-0.7850407958030701,1.1938681602478027,-0.0000000000000000,0.7850407958030701,0.6194440126419067,-0.0878054499626160,0.0000000000000000,0.0000000000000000,0.0000000000000000,1.0000000000000000
M 1.0000000000000000,0.0000000000000000,0.0000000000000000,0.0000000000000000,0.0000000000000000,0.6497723460197449,-0.7601287961006165,1.1434344053268433,-0.0000000000000000,0.7601287961006165,0.6497723460197449,-0.1066932678222656,0.0000000000000000,0.0000000000000000,0.0000000000000000,1.0000000000000000
M 1.0000000000000000,0.0000000000000000,0.0000000000000000,0.0000000000000000,0.0000000000000000,0.6814876794815063,-0.7318295240402222,1.0880247354507446,-0.0000000000000000,0.7318295240402222,0.6814876794815063,-0.1248995065689087,0.0000000000000000,0.0000000000000000,0.0000000000000000,1.0000000000000000
M 1.0000000000000000,0.0000000000000000,0.0000000000000000,0.0000000000000000,0.0000000000000000,0.7139295935630798,-0.7002174854278564,1.0281815528869629,-0.0000000000000000,0.7002174854278564,0.7139295935630798,-0.1416909992694855,0.0000000000000000,0.0000000000000000,0.0000000000000000,1.0000000000000000
M 1.0000000000000000,0.0000000000000000,0.0000000000000000,0.0000000000000000,0.0000000000000000,0.7464575171470642,-0.6654331088066101,0.9645122289657593,-0.0000000000000000,0.6654331088066101,0.7464575171470642,-0.1564035117626190,0.0000000000000000,0.0000000000000000,0.0000000000000000,1.0000000000000000
M 1.0000000000000000,0.0000000000000000,0.0000000000000000,0.0000000000000000,0.0000000000000000,0.7784622311592102,-0.6276915073394775,0.8976907730102539,-0.0000000000000000,0.6276915073394775,0.7784622311592102,-0.1684618294239044,0.0000000000000000,0.0000000000000000,0.0000000000000000,1.0000000000000000
M 1.0000000000000000,0.0000000000000000,0.0000000000000000,0.0000000000000000,0.0000000000000000,0.8093817234039307,-0.5872829556465149,0.8284485340118408,-0.0000000000000000,0.5872829556465149,0.8093817234039307,-0.1773978173732758,0.0000000000000000,0.0000000000000000,0.0000000000000000,1.0000000000000000
M 1.0000000000000000,0.0000000000000000,0.0000000000000000,0.0000000000000000,0.0000000000000000,0.8387126922607422,-0.5445741415023804,0.7575667500495911,-0.0000000000000000,0.5445741415023804,0.8387126922607422,-0.1828660368919373,0.0000000000000000,0.0000000000000000,0.0000000000000000,1.0000000000000000
M 1.0000000000000000,0.0000000000000000,0.0000000000000000,0.0000000000000000,0.0000000000000000,0.8660254478454590,-0.4999999403953552,0.6858574151992798,-0.0000000000000000,0.4999999403953552,0.8660254478454590,-0.1846552193164825,0.0000000000000000,0.0000000000000000,0.0000000000000000,1.0000000000000000
M 1.0000000000000000,0.0000000000000000,0.0000000000000000,0.0000000000000000,0.0000000000000000,0.8909712433815002,-0.4540597200393677,0.6141532063484192,-0.0000000000000000,0.4540597200393677,0.8909712433815002,-0.1826944649219513,0.0000000000000000,0.0000000000000000,0.0000000000000000,1.0000000000000000
M 1.0000000000000000,0.0000000000000000,0.0000000000000000,0.0000000000000000,0.0000000000000000,0.9132928848266602,-0.4073034226894379,0.5432839393615723,-0.0000000000000000,0.4073034226894379,0.9132928848266602,-0.1770564019680023,0.0000000000000000,0.0000000000000000,0.0000000000000000,1.0000000000000000
M 1.0000000000000000,0.0000000000000000,0.0000000000000000,0.0000000000000000,0.0000000000000000,0.9328278899192810,-0.3603224158287048,0.4740637242794037,-0.0000000000000000,0.3603224158287048,0.9328278899192810,-0.1679547280073166,0.0000000000000000,0.0000000000000000,0.0000000000000000,1.0000000000000000
M 1.0000000000000000,0.0000000000000000,0.0000000000000000,0.0000000000000000,0.0000000000000000,0.9495106935501099,-0.3137346804141998,0.4072713553905487,-0.0000000000000000,0.3137346804141998,0.9495106935501099,-0.1557364612817764,0.0000000000000000,0.0000000000000000,0.0000000000000000,1.0000000000000000
M 1.0000000000000000,0.0000000000000000,0.0000000000000000,0.0000000000000000,0.0000000000000000,0.9633709192276001,-0.2681725621223450,0.3436374068260193,-0.0000000000000000,0.2681725621223450,0.9633709192276001,-0.1408714950084686,0.0000000000000000,0.0000000000000000,0.0000000000000000,1.0000000000000000
M 1.0000000000000000,0.0000000000000000,0.0000000000000000,0.0000000000000000,0.0000000000000000,0.9745268821716309,-0.2242707610130310,0.2838343083858490,-0.0000000000000000,0.2242707610130310,0.9745268821716309,-0.1239367127418518,0.0000000000000000,0.0000000000000000,0.0000000000000000,1.0000000000000000
M 1.0000000000000000,0.0000000000000000,0.0000000000000000,0.0000000000000000,0.0000000000000000,0.9831770658493042,-0.1826550960540771,0.2284686565399170,-0.0000000000000000,0.1826550960540771,0.9831770658493042,-0.1055980920791626,0.0000000000000000,0.0000000000000000,0.0000000000000000,1.0000000000000000
M 1.0000000000000000,0.0000000000000000,0.0000000000000000,0.0000000000000000,0.0000000000000000,0.9895872473716736,-0.1439342498779297,0.1780806481838226,-0.0000000000000000,0.1439342498779297,0.9895872473716736,-0.0865896120667458,0.0000000000000000,0.0000000000000000,0.0000000000000000,1.0000000000000000
M 1.0000000000000000,0.0000000000000000,0.0000000000000000,0.0000000000000000,0.0000000000000000,0.9940753579139709,-0.1086934134364128,0.1331466138362885,-0.0000000000000000,0.1086934134364128,0.9940753579139709,-0.0676911473274231,0.0000000000000000,0.0000000000000000,0.0000000000000000,1.0000000000000000
M 1.0000000000000000,0.0000000000000000,0.0000000000000000,0.0000000000000000,0.0000000000000000,0.9969929456710815,-0.0774923563003540,0.0940894782543182,-0.0000000000000000,0.0774923563003540,0.9969929456710815,-0.0497049987316132,0.0000000000000000,0.0000000000000000,0.0000000000000000,1.0000000000000000
M 1.0000000000000000,0.0000000000000000,0.0000000000000000,0.0000000000000000,0.0000000000000000,0.9987055659294128,-0.0508640035986900,0.0612908788025379,-0.0000000000000000,0.0508640035986900,0.9987055659294128,-0.0334318354725838,0.0000000000000000,0.0000000000000000,0.0000000000000000,1.0000000000000000
M 1.0000000000000000,0.0000000000000000,0.0000000000000000,0.0000000000000000,0.0000000000000000,0.9995701313018799,-0.0293173938989639,0.0351099036633968,-0.0000000000000000,0.0293173938989639,0.9995701313018799,-0.0196451731026173,0.0000000000000000,0.0000000000000000,0.0000000000000000,1.0000000000000000
M 1.0000000000000000,0.0000000000000000,0.0000000000000000,0.0000000000000000,0.0000000000000000,0.9999110102653503,-0.0133419092744589,0.0159046500921249,-0.0000000000000000,0.0133419092744589,0.9999110102653503,-0.0090668611228466,0.0000000000000000,0.0000000000000000,0.0000000000000000,1.0000000000000000
M 1.0000000000000000,0.0000000000000000,0.0000000000000000,0.0000000000000000,0.0000000000000000,0.9999941587448120,-0.0034131181892008,0.0040570488199592,-0.0000000000000000,0.0034131181892008,0.9999941587448120,-0.0023395225871354,0.0000000000000000,0.0000000000000000,0.0000000000000000,1.0000000000000000
M 1.0000000000000000,0.0000000000000000,0.0000000000000000,0.0000000000000000,0.0000000000000000,1.0000000000000000,-0.0000000437113883,0.0000000891601744,-0.0000000000000000,0.0000000437113883,1.0000000000000000,0.0000000519048058,0.0000000000000000,0.0000000000000000,0.0000000000000000,1.0000000000000000
M 1.0000000000000000,0.0000000000000000,0.0000000000000000,0.0000000000000000,0.0000000000000000,1.0000000000000000,-0.0000000437113883,0.0000000891601744,-0.0000000000000000,0.0000000437113883,1.0000000000000000,0.0000000519048058,0.0000000000000000,0.0000000000000000,0.0000000000000000,1.0000000000000000
M 1.0000000000000000,0.0000000000000000,0.0000000000000000,0.0000000000000000,0.0000000000000000,1.0000000000000000,-0.0000000437113883,0.0000000891601744,-0.0000000000000000,0.0000000437113883,1.0000000000000000,0.0000000519048058,0.0000000000000000,0.0000000000000000,0.0000000000000000,1.0000000000000000
M 1.0000000000000000,0.0000000000000000,0.0000000000000000,0.0000000000000000,0.0000000000000000,1.0000000000000000,-0.0000000437113883,0.0000000891601744,-0.0000000000000000,0.0000000437113883,1.0000000000000000,0.0000000519048058,0.0000000000000000,0.0000000000000000,0.0000000000000000,1.0000000000000000
M 1.0000000000000000,0.0000000000000000,0.0000000000000000,0.0000000000000000,0.0000000000000000,1.0000000000000000,-0.0000000437113883,0.0000000891601744,-0.0000000000000000,0.0000000437113883,1.0000000000000000,0.0000000519048058,0.0000000000000000,0.0000000000000000,0.0000000000000000,1.0000000000000000
M 1.0000000000000000,0.0000000000000000,0.0000000000000000,0.0000000000000000,0.0000000000000000,1.0000000000000000,-0.0000000437113883,0.0000000891601744,-0.0000000000000000,0.0000000437113883,1.0000000000000000,0.0000000519048058,0.0000000000000000,0.0000000000000000,0.0000000000000000,1.0000000000000000
M 1.0000000000000000,0.0000000000000000,0.0000000000000000,0.0000000000000000,0.0000000000000000,1.0000000000000000,-0.0000000437113883,0.0000000891601744,-0.0000000000000000,0.0000000437113883,1.0000000000000000,0.0000000519048058,0.0000000000000000,0.0000000000000000,0.0000000000000000,1.0000000000000000
M 1.0000000000000000,0.0000000000000000,0.0000000000000000,0.0000000000000000,0.0000000000000000,1.0000000000000000,-0.0000000437113883,0.0000000891601744,-0.0000000000000000,0.0000000437113883,1.0000000000000000,0.0000000519048058,0.0000000000000000,0.0000000000000000,0.0000000000000000,1.0000000000000000
M 1.0000000000000000,0.0000000000000000,0.0000000000000000,0.0000000000000000,0.0000000000000000,1.0000000000000000,-0.0000000437113883,0.0000000891601744,-0.0000000000000000,0.0000000437113883,1.0000000000000000,0.0000000519048058,0.0000000000000000,0.0000000000000000,0.0000000000000000,1.0000000000000000
M 1.0000000000000000,0.0000000000000000,0.0000000000000000,0.0000000000000000,0.0000000000000000,1.0000000000000000,-0.0000000437113883,0.0000000891601744,-0.0000000000000000,0.0000000437113883,1.0000000000000000,0.0000000519048058,0.0000000000000000,0.0000000000000000,0.0000000000000000,1.0000000000000000
M 1.0000000000000000,0.0000000000000000,0.0000000000000000,0.0000000000000000,0.0000000000000000,1.0000000000000000,-0.0000000437113883,0.0000000891601744,-0.0000000000000000,0.0000000437113883,1.0000000000000000,0.0000000519048058,0.0000000000000000,0.0000000000000000,0.0000000000000000,1.0000000000000000
M 1.0000000000000000,0.0000000000000000,0.0000000000000000,0.0000000000000000,0.0000000000000000,1.0000000000000000,-0.0000000437113883,0.0000000891601744,-0.0000000000000000,0.0000000437113883,1.0000000000000000,0.0000000519048058,0.0000000000000000,0.0000000000000000,0.0000000000000000,1.0000000000000000
M 1.0000000000000000,0.0000000000000000,0.0000000000000000,0.0000000000000000,0.0000000000000000,1.0000000000000000,-0.0000000437113883,0.0000000891601744,-0.0000000000000000,0.0000000437113883,1.0000000000000000,0.0000000519048058,0.0000000000000000,0.0000000000000000,0.0000000000000000,1.0000000000000000
M 1.0000000000000000,0.0000000000000000,0.0000000000000000,0.0000000000000000,0.0000000000000000,1.0000000000000000,-0.0000000437113883,0.0000000891601744,-0.0000000000000000,0.0000000437113883,1.0000000000000000,0.0000000519048058,0.0000000000000000,0.0000000000000000,0.0000000000000000,1.0000000000000000
M 1.0000000000000000,0.0000000000000000,0.0000000000000000,0.0000000000000000,0.0000000000000000,1.0000000000000000,-0.0000000437113883,0.0000000891601744,-0.0000000000000000,0.0000000437113883,1.0000000000000000,0.0000000519048058,0.0000000000000000,0.0000000000000000,0.0000000000000000,1.0000000000000000
M 1.0000000000000000,0.0000000000000000,0.0000000000000000,0.0000000000000000,0.0000000000000000,1.0000000000000000,-0.0000000437113883,0.0000000891601744,-0.0000000000000000,0.0000000437113883,1.0000000000000000,0.0000000519048058,0.0000000000000000,0.0000000000000000,0.0000000000000000,1.0000000000000000
M 1.0000000000000000,0.0000000000000000,0.0000000000000000,0.0000000000000000,0.0000000000000000,1.0000000000000000,-0.0000000437113883,0.0000000891601744,-0.0000000000000000,0.0000000437113883,1.0000000000000000,0.0000000519048058,0.0000000000000000,0.0000000000000000,0.0000000000000000,1.0000000000000000
M 1.0000000000000000,0.0000000000000000,0.0000000000000000,0.0000000000000000,0.0000000000000000,1.0000000000000000,-0.0000000437113883,0.0000000891601744,-0.0000000000000000,0.0000000437113883,1.0000000000000000,0.0000000519048058,0.0000000000000000,0.0000000000000000,0.0000000000000000,1.0000000000000000
M 1.0000000000000000,0.0000000000000000,0.0000000000000000,0.0000000000000000,0.0000000000000000,1.0000000000000000,-0.0000000437113883,0.0000000891601744,-0.0000000000000000,0.0000000437113883,1.0000000000000000,0.0000000519048058,0.0000000000000000,0.0000000000000000,0.0000000000000000,1.0000000000000000
M 1.0000000000000000,0.0000000000000000,0.0000000000000000,0.0000000000000000,0.0000000000000000,1.0000000000000000,-0.0000000437113883,0.0000000891601744,-0.0000000000000000,0.0000000437113883,1.0000000000000000,0.0000000519048058,0.0000000000000000,0.0000000000000000,0.0000000000000000,1.0000000000000000
M 1.0000000000000000,0.0000000000000000,0.0000000000000000,0.0000000000000000,0.0000000000000000,1.0000000000000000,-0.0000000437113883,0.0000000891601744,-0.0000000000000000,0.0000000437113883,1.0000000000000000,0.0000000519048058,0.0000000000000000,0.0000000000000000,0.0000000000000000,1.0000000000000000
M 1.0000000000000000,0.0000000000000000,0.0000000000000000,0.0000000000000000,0.0000000000000000,1.0000000000000000,-0.0000000437113883,0.0000000891601744,-0.0000000000000000,0.0000000437113883,1.0000000000000000,0.0000000519048058,0.0000000000000000,0.0000000000000000,0.0000000000000000,1.0000000000000000
M 1.0000000000000000,0.0000000000000000,0.0000000000000000,0.0000000000000000,0.0000000000000000,1.0000000000000000,-0.0000000437113883,0.0000000891601744,-0.0000000000000000,0.0000000437113883,1.0000000000000000,0.0000000519048058,0.0000000000000000,0.0000000000000000,0.0000000000000000,1.0000000000000000
M 1.0000000000000000,0.0000000000000000,0.0000000000000000,0.0000000000000000,0.0000000000000000,1.0000000000000000,-0.0000000437113883,0.0000000891601744,-0.0000000000000000,0.0000000437113883,1.0000000000000000,0.0000000519048058,0.0000000000000000,0.0000000000000000,0.0000000000000000,1.0000000000000000
M 1.0000000000000000,0.0000000000000000,0.0000000000000000,0.0000000000000000,0.0000000000000000,1.0000000000000000,-0.0000000437113883,0.0000000891601744,-0.0000000000000000,0.0000000437113883,1.0000000000000000,0.0000000519048058,0.0000000000000000,0.0000000000000000,0.0000000000000000,1.0000000000000000
M 1.0000000000000000,0.0000000000000000,0.0000000000000000,0.0000000000000000,0.0000000000000000,1.0000000000000000,-0.0000000437113883,0.0000000891601744,-0.0000000000000000,0.0000000437113883,1.0000000000000000,0.0000000519048058,0.0000000000000000,0.0000000000000000,0.0000000000000000,1.0000000000000000
M 1.0000000000000000,0.0000000000000000,0.0000000000000000,0.0000000000000000,0.0000000000000000,1.0000000000000000,-0.0000000437113883,0.0000000891601744,-0.0000000000000000,0.0000000437113883,1.0000000000000000,0.0000000519048058,0.0000000000000000,0.0000000000000000,0.0000000000000000,1.0000000000000000
M 1.0000000000000000,0.0000000000000000,0.0000000000000000,0.0000000000000000,0.0000000000000000,1.0000000000000000,-0.0000000437113883,0.0000000891601744,-0.0000000000000000,0.0000000437113883,1.0000000000000000,0.0000000519048058,0.0000000000000000,0.0000000000000000,0.0000000000000000,1.0000000000000000
M 1.0000000000000000,0.0000000000000000,0.0000000000000000,0.0000000000000000,0.0000000000000000,1.0000000000000000,-0.0000000437113883,0.0000000891601744,-0.0000000000000000,0.0000000437113883,1.0000000000000000,0.0000000519048058,0.0000000000000000,0.0000000000000000,0.0000000000000000,1.0000000000000000
M 1.0000000000000000,0.0000000000000000,0.0000000000000000,0.0000000000000000,0.0000000000000000,1.0000000000000000,-0.0000000437113883,0.0000000891601744,-0.0000000000000000,0.0000000437113883,1.0000000000000000,0.0000000519048058,0.0000000000000000,0.0000000000000000,0.0000000000000000,1.0000000000000000
M 1.0000000000000000,0.0000000000000000,0.0000000000000000,0.0000000000000000,0.0000000000000000,1.0000000000000000,-0.0000000437113883,0.0000000891601744,-0.0000000000000000,0.0000000437113883,1.0000000000000000,0.0000000519048058,0.0000000000000000,0.0000000000000000,0.0000000000000000,1.0000000000000000
M 1.0000000000000000,0.0000000000000000,0.0000000000000000,0.0000000000000000,0.0000000000000000,1.0000000000000000,-0.0000000437113883,0.0000000891601744,-0.0000000000000000,0.0000000437113883,1.0000000000000000,0.0000000519048058,0.0000000000000000,0.0000000000000000,0.0000000000000000,1.0000000000000000
M 1.0000000000000000,0.0000000000000000,0.0000000000000000,0.0000000000000000,0.0000000000000000,1.0000000000000000,-0.0000000437113883,0.0000000891601744,-0.0000000000000000,0.0000000437113883,1.0000000000000000,0.0000000519048058,0.0000000000000000,0.0000000000000000,0.0000000000000000,1.0000000000000000
M 1.0000000000000000,0.0000000000000000,0.0000000000000000,0.0000000000000000,0.0000000000000000,1.0000000000000000,-0.0000000437113883,0.0000000891601744,-0.0000000000000000,0.0000000437113883,1.0000000000000000,0.0000000519048058,0.0000000000000000,0.0000000000000000,0.0000000000000000,1.0000000000000000
M 1.0000000000000000,0.0000000000000000,0.0000000000000000,0.0000000000000000,0.0000000000000000,1.0000000000000000,-0.0000000437113883,0.0000000891601744,-0.0000000000000000,0.0000000437113883,1.0000000000000000,0.0000000519048058,0.0000000000000000,0.0000000000000000,0.0000000000000000,1.0000000000000000
M 1.0000000000000000,0.0000000000000000,0.0000000000000000,0.0000000000000000,0.0000000000000000,1.0000000000000000,-0.0000000437113883,0.0000000891601744,-0.0000000000000000,0.0000000437113883,1.0000000000000000,0.0000000519048058,0.0000000000000000,0.0000000000000000,0.0000000000000000,1.0000000000000000
M 1.0000000000000000,0.0000000000000000,0.0000000000000000,0.0000000000000000,0.0000000000000000,1.0000000000000000,-0.0000000437113883,0.0000000891601744,-0.0000000000000000,0.0000000437113883,1.0000000000000000,0.0000000519048058,0.0000000000000000,0.0000000000000000,0.0000000000000000,1.0000000000000000
M 1.0000000000000000,0.0000000000000000,0.0000000000000000,0.0000000000000000,0.0000000000000000,1.0000000000000000,-0.0000000437113883,0.0000000891601744,-0.0000000000000000,0.0000000437113883,1.0000000000000000,0.0000000519048058,0.0000000000000000,0.0000000000000000,0.0000000000000000,1.0000000000000000
M 1.0000000000000000,0.0000000000000000,0.0000000000000000,0.0000000000000000,0.0000000000000000,1.0000000000000000,-0.0000000437113883,0.0000000891601744,-0.0000000000000000,0.0000000437113883,1.0000000000000000,0.0000000519048058,0.0000000000000000,0.0000000000000000,0.0000000000000000,1.0000000000000000
M 1.0000000000000000,0.0000000000000000,0.0000000000000000,0.0000000000000000,0.0000000000000000,1.0000000000000000,-0.0000000437113883,0.0000000891601744,-0.0000000000000000,0.0000000437113883,1.0000000000000000,0.0000000519048058,0.0000000000000000,0.0000000000000000,0.0000000000000000,1.0000000000000000
M 1.0000000000000000,0.0000000000000000,0.0000000000000000,0.0000000000000000,0.0000000000000000,1.0000000000000000,-0.0000000437113883,0.0000000891601744,-0.0000000000000000,0.0000000437113883,1.0000000000000000,0.0000000519048058,0.0000000000000000,0.0000000000000000,0.0000000000000000,1.0000000000000000
M 1.0000000000000000,0.0000000000000000,0.0000000000000000,0.0000000000000000,0.0000000000000000,1.0000000000000000,-0.0000000437113883,0.0000000891601744,-0.0000000000000000,0.0000000437113883,1.0000000000000000,0.0000000519048058,0.0000000000000000,0.0000000000000000,0.0000000000000000,1.0000000000000000
M 1.0000000000000000,0.0000000000000000,0.0000000000000000,0.0000000000000000,0.0000000000000000,1.0000000000000000,-0.0000000437113883,0.0000000891601744,-0.0000000000000000,0.0000000437113883,1.0000000000000000,0.0000000519048058,0.0000000000000000,0.0000000000000000,0.0000000000000000,1.0000000000000000
M 1.0000000000000000,0.0000000000000000,0.0000000000000000,0.0000000000000000,0.0000000000000000,1.0000000000000000,-0.0000000437113883,0.0000000891601744,-0.0000000000000000,0.0000000437113883,1.0000000000000000,0.0000000519048058,0.0000000000000000,0.0000000000000000,0.0000000000000000,1.0000000000000000
M 1.0000000000000000,0.0000000000000000,0.0000000000000000,0.0000000000000000,0.0000000000000000,1.0000000000000000,-0.0000000437113883,0.0000000891601744,-0.0000000000000000,0.0000000437113883,1.0000000000000000,0.0000000519048058,0.0000000000000000,0.0000000000000000,0.0000000000000000,1.0000000000000000
M 1.0000000000000000,0.0000000000000000,0.0000000000000000,0.0000000000000000,0.0000000000000000,1.0000000000000000,-0.0000000437113883,0.0000000891601744,-0.0000000000000000,0.0000000437113883,1.0000000000000000,0.0000000519048058,0.0000000000000000,0.0000000000000000,0.0000000000000000,1.0000000000000000
M 1.0000000000000000,0.0000000000000000,0.0000000000000000,0.0000000000000000,0.0000000000000000,1.0000000000000000,-0.0000000437113883,0.0000000891601744,-0.0000000000000000,0.0000000437113883,1.0000000000000000,0.0000000519048058,0.0000000000000000,0.0000000000000000,0.0000000000000000,1.0000000000000000
M 1.0000000000000000,0.0000000000000000,0.0000000000000000,0.0000000000000000,0.0000000000000000,1.0000000000000000,-0.0000000437113883,0.0000000891601744,-0.0000000000000000,0.0000000437113883,1.0000000000000000,0.0000000519048058,0.0000000000000000,0.0000000000000000,0.0000000000000000,1.0000000000000000
M 1.0000000000000000,0.0000000000000000,0.0000000000000000,0.0000000000000000,0.0000000000000000,1.0000000000000000,-0.0000000437113883,0.0000000891601744,-0.0000000000000000,0.0000000437113883,1.0000000000000000,0.0000000519048058,0.0000000000000000,0.0000000000000000,0.0000000000000000,1.0000000000000000
M 1.0000000000000000,0.0000000000000000,0.0000000000000000,0.0000000000000000,0.0000000000000000,1.0000000000000000,-0.0000000437113883,0.0000000891601744,-0.0000000000000000,0.0000000437113883,1.0000000000000000,0.0000000519048058,0.0000000000000000,0.0000000000000000,0.0000000000000000,1.0000000000000000
M 1.0000000000000000,0.0000000000000000,0.0000000000000000,0.0000000000000000,0.0000000000000000,1.0000000000000000,-0.0000000437113883,0.0000000891601744,-0.0000000000000000,0.0000000437113883,1.0000000000000000,0.0000000519048058,0.0000000000000000,0.0000000000000000,0.0000000000000000,1.0000000000000000
M 1.0000000000000000,0.0000000000000000,0.0000000000000000,0.0000000000000000,0.0000000000000000,1.0000000000000000,-0.0000000437113883,0.0000000891601744,-0.0000000000000000,0.0000000437113883,1.0000000000000000,0.0000000519048058,0.0000000000000000,0.0000000000000000,0.0000000000000000,1.0000000000000000
M 1.0000000000000000,0.0000000000000000,0.0000000000000000,0.0000000000000000,0.0000000000000000,1.0000000000000000,-0.0000000437113883,0.0000000891601744,-0.0000000000000000,0.0000000437113883,1.0000000000000000,0.0000000519048058,0.0000000000000000,0.0000000000000000,0.0000000000000000,1.0000000000000000
M 1.0000000000000000,0.0000000000000000,0.0000000000000000,0.0000000000000000,0.0000000000000000,1.0000000000000000,-0.0000000437113883,0.0000000891601744,-0.0000000000000000,0.0000000437113883,1.0000000000000000,0.0000000519048058,0.0000000000000000,0.0000000000000000,0.0000000000000000,1.0000000000000000
M 1.0000000000000000,0.0000000000000000,0.0000000000000000,0.0000000000000000,0.0000000000000000,1.0000000000000000,-0.0000000437113883,0.0000000891601744,-0.0000000000000000,0.0000000437113883,1.0000000000000000,0.0000000519048058,0.0000000000000000,0.0000000000000000,0.0000000000000000,1.0000000000000000
M 1.0000000000000000,0.0000000000000000,0.0000000000000000,0.0000000000000000,0.0000000000000000,1.0000000000000000,-0.0000000437113883,0.0000000891601744,-0.0000000000000000,0.0000000437113883,1.0000000000000000,0.0000000519048058,0.0000000000000000,0.0000000000000000,0.0000000000000000,1.0000000000000000
M 1.0000000000000000,0.0000000000000000,0.0000000000000000,0.0000000000000000,0.0000000000000000,1.0000000000000000,-0.0000000437113883,0.0000000891601744,-0.0000000000000000,0.0000000437113883,1.0000000000000000,0.0000000519048058,0.0000000000000000,0.0000000000000000,0.0000000000000000,1.0000000000000000
M 1.0000000000000000,0.0000000000000000,0.0000000000000000,0.0000000000000000,0.0000000000000000,1.0000000000000000,-0.0000000437113883,0.0000000891601744,-0.0000000000000000,0.0000000437113883,1.0000000000000000,0.0000000519048058,0.0000000000000000,0.0000000000000000,0.0000000000000000,1.0000000000000000
M 1.0000000000000000,0.0000000000000000,0.0000000000000000,0.0000000000000000,0.0000000000000000,1.0000000000000000,-0.0000000437113883,0.0000000891601744,-0.0000000000000000,0.0000000437113883,1.0000000000000000,0.0000000519048058,0.0000000000000000,0.0000000000000000,0.0000000000000000,1.0000000000000000
M 1.0000000000000000,0.0000000000000000,0.0000000000000000,0.0000000000000000,0.0000000000000000,1.0000000000000000,-0.0000000437113883,0.0000000891601744,-0.0000000000000000,0.0000000437113883,1.0000000000000000,0.0000000519048058,0.0000000000000000,0.0000000000000000,0.0000000000000000,1.0000000000000000
M 1.0000000000000000,0.0000000000000000,0.0000000000000000,0.0000000000000000,0.0000000000000000,1.0000000000000000,-0.0000000437113883,0.0000000891601744,-0.0000000000000000,0.0000000437113883,1.0000000000000000,0.0000000519048058,0.0000000000000000,0.0000000000000000,0.0000000000000000,1.0000000000000000
M 1.0000000000000000,0.0000000000000000,0.0000000000000000,0.0000000000000000,0.0000000000000000,1.0000000000000000,-0.0000000437113883,0.0000000891601744,-0.0000000000000000,0.0000000437113883,1.0000000000000000,0.0000000519048058,0.0000000000000000,0.0000000000000000,0.0000000000000000,1.0000000000000000
M 1.0000000000000000,0.0000000000000000,0.0000000000000000,0.0000000000000000,0.0000000000000000,1.0000000000000000,-0.0000000437113883,0.0000000891601744,-0.0000000000000000,0.0000000437113883,1.0000000000000000,0.0000000519048058,0.0000000000000000,0.0000000000000000,0.0000000000000000,1.0000000000000000
M 1.0000000000000000,0.0000000000000000,0.0000000000000000,0.0000000000000000,0.0000000000000000,1.0000000000000000,-0.0000000437113883,0.0000000891601744,-0.0000000000000000,0.0000000437113883,1.0000000000000000,0.0000000519048058,0.0000000000000000,0.0000000000000000,0.0000000000000000,1.0000000000000000
M 1.0000000000000000,0.0000000000000000,0.0000000000000000,0.0000000000000000,0.0000000000000000,1.0000000000000000,-0.0000000437113883,0.0000000891601744,-0.0000000000000000,0.0000000437113883,1.0000000000000000,0.0000000519048058,0.0000000000000000,0.0000000000000000,0.0000000000000000,1.0000000000000000
M 1.0000000000000000,0.0000000000000000,0.0000000000000000,0.0000000000000000,0.0000000000000000,1.0000000000000000,-0.0000000437113883,0.0000000891601744,-0.0000000000000000,0.0000000437113883,1.0000000000000000,0.0000000519048058,0.0000000000000000,0.0000000000000000,0.0000000000000000,1.0000000000000000
M 1.0000000000000000,0.0000000000000000,0.0000000000000000,0.0000000000000000,0.0000000000000000,1.0000000000000000,-0.0000000437113883,0.0000000891601744,-0.0000000000000000,0.0000000437113883,1.0000000000000000,0.0000000519048058,0.0000000000000000,0.0000000000000000,0.0000000000000000,1.0000000000000000
M 1.0000000000000000,0.0000000000000000,0.0000000000000000,0.0000000000000000,0.0000000000000000,1.0000000000000000,-0.0000000437113883,0.0000000891601744,-0.0000000000000000,0.0000000437113883,1.0000000000000000,0.0000000519048058,0.0000000000000000,0.0000000000000000,0.0000000000000000,1.0000000000000000
M 1.0000000000000000,0.0000000000000000,0.0000000000000000,0.0000000000000000,0.0000000000000000,1.0000000000000000,-0.0000000437113883,0.0000000891601744,-0.0000000000000000,0.0000000437113883,1.0000000000000000,0.0000000519048058,0.0000000000000000,0.0000000000000000,0.0000000000000000,1.0000000000000000
M 1.0000000000000000,0.0000000000000000,0.0000000000000000,0.0000000000000000,0.0000000000000000,1.0000000000000000,-0.0000000437113883,0.0000000891601744,-0.0000000000000000,0.0000000437113883,1.0000000000000000,0.0000000519048058,0.0000000000000000,0.0000000000000000,0.0000000000000000,1.0000000000000000
M 1.0000000000000000,0.0000000000000000,0.0000000000000000,0.0000000000000000,0.0000000000000000,1.0000000000000000,-0.0000000437113883,0.0000000891601744,-0.0000000000000000,0.0000000437113883,1.0000000000000000,0.0000000519048058,0.0000000000000000,0.0000000000000000,0.0000000000000000,1.0000000000000000
M 1.0000000000000000,0.0000000000000000,0.0000000000000000,0.0000000000000000,0.0000000000000000,1.0000000000000000,-0.0000000437113883,0.0000000891601744,-0.0000000000000000,0.0000000437113883,1.0000000000000000,0.0000000519048058,0.0000000000000000,0.0000000000000000,0.0000000000000000,1.0000000000000000
M 1.0000000000000000,0.0000000000000000,0.0000000000000000,0.0000000000000000,0.0000000000000000,1.0000000000000000,-0.0000000437113883,0.0000000891601744,-0.0000000000000000,0.0000000437113883,1.0000000000000000,0.0000000519048058,0.0000000000000000,0.0000000000000000,0.0000000000000000,1.0000000000000000
M 1.0000000000000000,0.0000000000000000,0.0000000000000000,0.0000000000000000,0.0000000000000000,1.0000000000000000,-0.0000000437113883,0.0000000891601744,-0.0000000000000000,0.0000000437113883,1.0000000000000000,0.0000000519048058,0.0000000000000000,0.0000000000000000,0.0000000000000000,1.0000000000000000
M 1.0000000000000000,0.0000000000000000,0.0000000000000000,0.0000000000000000,0.0000000000000000,1.0000000000000000,-0.0000000437113883,0.0000000891601744,-0.0000000000000000,0.0000000437113883,1.0000000000000000,0.0000000519048058,0.0000000000000000,0.0000000000000000,0.0000000000000000,1.0000000000000000
M 1.0000000000000000,0.0000000000000000,0.0000000000000000,0.0000000000000000,0.0000000000000000,1.0000000000000000,-0.0000000437113883,0.0000000891601744,-0.0000000000000000,0.0000000437113883,1.0000000000000000,0.0000000519048058,0.0000000000000000,0.0000000000000000,0.0000000000000000,1.0000000000000000
M 1.0000000000000000,0.0000000000000000,0.0000000000000000,0.0000000000000000,0.0000000000000000,1.0000000000000000,-0.0000000437113883,0.0000000891601744,-0.0000000000000000,0.0000000437113883,1.0000000000000000,0.0000000519048058,0.0000000000000000,0.0000000000000000,0.0000000000000000,1.0000000000000000
M 1.0000000000000000,0.0000000000000000,0.0000000000000000,0.0000000000000000,0.0000000000000000,1.0000000000000000,-0.0000000437113883,0.0000000891601744,-0.0000000000000000,0.0000000437113883,1.0000000000000000,0.0000000519048058,0.0000000000000000,0.0000000000000000,0.0000000000000000,1.0000000000000000
M 1.0000000000000000,0.0000000000000000,0.0000000000000000,0.0000000000000000,0.0000000000000000,1.0000000000000000,-0.0000000437113883,0.0000000891601744,-0.0000000000000000,0.0000000437113883,1.0000000000000000,0.0000000519048058,0.0000000000000000,0.0000000000000000,0.0000000000000000,1.0000000000000000
M 1.0000000000000000,0.0000000000000000,0.0000000000000000,0.0000000000000000,0.0000000000000000,1.0000000000000000,-0.0000000437113883,0.0000000891601744,-0.0000000000000000,0.0000000437113883,1.0000000000000000,0.0000000519048058,0.0000000000000000,0.0000000000000000,0.0000000000000000,1.0000000000000000
M 1.0000000000000000,0.0000000000000000,0.0000000000000000,0.0000000000000000,0.0000000000000000,1.0000000000000000,-0.0000000437113883,0.0000000891601744,-0.0000000000000000,0.0000000437113883,1.0000000000000000,0.0000000519048058,0.0000000000000000,0.0000000000000000,0.0000000000000000,1.0000000000000000
M 1.0000000000000000,0.0000000000000000,0.0000000000000000,0.0000000000000000,0.0000000000000000,1.0000000000000000,-0.0000000437113883,0.0000000891601744,-0.0000000000000000,0.0000000437113883,1.0000000000000000,0.0000000519048058,0.0000000000000000,0.0000000000000000,0.0000000000000000,1.0000000000000000
M 1.0000000000000000,0.0000000000000000,0.0000000000000000,0.0000000000000000,0.0000000000000000,1.0000000000000000,-0.0000000437113883,0.0000000891601744,-0.0000000000000000,0.0000000437113883,1.0000000000000000,0.0000000519048058,0.0000000000000000,0.0000000000000000,0.0000000000000000,1.0000000000000000
M 1.0000000000000000,0.0000000000000000,0.0000000000000000,0.0000000000000000,0.0000000000000000,1.0000000000000000,-0.0000000437113883,0.0000000891601744,-0.0000000000000000,0.0000000437113883,1.0000000000000000,0.0000000519048058,0.0000000000000000,0.0000000000000000,0.0000000000000000,1.0000000000000000
M 1.0000000000000000,0.0000000000000000,0.0000000000000000,0.0000000000000000,0.0000000000000000,1.0000000000000000,-0.0000000437113883,0.0000000891601744,-0.0000000000000000,0.0000000437113883,1.0000000000000000,0.0000000519048058,0.0000000000000000,0.0000000000000000,0.0000000000000000,1.0000000000000000
M 1.0000000000000000,0.0000000000000000,0.0000000000000000,0.0000000000000000,0.0000000000000000,1.0000000000000000,-0.0000000437113883,0.0000000891601744,-0.0000000000000000,0.0000000437113883,1.0000000000000000,0.0000000519048058,0.0000000000000000,0.0000000000000000,0.0000000000000000,1.0000000000000000
M 1.0000000000000000,0.0000000000000000,0.0000000000000000,0.0000000000000000,0.0000000000000000,1.0000000000000000,-0.0000000437113883,0.0000000891601744,-0.0000000000000000,0.0000000437113883,1.0000000000000000,0.0000000519048058,0.0000000000000000,0.0000000000000000,0.0000000000000000,1.0000000000000000
M 1.0000000000000000,0.0000000000000000,0.0000000000000000,0.0000000000000000,0.0000000000000000,1.0000000000000000,-0.0000000437113883,0.0000000891601744,-0.0000000000000000,0.0000000437113883,1.0000000000000000,0.0000000519048058,0.0000000000000000,0.0000000000000000,0.0000000000000000,1.0000000000000000
M 1.0000000000000000,0.0000000000000000,0.0000000000000000,0.0000000000000000,0.0000000000000000,1.0000000000000000,-0.0000000437113883,0.0000000891601744,-0.0000000000000000,0.0000000437113883,1.0000000000000000,0.0000000519048058,0.0000000000000000,0.0000000000000000,0.0000000000000000,1.0000000000000000
M 1.0000000000000000,0.0000000000000000,0.0000000000000000,0.0000000000000000,0.0000000000000000,1.0000000000000000,-0.0000000437113883,0.0000000891601744,-0.0000000000000000,0.0000000437113883,1.0000000000000000,0.0000000519048058,0.0000000000000000,0.0000000000000000,0.0000000000000000,1.0000000000000000
M 1.0000000000000000,0.0000000000000000,0.0000000000000000,0.0000000000000000,0.0000000000000000,1.0000000000000000,-0.0000000437113883,0.0000000891601744,-0.0000000000000000,0.0000000437113883,1.0000000000000000,0.0000000519048058,0.0000000000000000,0.0000000000000000,0.0000000000000000,1.0000000000000000
M 1.0000000000000000,0.0000000000000000,0.0000000000000000,0.0000000000000000,0.0000000000000000,1.0000000000000000,-0.0000000437113883,0.0000000891601744,-0.0000000000000000,0.0000000437113883,1.0000000000000000,0.0000000519048058,0.0000000000000000,0.0000000000000000,0.0000000000000000,1.0000000000000000
M 1.0000000000000000,0.0000000000000000,0.0000000000000000,0.0000000000000000,0.0000000000000000,1.0000000000000000,-0.0000000437113883,0.0000000891601744,-0.0000000000000000,0.0000000437113883,1.0000000000000000,0.0000000519048058,0.0000000000000000,0.0000000000000000,0.0000000000000000,1.0000000000000000
M 1.0000000000000000,0.0000000000000000,0.0000000000000000,0.0000000000000000,0.0000000000000000,1.0000000000000000,-0.0000000437113883,0.0000000891601744,-0.0000000000000000,0.0000000437113883,1.0000000000000000,0.0000000519048058,0.0000000000000000,0.0000000000000000,0.0000000000000000,1.0000000000000000
M 1.0000000000000000,0.0000000000000000,0.0000000000000000,0.0000000000000000,0.0000000000000000,1.0000000000000000,-0.0000000437113883,0.0000000891601744,-0.0000000000000000,0.0000000437113883,1.0000000000000000,0.0000000519048058,0.0000000000000000,0.0000000000000000,0.0000000000000000,1.0000000000000000
M 1.0000000000000000,0.0000000000000000,0.0000000000000000,0.0000000000000000,0.0000000000000000,1.0000000000000000,-0.0000000437113883,0.0000000891601744,-0.0000000000000000,0.0000000437113883,1.0000000000000000,0.0000000519048058,0.0000000000000000,0.0000000000000000,0.0000000000000000,1.0000000000000000
M 1.0000000000000000,0.0000000000000000,0.0000000000000000,0.0000000000000000,0.0000000000000000,1.0000000000000000,-0.0000000437113883,0.0000000891601744,-0.0000000000000000,0.0000000437113883,1.0000000000000000,0.0000000519048058,0.0000000000000000,0.0000000000000000,0.0000000000000000,1.0000000000000000
M 1.0000000000000000,0.0000000000000000,0.0000000000000000,0.0000000000000000,0.0000000000000000,1.0000000000000000,-0.0000000437113883,0.0000000891601744,-0.0000000000000000,0.0000000437113883,1.0000000000000000,0.0000000519048058,0.0000000000000000,0.0000000000000000,0.0000000000000000,1.0000000000000000
M 1.0000000000000000,0.0000000000000000,0.0000000000000000,0.0000000000000000,0.0000000000000000,1.0000000000000000,-0.0000000437113883,0.0000000891601744,-0.0000000000000000,0.0000000437113883,1.0000000000000000,0.0000000519048058,0.0000000000000000,0.0000000000000000,0.0000000000000000,1.0000000000000000
