O dfl3
A dfl3_dfl3
M 1.0000000000000000,0.0000000000000000,0.0000000000000000,0.0000000000000000,0.0000000000000000,1.0000000000000000,-0.0000000437113883,0.0000000295555296,-0.0000000000000000,0.0000000437113883,1.0000000000000000,0.0000000519048058,0.0000000000000000,0.0000000000000000,0.0000000000000000,1.0000000000000000
M 1.0000000000000000,0.0000000000000000,0.0000000000000000,0.0000000000000000,0.0000000000000000,0.9999941587448120,-0.0034131181892008,0.0040570488199592,-0.0000000000000000,0.0034131181892008,0.9999941587448120,-0.0023395225871354,0.0000000000000000,0.0000000000000000,0.0000000000000000,1.0000000000000000
M 1.0000000000000000,0.0000000000000000,0.0000000000000000,0.0000000000000000,0.0000000000000000,0.9999110102653503,-0.0133416708558798,0.0159043669700623,-0.0000000000000000,0.0133416708558798,0.9999110102653503,-0.0090666972100735,0.0000000000000000,0.0000000000000000,0.0000000000000000,1.0000000000000000
M 1.0000000000000000,0.0000000000000000,0.0000000000000000,0.0000000000000000,0.0000000000000000,0.9995701313018799,-0.0293173938989639,0.0351099036633968,-0.0000000000000000,0.0293173938989639,0.9995701313018799,-0.0196451731026173,0.0000000000000000,0.0000000000000000,0.0000000000000000,1.0000000000000000
M 1.0000000000000000,0.0000000000000000,0.0000000000000000,0.0000000000000000,0.0000000000000000,0.9987055659294128,-0.0508641228079796,0.0612910203635693,-0.0000000000000000,0.0508641228079796,0.9987055659294128,-0.0334319174289703,0.0000000000000000,0.0000000000000000,0.0000000000000000,1.0000000000000000
M 1.0000000000000000,0.0000000000000000,0.0000000000000000,0.0000000000000000,0.0000000000000000,0.9969929456710815,-0.0774924755096436,0.0940896198153496,-0.0000000000000000,0.0774924755096436,0.9969929456710815,-0.0497050806879997,0.0000000000000000,0.0000000000000000,0.0000000000000000,1.0000000000000000
M 1.0000000000000000,0.0000000000000000,0.0000000000000000,0.0000000000000000,0.0000000000000000,0.9940752983093262,-0.1086935326457024,0.1331468075513840,-0.0000000000000000,0.1086935326457024,0.9940752983093262,-0.0676911100745201,0.0000000000000000,0.0000000000000000,0.0000000000000000,1.0000000000000000
M 1.0000000000000000,0.0000000000000000,0.0000000000000000,0.0000000000000000,0.0000000000000000,0.9895873069763184,-0.1439340114593506,0.1780803799629211,-0.0000000000000000,0.1439340114593506,0.9895873069763184,-0.0865894481539726,0.0000000000000000,0.0000000000000000,0.0000000000000000,1.0000000000000000
M 1.0000000000000000,0.0000000000000000,0.0000000000000000,0.0000000000000000,0.0000000000000000,0.9831770658493042,-0.1826550960540771,0.2284686565399170,-0.0000000000000000,0.1826550960540771,0.9831770658493042,-0.1055980920791626,0.0000000000000000,0.0000000000000000,0.0000000000000000,1.0000000000000000
M 1.0000000000000000,0.0000000000000000,0.0000000000000000,0.0000000000000000,0.0000000000000000,0.9745268821716309,-0.2242707610130310,0.2838343083858490,-0.0000000000000000,0.2242707610130310,0.9745268821716309,-0.1239367127418518,0.0000000000000000,0.0000000000000000,0.0000000000000000,1.0000000000000000
M 1.0000000000000000,0.0000000000000000,0.0000000000000000,0.0000000000000000,0.0000000000000000,0.9633708596229553,-0.2681726813316345,0.3436376154422760,-0.0000000000000000,0.2681726813316345,0.9633708596229553,-0.1408715695142746,0.0000000000000000,0.0000000000000000,0.0000000000000000,1.0000000000000000
M 1.0000000000000000,0.0000000000000000,0.0000000000000000,0.0000000000000000,0.0000000000000000,0.9495106935501099,-0.3137346804141998,0.4072713553905487,-0.0000000000000000,0.3137346804141998,0.9495106935501099,-0.1557364612817764,0.0000000000000000,0.0000000000000000,0.0000000000000000,1.0000000000000000
M 1.0000000000000000,0.0000000000000000,0.0000000000000000,0.0000000000000000,0.0000000000000000,0.9328278899192810,-0.3603224158287048,0.4740637242794037,-0.0000000000000000,0.3603224158287048,0.9328278899192810,-0.1679547280073166,0.0000000000000000,0.0000000000000000,0.0000000000000000,1.0000000000000000
M 1.0000000000000000,0.0000000000000000,0.0000000000000000,0.0000000000000000,0.0000000000000000,0.9132928848266602,-0.4073034226894379,0.5432839393615723,-0.0000000000000000,0.4073034226894379,0.9132928848266602,-0.1770564019680023,0.0000000000000000,0.0000000000000000,0.0000000000000000,1.0000000000000000
M 1.0000000000000000,0.0000000000000000,0.0000000000000000,0.0000000000000000,0.0000000000000000,0.8909713625907898,-0.4540595114231110,0.6141527891159058,-0.0000000000000000,0.4540595114231110,0.8909713625907898,-0.1826944351196289,0.0000000000000000,0.0000000000000000,0.0000000000000000,1.0000000000000000
M 1.0000000000000000,0.0000000000000000,0.0000000000000000,0.0000000000000000,0.0000000000000000,0.8660253286361694,-0.5000001788139343,0.6858577132225037,-0.0000000000000000,0.5000001788139343,0.8660253286361694,-0.1846552193164825,0.0000000000000000,0.0000000000000000,0.0000000000000000,1.0000000000000000
M 1.0000000000000000,0.0000000000000000,0.0000000000000000,0.0000000000000000,0.0000000000000000,0.8387126922607422,-0.5445741415023804,0.7575667500495911,-0.0000000000000000,0.5445741415023804,0.8387126922607422,-0.1828660368919373,0.0000000000000000,0.0000000000000000,0.0000000000000000,1.0000000000000000
M 1.0000000000000000,0.0000000000000000,0.0000000000000000,0.0000000000000000,0.0000000000000000,0.8093816041946411,-0.5872831344604492,0.8284488320350647,-0.0000000000000000,0.5872831344604492,0.8093816041946411,-0.1773978173732758,0.0000000000000000,0.0000000000000000,0.0000000000000000,1.0000000000000000
M 1.0000000000000000,0.0000000000000000,0.0000000000000000,0.0000000000000000,0.0000000000000000,0.7784622311592102,-0.6276915073394775,0.8976907730102539,-0.0000000000000000,0.6276915073394775,0.7784622311592102,-0.1684618294239044,0.0000000000000000,0.0000000000000000,0.0000000000000000,1.0000000000000000
M 1.0000000000000000,0.0000000000000000,0.0000000000000000,0.0000000000000000,0.0000000000000000,0.7464575171470642,-0.6654331088066101,0.9645122289657593,-0.0000000000000000,0.6654331088066101,0.7464575171470642,-0.1564035117626190,0.0000000000000000,0.0000000000000000,0.0000000000000000,1.0000000000000000
M 1.0000000000000000,0.0000000000000000,0.0000000000000000,0.0000000000000000,0.0000000000000000,0.7139295935630798,-0.7002174854278564,1.0281815528869629,-0.0000000000000000,0.7002174854278564,0.7139295935630798,-0.1416909992694855,0.0000000000000000,0.0000000000000000,0.0000000000000000,1.0000000000000000
M 1.0000000000000000,0.0000000000000000,0.0000000000000000,0.0000000000000000,0.0000000000000000,0.6814876794815063,-0.7318295240402222,1.0880247354507446,-0.0000000000000000,0.7318295240402222,0.6814876794815063,-0.1248995065689087,0.0000000000000000,0.0000000000000000,0.0000000000000000,1.0000000000000000
M 1.0000000000000000,0.0000000000000000,0.0000000000000000,0.0000000000000000,0.0000000000000000,0.6497723460197449,-0.7601287961006165,1.1434344053268433,-0.0000000000000000,0.7601287961006165,0.6497723460197449,-0.1066932678222656,0.0000000000000000,0.0000000000000000,0.0000000000000000,1.0000000000000000
M 1.0000000000000000,0.0000000000000000,0.0000000000000000,0.0000000000000000,0.0000000000000000,0.6194440126419067,-0.7850407958030701,1.1938681602478027,-0.0000000000000000,0.7850407958030701,0.6194440126419067,-0.0878054499626160,0.0000000000000000,0.0000000000000000,0.0000000000000000,1.0000000000000000
M 1.0000000000000000,0.0000000000000000,0.0000000000000000,0.0000000000000000,0.0000000000000000,0.5911688804626465,-0.8065477609634399,1.2388467788696289,-0.0000000000000000,0.8065477609634399,0.5911688804626465,-0.0690147280693054,0.0000000000000000,0.0000000000000000,0.0000000000000000,1.0000000000000000
M 1.0000000000000000,0.0000000000000000,0.0000000000000000,0.0000000000000000,0.0000000000000000,0.5656065940856934,-0.8246751427650452,1.2779471874237061,-0.0000000000000000,0.8246751427650452,0.5656065940856934,-0.0511221289634705,0.0000000000000000,0.0000000000000000,0.0000000000000000,1.0000000000000000
M 1.0000000000000000,0.0000000000000000,0.0000000000000000,0.0000000000000000,0.0000000000000000,0.5434021949768066,-0.8394724726676941,1.3107845783233643,-0.0000000000000000,0.8394724726676941,0.5434021949768066,-0.0349275469779968,0.0000000000000000,0.0000000000000000,0.0000000000000000,1.0000000000000000
M 1.0000000000000000,0.0000000000000000,0.0000000000000000,0.0000000000000000,0.0000000000000000,0.5251746773719788,-0.8509944677352905,1.3369983434677124,-0.0000000000000000,0.8509944677352905,0.5251746773719788,-0.0212036967277527,0.0000000000000000,0.0000000000000000,0.0000000000000000,1.0000000000000000
M 1.0000000000000000,0.0000000000000000,0.0000000000000000,0.0000000000000000,0.0000000000000000,0.5115098953247070,-0.8592773675918579,1.3562288284301758,-0.0000000000000000,0.8592773675918579,0.5115098953247070,-0.0106712579727173,0.0000000000000000,0.0000000000000000,0.0000000000000000,1.0000000000000000
M 1.0000000000000000,0.0000000000000000,0.0000000000000000,0.0000000000000000,0.0000000000000000,0.5029525160789490,-0.8643140196800232,1.3680930137634277,-0.0000000000000000,0.8643140196800232,0.5029525160789490,-0.0039721131324768,0.0000000000000000,0.0000000000000000,0.0000000000000000,1.0000000000000000
M 1.0000000000000000,0.0000000000000000,0.0000000000000000,0.0000000000000000,0.0000000000000000,0.4999999701976776,-0.8660254478454590,1.3721553087234497,-0.0000000000000000,0.8660254478454590,0.4999999701976776,-0.0016425251960754,0.0000000000000000,0.0000000000000000,0.0000000000000000,1.0000000000000000
O dfl5
A dfl5_dfl5
M 1.0049999952316284,0.0000000000000000,0.0000000000000000,0.0226564407348633,0.0000000000000000,0.5000000000000000,0.8660253882408142,-0.6846550107002258,-0.0000000000000000,-0.8660253882408142,0.5000000000000000,1.1891425848007202,0.0000000000000000,0.0000000000000000,0.0000000000000000,1.0000000000000000
M 1.0049999952316284,0.0000000000000000,0.0000000000000000,0.0226564407348633,0.0000000000000000,0.5029529929161072,0.8643137812614441,-0.6846526861190796,-0.0000000000000000,-0.8643137812614441,0.5029529929161072,1.1844592094421387,0.0000000000000000,0.0000000000000000,0.0000000000000000,1.0000000000000000
M 1.0049999952316284,0.0000000000000000,0.0000000000000000,0.0226564407348633,0.0000000000000000,0.5115097761154175,0.8592774868011475,-0.6845548152923584,-0.0000000000000000,-0.8592774868011475,0.5115097761154175,1.1708356142044067,0.0000000000000000,0.0000000000000000,0.0000000000000000,1.0000000000000000
M 1.0049999952316284,0.0000000000000000,0.0000000000000000,0.0226564407348633,0.0000000000000000,0.5251746773719788,0.8509944677352905,-0.6841133832931519,-0.0000000000000000,-0.8509944677352905,0.5251746773719788,1.1489139795303345,0.0000000000000000,0.0000000000000000,0.0000000000000000,1.0000000000000000
M 1.0049999952316284,0.0000000000000000,0.0000000000000000,0.0226564407348633,0.0000000000000000,0.5434024333953857,0.8394723534584045,-0.6829624772071838,-0.0000000000000000,-0.8394723534584045,0.5434024333953857,1.1193470954895020,0.0000000000000000,0.0000000000000000,0.0000000000000000,1.0000000000000000
M 1.0049999952316284,0.0000000000000000,0.0000000000000000,0.0226564407348633,0.0000000000000000,0.5656068921089172,0.8246750235557556,-0.6806561946868896,-0.0000000000000000,-0.8246750235557556,0.5656068921089172,1.0828061103820801,0.0000000000000000,0.0000000000000000,0.0000000000000000,1.0000000000000000
M 1.0049999952316284,0.0000000000000000,0.0000000000000000,0.0226564407348633,0.0000000000000000,0.5911689400672913,0.8065478205680847,-0.6767040491104126,-0.0000000000000000,-0.8065478205680847,0.5911689400672913,1.0399887561798096,0.0000000000000000,0.0000000000000000,0.0000000000000000,1.0000000000000000
M 1.0049999952316284,0.0000000000000000,0.0000000000000000,0.0226564407348633,0.0000000000000000,0.6194441914558411,0.7850407361984253,-0.6706036329269409,-0.0000000000000000,-0.7850407361984253,0.6194441914558411,0.9916256666183472,0.0000000000000000,0.0000000000000000,0.0000000000000000,1.0000000000000000
M 1.0049999952316284,0.0000000000000000,0.0000000000000000,0.0226564407348633,0.0000000000000000,0.6497724652290344,0.7601288557052612,-0.6618714332580566,-0.0000000000000000,-0.7601288557052612,0.6497724652290344,0.9384839534759521,0.0000000000000000,0.0000000000000000,0.0000000000000000,1.0000000000000000
M 1.0049999952316284,0.0000000000000000,0.0000000000000000,0.0226564407348633,0.0000000000000000,0.6814876794815063,0.7318296432495117,-0.6500703096389771,-0.0000000000000000,-0.7318296432495117,0.6814876794815063,0.8813664913177490,0.0000000000000000,0.0000000000000000,0.0000000000000000,1.0000000000000000
M 1.0049999952316284,0.0000000000000000,0.0000000000000000,0.0226564407348633,0.0000000000000000,0.7139298319816589,0.7002172470092773,-0.6348346471786499,-0.0000000000000000,-0.7002172470092773,0.7139298319816589,0.8211078643798828,0.0000000000000000,0.0000000000000000,0.0000000000000000,1.0000000000000000
M 1.0049999952316284,0.0000000000000000,0.0000000000000000,0.0226564407348633,0.0000000000000000,0.7464575767517090,0.6654329895973206,-0.6158912777900696,-0.0000000000000000,-0.6654329895973206,0.7464575767517090,0.7585669755935669,0.0000000000000000,0.0000000000000000,0.0000000000000000,1.0000000000000000
M 1.0049999952316284,0.0000000000000000,0.0000000000000000,0.0226564407348633,0.0000000000000000,0.7784622311592102,0.6276913881301880,-0.5930762887001038,-0.0000000000000000,-0.6276913881301880,0.7784622311592102,0.6946141123771667,0.0000000000000000,0.0000000000000000,0.0000000000000000,1.0000000000000000
M 1.0049999952316284,0.0000000000000000,0.0000000000000000,0.0226564407348633,0.0000000000000000,0.8093816041946411,0.5872830152511597,-0.5663484334945679,-0.0000000000000000,-0.5872830152511597,0.8093816041946411,0.6301165819168091,0.0000000000000000,0.0000000000000000,0.0000000000000000,1.0000000000000000
M 1.0049999952316284,0.0000000000000000,0.0000000000000000,0.0226564407348633,0.0000000000000000,0.8387128114700317,0.5445739626884460,-0.5357966423034668,-0.0000000000000000,-0.5445739626884460,0.8387128114700317,0.5659233331680298,0.0000000000000000,0.0000000000000000,0.0000000000000000,1.0000000000000000
M 1.0049999952316284,0.0000000000000000,0.0000000000000000,0.0226564407348633,0.0000000000000000,0.8660255074501038,0.4999998807907104,-0.5016422867774963,-0.0000000000000000,-0.4999998807907104,0.8660255074501038,0.5028448104858398,0.0000000000000000,0.0000000000000000,0.0000000000000000,1.0000000000000000
M 1.0049999952316284,0.0000000000000000,0.0000000000000000,0.0226564407348633,0.0000000000000000,0.8909713625907898,0.4540595710277557,-0.4642384648323059,-0.0000000000000000,-0.4540595710277557,0.8909713625907898,0.4416375458240509,0.0000000000000000,0.0000000000000000,0.0000000000000000,1.0000000000000000
M 1.0049999952316284,0.0000000000000000,0.0000000000000000,0.0226564407348633,0.0000000000000000,0.9132929444313049,0.4073033928871155,-0.4240616261959076,-0.0000000000000000,-0.4073033928871155,0.9132929444313049,0.3829857707023621,0.0000000000000000,0.0000000000000000,0.0000000000000000,1.0000000000000000
M 1.0049999952316284,0.0000000000000000,0.0000000000000000,0.0226564407348633,0.0000000000000000,0.9328278303146362,0.3603223860263824,-0.3817019760608673,-0.0000000000000000,-0.3603223860263824,0.9328278303146362,0.3274886906147003,0.0000000000000000,0.0000000000000000,0.0000000000000000,1.0000000000000000
M 1.0049999952316284,0.0000000000000000,0.0000000000000000,0.0226564407348633,0.0000000000000000,0.9495106935501099,0.3137346506118774,-0.3378484547138214,-0.0000000000000000,-0.3137346506118774,0.9495106935501099,0.2756487131118774,0.0000000000000000,0.0000000000000000,0.0000000000000000,1.0000000000000000
M 1.0049999952316284,0.0000000000000000,0.0000000000000000,0.0226564407348633,0.0000000000000000,0.9633708596229553,0.2681725323200226,-0.2932723164558411,-0.0000000000000000,-0.2681725323200226,0.9633708596229553,0.2278657555580139,0.0000000000000000,0.0000000000000000,0.0000000000000000,1.0000000000000000
M 1.0049999952316284,0.0000000000000000,0.0000000000000000,0.0226564407348633,0.0000000000000000,0.9745268821716309,0.2242706716060638,-0.2488086521625519,-0.0000000000000000,-0.2242706716060638,0.9745268821716309,0.1844355314970016,0.0000000000000000,0.0000000000000000,0.0000000000000000,1.0000000000000000
M 1.0049999952316284,0.0000000000000000,0.0000000000000000,0.0226564407348633,0.0000000000000000,0.9831770658493042,0.1826548874378204,-0.2053369581699371,-0.0000000000000000,-0.1826548874378204,0.9831770658493042,0.1455525308847427,0.0000000000000000,0.0000000000000000,0.0000000000000000,1.0000000000000000
M 1.0049999952316284,0.0000000000000000,0.0000000000000000,0.0226564407348633,0.0000000000000000,0.9895872473716736,0.1439341604709625,-0.1637630760669708,-0.0000000000000000,-0.1439341604709625,0.9895872473716736,0.1113199219107628,0.0000000000000000,0.0000000000000000,0.0000000000000000,1.0000000000000000
M 1.0049999952316284,0.0000000000000000,0.0000000000000000,0.0226564407348633,0.0000000000000000,0.9940752983093262,0.1086933240294456,-0.1250000894069672,-0.0000000000000000,-0.1086933240294456,0.9940752983093262,0.0817623585462570,0.0000000000000000,0.0000000000000000,0.0000000000000000,1.0000000000000000
M 1.0049999952316284,0.0000000000000000,0.0000000000000000,0.0226564407348633,0.0000000000000000,0.9969929456710815,0.0774922668933868,-0.0899547636508942,-0.0000000000000000,-0.0774922668933868,0.9969929456710815,0.0568469315767288,0.0000000000000000,0.0000000000000000,0.0000000000000000,1.0000000000000000
M 1.0049999952316284,0.0000000000000000,0.0000000000000000,0.0226564407348633,0.0000000000000000,0.9987055659294128,0.0508639141917229,-0.0595110245049000,-0.0000000000000000,-0.0508639141917229,0.9987055659294128,0.0365061089396477,0.0000000000000000,0.0000000000000000,0.0000000000000000,1.0000000000000000
M 1.0049999952316284,0.0000000000000000,0.0000000000000000,0.0226564407348633,0.0000000000000000,0.9995701313018799,0.0293173063546419,-0.0345188044011593,-0.0000000000000000,-0.0293173063546419,0.9995701313018799,0.0206661839038134,0.0000000000000000,0.0000000000000000,0.0000000000000000,1.0000000000000000
M 1.0049999952316284,0.0000000000000000,0.0000000000000000,0.0226564407348633,0.0000000000000000,0.9999110102653503,0.0133418217301369,-0.0157822817564011,-0.0000000000000000,-0.0133418217301369,0.9999110102653503,0.0092782042920589,0.0000000000000000,0.0000000000000000,0.0000000000000000,1.0000000000000000
M 1.0049999952316284,0.0000000000000000,0.0000000000000000,0.0226564407348633,0.0000000000000000,0.9999941587448120,0.0034130308777094,-0.0040490031242371,-0.0000000000000000,-0.0034130308777094,0.9999941587448120,0.0023534549400210,0.0000000000000000,0.0000000000000000,0.0000000000000000,1.0000000000000000
M 1.0049999952316284,0.0000000000000000,0.0000000000000000,0.0226564407348633,0.0000000000000000,1.0000000000000000,-0.0000000437113883,0.0000000891601744,-0.0000000000000000,0.0000000437113883,1.0000000000000000,0.0000000519048058,0.0000000000000000,0.0000000000000000,0.0000000000000000,1.0000000000000000
O dfl7
A dfl7_dfl7
M 1.0000000000000000,0.0000000000000000,0.0000000000000000,0.0000000000000000,0.0000000000000000,1.0000000000000000,-0.0000000437113883,0.0000000295555296,-0.0000000000000000,0.0000000437113883,1.0000000000000000,0.0000000519048058,0.0000000000000000,0.0000000000000000,0.0000000000000000,1.0000000000000000
M 1.0000000000000000,0.0000000000000000,0.0000000000000000,0.0000000000000000,0.0000000000000000,0.9999941587448120,-0.0034131181892008,0.0040570488199592,-0.0000000000000000,0.0034131181892008,0.9999941587448120,-0.0023395225871354,0.0000000000000000,0.0000000000000000,0.0000000000000000,1.0000000000000000
M 1.0000000000000000,0.0000000000000000,0.0000000000000000,0.0000000000000000,0.0000000000000000,0.9999110102653503,-0.0133416708558798,0.0159043669700623,-0.0000000000000000,0.0133416708558798,0.9999110102653503,-0.0090666972100735,0.0000000000000000,0.0000000000000000,0.0000000000000000,1.0000000000000000
M 1.0000000000000000,0.0000000000000000,0.0000000000000000,0.0000000000000000,0.0000000000000000,0.9995701313018799,-0.0293173938989639,0.0351099036633968,-0.0000000000000000,0.0293173938989639,0.9995701313018799,-0.0196451731026173,0.0000000000000000,0.0000000000000000,0.0000000000000000,1.0000000000000000
M 1.0000000000000000,0.0000000000000000,0.0000000000000000,0.0000000000000000,0.0000000000000000,0.9987055659294128,-0.0508641228079796,0.0612910203635693,-0.0000000000000000,0.0508641228079796,0.9987055659294128,-0.0334319174289703,0.0000000000000000,0.0000000000000000,0.0000000000000000,1.0000000000000000
M 1.0000000000000000,0.0000000000000000,0.0000000000000000,0.0000000000000000,0.0000000000000000,0.9969929456710815,-0.0774924755096436,0.0940896198153496,-0.0000000000000000,0.0774924755096436,0.9969929456710815,-0.0497050806879997,0.0000000000000000,0.0000000000000000,0.0000000000000000,1.0000000000000000
M 1.0000000000000000,0.0000000000000000,0.0000000000000000,0.0000000000000000,0.0000000000000000,0.9940752983093262,-0.1086935326457024,0.1331468075513840,-0.0000000000000000,0.1086935326457024,0.9940752983093262,-0.0676911100745201,0.0000000000000000,0.0000000000000000,0.0000000000000000,1.0000000000000000
M 1.0000000000000000,0.0000000000000000,0.0000000000000000,0.0000000000000000,0.0000000000000000,0.9895873069763184,-0.1439340114593506,0.1780803799629211,-0.0000000000000000,0.1439340114593506,0.9895873069763184,-0.0865894481539726,0.0000000000000000,0.0000000000000000,0.0000000000000000,1.0000000000000000
M 1.0000000000000000,0.0000000000000000,0.0000000000000000,0.0000000000000000,0.0000000000000000,0.9831770658493042,-0.1826550960540771,0.2284686565399170,-0.0000000000000000,0.1826550960540771,0.9831770658493042,-0.1055980920791626,0.0000000000000000,0.0000000000000000,0.0000000000000000,1.0000000000000000
M 1.0000000000000000,0.0000000000000000,0.0000000000000000,0.0000000000000000,0.0000000000000000,0.9745268821716309,-0.2242707610130310,0.2838343083858490,-0.0000000000000000,0.2242707610130310,0.9745268821716309,-0.1239367127418518,0.0000000000000000,0.0000000000000000,0.0000000000000000,1.0000000000000000
M 1.0000000000000000,0.0000000000000000,0.0000000000000000,0.0000000000000000,0.0000000000000000,0.9633708596229553,-0.2681726813316345,0.3436376154422760,-0.0000000000000000,0.2681726813316345,0.9633708596229553,-0.1408715695142746,0.0000000000000000,0.0000000000000000,0.0000000000000000,1.0000000000000000
M 1.0000000000000000,0.0000000000000000,0.0000000000000000,0.0000000000000000,0.0000000000000000,0.9495106935501099,-0.3137346804141998,0.4072713553905487,-0.0000000000000000,0.3137346804141998,0.9495106935501099,-0.1557364612817764,0.0000000000000000,0.0000000000000000,0.0000000000000000,1.0000000000000000
M 1.0000000000000000,0.0000000000000000,0.0000000000000000,0.0000000000000000,0.0000000000000000,0.9328278899192810,-0.3603224158287048,0.4740637242794037,-0.0000000000000000,0.3603224158287048,0.9328278899192810,-0.1679547280073166,0.0000000000000000,0.0000000000000000,0.0000000000000000,1.0000000000000000
M 1.0000000000000000,0.0000000000000000,0.0000000000000000,0.0000000000000000,0.0000000000000000,0.9132928848266602,-0.4073034226894379,0.5432839393615723,-0.0000000000000000,0.4073034226894379,0.9132928848266602,-0.1770564019680023,0.0000000000000000,0.0000000000000000,0.0000000000000000,1.0000000000000000
M 1.0000000000000000,0.0000000000000000,0.0000000000000000,0.0000000000000000,0.0000000000000000,0.8909713625907898,-0.4540595114231110,0.6141527891159058,-0.0000000000000000,0.4540595114231110,0.8909713625907898,-0.1826944351196289,0.0000000000000000,0.0000000000000000,0.0000000000000000,1.0000000000000000
M 1.0000000000000000,0.0000000000000000,0.0000000000000000,0.0000000000000000,0.0000000000000000,0.8660253286361694,-0.5000001788139343,0.6858577132225037,-0.0000000000000000,0.5000001788139343,0.8660253286361694,-0.1846552193164825,0.0000000000000000,0.0000000000000000,0.0000000000000000,1.0000000000000000
M 1.0000000000000000,0.0000000000000000,0.0000000000000000,0.0000000000000000,0.0000000000000000,0.8387126922607422,-0.5445741415023804,0.7575667500495911,-0.0000000000000000,0.5445741415023804,0.8387126922607422,-0.1828660368919373,0.0000000000000000,0.0000000000000000,0.0000000000000000,1.0000000000000000
M 1.0000000000000000,0.0000000000000000,0.0000000000000000,0.0000000000000000,0.0000000000000000,0.8093816041946411,-0.5872831344604492,0.8284488320350647,-0.0000000000000000,0.5872831344604492,0.8093816041946411,-0.1773978173732758,0.0000000000000000,0.0000000000000000,0.0000000000000000,1.0000000000000000
M 1.0000000000000000,0.0000000000000000,0.0000000000000000,0.0000000000000000,0.0000000000000000,0.7784622311592102,-0.6276915073394775,0.8976907730102539,-0.0000000000000000,0.6276915073394775,0.7784622311592102,-0.1684618294239044,0.0000000000000000,0.0000000000000000,0.0000000000000000,1.0000000000000000
M 1.0000000000000000,0.0000000000000000,0.0000000000000000,0.0000000000000000,0.0000000000000000,0.7464575171470642,-0.6654331088066101,0.9645122289657593,-0.0000000000000000,0.6654331088066101,0.7464575171470642,-0.1564035117626190,0.0000000000000000,0.0000000000000000,0.0000000000000000,1.0000000000000000
M 1.0000000000000000,0.0000000000000000,0.0000000000000000,0.0000000000000000,0.0000000000000000,0.7139295935630798,-0.7002174854278564,1.0281815528869629,-0.0000000000000000,0.7002174854278564,0.7139295935630798,-0.1416909992694855,0.0000000000000000,0.0000000000000000,0.0000000000000000,1.0000000000000000
M 1.0000000000000000,0.0000000000000000,0.0000000000000000,0.0000000000000000,0.0000000000000000,0.6814876794815063,-0.7318295240402222,1.0880247354507446,-0.0000000000000000,0.7318295240402222,0.6814876794815063,-0.1248995065689087,0.0000000000000000,0.0000000000000000,0.0000000000000000,1.0000000000000000
M 1.0000000000000000,0.0000000000000000,0.0000000000000000,0.0000000000000000,0.0000000000000000,0.6497723460197449,-0.7601287961006165,1.1434344053268433,-0.0000000000000000,0.7601287961006165,0.6497723460197449,-0.1066932678222656,0.0000000000000000,0.0000000000000000,0.0000000000000000,1.0000000000000000
M 1.0000000000000000,0.0000000000000000,0.0000000000000000,0.0000000000000000,0.0000000000000000,0.6194440126419067,-0.7850407958030701,1.1938681602478027,-0.0000000000000000,0.7850407958030701,0.6194440126419067,-0.0878054499626160,0.0000000000000000,0.0000000000000000,0.0000000000000000,1.0000000000000000
M 1.0000000000000000,0.0000000000000000,0.0000000000000000,0.0000000000000000,0.0000000000000000,0.5911688804626465,-0.8065477609634399,1.2388467788696289,-0.0000000000000000,0.8065477609634399,0.5911688804626465,-0.0690147280693054,0.0000000000000000,0.0000000000000000,0.0000000000000000,1.0000000000000000
M 1.0000000000000000,0.0000000000000000,0.0000000000000000,0.0000000000000000,0.0000000000000000,0.5656065940856934,-0.8246751427650452,1.2779471874237061,-0.0000000000000000,0.8246751427650452,0.5656065940856934,-0.0511221289634705,0.0000000000000000,0.0000000000000000,0.0000000000000000,1.0000000000000000
M 1.0000000000000000,0.0000000000000000,0.0000000000000000,0.0000000000000000,0.0000000000000000,0.5434021949768066,-0.8394724726676941,1.3107845783233643,-0.0000000000000000,0.8394724726676941,0.5434021949768066,-0.0349275469779968,0.0000000000000000,0.0000000000000000,0.0000000000000000,1.0000000000000000
M 1.0000000000000000,0.0000000000000000,0.0000000000000000,0.0000000000000000,0.0000000000000000,0.5251746773719788,-0.8509944677352905,1.3369983434677124,-0.0000000000000000,0.8509944677352905,0.5251746773719788,-0.0212036967277527,0.0000000000000000,0.0000000000000000,0.0000000000000000,1.0000000000000000
M 1.0000000000000000,0.0000000000000000,0.0000000000000000,0.0000000000000000,0.0000000000000000,0.5115098953247070,-0.8592773675918579,1.3562288284301758,-0.0000000000000000,0.8592773675918579,0.5115098953247070,-0.0106712579727173,0.0000000000000000,0.0000000000000000,0.0000000000000000,1.0000000000000000
M 1.0000000000000000,0.0000000000000000,0.0000000000000000,0.0000000000000000,0.0000000000000000,0.5029525160789490,-0.8643140196800232,1.3680930137634277,-0.0000000000000000,0.8643140196800232,0.5029525160789490,-0.0039721131324768,0.0000000000000000,0.0000000000000000,0.0000000000000000,1.0000000000000000
M 1.0000000000000000,0.0000000000000000,0.0000000000000000,0.0000000000000000,0.0000000000000000,0.4999999701976776,-0.8660254478454590,1.3721553087234497,-0.0000000000000000,0.8660254478454590,0.4999999701976776,-0.0016425251960754,0.0000000000000000,0.0000000000000000,0.0000000000000000,1.0000000000000000
