O DOOR_7_Arm_INTERIOR_LCG_il_LINVERT
A DOOR_7_Arm_INTERIOR_LCG_il_LINVERT_DOOR_7_Arm_INTERIOR_LCG_il_LINVERT
M 1.0000000000000000,0.0000000000000000,0.0000000000000000,0.0000000000000000,0.0000000000000000,1.0000000000000000,-0.0000000437113883,0.0000000201202539,-0.0000000000000000,0.0000000437113883,1.0000000000000000,-0.0000000338486075,0.0000000000000000,0.0000000000000000,0.0000000000000000,1.0000000000000000
M 0.9999984502792358,-0.0000000000776417,-0.0017762349452823,0.0023282817564905,0.0000000000000000,1.0000000000000000,-0.0000000437113883,0.0000000201202539,0.0017762349452823,0.0000000437113279,0.9999984502792358,0.0034398543648422,0.0000000000000000,0.0000000000000000,0.0000000000000000,1.0000000000000000
M 0.9999757409095764,-0.0000000003043532,-0.0069627882912755,0.0090915095061064,0.0000000000000000,1.0000000000000000,-0.0000000437113883,0.0000000201202539,0.0069627882912755,0.0000000437103296,0.9999757409095764,0.0135081103071570,0.0000000000000000,0.0000000000000000,0.0000000000000000,1.0000000000000000
M 0.9998822212219238,-0.0000000006707983,-0.0153460754081607,0.0199133958667517,0.0000000000000000,1.0000000000000000,-0.0000000437113883,0.0000000201202539,0.0153460754081607,0.0000000437062404,0.9998822212219238,0.0298565533012152,0.0000000000000000,0.0000000000000000,0.0000000000000000,1.0000000000000000
M 0.9996432065963745,-0.0000000011675928,-0.0267114099115133,0.0343674495816231,0.0000000000000000,1.0000000000000000,-0.0000000437113883,0.0000000201202539,0.0267114099115133,0.0000000436957990,0.9996432065963745,0.0521675348281860,0.0000000000000000,0.0000000000000000,0.0000000000000000,1.0000000000000000
M 0.9991655945777893,-0.0000000017852629,-0.0408420562744141,0.0519892051815987,0.0000000000000000,1.0000000000000000,-0.0000000437113883,0.0000000201202539,0.0408420562744141,0.0000000436749161,0.9991655945777893,0.0801439881324768,0.0000000000000000,0.0000000000000000,0.0000000000000000,1.0000000000000000
M 0.9983444809913635,-0.0000000025142037,-0.0575182661414146,0.0722869932651520,0.0000000000000000,1.0000000000000000,-0.0000000437113883,0.0000000201202539,0.0575182661414146,0.0000000436390231,0.9983444809913635,0.1134980618953705,0.0000000000000000,0.0000000000000000,0.0000000000000000,1.0000000000000000
M 0.9970683455467224,-0.0000000033446386,-0.0765164121985435,0.0947516709566116,0.0000000000000000,1.0000000000000000,-0.0000000437113883,0.0000000201202539,0.0765164121985435,0.0000000435832419,0.9970683455467224,0.1519434303045273,0.0000000000000000,0.0000000000000000,0.0000000000000000,1.0000000000000000
M 0.9952248930931091,-0.0000000042665969,-0.0976083502173424,0.1188663616776466,0.0000000000000000,1.0000000000000000,-0.0000000437113883,0.0000000201202539,0.0976083502173424,0.0000000435026628,0.9952248930931091,0.1951858550310135,0.0000000000000000,0.0000000000000000,0.0000000000000000,1.0000000000000000
M 0.9927059412002563,-0.0000000052698921,-0.1205610781908035,0.1441157907247543,0.0000000000000000,1.0000000000000000,-0.0000000437113883,0.0000000201202539,0.1205610781908035,0.0000000433925607,0.9927059412002563,0.2429163604974747,0.0000000000000000,0.0000000000000000,0.0000000000000000,1.0000000000000000
M 0.9894115924835205,-0.0000000063441359,-0.1451368927955627,0.1699947565793991,0.0000000000000000,1.0000000000000000,-0.0000000437113883,0.0000000201202539,0.1451368927955627,0.0000000432485550,0.9894115924835205,0.2948061227798462,0.0000000000000000,0.0000000000000000,0.0000000000000000,1.0000000000000000
M 0.9852547645568848,-0.0000000074787430,-0.1710936874151230,0.1960169374942780,0.0000000000000000,1.0000000000000000,-0.0000000437113883,0.0000000201202539,0.1710936874151230,0.0000000430668550,0.9852547645568848,0.3505006134510040,0.0000000000000000,0.0000000000000000,0.0000000000000000,1.0000000000000000
M 0.9801644682884216,-0.0000000086629806,-0.1981858909130096,0.2217225879430771,0.0000000000000000,1.0000000000000000,-0.0000000437113883,0.0000000201202539,0.1981858909130096,0.0000000428443556,0.9801644682884216,0.4096178114414215,0.0000000000000000,0.0000000000000000,0.0000000000000000,1.0000000000000000
M 0.9740887880325317,-0.0000000098860236,-0.2261658459901810,0.2466862648725510,0.0000000000000000,1.0000000000000000,-0.0000000437113883,0.0000000201202539,0.2261658459901810,0.0000000425787725,0.9740887880325317,0.4717465043067932,0.0000000000000000,0.0000000000000000,0.0000000000000000,1.0000000000000000
M 0.9669977426528931,-0.0000000111370024,-0.2547848820686340,0.2705234289169312,0.0000000000000000,1.0000000000000000,-0.0000000437113883,0.0000000201202539,0.2547848820686340,0.0000000422688125,0.9669977426528931,0.5364447832107544,0.0000000000000000,0.0000000000000000,0.0000000000000000,1.0000000000000000
M 0.9588847756385803,-0.0000000124050992,-0.2837955951690674,0.2928967475891113,0.0000000000000000,1.0000000000000000,-0.0000000437113883,0.0000000201202539,0.2837955951690674,0.0000000419141841,0.9588847756385803,0.6032424569129944,0.0000000000000000,0.0000000000000000,0.0000000000000000,1.0000000000000000
M 0.9497683644294739,-0.0000000136796441,-0.3129537701606750,0.3135214447975159,0.0000000000000000,1.0000000000000000,-0.0000000437113883,0.0000000201202539,0.3129537701606750,0.0000000415157011,0.9497683644294739,0.6716424226760864,0.0000000000000000,0.0000000000000000,0.0000000000000000,1.0000000000000000
M 0.9396926164627075,-0.0000000149501744,-0.3420201241970062,0.3321689665317535,0.0000000000000000,1.0000000000000000,-0.0000000437113883,0.0000000201202539,0.3420201241970062,0.0000000410752676,0.9396926164627075,0.7411237955093384,0.0000000000000000,0.0000000000000000,0.0000000000000000,1.0000000000000000
M 0.9287276268005371,-0.0000000162065579,-0.3707627952098846,0.3486704826354980,0.0000000000000000,1.0000000000000000,-0.0000000437113883,0.0000000201202539,0.3707627952098846,0.0000000405959817,0.9287276268005371,0.8111459016799927,0.0000000000000000,0.0000000000000000,0.0000000000000000,1.0000000000000000
M 0.9169687032699585,-0.0000000174390600,-0.3989591896533966,0.3629184663295746,0.0000000000000000,1.0000000000000000,-0.0000000437113883,0.0000000201202539,0.3989591896533966,0.0000000400819822,0.9169687032699585,0.8811525702476501,0.0000000000000000,0.0000000000000000,0.0000000000000000,1.0000000000000000
M 0.9045358300209045,-0.0000000186384312,-0.4263976216316223,0.3748671114444733,0.0000000000000000,1.0000000000000000,-0.0000000437113883,0.0000000201202539,0.4263976216316223,0.0000000395385165,0.9045358300209045,0.9505768418312073,0.0000000000000000,0.0000000000000000,0.0000000000000000,1.0000000000000000
M 0.8915719389915466,-0.0000000197959746,-0.4528791010379791,0.3845320641994476,0.0000000000000000,1.0000000000000000,-0.0000000437113883,0.0000000201202539,0.4528791010379791,0.0000000389718480,0.8915719389915466,1.0188460350036621,0.0000000000000000,0.0000000000000000,0.0000000000000000,1.0000000000000000
M 0.8782410025596619,-0.0000000209035864,-0.4782183170318604,0.3919873535633087,0.0000000000000000,1.0000000000000000,-0.0000000437113883,0.0000000201202539,0.4782183170318604,0.0000000383891390,0.8782410025596619,1.0853859186172485,0.0000000000000000,0.0000000000000000,0.0000000000000000,1.0000000000000000
M 0.8647258877754211,-0.0000000219537881,-0.5022441148757935,0.3973623812198639,0.0000000000000000,1.0000000000000000,-0.0000000437113883,0.0000000201202539,0.5022441148757935,0.0000000377983689,0.8647258877754211,1.1496255397796631,0.0000000000000000,0.0000000000000000,0.0000000000000000,1.0000000000000000
M 0.8512254953384399,-0.0000000229397461,-0.5248001217842102,0.4008368849754333,0.0000000000000000,1.0000000000000000,-0.0000000437113883,0.0000000201202539,0.5248001217842102,0.0000000372082560,0.8512254953384399,1.2110011577606201,0.0000000000000000,0.0000000000000000,0.0000000000000000,1.0000000000000000
M 0.8379520773887634,-0.0000000238552200,-0.5457438230514526,0.4026345014572144,0.0000000000000000,1.0000000000000000,-0.0000000437113883,0.0000000201202539,0.5457438230514526,0.0000000366280482,0.8379520773887634,1.2689582109451294,0.0000000000000000,0.0000000000000000,0.0000000000000000,1.0000000000000000
M 0.8251278996467590,-0.0000000246945717,-0.5649459362030029,0.4030158519744873,0.0000000000000000,1.0000000000000000,-0.0000000437113883,0.0000000201202539,0.5649459362030029,0.0000000360674868,0.8251278996467590,1.3229547739028931,0.0000000000000000,0.0000000000000000,0.0000000000000000,1.0000000000000000
M 0.8129824995994568,-0.0000000254526231,-0.5822881460189819,0.4022699594497681,0.0000000000000000,1.0000000000000000,-0.0000000437113883,0.0000000201202539,0.5822881460189819,0.0000000355365941,0.8129824995994568,1.3724608421325684,0.0000000000000000,0.0000000000000000,0.0000000000000000,1.0000000000000000
M 0.8017482757568359,-0.0000000261246331,-0.5976618528366089,0.4007040262222290,0.0000000000000000,1.0000000000000000,-0.0000000437113883,0.0000000201202539,0.5976618528366089,0.0000000350455309,0.8017482757568359,1.4169609546661377,0.0000000000000000,0.0000000000000000,0.0000000000000000,1.0000000000000000
M 0.7916581034660339,-0.0000000267061004,-0.6109643578529358,0.3986338376998901,0.0000000000000000,1.0000000000000000,-0.0000000437113883,0.0000000201202539,0.6109643578529358,0.0000000346044757,0.7916581034660339,1.4559506177902222,0.0000000000000000,0.0000000000000000,0.0000000000000000,1.0000000000000000
M 0.7829409241676331,-0.0000000271926854,-0.6220960617065430,0.3963720202445984,0.0000000000000000,1.0000000000000000,-0.0000000437113883,0.0000000201202539,0.6220960617065430,0.0000000342234330,0.7829409241676331,1.4889369010925293,0.0000000000000000,0.0000000000000000,0.0000000000000000,1.0000000000000000
M 0.7758184671401978,-0.0000000275799739,-0.6309561729431152,0.3942152857780457,0.0000000000000000,1.0000000000000000,-0.0000000437113883,0.0000000201202539,0.6309561729431152,0.0000000339121016,0.7758184671401978,1.5154335498809814,0.0000000000000000,0.0000000000000000,0.0000000000000000,1.0000000000000000
M 0.7705014944076538,-0.0000000278633081,-0.6374381780624390,0.3924319148063660,0.0000000000000000,1.0000000000000000,-0.0000000437113883,0.0000000201202539,0.6374381780624390,0.0000000336796901,0.7705014944076538,1.5349576473236084,0.0000000000000000,0.0000000000000000,0.0000000000000000,1.0000000000000000
M 0.7671849727630615,-0.0000000280376167,-0.6414259076118469,0.3912466168403625,0.0000000000000000,1.0000000000000000,-0.0000000437113883,0.0000000201202539,0.6414259076118469,0.0000000335347217,0.7671849727630615,1.5470286607742310,0.0000000000000000,0.0000000000000000,0.0000000000000000,1.0000000000000000
M 0.7660444378852844,-0.0000000280971371,-0.6427875757217407,0.3908264040946960,0.0000000000000000,1.0000000000000000,-0.0000000437113883,0.0000000201202539,0.6427875757217407,0.0000000334848664,0.7660444378852844,1.5511610507965088,0.0000000000000000,0.0000000000000000,0.0000000000000000,1.0000000000000000
M 0.7660444378852844,-0.0000000280971371,-0.6427875757217407,0.3908264040946960,0.0000000000000000,1.0000000000000000,-0.0000000437113883,0.0000000201202539,0.6427875757217407,0.0000000334848664,0.7660444378852844,1.5511610507965088,0.0000000000000000,0.0000000000000000,0.0000000000000000,1.0000000000000000
M 0.7660444378852844,-0.0000000280971371,-0.6427875757217407,0.3908264040946960,0.0000000000000000,1.0000000000000000,-0.0000000437113883,0.0000000201202539,0.6427875757217407,0.0000000334848664,0.7660444378852844,1.5511610507965088,0.0000000000000000,0.0000000000000000,0.0000000000000000,1.0000000000000000
M 0.7660444378852844,-0.0000000280971371,-0.6427875757217407,0.3908264040946960,0.0000000000000000,1.0000000000000000,-0.0000000437113883,0.0000000201202539,0.6427875757217407,0.0000000334848664,0.7660444378852844,1.5511610507965088,0.0000000000000000,0.0000000000000000,0.0000000000000000,1.0000000000000000
M 0.7660444378852844,-0.0000000280971371,-0.6427875757217407,0.3908264040946960,0.0000000000000000,1.0000000000000000,-0.0000000437113883,0.0000000201202539,0.6427875757217407,0.0000000334848664,0.7660444378852844,1.5511610507965088,0.0000000000000000,0.0000000000000000,0.0000000000000000,1.0000000000000000
M 0.7660444378852844,-0.0000000280971371,-0.6427875757217407,0.3908264040946960,0.0000000000000000,1.0000000000000000,-0.0000000437113883,0.0000000201202539,0.6427875757217407,0.0000000334848664,0.7660444378852844,1.5511610507965088,0.0000000000000000,0.0000000000000000,0.0000000000000000,1.0000000000000000
M 0.7660444378852844,-0.0000000280971371,-0.6427875757217407,0.3908264040946960,0.0000000000000000,1.0000000000000000,-0.0000000437113883,0.0000000201202539,0.6427875757217407,0.0000000334848664,0.7660444378852844,1.5511610507965088,0.0000000000000000,0.0000000000000000,0.0000000000000000,1.0000000000000000
M 0.7660444378852844,-0.0000000280971371,-0.6427875757217407,0.3908264040946960,0.0000000000000000,1.0000000000000000,-0.0000000437113883,0.0000000201202539,0.6427875757217407,0.0000000334848664,0.7660444378852844,1.5511610507965088,0.0000000000000000,0.0000000000000000,0.0000000000000000,1.0000000000000000
M 0.7660444378852844,-0.0000000280971371,-0.6427875757217407,0.3908264040946960,0.0000000000000000,1.0000000000000000,-0.0000000437113883,0.0000000201202539,0.6427875757217407,0.0000000334848664,0.7660444378852844,1.5511610507965088,0.0000000000000000,0.0000000000000000,0.0000000000000000,1.0000000000000000
M 0.7660444378852844,-0.0000000280971371,-0.6427875757217407,0.3908264040946960,0.0000000000000000,1.0000000000000000,-0.0000000437113883,0.0000000201202539,0.6427875757217407,0.0000000334848664,0.7660444378852844,1.5511610507965088,0.0000000000000000,0.0000000000000000,0.0000000000000000,1.0000000000000000
M 0.7660444378852844,-0.0000000280971371,-0.6427875757217407,0.3908264040946960,0.0000000000000000,1.0000000000000000,-0.0000000437113883,0.0000000201202539,0.6427875757217407,0.0000000334848664,0.7660444378852844,1.5511610507965088,0.0000000000000000,0.0000000000000000,0.0000000000000000,1.0000000000000000
M 0.7660444378852844,-0.0000000280971371,-0.6427875757217407,0.3908264040946960,0.0000000000000000,1.0000000000000000,-0.0000000437113883,0.0000000201202539,0.6427875757217407,0.0000000334848664,0.7660444378852844,1.5511610507965088,0.0000000000000000,0.0000000000000000,0.0000000000000000,1.0000000000000000
M 0.7660444378852844,-0.0000000280971371,-0.6427875757217407,0.3908264040946960,0.0000000000000000,1.0000000000000000,-0.0000000437113883,0.0000000201202539,0.6427875757217407,0.0000000334848664,0.7660444378852844,1.5511610507965088,0.0000000000000000,0.0000000000000000,0.0000000000000000,1.0000000000000000
M 0.7660444378852844,-0.0000000280971371,-0.6427875757217407,0.3908264040946960,0.0000000000000000,1.0000000000000000,-0.0000000437113883,0.0000000201202539,0.6427875757217407,0.0000000334848664,0.7660444378852844,1.5511610507965088,0.0000000000000000,0.0000000000000000,0.0000000000000000,1.0000000000000000
M 0.7660444378852844,-0.0000000280971371,-0.6427875757217407,0.3908264040946960,0.0000000000000000,1.0000000000000000,-0.0000000437113883,0.0000000201202539,0.6427875757217407,0.0000000334848664,0.7660444378852844,1.5511610507965088,0.0000000000000000,0.0000000000000000,0.0000000000000000,1.0000000000000000
M 0.7660444378852844,-0.0000000280971371,-0.6427875757217407,0.3908264040946960,0.0000000000000000,1.0000000000000000,-0.0000000437113883,0.0000000201202539,0.6427875757217407,0.0000000334848664,0.7660444378852844,1.5511610507965088,0.0000000000000000,0.0000000000000000,0.0000000000000000,1.0000000000000000
M 0.7660444378852844,-0.0000000280971371,-0.6427875757217407,0.3908264040946960,0.0000000000000000,1.0000000000000000,-0.0000000437113883,0.0000000201202539,0.6427875757217407,0.0000000334848664,0.7660444378852844,1.5511610507965088,0.0000000000000000,0.0000000000000000,0.0000000000000000,1.0000000000000000
M 0.7660444378852844,-0.0000000280971371,-0.6427875757217407,0.3908264040946960,0.0000000000000000,1.0000000000000000,-0.0000000437113883,0.0000000201202539,0.6427875757217407,0.0000000334848664,0.7660444378852844,1.5511610507965088,0.0000000000000000,0.0000000000000000,0.0000000000000000,1.0000000000000000
M 0.7660444378852844,-0.0000000280971371,-0.6427875757217407,0.3908264040946960,0.0000000000000000,1.0000000000000000,-0.0000000437113883,0.0000000201202539,0.6427875757217407,0.0000000334848664,0.7660444378852844,1.5511610507965088,0.0000000000000000,0.0000000000000000,0.0000000000000000,1.0000000000000000
M 0.7660444378852844,-0.0000000280971371,-0.6427875757217407,0.3908264040946960,0.0000000000000000,1.0000000000000000,-0.0000000437113883,0.0000000201202539,0.6427875757217407,0.0000000334848664,0.7660444378852844,1.5511610507965088,0.0000000000000000,0.0000000000000000,0.0000000000000000,1.0000000000000000
M 0.7660444378852844,-0.0000000280971371,-0.6427875757217407,0.3908264040946960,0.0000000000000000,1.0000000000000000,-0.0000000437113883,0.0000000201202539,0.6427875757217407,0.0000000334848664,0.7660444378852844,1.5511610507965088,0.0000000000000000,0.0000000000000000,0.0000000000000000,1.0000000000000000
M 0.7660444378852844,-0.0000000280971371,-0.6427875757217407,0.3908264040946960,0.0000000000000000,1.0000000000000000,-0.0000000437113883,0.0000000201202539,0.6427875757217407,0.0000000334848664,0.7660444378852844,1.5511610507965088,0.0000000000000000,0.0000000000000000,0.0000000000000000,1.0000000000000000
M 0.7660444378852844,-0.0000000280971371,-0.6427875757217407,0.3908264040946960,0.0000000000000000,1.0000000000000000,-0.0000000437113883,0.0000000201202539,0.6427875757217407,0.0000000334848664,0.7660444378852844,1.5511610507965088,0.0000000000000000,0.0000000000000000,0.0000000000000000,1.0000000000000000
M 0.7660444378852844,-0.0000000280971371,-0.6427875757217407,0.3908264040946960,0.0000000000000000,1.0000000000000000,-0.0000000437113883,0.0000000201202539,0.6427875757217407,0.0000000334848664,0.7660444378852844,1.5511610507965088,0.0000000000000000,0.0000000000000000,0.0000000000000000,1.0000000000000000
M 0.7660444378852844,-0.0000000280971371,-0.6427875757217407,0.3908264040946960,0.0000000000000000,1.0000000000000000,-0.0000000437113883,0.0000000201202539,0.6427875757217407,0.0000000334848664,0.7660444378852844,1.5511610507965088,0.0000000000000000,0.0000000000000000,0.0000000000000000,1.0000000000000000
M 0.7660444378852844,-0.0000000280971371,-0.6427875757217407,0.3908264040946960,0.0000000000000000,1.0000000000000000,-0.0000000437113883,0.0000000201202539,0.6427875757217407,0.0000000334848664,0.7660444378852844,1.5511610507965088,0.0000000000000000,0.0000000000000000,0.0000000000000000,1.0000000000000000
M 0.7660444378852844,-0.0000000280971371,-0.6427875757217407,0.3908264040946960,0.0000000000000000,1.0000000000000000,-0.0000000437113883,0.0000000201202539,0.6427875757217407,0.0000000334848664,0.7660444378852844,1.5511610507965088,0.0000000000000000,0.0000000000000000,0.0000000000000000,1.0000000000000000
M 0.7660444378852844,-0.0000000280971371,-0.6427875757217407,0.3908264040946960,0.0000000000000000,1.0000000000000000,-0.0000000437113883,0.0000000201202539,0.6427875757217407,0.0000000334848664,0.7660444378852844,1.5511610507965088,0.0000000000000000,0.0000000000000000,0.0000000000000000,1.0000000000000000
M 0.7660444378852844,-0.0000000280971371,-0.6427875757217407,0.3908264040946960,0.0000000000000000,1.0000000000000000,-0.0000000437113883,0.0000000201202539,0.6427875757217407,0.0000000334848664,0.7660444378852844,1.5511610507965088,0.0000000000000000,0.0000000000000000,0.0000000000000000,1.0000000000000000
M 0.7660444378852844,-0.0000000280971371,-0.6427875757217407,0.3908264040946960,0.0000000000000000,1.0000000000000000,-0.0000000437113883,0.0000000201202539,0.6427875757217407,0.0000000334848664,0.7660444378852844,1.5511610507965088,0.0000000000000000,0.0000000000000000,0.0000000000000000,1.0000000000000000
M 0.7660444378852844,-0.0000000280971371,-0.6427875757217407,0.3908264040946960,0.0000000000000000,1.0000000000000000,-0.0000000437113883,0.0000000201202539,0.6427875757217407,0.0000000334848664,0.7660444378852844,1.5511610507965088,0.0000000000000000,0.0000000000000000,0.0000000000000000,1.0000000000000000
M 0.7660444378852844,-0.0000000280971371,-0.6427875757217407,0.3908264040946960,0.0000000000000000,1.0000000000000000,-0.0000000437113883,0.0000000201202539,0.6427875757217407,0.0000000334848664,0.7660444378852844,1.5511610507965088,0.0000000000000000,0.0000000000000000,0.0000000000000000,1.0000000000000000
M 0.7660444378852844,-0.0000000280971371,-0.6427875757217407,0.3908264040946960,0.0000000000000000,1.0000000000000000,-0.0000000437113883,0.0000000201202539,0.6427875757217407,0.0000000334848664,0.7660444378852844,1.5511610507965088,0.0000000000000000,0.0000000000000000,0.0000000000000000,1.0000000000000000
M 0.7660444378852844,-0.0000000280971371,-0.6427875757217407,0.3908264040946960,0.0000000000000000,1.0000000000000000,-0.0000000437113883,0.0000000201202539,0.6427875757217407,0.0000000334848664,0.7660444378852844,1.5511610507965088,0.0000000000000000,0.0000000000000000,0.0000000000000000,1.0000000000000000
M 0.7660444378852844,-0.0000000280971371,-0.6427875757217407,0.3908264040946960,0.0000000000000000,1.0000000000000000,-0.0000000437113883,0.0000000201202539,0.6427875757217407,0.0000000334848664,0.7660444378852844,1.5511610507965088,0.0000000000000000,0.0000000000000000,0.0000000000000000,1.0000000000000000
M 0.7660444378852844,-0.0000000280971371,-0.6427875757217407,0.3908264040946960,0.0000000000000000,1.0000000000000000,-0.0000000437113883,0.0000000201202539,0.6427875757217407,0.0000000334848664,0.7660444378852844,1.5511610507965088,0.0000000000000000,0.0000000000000000,0.0000000000000000,1.0000000000000000
M 0.7660444378852844,-0.0000000280971371,-0.6427875757217407,0.3908264040946960,0.0000000000000000,1.0000000000000000,-0.0000000437113883,0.0000000201202539,0.6427875757217407,0.0000000334848664,0.7660444378852844,1.5511610507965088,0.0000000000000000,0.0000000000000000,0.0000000000000000,1.0000000000000000
M 0.7660444378852844,-0.0000000280971371,-0.6427875757217407,0.3908264040946960,0.0000000000000000,1.0000000000000000,-0.0000000437113883,0.0000000201202539,0.6427875757217407,0.0000000334848664,0.7660444378852844,1.5511610507965088,0.0000000000000000,0.0000000000000000,0.0000000000000000,1.0000000000000000
M 0.7660444378852844,-0.0000000280971371,-0.6427875757217407,0.3908264040946960,0.0000000000000000,1.0000000000000000,-0.0000000437113883,0.0000000201202539,0.6427875757217407,0.0000000334848664,0.7660444378852844,1.5511610507965088,0.0000000000000000,0.0000000000000000,0.0000000000000000,1.0000000000000000
M 0.7660444378852844,-0.0000000280971371,-0.6427875757217407,0.3908264040946960,0.0000000000000000,1.0000000000000000,-0.0000000437113883,0.0000000201202539,0.6427875757217407,0.0000000334848664,0.7660444378852844,1.5511610507965088,0.0000000000000000,0.0000000000000000,0.0000000000000000,1.0000000000000000
M 0.7660444378852844,-0.0000000280971371,-0.6427875757217407,0.3908264040946960,0.0000000000000000,1.0000000000000000,-0.0000000437113883,0.0000000201202539,0.6427875757217407,0.0000000334848664,0.7660444378852844,1.5511610507965088,0.0000000000000000,0.0000000000000000,0.0000000000000000,1.0000000000000000
M 0.7660444378852844,-0.0000000280971371,-0.6427875757217407,0.3908264040946960,0.0000000000000000,1.0000000000000000,-0.0000000437113883,0.0000000201202539,0.6427875757217407,0.0000000334848664,0.7660444378852844,1.5511610507965088,0.0000000000000000,0.0000000000000000,0.0000000000000000,1.0000000000000000
M 0.7660444378852844,-0.0000000280971371,-0.6427875757217407,0.3908264040946960,0.0000000000000000,1.0000000000000000,-0.0000000437113883,0.0000000201202539,0.6427875757217407,0.0000000334848664,0.7660444378852844,1.5511610507965088,0.0000000000000000,0.0000000000000000,0.0000000000000000,1.0000000000000000
M 0.7660444378852844,-0.0000000280971371,-0.6427875757217407,0.3908264040946960,0.0000000000000000,1.0000000000000000,-0.0000000437113883,0.0000000201202539,0.6427875757217407,0.0000000334848664,0.7660444378852844,1.5511610507965088,0.0000000000000000,0.0000000000000000,0.0000000000000000,1.0000000000000000
M 0.7660444378852844,-0.0000000280971371,-0.6427875757217407,0.3908264040946960,0.0000000000000000,1.0000000000000000,-0.0000000437113883,0.0000000201202539,0.6427875757217407,0.0000000334848664,0.7660444378852844,1.5511610507965088,0.0000000000000000,0.0000000000000000,0.0000000000000000,1.0000000000000000
M 0.7660444378852844,-0.0000000280971371,-0.6427875757217407,0.3908264040946960,0.0000000000000000,1.0000000000000000,-0.0000000437113883,0.0000000201202539,0.6427875757217407,0.0000000334848664,0.7660444378852844,1.5511610507965088,0.0000000000000000,0.0000000000000000,0.0000000000000000,1.0000000000000000
M 0.7660444378852844,-0.0000000280971371,-0.6427875757217407,0.3908264040946960,0.0000000000000000,1.0000000000000000,-0.0000000437113883,0.0000000201202539,0.6427875757217407,0.0000000334848664,0.7660444378852844,1.5511610507965088,0.0000000000000000,0.0000000000000000,0.0000000000000000,1.0000000000000000
M 0.7660444378852844,-0.0000000280971371,-0.6427875757217407,0.3908264040946960,0.0000000000000000,1.0000000000000000,-0.0000000437113883,0.0000000201202539,0.6427875757217407,0.0000000334848664,0.7660444378852844,1.5511610507965088,0.0000000000000000,0.0000000000000000,0.0000000000000000,1.0000000000000000
M 0.7660444378852844,-0.0000000280971371,-0.6427875757217407,0.3908264040946960,0.0000000000000000,1.0000000000000000,-0.0000000437113883,0.0000000201202539,0.6427875757217407,0.0000000334848664,0.7660444378852844,1.5511610507965088,0.0000000000000000,0.0000000000000000,0.0000000000000000,1.0000000000000000
M 0.7660444378852844,-0.0000000280971371,-0.6427875757217407,0.3908264040946960,0.0000000000000000,1.0000000000000000,-0.0000000437113883,0.0000000201202539,0.6427875757217407,0.0000000334848664,0.7660444378852844,1.5511610507965088,0.0000000000000000,0.0000000000000000,0.0000000000000000,1.0000000000000000
M 0.7660444378852844,-0.0000000280971371,-0.6427875757217407,0.3908264040946960,0.0000000000000000,1.0000000000000000,-0.0000000437113883,0.0000000201202539,0.6427875757217407,0.0000000334848664,0.7660444378852844,1.5511610507965088,0.0000000000000000,0.0000000000000000,0.0000000000000000,1.0000000000000000
M 0.7660444378852844,-0.0000000280971371,-0.6427875757217407,0.3908264040946960,0.0000000000000000,1.0000000000000000,-0.0000000437113883,0.0000000201202539,0.6427875757217407,0.0000000334848664,0.7660444378852844,1.5511610507965088,0.0000000000000000,0.0000000000000000,0.0000000000000000,1.0000000000000000
M 0.7660444378852844,-0.0000000280971371,-0.6427875757217407,0.3908264040946960,0.0000000000000000,1.0000000000000000,-0.0000000437113883,0.0000000201202539,0.6427875757217407,0.0000000334848664,0.7660444378852844,1.5511610507965088,0.0000000000000000,0.0000000000000000,0.0000000000000000,1.0000000000000000
M 0.7660444378852844,-0.0000000280971371,-0.6427875757217407,0.3908264040946960,0.0000000000000000,1.0000000000000000,-0.0000000437113883,0.0000000201202539,0.6427875757217407,0.0000000334848664,0.7660444378852844,1.5511610507965088,0.0000000000000000,0.0000000000000000,0.0000000000000000,1.0000000000000000
M 0.7660444378852844,-0.0000000280971371,-0.6427875757217407,0.3908264040946960,0.0000000000000000,1.0000000000000000,-0.0000000437113883,0.0000000201202539,0.6427875757217407,0.0000000334848664,0.7660444378852844,1.5511610507965088,0.0000000000000000,0.0000000000000000,0.0000000000000000,1.0000000000000000
M 0.7660444378852844,-0.0000000280971371,-0.6427875757217407,0.3908264040946960,0.0000000000000000,1.0000000000000000,-0.0000000437113883,0.0000000201202539,0.6427875757217407,0.0000000334848664,0.7660444378852844,1.5511610507965088,0.0000000000000000,0.0000000000000000,0.0000000000000000,1.0000000000000000
M 0.7660444378852844,-0.0000000280971371,-0.6427875757217407,0.3908264040946960,0.0000000000000000,1.0000000000000000,-0.0000000437113883,0.0000000201202539,0.6427875757217407,0.0000000334848664,0.7660444378852844,1.5511610507965088,0.0000000000000000,0.0000000000000000,0.0000000000000000,1.0000000000000000
M 0.7660444378852844,-0.0000000280971371,-0.6427875757217407,0.3908264040946960,0.0000000000000000,1.0000000000000000,-0.0000000437113883,0.0000000201202539,0.6427875757217407,0.0000000334848664,0.7660444378852844,1.5511610507965088,0.0000000000000000,0.0000000000000000,0.0000000000000000,1.0000000000000000
M 0.7660444378852844,-0.0000000280971371,-0.6427875757217407,0.3908264040946960,0.0000000000000000,1.0000000000000000,-0.0000000437113883,0.0000000201202539,0.6427875757217407,0.0000000334848664,0.7660444378852844,1.5511610507965088,0.0000000000000000,0.0000000000000000,0.0000000000000000,1.0000000000000000
M 0.7660444378852844,-0.0000000280971371,-0.6427875757217407,0.3908264040946960,0.0000000000000000,1.0000000000000000,-0.0000000437113883,0.0000000201202539,0.6427875757217407,0.0000000334848664,0.7660444378852844,1.5511610507965088,0.0000000000000000,0.0000000000000000,0.0000000000000000,1.0000000000000000
M 0.7660444378852844,-0.0000000280971371,-0.6427875757217407,0.3908264040946960,0.0000000000000000,1.0000000000000000,-0.0000000437113883,0.0000000201202539,0.6427875757217407,0.0000000334848664,0.7660444378852844,1.5511610507965088,0.0000000000000000,0.0000000000000000,0.0000000000000000,1.0000000000000000
M 0.7660444378852844,-0.0000000280971371,-0.6427875757217407,0.3908264040946960,0.0000000000000000,1.0000000000000000,-0.0000000437113883,0.0000000201202539,0.6427875757217407,0.0000000334848664,0.7660444378852844,1.5511610507965088,0.0000000000000000,0.0000000000000000,0.0000000000000000,1.0000000000000000
M 0.7660444378852844,-0.0000000280971371,-0.6427875757217407,0.3908264040946960,0.0000000000000000,1.0000000000000000,-0.0000000437113883,0.0000000201202539,0.6427875757217407,0.0000000334848664,0.7660444378852844,1.5511610507965088,0.0000000000000000,0.0000000000000000,0.0000000000000000,1.0000000000000000
M 0.7660444378852844,-0.0000000280971371,-0.6427875757217407,0.3908264040946960,0.0000000000000000,1.0000000000000000,-0.0000000437113883,0.0000000201202539,0.6427875757217407,0.0000000334848664,0.7660444378852844,1.5511610507965088,0.0000000000000000,0.0000000000000000,0.0000000000000000,1.0000000000000000
M 0.7660444378852844,-0.0000000280971371,-0.6427875757217407,0.3908264040946960,0.0000000000000000,1.0000000000000000,-0.0000000437113883,0.0000000201202539,0.6427875757217407,0.0000000334848664,0.7660444378852844,1.5511610507965088,0.0000000000000000,0.0000000000000000,0.0000000000000000,1.0000000000000000
M 0.7660444378852844,-0.0000000280971371,-0.6427875757217407,0.3908264040946960,0.0000000000000000,1.0000000000000000,-0.0000000437113883,0.0000000201202539,0.6427875757217407,0.0000000334848664,0.7660444378852844,1.5511610507965088,0.0000000000000000,0.0000000000000000,0.0000000000000000,1.0000000000000000
M 0.7660444378852844,-0.0000000280971371,-0.6427875757217407,0.3908264040946960,0.0000000000000000,1.0000000000000000,-0.0000000437113883,0.0000000201202539,0.6427875757217407,0.0000000334848664,0.7660444378852844,1.5511610507965088,0.0000000000000000,0.0000000000000000,0.0000000000000000,1.0000000000000000
M 0.7660444378852844,-0.0000000280971371,-0.6427875757217407,0.3908264040946960,0.0000000000000000,1.0000000000000000,-0.0000000437113883,0.0000000201202539,0.6427875757217407,0.0000000334848664,0.7660444378852844,1.5511610507965088,0.0000000000000000,0.0000000000000000,0.0000000000000000,1.0000000000000000
M 0.7660444378852844,-0.0000000280971371,-0.6427875757217407,0.3908264040946960,0.0000000000000000,1.0000000000000000,-0.0000000437113883,0.0000000201202539,0.6427875757217407,0.0000000334848664,0.7660444378852844,1.5511610507965088,0.0000000000000000,0.0000000000000000,0.0000000000000000,1.0000000000000000
M 0.7660444378852844,-0.0000000280971371,-0.6427875757217407,0.3908264040946960,0.0000000000000000,1.0000000000000000,-0.0000000437113883,0.0000000201202539,0.6427875757217407,0.0000000334848664,0.7660444378852844,1.5511610507965088,0.0000000000000000,0.0000000000000000,0.0000000000000000,1.0000000000000000
M 0.7660444378852844,-0.0000000280971371,-0.6427875757217407,0.3908264040946960,0.0000000000000000,1.0000000000000000,-0.0000000437113883,0.0000000201202539,0.6427875757217407,0.0000000334848664,0.7660444378852844,1.5511610507965088,0.0000000000000000,0.0000000000000000,0.0000000000000000,1.0000000000000000
M 0.7660444378852844,-0.0000000280971371,-0.6427875757217407,0.3908264040946960,0.0000000000000000,1.0000000000000000,-0.0000000437113883,0.0000000201202539,0.6427875757217407,0.0000000334848664,0.7660444378852844,1.5511610507965088,0.0000000000000000,0.0000000000000000,0.0000000000000000,1.0000000000000000
M 0.7660444378852844,-0.0000000280971371,-0.6427875757217407,0.3908264040946960,0.0000000000000000,1.0000000000000000,-0.0000000437113883,0.0000000201202539,0.6427875757217407,0.0000000334848664,0.7660444378852844,1.5511610507965088,0.0000000000000000,0.0000000000000000,0.0000000000000000,1.0000000000000000
M 0.7660444378852844,-0.0000000280971371,-0.6427875757217407,0.3908264040946960,0.0000000000000000,1.0000000000000000,-0.0000000437113883,0.0000000201202539,0.6427875757217407,0.0000000334848664,0.7660444378852844,1.5511610507965088,0.0000000000000000,0.0000000000000000,0.0000000000000000,1.0000000000000000
M 0.7660444378852844,-0.0000000280971371,-0.6427875757217407,0.3908264040946960,0.0000000000000000,1.0000000000000000,-0.0000000437113883,0.0000000201202539,0.6427875757217407,0.0000000334848664,0.7660444378852844,1.5511610507965088,0.0000000000000000,0.0000000000000000,0.0000000000000000,1.0000000000000000
M 0.7660444378852844,-0.0000000280971371,-0.6427875757217407,0.3908264040946960,0.0000000000000000,1.0000000000000000,-0.0000000437113883,0.0000000201202539,0.6427875757217407,0.0000000334848664,0.7660444378852844,1.5511610507965088,0.0000000000000000,0.0000000000000000,0.0000000000000000,1.0000000000000000
M 0.7660444378852844,-0.0000000280971371,-0.6427875757217407,0.3908264040946960,0.0000000000000000,1.0000000000000000,-0.0000000437113883,0.0000000201202539,0.6427875757217407,0.0000000334848664,0.7660444378852844,1.5511610507965088,0.0000000000000000,0.0000000000000000,0.0000000000000000,1.0000000000000000
M 0.7660444378852844,-0.0000000280971371,-0.6427875757217407,0.3908264040946960,0.0000000000000000,1.0000000000000000,-0.0000000437113883,0.0000000201202539,0.6427875757217407,0.0000000334848664,0.7660444378852844,1.5511610507965088,0.0000000000000000,0.0000000000000000,0.0000000000000000,1.0000000000000000
M 0.7660444378852844,-0.0000000280971371,-0.6427875757217407,0.3908264040946960,0.0000000000000000,1.0000000000000000,-0.0000000437113883,0.0000000201202539,0.6427875757217407,0.0000000334848664,0.7660444378852844,1.5511610507965088,0.0000000000000000,0.0000000000000000,0.0000000000000000,1.0000000000000000
M 0.7660444378852844,-0.0000000280971371,-0.6427875757217407,0.3908264040946960,0.0000000000000000,1.0000000000000000,-0.0000000437113883,0.0000000201202539,0.6427875757217407,0.0000000334848664,0.7660444378852844,1.5511610507965088,0.0000000000000000,0.0000000000000000,0.0000000000000000,1.0000000000000000
M 0.7660444378852844,-0.0000000280971371,-0.6427875757217407,0.3908264040946960,0.0000000000000000,1.0000000000000000,-0.0000000437113883,0.0000000201202539,0.6427875757217407,0.0000000334848664,0.7660444378852844,1.5511610507965088,0.0000000000000000,0.0000000000000000,0.0000000000000000,1.0000000000000000
M 0.7660444378852844,-0.0000000280971371,-0.6427875757217407,0.3908264040946960,0.0000000000000000,1.0000000000000000,-0.0000000437113883,0.0000000201202539,0.6427875757217407,0.0000000334848664,0.7660444378852844,1.5511610507965088,0.0000000000000000,0.0000000000000000,0.0000000000000000,1.0000000000000000
M 0.7660444378852844,-0.0000000280971371,-0.6427875757217407,0.3908264040946960,0.0000000000000000,1.0000000000000000,-0.0000000437113883,0.0000000201202539,0.6427875757217407,0.0000000334848664,0.7660444378852844,1.5511610507965088,0.0000000000000000,0.0000000000000000,0.0000000000000000,1.0000000000000000
M 0.7660444378852844,-0.0000000280971371,-0.6427875757217407,0.3908264040946960,0.0000000000000000,1.0000000000000000,-0.0000000437113883,0.0000000201202539,0.6427875757217407,0.0000000334848664,0.7660444378852844,1.5511610507965088,0.0000000000000000,0.0000000000000000,0.0000000000000000,1.0000000000000000
M 0.7660444378852844,-0.0000000280971371,-0.6427875757217407,0.3908264040946960,0.0000000000000000,1.0000000000000000,-0.0000000437113883,0.0000000201202539,0.6427875757217407,0.0000000334848664,0.7660444378852844,1.5511610507965088,0.0000000000000000,0.0000000000000000,0.0000000000000000,1.0000000000000000
M 0.7660444378852844,-0.0000000280971371,-0.6427875757217407,0.3908264040946960,0.0000000000000000,1.0000000000000000,-0.0000000437113883,0.0000000201202539,0.6427875757217407,0.0000000334848664,0.7660444378852844,1.5511610507965088,0.0000000000000000,0.0000000000000000,0.0000000000000000,1.0000000000000000
M 0.7660444378852844,-0.0000000280971371,-0.6427875757217407,0.3908264040946960,0.0000000000000000,1.0000000000000000,-0.0000000437113883,0.0000000201202539,0.6427875757217407,0.0000000334848664,0.7660444378852844,1.5511610507965088,0.0000000000000000,0.0000000000000000,0.0000000000000000,1.0000000000000000
M 0.7660444378852844,-0.0000000280971371,-0.6427875757217407,0.3908264040946960,0.0000000000000000,1.0000000000000000,-0.0000000437113883,0.0000000201202539,0.6427875757217407,0.0000000334848664,0.7660444378852844,1.5511610507965088,0.0000000000000000,0.0000000000000000,0.0000000000000000,1.0000000000000000
M 0.7660444378852844,-0.0000000280971371,-0.6427875757217407,0.3908264040946960,0.0000000000000000,1.0000000000000000,-0.0000000437113883,0.0000000201202539,0.6427875757217407,0.0000000334848664,0.7660444378852844,1.5511610507965088,0.0000000000000000,0.0000000000000000,0.0000000000000000,1.0000000000000000
M 0.7660444378852844,-0.0000000280971371,-0.6427875757217407,0.3908264040946960,0.0000000000000000,1.0000000000000000,-0.0000000437113883,0.0000000201202539,0.6427875757217407,0.0000000334848664,0.7660444378852844,1.5511610507965088,0.0000000000000000,0.0000000000000000,0.0000000000000000,1.0000000000000000
M 0.7660444378852844,-0.0000000280971371,-0.6427875757217407,0.3908264040946960,0.0000000000000000,1.0000000000000000,-0.0000000437113883,0.0000000201202539,0.6427875757217407,0.0000000334848664,0.7660444378852844,1.5511610507965088,0.0000000000000000,0.0000000000000000,0.0000000000000000,1.0000000000000000
M 0.7660444378852844,-0.0000000280971371,-0.6427875757217407,0.3908264040946960,0.0000000000000000,1.0000000000000000,-0.0000000437113883,0.0000000201202539,0.6427875757217407,0.0000000334848664,0.7660444378852844,1.5511610507965088,0.0000000000000000,0.0000000000000000,0.0000000000000000,1.0000000000000000
M 0.7660444378852844,-0.0000000280971371,-0.6427875757217407,0.3908264040946960,0.0000000000000000,1.0000000000000000,-0.0000000437113883,0.0000000201202539,0.6427875757217407,0.0000000334848664,0.7660444378852844,1.5511610507965088,0.0000000000000000,0.0000000000000000,0.0000000000000000,1.0000000000000000
M 0.7660444378852844,-0.0000000280971371,-0.6427875757217407,0.3908264040946960,0.0000000000000000,1.0000000000000000,-0.0000000437113883,0.0000000201202539,0.6427875757217407,0.0000000334848664,0.7660444378852844,1.5511610507965088,0.0000000000000000,0.0000000000000000,0.0000000000000000,1.0000000000000000
M 0.7660444378852844,-0.0000000280971371,-0.6427875757217407,0.3908264040946960,0.0000000000000000,1.0000000000000000,-0.0000000437113883,0.0000000201202539,0.6427875757217407,0.0000000334848664,0.7660444378852844,1.5511610507965088,0.0000000000000000,0.0000000000000000,0.0000000000000000,1.0000000000000000
