O DOOR_10_Arm_INTERIOR_LCG_il_LINVERT
A DOOR_10_Arm_INTERIOR_LCG_il_LINVERT_DOOR_10_Arm_INTERIOR_LCG_il_LINVERT
M 1.0000000000000000,0.0000000000000000,0.0000000000000000,0.0000000000000000,0.0000000000000000,1.0000000000000000,-0.0000000437113883,-0.0000000201205594,-0.0000000000000000,0.0000000437113883,1.0000000000000000,-0.0000000337025270,0.0000000000000000,0.0000000000000000,0.0000000000000000,1.0000000000000000
M 0.9999984502792358,-0.0000000000776417,-0.0017762349452823,-0.0023320300970227,0.0000000000000000,1.0000000000000000,-0.0000000437113883,-0.0000000201205594,0.0017762349452823,0.0000000437113279,0.9999984502792358,0.0008894412894733,0.0000000000000000,0.0000000000000000,0.0000000000000000,1.0000000000000000
M 0.9999757409095764,-0.0000000003043532,-0.0069627882912755,-0.0091506103053689,0.0000000000000000,1.0000000000000000,-0.0000000437113883,-0.0000000201205594,0.0069627882912755,0.0000000437103296,0.9999757409095764,0.0034627970308065,0.0000000000000000,0.0000000000000000,0.0000000000000000,1.0000000000000000
M 0.9998822212219238,-0.0000000006707983,-0.0153460754081607,-0.0202003922313452,0.0000000000000000,1.0000000000000000,-0.0000000437113883,-0.0000000201205594,0.0153460754081607,0.0000000437062404,0.9998822212219238,0.0075476272031665,0.0000000000000000,0.0000000000000000,0.0000000000000000,1.0000000000000000
M 0.9996432065963745,-0.0000000011675928,-0.0267114099115133,-0.0352369807660580,0.0000000000000000,1.0000000000000000,-0.0000000437113883,-0.0000000201205594,0.0267114099115133,0.0000000436957990,0.9996432065963745,0.0129383075982332,0.0000000000000000,0.0000000000000000,0.0000000000000000,1.0000000000000000
M 0.9991655945777893,-0.0000000017852629,-0.0408420562744141,-0.0540227591991425,0.0000000000000000,1.0000000000000000,-0.0000000437113883,-0.0000000201205594,0.0408420562744141,0.0000000436749161,0.9991655945777893,0.0194036308676004,0.0000000000000000,0.0000000000000000,0.0000000000000000,1.0000000000000000
M 0.9983444809913635,-0.0000000025142037,-0.0575182661414146,-0.0763218924403191,0.0000000000000000,1.0000000000000000,-0.0000000437113883,-0.0000000201205594,0.0575182661414146,0.0000000436390231,0.9983444809913635,0.0266958549618721,0.0000000000000000,0.0000000000000000,0.0000000000000000,1.0000000000000000
M 0.9970683455467224,-0.0000000033446386,-0.0765164121985435,-0.1018968969583511,0.0000000000000000,1.0000000000000000,-0.0000000437113883,-0.0000000201205594,0.0765164121985435,0.0000000435832419,0.9970683455467224,0.0345562323927879,0.0000000000000000,0.0000000000000000,0.0000000000000000,1.0000000000000000
M 0.9952248930931091,-0.0000000042665969,-0.0976083502173424,-0.1305046826601028,0.0000000000000000,1.0000000000000000,-0.0000000437113883,-0.0000000201205594,0.0976083502173424,0.0000000435026628,0.9952248930931091,0.0427229143679142,0.0000000000000000,0.0000000000000000,0.0000000000000000,1.0000000000000000
M 0.9927059412002563,-0.0000000052698921,-0.1205610781908035,-0.1618937253952026,0.0000000000000000,1.0000000000000000,-0.0000000437113883,-0.0000000201205594,0.1205610781908035,0.0000000433925607,0.9927059412002563,0.0509369783103466,0.0000000000000000,0.0000000000000000,0.0000000000000000,1.0000000000000000
M 0.9894115924835205,-0.0000000063441359,-0.1451368927955627,-0.1958022117614746,0.0000000000000000,1.0000000000000000,-0.0000000437113883,-0.0000000201205594,0.1451368927955627,0.0000000432485550,0.9894115924835205,0.0589479841291904,0.0000000000000000,0.0000000000000000,0.0000000000000000,1.0000000000000000
M 0.9852547645568848,-0.0000000074787430,-0.1710936874151230,-0.2319560647010803,0.0000000000000000,1.0000000000000000,-0.0000000437113883,-0.0000000201205594,0.1710936874151230,0.0000000430668550,0.9852547645568848,0.0665201023221016,0.0000000000000000,0.0000000000000000,0.0000000000000000,1.0000000000000000
M 0.9801644682884216,-0.0000000086629806,-0.1981858909130096,-0.2700686156749725,0.0000000000000000,1.0000000000000000,-0.0000000437113883,-0.0000000201205594,0.1981858909130096,0.0000000428443556,0.9801644682884216,0.0734369754791260,0.0000000000000000,0.0000000000000000,0.0000000000000000,1.0000000000000000
M 0.9740887880325317,-0.0000000098860236,-0.2261658459901810,-0.3098408579826355,0.0000000000000000,1.0000000000000000,-0.0000000437113883,-0.0000000201205594,0.2261658459901810,0.0000000425787725,0.9740887880325317,0.0795061066746712,0.0000000000000000,0.0000000000000000,0.0000000000000000,1.0000000000000000
M 0.9669977426528931,-0.0000000111370024,-0.2547848820686340,-0.3509615361690521,0.0000000000000000,1.0000000000000000,-0.0000000437113883,-0.0000000201205594,0.2547848820686340,0.0000000422688125,0.9669977426528931,0.0845633670687675,0.0000000000000000,0.0000000000000000,0.0000000000000000,1.0000000000000000
M 0.9588847756385803,-0.0000000124050992,-0.2837955951690674,-0.3931091427803040,0.0000000000000000,1.0000000000000000,-0.0000000437113883,-0.0000000201205594,0.2837955951690674,0.0000000419141841,0.9588847756385803,0.0884759798645973,0.0000000000000000,0.0000000000000000,0.0000000000000000,1.0000000000000000
M 0.9497683644294739,-0.0000000136796441,-0.3129537701606750,-0.4359539747238159,0.0000000000000000,1.0000000000000000,-0.0000000437113883,-0.0000000201205594,0.3129537701606750,0.0000000415157011,0.9497683644294739,0.0911455824971199,0.0000000000000000,0.0000000000000000,0.0000000000000000,1.0000000000000000
M 0.9396926164627075,-0.0000000149501744,-0.3420201241970062,-0.4791597425937653,0.0000000000000000,1.0000000000000000,-0.0000000437113883,-0.0000000201205594,0.3420201241970062,0.0000000410752676,0.9396926164627075,0.0925100073218346,0.0000000000000000,0.0000000000000000,0.0000000000000000,1.0000000000000000
M 0.9287276268005371,-0.0000000162065579,-0.3707627952098846,-0.5223870277404785,0.0000000000000000,1.0000000000000000,-0.0000000437113883,-0.0000000201205594,0.3707627952098846,0.0000000405959817,0.9287276268005371,0.0925449207425117,0.0000000000000000,0.0000000000000000,0.0000000000000000,1.0000000000000000
M 0.9169687032699585,-0.0000000174390600,-0.3989591896533966,-0.5652958750724792,0.0000000000000000,1.0000000000000000,-0.0000000437113883,-0.0000000201205594,0.3989591896533966,0.0000000400819822,0.9169687032699585,0.0912635251879692,0.0000000000000000,0.0000000000000000,0.0000000000000000,1.0000000000000000
M 0.9045358300209045,-0.0000000186384312,-0.4263976216316223,-0.6075481176376343,0.0000000000000000,1.0000000000000000,-0.0000000437113883,-0.0000000201205594,0.4263976216316223,0.0000000395385165,0.9045358300209045,0.0887172818183899,0.0000000000000000,0.0000000000000000,0.0000000000000000,1.0000000000000000
M 0.8915719389915466,-0.0000000197959746,-0.4528791010379791,-0.6488108634948730,0.0000000000000000,1.0000000000000000,-0.0000000437113883,-0.0000000201205594,0.4528791010379791,0.0000000389718480,0.8915719389915466,0.0849937349557877,0.0000000000000000,0.0000000000000000,0.0000000000000000,1.0000000000000000
M 0.8782410025596619,-0.0000000209035864,-0.4782183170318604,-0.6887586712837219,0.0000000000000000,1.0000000000000000,-0.0000000437113883,-0.0000000201205594,0.4782183170318604,0.0000000383891390,0.8782410025596619,0.0802151560783386,0.0000000000000000,0.0000000000000000,0.0000000000000000,1.0000000000000000
M 0.8647258877754211,-0.0000000219537881,-0.5022441148757935,-0.7270750999450684,0.0000000000000000,1.0000000000000000,-0.0000000437113883,-0.0000000201205594,0.5022441148757935,0.0000000377983689,0.8647258877754211,0.0745357125997543,0.0000000000000000,0.0000000000000000,0.0000000000000000,1.0000000000000000
M 0.8512254953384399,-0.0000000229397461,-0.5248001217842102,-0.7634551525115967,0.0000000000000000,1.0000000000000000,-0.0000000437113883,-0.0000000201205594,0.5248001217842102,0.0000000372082560,0.8512254953384399,0.0681377798318863,0.0000000000000000,0.0000000000000000,0.0000000000000000,1.0000000000000000
M 0.8379520773887634,-0.0000000238552200,-0.5457438230514526,-0.7976050972938538,0.0000000000000000,1.0000000000000000,-0.0000000437113883,-0.0000000201205594,0.5457438230514526,0.0000000366280482,0.8379520773887634,0.0612285248935223,0.0000000000000000,0.0000000000000000,0.0000000000000000,1.0000000000000000
M 0.8251278996467590,-0.0000000246945717,-0.5649459362030029,-0.8292438387870789,0.0000000000000000,1.0000000000000000,-0.0000000437113883,-0.0000000201205594,0.5649459362030029,0.0000000360674868,0.8251278996467590,0.0540348999202251,0.0000000000000000,0.0000000000000000,0.0000000000000000,1.0000000000000000
M 0.8129824995994568,-0.0000000254526231,-0.5822881460189819,-0.8581007719039917,0.0000000000000000,1.0000000000000000,-0.0000000437113883,-0.0000000201205594,0.5822881460189819,0.0000000355365941,0.8129824995994568,0.0467985086143017,0.0000000000000000,0.0000000000000000,0.0000000000000000,1.0000000000000000
M 0.8017482757568359,-0.0000000261246331,-0.5976618528366089,-0.8839168548583984,0.0000000000000000,1.0000000000000000,-0.0000000437113883,-0.0000000201205594,0.5976618528366089,0.0000000350455309,0.8017482757568359,0.0397701039910316,0.0000000000000000,0.0000000000000000,0.0000000000000000,1.0000000000000000
M 0.7916581034660339,-0.0000000267061004,-0.6109643578529358,-0.9064403176307678,0.0000000000000000,1.0000000000000000,-0.0000000437113883,-0.0000000201205594,0.6109643578529358,0.0000000346044757,0.7916581034660339,0.0332036390900612,0.0000000000000000,0.0000000000000000,0.0000000000000000,1.0000000000000000
M 0.7829409241676331,-0.0000000271926854,-0.6220960617065430,-0.9254254698753357,0.0000000000000000,1.0000000000000000,-0.0000000437113883,-0.0000000201205594,0.6220960617065430,0.0000000342234330,0.7829409241676331,0.0273496881127357,0.0000000000000000,0.0000000000000000,0.0000000000000000,1.0000000000000000
M 0.7758184671401978,-0.0000000275799739,-0.6309561729431152,-0.9406288862228394,0.0000000000000000,1.0000000000000000,-0.0000000437113883,-0.0000000201205594,0.6309561729431152,0.0000000339121016,0.7758184671401978,0.0224486067891121,0.0000000000000000,0.0000000000000000,0.0000000000000000,1.0000000000000000
M 0.7705014944076538,-0.0000000278633081,-0.6374381780624390,-0.9518049955368042,0.0000000000000000,1.0000000000000000,-0.0000000437113883,-0.0000000201205594,0.6374381780624390,0.0000000336796901,0.7705014944076538,0.0187235530465841,0.0000000000000000,0.0000000000000000,0.0000000000000000,1.0000000000000000
M 0.7671849727630615,-0.0000000280376167,-0.6414259076118469,-0.9587033390998840,0.0000000000000000,1.0000000000000000,-0.0000000437113883,-0.0000000201205594,0.6414259076118469,0.0000000335347217,0.7671849727630615,0.0163722094148397,0.0000000000000000,0.0000000000000000,0.0000000000000000,1.0000000000000000
M 0.7660444378852844,-0.0000000280971371,-0.6427875757217407,-0.9610629081726074,0.0000000000000000,1.0000000000000000,-0.0000000437113883,-0.0000000201205594,0.6427875757217407,0.0000000334848664,0.7660444378852844,0.0155587252229452,0.0000000000000000,0.0000000000000000,0.0000000000000000,1.0000000000000000
M 0.7660444378852844,-0.0000000280971371,-0.6427875757217407,-0.9610629081726074,0.0000000000000000,1.0000000000000000,-0.0000000437113883,-0.0000000201205594,0.6427875757217407,0.0000000334848664,0.7660444378852844,0.0155587252229452,0.0000000000000000,0.0000000000000000,0.0000000000000000,1.0000000000000000
M 0.7660444378852844,-0.0000000280971371,-0.6427875757217407,-0.9610629081726074,0.0000000000000000,1.0000000000000000,-0.0000000437113883,-0.0000000201205594,0.6427875757217407,0.0000000334848664,0.7660444378852844,0.0155587252229452,0.0000000000000000,0.0000000000000000,0.0000000000000000,1.0000000000000000
M 0.7660444378852844,-0.0000000280971371,-0.6427875757217407,-0.9610629081726074,0.0000000000000000,1.0000000000000000,-0.0000000437113883,-0.0000000201205594,0.6427875757217407,0.0000000334848664,0.7660444378852844,0.0155587252229452,0.0000000000000000,0.0000000000000000,0.0000000000000000,1.0000000000000000
M 0.7660444378852844,-0.0000000280971371,-0.6427875757217407,-0.9610629081726074,0.0000000000000000,1.0000000000000000,-0.0000000437113883,-0.0000000201205594,0.6427875757217407,0.0000000334848664,0.7660444378852844,0.0155587252229452,0.0000000000000000,0.0000000000000000,0.0000000000000000,1.0000000000000000
M 0.7660444378852844,-0.0000000280971371,-0.6427875757217407,-0.9610629081726074,0.0000000000000000,1.0000000000000000,-0.0000000437113883,-0.0000000201205594,0.6427875757217407,0.0000000334848664,0.7660444378852844,0.0155587252229452,0.0000000000000000,0.0000000000000000,0.0000000000000000,1.0000000000000000
M 0.7660444378852844,-0.0000000280971371,-0.6427875757217407,-0.9610629081726074,0.0000000000000000,1.0000000000000000,-0.0000000437113883,-0.0000000201205594,0.6427875757217407,0.0000000334848664,0.7660444378852844,0.0155587252229452,0.0000000000000000,0.0000000000000000,0.0000000000000000,1.0000000000000000
M 0.7660444378852844,-0.0000000280971371,-0.6427875757217407,-0.9610629081726074,0.0000000000000000,1.0000000000000000,-0.0000000437113883,-0.0000000201205594,0.6427875757217407,0.0000000334848664,0.7660444378852844,0.0155587252229452,0.0000000000000000,0.0000000000000000,0.0000000000000000,1.0000000000000000
M 0.7660444378852844,-0.0000000280971371,-0.6427875757217407,-0.9610629081726074,0.0000000000000000,1.0000000000000000,-0.0000000437113883,-0.0000000201205594,0.6427875757217407,0.0000000334848664,0.7660444378852844,0.0155587252229452,0.0000000000000000,0.0000000000000000,0.0000000000000000,1.0000000000000000
M 0.7660444378852844,-0.0000000280971371,-0.6427875757217407,-0.9610629081726074,0.0000000000000000,1.0000000000000000,-0.0000000437113883,-0.0000000201205594,0.6427875757217407,0.0000000334848664,0.7660444378852844,0.0155587252229452,0.0000000000000000,0.0000000000000000,0.0000000000000000,1.0000000000000000
M 0.7660444378852844,-0.0000000280971371,-0.6427875757217407,-0.9610629081726074,0.0000000000000000,1.0000000000000000,-0.0000000437113883,-0.0000000201205594,0.6427875757217407,0.0000000334848664,0.7660444378852844,0.0155587252229452,0.0000000000000000,0.0000000000000000,0.0000000000000000,1.0000000000000000
M 0.7660444378852844,-0.0000000280971371,-0.6427875757217407,-0.9610629081726074,0.0000000000000000,1.0000000000000000,-0.0000000437113883,-0.0000000201205594,0.6427875757217407,0.0000000334848664,0.7660444378852844,0.0155587252229452,0.0000000000000000,0.0000000000000000,0.0000000000000000,1.0000000000000000
M 0.7660444378852844,-0.0000000280971371,-0.6427875757217407,-0.9610629081726074,0.0000000000000000,1.0000000000000000,-0.0000000437113883,-0.0000000201205594,0.6427875757217407,0.0000000334848664,0.7660444378852844,0.0155587252229452,0.0000000000000000,0.0000000000000000,0.0000000000000000,1.0000000000000000
M 0.7660444378852844,-0.0000000280971371,-0.6427875757217407,-0.9610629081726074,0.0000000000000000,1.0000000000000000,-0.0000000437113883,-0.0000000201205594,0.6427875757217407,0.0000000334848664,0.7660444378852844,0.0155587252229452,0.0000000000000000,0.0000000000000000,0.0000000000000000,1.0000000000000000
M 0.7660444378852844,-0.0000000280971371,-0.6427875757217407,-0.9610629081726074,0.0000000000000000,1.0000000000000000,-0.0000000437113883,-0.0000000201205594,0.6427875757217407,0.0000000334848664,0.7660444378852844,0.0155587252229452,0.0000000000000000,0.0000000000000000,0.0000000000000000,1.0000000000000000
M 0.7660444378852844,-0.0000000280971371,-0.6427875757217407,-0.9610629081726074,0.0000000000000000,1.0000000000000000,-0.0000000437113883,-0.0000000201205594,0.6427875757217407,0.0000000334848664,0.7660444378852844,0.0155587252229452,0.0000000000000000,0.0000000000000000,0.0000000000000000,1.0000000000000000
M 0.7660444378852844,-0.0000000280971371,-0.6427875757217407,-0.9610629081726074,0.0000000000000000,1.0000000000000000,-0.0000000437113883,-0.0000000201205594,0.6427875757217407,0.0000000334848664,0.7660444378852844,0.0155587252229452,0.0000000000000000,0.0000000000000000,0.0000000000000000,1.0000000000000000
M 0.7660444378852844,-0.0000000280971371,-0.6427875757217407,-0.9610629081726074,0.0000000000000000,1.0000000000000000,-0.0000000437113883,-0.0000000201205594,0.6427875757217407,0.0000000334848664,0.7660444378852844,0.0155587252229452,0.0000000000000000,0.0000000000000000,0.0000000000000000,1.0000000000000000
M 0.7660444378852844,-0.0000000280971371,-0.6427875757217407,-0.9610629081726074,0.0000000000000000,1.0000000000000000,-0.0000000437113883,-0.0000000201205594,0.6427875757217407,0.0000000334848664,0.7660444378852844,0.0155587252229452,0.0000000000000000,0.0000000000000000,0.0000000000000000,1.0000000000000000
M 0.7660444378852844,-0.0000000280971371,-0.6427875757217407,-0.9610629081726074,0.0000000000000000,1.0000000000000000,-0.0000000437113883,-0.0000000201205594,0.6427875757217407,0.0000000334848664,0.7660444378852844,0.0155587252229452,0.0000000000000000,0.0000000000000000,0.0000000000000000,1.0000000000000000
M 0.7660444378852844,-0.0000000280971371,-0.6427875757217407,-0.9610629081726074,0.0000000000000000,1.0000000000000000,-0.0000000437113883,-0.0000000201205594,0.6427875757217407,0.0000000334848664,0.7660444378852844,0.0155587252229452,0.0000000000000000,0.0000000000000000,0.0000000000000000,1.0000000000000000
M 0.7660444378852844,-0.0000000280971371,-0.6427875757217407,-0.9610629081726074,0.0000000000000000,1.0000000000000000,-0.0000000437113883,-0.0000000201205594,0.6427875757217407,0.0000000334848664,0.7660444378852844,0.0155587252229452,0.0000000000000000,0.0000000000000000,0.0000000000000000,1.0000000000000000
M 0.7660444378852844,-0.0000000280971371,-0.6427875757217407,-0.9610629081726074,0.0000000000000000,1.0000000000000000,-0.0000000437113883,-0.0000000201205594,0.6427875757217407,0.0000000334848664,0.7660444378852844,0.0155587252229452,0.0000000000000000,0.0000000000000000,0.0000000000000000,1.0000000000000000
M 0.7660444378852844,-0.0000000280971371,-0.6427875757217407,-0.9610629081726074,0.0000000000000000,1.0000000000000000,-0.0000000437113883,-0.0000000201205594,0.6427875757217407,0.0000000334848664,0.7660444378852844,0.0155587252229452,0.0000000000000000,0.0000000000000000,0.0000000000000000,1.0000000000000000
M 0.7660444378852844,-0.0000000280971371,-0.6427875757217407,-0.9610629081726074,0.0000000000000000,1.0000000000000000,-0.0000000437113883,-0.0000000201205594,0.6427875757217407,0.0000000334848664,0.7660444378852844,0.0155587252229452,0.0000000000000000,0.0000000000000000,0.0000000000000000,1.0000000000000000
M 0.7660444378852844,-0.0000000280971371,-0.6427875757217407,-0.9610629081726074,0.0000000000000000,1.0000000000000000,-0.0000000437113883,-0.0000000201205594,0.6427875757217407,0.0000000334848664,0.7660444378852844,0.0155587252229452,0.0000000000000000,0.0000000000000000,0.0000000000000000,1.0000000000000000
M 0.7660444378852844,-0.0000000280971371,-0.6427875757217407,-0.9610629081726074,0.0000000000000000,1.0000000000000000,-0.0000000437113883,-0.0000000201205594,0.6427875757217407,0.0000000334848664,0.7660444378852844,0.0155587252229452,0.0000000000000000,0.0000000000000000,0.0000000000000000,1.0000000000000000
M 0.7660444378852844,-0.0000000280971371,-0.6427875757217407,-0.9610629081726074,0.0000000000000000,1.0000000000000000,-0.0000000437113883,-0.0000000201205594,0.6427875757217407,0.0000000334848664,0.7660444378852844,0.0155587252229452,0.0000000000000000,0.0000000000000000,0.0000000000000000,1.0000000000000000
M 0.7660444378852844,-0.0000000280971371,-0.6427875757217407,-0.9610629081726074,0.0000000000000000,1.0000000000000000,-0.0000000437113883,-0.0000000201205594,0.6427875757217407,0.0000000334848664,0.7660444378852844,0.0155587252229452,0.0000000000000000,0.0000000000000000,0.0000000000000000,1.0000000000000000
M 0.7660444378852844,-0.0000000280971371,-0.6427875757217407,-0.9610629081726074,0.0000000000000000,1.0000000000000000,-0.0000000437113883,-0.0000000201205594,0.6427875757217407,0.0000000334848664,0.7660444378852844,0.0155587252229452,0.0000000000000000,0.0000000000000000,0.0000000000000000,1.0000000000000000
M 0.7660444378852844,-0.0000000280971371,-0.6427875757217407,-0.9610629081726074,0.0000000000000000,1.0000000000000000,-0.0000000437113883,-0.0000000201205594,0.6427875757217407,0.0000000334848664,0.7660444378852844,0.0155587252229452,0.0000000000000000,0.0000000000000000,0.0000000000000000,1.0000000000000000
M 0.7660444378852844,-0.0000000280971371,-0.6427875757217407,-0.9610629081726074,0.0000000000000000,1.0000000000000000,-0.0000000437113883,-0.0000000201205594,0.6427875757217407,0.0000000334848664,0.7660444378852844,0.0155587252229452,0.0000000000000000,0.0000000000000000,0.0000000000000000,1.0000000000000000
M 0.7660444378852844,-0.0000000280971371,-0.6427875757217407,-0.9610629081726074,0.0000000000000000,1.0000000000000000,-0.0000000437113883,-0.0000000201205594,0.6427875757217407,0.0000000334848664,0.7660444378852844,0.0155587252229452,0.0000000000000000,0.0000000000000000,0.0000000000000000,1.0000000000000000
M 0.7660444378852844,-0.0000000280971371,-0.6427875757217407,-0.9610629081726074,0.0000000000000000,1.0000000000000000,-0.0000000437113883,-0.0000000201205594,0.6427875757217407,0.0000000334848664,0.7660444378852844,0.0155587252229452,0.0000000000000000,0.0000000000000000,0.0000000000000000,1.0000000000000000
M 0.7660444378852844,-0.0000000280971371,-0.6427875757217407,-0.9610629081726074,0.0000000000000000,1.0000000000000000,-0.0000000437113883,-0.0000000201205594,0.6427875757217407,0.0000000334848664,0.7660444378852844,0.0155587252229452,0.0000000000000000,0.0000000000000000,0.0000000000000000,1.0000000000000000
M 0.7660444378852844,-0.0000000280971371,-0.6427875757217407,-0.9610629081726074,0.0000000000000000,1.0000000000000000,-0.0000000437113883,-0.0000000201205594,0.6427875757217407,0.0000000334848664,0.7660444378852844,0.0155587252229452,0.0000000000000000,0.0000000000000000,0.0000000000000000,1.0000000000000000
M 0.7660444378852844,-0.0000000280971371,-0.6427875757217407,-0.9610629081726074,0.0000000000000000,1.0000000000000000,-0.0000000437113883,-0.0000000201205594,0.6427875757217407,0.0000000334848664,0.7660444378852844,0.0155587252229452,0.0000000000000000,0.0000000000000000,0.0000000000000000,1.0000000000000000
M 0.7660444378852844,-0.0000000280971371,-0.6427875757217407,-0.9610629081726074,0.0000000000000000,1.0000000000000000,-0.0000000437113883,-0.0000000201205594,0.6427875757217407,0.0000000334848664,0.7660444378852844,0.0155587252229452,0.0000000000000000,0.0000000000000000,0.0000000000000000,1.0000000000000000
M 0.7660444378852844,-0.0000000280971371,-0.6427875757217407,-0.9610629081726074,0.0000000000000000,1.0000000000000000,-0.0000000437113883,-0.0000000201205594,0.6427875757217407,0.0000000334848664,0.7660444378852844,0.0155587252229452,0.0000000000000000,0.0000000000000000,0.0000000000000000,1.0000000000000000
M 0.7660444378852844,-0.0000000280971371,-0.6427875757217407,-0.9610629081726074,0.0000000000000000,1.0000000000000000,-0.0000000437113883,-0.0000000201205594,0.6427875757217407,0.0000000334848664,0.7660444378852844,0.0155587252229452,0.0000000000000000,0.0000000000000000,0.0000000000000000,1.0000000000000000
M 0.7660444378852844,-0.0000000280971371,-0.6427875757217407,-0.9610629081726074,0.0000000000000000,1.0000000000000000,-0.0000000437113883,-0.0000000201205594,0.6427875757217407,0.0000000334848664,0.7660444378852844,0.0155587252229452,0.0000000000000000,0.0000000000000000,0.0000000000000000,1.0000000000000000
M 0.7660444378852844,-0.0000000280971371,-0.6427875757217407,-0.9610629081726074,0.0000000000000000,1.0000000000000000,-0.0000000437113883,-0.0000000201205594,0.6427875757217407,0.0000000334848664,0.7660444378852844,0.0155587252229452,0.0000000000000000,0.0000000000000000,0.0000000000000000,1.0000000000000000
M 0.7660444378852844,-0.0000000280971371,-0.6427875757217407,-0.9610629081726074,0.0000000000000000,1.0000000000000000,-0.0000000437113883,-0.0000000201205594,0.6427875757217407,0.0000000334848664,0.7660444378852844,0.0155587252229452,0.0000000000000000,0.0000000000000000,0.0000000000000000,1.0000000000000000
M 0.7660444378852844,-0.0000000280971371,-0.6427875757217407,-0.9610629081726074,0.0000000000000000,1.0000000000000000,-0.0000000437113883,-0.0000000201205594,0.6427875757217407,0.0000000334848664,0.7660444378852844,0.0155587252229452,0.0000000000000000,0.0000000000000000,0.0000000000000000,1.0000000000000000
M 0.7660444378852844,-0.0000000280971371,-0.6427875757217407,-0.9610629081726074,0.0000000000000000,1.0000000000000000,-0.0000000437113883,-0.0000000201205594,0.6427875757217407,0.0000000334848664,0.7660444378852844,0.0155587252229452,0.0000000000000000,0.0000000000000000,0.0000000000000000,1.0000000000000000
M 0.7660444378852844,-0.0000000280971371,-0.6427875757217407,-0.9610629081726074,0.0000000000000000,1.0000000000000000,-0.0000000437113883,-0.0000000201205594,0.6427875757217407,0.0000000334848664,0.7660444378852844,0.0155587252229452,0.0000000000000000,0.0000000000000000,0.0000000000000000,1.0000000000000000
M 0.7660444378852844,-0.0000000280971371,-0.6427875757217407,-0.9610629081726074,0.0000000000000000,1.0000000000000000,-0.0000000437113883,-0.0000000201205594,0.6427875757217407,0.0000000334848664,0.7660444378852844,0.0155587252229452,0.0000000000000000,0.0000000000000000,0.0000000000000000,1.0000000000000000
M 0.7660444378852844,-0.0000000280971371,-0.6427875757217407,-0.9610629081726074,0.0000000000000000,1.0000000000000000,-0.0000000437113883,-0.0000000201205594,0.6427875757217407,0.0000000334848664,0.7660444378852844,0.0155587252229452,0.0000000000000000,0.0000000000000000,0.0000000000000000,1.0000000000000000
M 0.7660444378852844,-0.0000000280971371,-0.6427875757217407,-0.9610629081726074,0.0000000000000000,1.0000000000000000,-0.0000000437113883,-0.0000000201205594,0.6427875757217407,0.0000000334848664,0.7660444378852844,0.0155587252229452,0.0000000000000000,0.0000000000000000,0.0000000000000000,1.0000000000000000
M 0.7660444378852844,-0.0000000280971371,-0.6427875757217407,-0.9610629081726074,0.0000000000000000,1.0000000000000000,-0.0000000437113883,-0.0000000201205594,0.6427875757217407,0.0000000334848664,0.7660444378852844,0.0155587252229452,0.0000000000000000,0.0000000000000000,0.0000000000000000,1.0000000000000000
M 0.7660444378852844,-0.0000000280971371,-0.6427875757217407,-0.9610629081726074,0.0000000000000000,1.0000000000000000,-0.0000000437113883,-0.0000000201205594,0.6427875757217407,0.0000000334848664,0.7660444378852844,0.0155587252229452,0.0000000000000000,0.0000000000000000,0.0000000000000000,1.0000000000000000
M 0.7660444378852844,-0.0000000280971371,-0.6427875757217407,-0.9610629081726074,0.0000000000000000,1.0000000000000000,-0.0000000437113883,-0.0000000201205594,0.6427875757217407,0.0000000334848664,0.7660444378852844,0.0155587252229452,0.0000000000000000,0.0000000000000000,0.0000000000000000,1.0000000000000000
M 0.7660444378852844,-0.0000000280971371,-0.6427875757217407,-0.9610629081726074,0.0000000000000000,1.0000000000000000,-0.0000000437113883,-0.0000000201205594,0.6427875757217407,0.0000000334848664,0.7660444378852844,0.0155587252229452,0.0000000000000000,0.0000000000000000,0.0000000000000000,1.0000000000000000
M 0.7660444378852844,-0.0000000280971371,-0.6427875757217407,-0.9610629081726074,0.0000000000000000,1.0000000000000000,-0.0000000437113883,-0.0000000201205594,0.6427875757217407,0.0000000334848664,0.7660444378852844,0.0155587252229452,0.0000000000000000,0.0000000000000000,0.0000000000000000,1.0000000000000000
M 0.7660444378852844,-0.0000000280971371,-0.6427875757217407,-0.9610629081726074,0.0000000000000000,1.0000000000000000,-0.0000000437113883,-0.0000000201205594,0.6427875757217407,0.0000000334848664,0.7660444378852844,0.0155587252229452,0.0000000000000000,0.0000000000000000,0.0000000000000000,1.0000000000000000
M 0.7660444378852844,-0.0000000280971371,-0.6427875757217407,-0.9610629081726074,0.0000000000000000,1.0000000000000000,-0.0000000437113883,-0.0000000201205594,0.6427875757217407,0.0000000334848664,0.7660444378852844,0.0155587252229452,0.0000000000000000,0.0000000000000000,0.0000000000000000,1.0000000000000000
M 0.7660444378852844,-0.0000000280971371,-0.6427875757217407,-0.9610629081726074,0.0000000000000000,1.0000000000000000,-0.0000000437113883,-0.0000000201205594,0.6427875757217407,0.0000000334848664,0.7660444378852844,0.0155587252229452,0.0000000000000000,0.0000000000000000,0.0000000000000000,1.0000000000000000
M 0.7660444378852844,-0.0000000280971371,-0.6427875757217407,-0.9610629081726074,0.0000000000000000,1.0000000000000000,-0.0000000437113883,-0.0000000201205594,0.6427875757217407,0.0000000334848664,0.7660444378852844,0.0155587252229452,0.0000000000000000,0.0000000000000000,0.0000000000000000,1.0000000000000000
M 0.7660444378852844,-0.0000000280971371,-0.6427875757217407,-0.9610629081726074,0.0000000000000000,1.0000000000000000,-0.0000000437113883,-0.0000000201205594,0.6427875757217407,0.0000000334848664,0.7660444378852844,0.0155587252229452,0.0000000000000000,0.0000000000000000,0.0000000000000000,1.0000000000000000
M 0.7660444378852844,-0.0000000280971371,-0.6427875757217407,-0.9610629081726074,0.0000000000000000,1.0000000000000000,-0.0000000437113883,-0.0000000201205594,0.6427875757217407,0.0000000334848664,0.7660444378852844,0.0155587252229452,0.0000000000000000,0.0000000000000000,0.0000000000000000,1.0000000000000000
M 0.7660444378852844,-0.0000000280971371,-0.6427875757217407,-0.9610629081726074,0.0000000000000000,1.0000000000000000,-0.0000000437113883,-0.0000000201205594,0.6427875757217407,0.0000000334848664,0.7660444378852844,0.0155587252229452,0.0000000000000000,0.0000000000000000,0.0000000000000000,1.0000000000000000
M 0.7660444378852844,-0.0000000280971371,-0.6427875757217407,-0.9610629081726074,0.0000000000000000,1.0000000000000000,-0.0000000437113883,-0.0000000201205594,0.6427875757217407,0.0000000334848664,0.7660444378852844,0.0155587252229452,0.0000000000000000,0.0000000000000000,0.0000000000000000,1.0000000000000000
M 0.7660444378852844,-0.0000000280971371,-0.6427875757217407,-0.9610629081726074,0.0000000000000000,1.0000000000000000,-0.0000000437113883,-0.0000000201205594,0.6427875757217407,0.0000000334848664,0.7660444378852844,0.0155587252229452,0.0000000000000000,0.0000000000000000,0.0000000000000000,1.0000000000000000
M 0.7660444378852844,-0.0000000280971371,-0.6427875757217407,-0.9610629081726074,0.0000000000000000,1.0000000000000000,-0.0000000437113883,-0.0000000201205594,0.6427875757217407,0.0000000334848664,0.7660444378852844,0.0155587252229452,0.0000000000000000,0.0000000000000000,0.0000000000000000,1.0000000000000000
M 0.7660444378852844,-0.0000000280971371,-0.6427875757217407,-0.9610629081726074,0.0000000000000000,1.0000000000000000,-0.0000000437113883,-0.0000000201205594,0.6427875757217407,0.0000000334848664,0.7660444378852844,0.0155587252229452,0.0000000000000000,0.0000000000000000,0.0000000000000000,1.0000000000000000
M 0.7660444378852844,-0.0000000280971371,-0.6427875757217407,-0.9610629081726074,0.0000000000000000,1.0000000000000000,-0.0000000437113883,-0.0000000201205594,0.6427875757217407,0.0000000334848664,0.7660444378852844,0.0155587252229452,0.0000000000000000,0.0000000000000000,0.0000000000000000,1.0000000000000000
M 0.7660444378852844,-0.0000000280971371,-0.6427875757217407,-0.9610629081726074,0.0000000000000000,1.0000000000000000,-0.0000000437113883,-0.0000000201205594,0.6427875757217407,0.0000000334848664,0.7660444378852844,0.0155587252229452,0.0000000000000000,0.0000000000000000,0.0000000000000000,1.0000000000000000
M 0.7660444378852844,-0.0000000280971371,-0.6427875757217407,-0.9610629081726074,0.0000000000000000,1.0000000000000000,-0.0000000437113883,-0.0000000201205594,0.6427875757217407,0.0000000334848664,0.7660444378852844,0.0155587252229452,0.0000000000000000,0.0000000000000000,0.0000000000000000,1.0000000000000000
M 0.7660444378852844,-0.0000000280971371,-0.6427875757217407,-0.9610629081726074,0.0000000000000000,1.0000000000000000,-0.0000000437113883,-0.0000000201205594,0.6427875757217407,0.0000000334848664,0.7660444378852844,0.0155587252229452,0.0000000000000000,0.0000000000000000,0.0000000000000000,1.0000000000000000
M 0.7660444378852844,-0.0000000280971371,-0.6427875757217407,-0.9610629081726074,0.0000000000000000,1.0000000000000000,-0.0000000437113883,-0.0000000201205594,0.6427875757217407,0.0000000334848664,0.7660444378852844,0.0155587252229452,0.0000000000000000,0.0000000000000000,0.0000000000000000,1.0000000000000000
M 0.7660444378852844,-0.0000000280971371,-0.6427875757217407,-0.9610629081726074,0.0000000000000000,1.0000000000000000,-0.0000000437113883,-0.0000000201205594,0.6427875757217407,0.0000000334848664,0.7660444378852844,0.0155587252229452,0.0000000000000000,0.0000000000000000,0.0000000000000000,1.0000000000000000
M 0.7660444378852844,-0.0000000280971371,-0.6427875757217407,-0.9610629081726074,0.0000000000000000,1.0000000000000000,-0.0000000437113883,-0.0000000201205594,0.6427875757217407,0.0000000334848664,0.7660444378852844,0.0155587252229452,0.0000000000000000,0.0000000000000000,0.0000000000000000,1.0000000000000000
M 0.7660444378852844,-0.0000000280971371,-0.6427875757217407,-0.9610629081726074,0.0000000000000000,1.0000000000000000,-0.0000000437113883,-0.0000000201205594,0.6427875757217407,0.0000000334848664,0.7660444378852844,0.0155587252229452,0.0000000000000000,0.0000000000000000,0.0000000000000000,1.0000000000000000
M 0.7660444378852844,-0.0000000280971371,-0.6427875757217407,-0.9610629081726074,0.0000000000000000,1.0000000000000000,-0.0000000437113883,-0.0000000201205594,0.6427875757217407,0.0000000334848664,0.7660444378852844,0.0155587252229452,0.0000000000000000,0.0000000000000000,0.0000000000000000,1.0000000000000000
M 0.7660444378852844,-0.0000000280971371,-0.6427875757217407,-0.9610629081726074,0.0000000000000000,1.0000000000000000,-0.0000000437113883,-0.0000000201205594,0.6427875757217407,0.0000000334848664,0.7660444378852844,0.0155587252229452,0.0000000000000000,0.0000000000000000,0.0000000000000000,1.0000000000000000
M 0.7660444378852844,-0.0000000280971371,-0.6427875757217407,-0.9610629081726074,0.0000000000000000,1.0000000000000000,-0.0000000437113883,-0.0000000201205594,0.6427875757217407,0.0000000334848664,0.7660444378852844,0.0155587252229452,0.0000000000000000,0.0000000000000000,0.0000000000000000,1.0000000000000000
M 0.7660444378852844,-0.0000000280971371,-0.6427875757217407,-0.9610629081726074,0.0000000000000000,1.0000000000000000,-0.0000000437113883,-0.0000000201205594,0.6427875757217407,0.0000000334848664,0.7660444378852844,0.0155587252229452,0.0000000000000000,0.0000000000000000,0.0000000000000000,1.0000000000000000
M 0.7660444378852844,-0.0000000280971371,-0.6427875757217407,-0.9610629081726074,0.0000000000000000,1.0000000000000000,-0.0000000437113883,-0.0000000201205594,0.6427875757217407,0.0000000334848664,0.7660444378852844,0.0155587252229452,0.0000000000000000,0.0000000000000000,0.0000000000000000,1.0000000000000000
M 0.7660444378852844,-0.0000000280971371,-0.6427875757217407,-0.9610629081726074,0.0000000000000000,1.0000000000000000,-0.0000000437113883,-0.0000000201205594,0.6427875757217407,0.0000000334848664,0.7660444378852844,0.0155587252229452,0.0000000000000000,0.0000000000000000,0.0000000000000000,1.0000000000000000
M 0.7660444378852844,-0.0000000280971371,-0.6427875757217407,-0.9610629081726074,0.0000000000000000,1.0000000000000000,-0.0000000437113883,-0.0000000201205594,0.6427875757217407,0.0000000334848664,0.7660444378852844,0.0155587252229452,0.0000000000000000,0.0000000000000000,0.0000000000000000,1.0000000000000000
M 0.7660444378852844,-0.0000000280971371,-0.6427875757217407,-0.9610629081726074,0.0000000000000000,1.0000000000000000,-0.0000000437113883,-0.0000000201205594,0.6427875757217407,0.0000000334848664,0.7660444378852844,0.0155587252229452,0.0000000000000000,0.0000000000000000,0.0000000000000000,1.0000000000000000
M 0.7660444378852844,-0.0000000280971371,-0.6427875757217407,-0.9610629081726074,0.0000000000000000,1.0000000000000000,-0.0000000437113883,-0.0000000201205594,0.6427875757217407,0.0000000334848664,0.7660444378852844,0.0155587252229452,0.0000000000000000,0.0000000000000000,0.0000000000000000,1.0000000000000000
M 0.7660444378852844,-0.0000000280971371,-0.6427875757217407,-0.9610629081726074,0.0000000000000000,1.0000000000000000,-0.0000000437113883,-0.0000000201205594,0.6427875757217407,0.0000000334848664,0.7660444378852844,0.0155587252229452,0.0000000000000000,0.0000000000000000,0.0000000000000000,1.0000000000000000
M 0.7660444378852844,-0.0000000280971371,-0.6427875757217407,-0.9610629081726074,0.0000000000000000,1.0000000000000000,-0.0000000437113883,-0.0000000201205594,0.6427875757217407,0.0000000334848664,0.7660444378852844,0.0155587252229452,0.0000000000000000,0.0000000000000000,0.0000000000000000,1.0000000000000000
M 0.7660444378852844,-0.0000000280971371,-0.6427875757217407,-0.9610629081726074,0.0000000000000000,1.0000000000000000,-0.0000000437113883,-0.0000000201205594,0.6427875757217407,0.0000000334848664,0.7660444378852844,0.0155587252229452,0.0000000000000000,0.0000000000000000,0.0000000000000000,1.0000000000000000
M 0.7660444378852844,-0.0000000280971371,-0.6427875757217407,-0.9610629081726074,0.0000000000000000,1.0000000000000000,-0.0000000437113883,-0.0000000201205594,0.6427875757217407,0.0000000334848664,0.7660444378852844,0.0155587252229452,0.0000000000000000,0.0000000000000000,0.0000000000000000,1.0000000000000000
M 0.7660444378852844,-0.0000000280971371,-0.6427875757217407,-0.9610629081726074,0.0000000000000000,1.0000000000000000,-0.0000000437113883,-0.0000000201205594,0.6427875757217407,0.0000000334848664,0.7660444378852844,0.0155587252229452,0.0000000000000000,0.0000000000000000,0.0000000000000000,1.0000000000000000
M 0.7660444378852844,-0.0000000280971371,-0.6427875757217407,-0.9610629081726074,0.0000000000000000,1.0000000000000000,-0.0000000437113883,-0.0000000201205594,0.6427875757217407,0.0000000334848664,0.7660444378852844,0.0155587252229452,0.0000000000000000,0.0000000000000000,0.0000000000000000,1.0000000000000000
M 0.7660444378852844,-0.0000000280971371,-0.6427875757217407,-0.9610629081726074,0.0000000000000000,1.0000000000000000,-0.0000000437113883,-0.0000000201205594,0.6427875757217407,0.0000000334848664,0.7660444378852844,0.0155587252229452,0.0000000000000000,0.0000000000000000,0.0000000000000000,1.0000000000000000
M 0.7660444378852844,-0.0000000280971371,-0.6427875757217407,-0.9610629081726074,0.0000000000000000,1.0000000000000000,-0.0000000437113883,-0.0000000201205594,0.6427875757217407,0.0000000334848664,0.7660444378852844,0.0155587252229452,0.0000000000000000,0.0000000000000000,0.0000000000000000,1.0000000000000000
M 0.7660444378852844,-0.0000000280971371,-0.6427875757217407,-0.9610629081726074,0.0000000000000000,1.0000000000000000,-0.0000000437113883,-0.0000000201205594,0.6427875757217407,0.0000000334848664,0.7660444378852844,0.0155587252229452,0.0000000000000000,0.0000000000000000,0.0000000000000000,1.0000000000000000
M 0.7660444378852844,-0.0000000280971371,-0.6427875757217407,-0.9610629081726074,0.0000000000000000,1.0000000000000000,-0.0000000437113883,-0.0000000201205594,0.6427875757217407,0.0000000334848664,0.7660444378852844,0.0155587252229452,0.0000000000000000,0.0000000000000000,0.0000000000000000,1.0000000000000000
M 0.7660444378852844,-0.0000000280971371,-0.6427875757217407,-0.9610629081726074,0.0000000000000000,1.0000000000000000,-0.0000000437113883,-0.0000000201205594,0.6427875757217407,0.0000000334848664,0.7660444378852844,0.0155587252229452,0.0000000000000000,0.0000000000000000,0.0000000000000000,1.0000000000000000
M 0.7660444378852844,-0.0000000280971371,-0.6427875757217407,-0.9610629081726074,0.0000000000000000,1.0000000000000000,-0.0000000437113883,-0.0000000201205594,0.6427875757217407,0.0000000334848664,0.7660444378852844,0.0155587252229452,0.0000000000000000,0.0000000000000000,0.0000000000000000,1.0000000000000000
