O DOOR_31_LCG_il_LINVERT_INTERIOR
A DOOR_31_LCG_il_LINVERT_INTERIOR_DOOR_31_LCG_il_LINVERT_INTERIOR
M 0.9999999403953552,0.0000000000000207,0.0000000018626305,-0.0000000937858431,-0.0000000000000124,1.0000000000000000,-0.0000000437113847,0.0000000657566801,-0.0000000018626598,0.0000000437113812,0.9999999403953552,-0.0000001900608169,0.0000000000000000,0.0000000000000000,0.0000000000000000,1.0000000000000000
M 0.9999502301216125,0.0000000022580791,0.0099671725183725,0.0129462126642466,-0.0000000018131336,1.0000000000000000,-0.0000000446483917,0.0000000595973830,-0.0099671725183725,0.0000000446275550,0.9999502301216125,-0.0392147861421108,0.0000000000000000,0.0000000000000000,0.0000000000000000,1.0000000000000000
M 0.9997974038124084,0.0000000045585011,0.0201210211962461,0.0258580204099417,-0.0000000036412882,1.0000000000000000,-0.0000000456213485,0.0000001129547513,-0.0201210211962461,0.0000000455382576,0.9997974038124084,-0.0790720880031586,0.0000000000000000,0.0000000000000000,0.0000000000000000,1.0000000000000000
M 0.9995357990264893,0.0000000069016961,0.0304638016968966,0.0387215390801430,-0.0000000054836669,1.0000000000000000,-0.0000000466314596,0.0000000470153907,-0.0304638016968966,0.0000000464424659,0.9995357990264893,-0.1195859834551811,0.0000000000000000,0.0000000000000000,0.0000000000000000,1.0000000000000000
M 0.9991590976715088,0.0000000092880477,0.0409973114728928,0.0515226125717163,-0.0000000073394695,1.0000000000000000,-0.0000000476802811,-0.0000000190112672,-0.0409973151981831,0.0000000473387267,0.9991590976715088,-0.1607693880796432,0.0000000000000000,0.0000000000000000,0.0000000000000000,1.0000000000000000
M 0.9986942410469055,0.0000000115637224,0.0510843209922314,0.0640915930271149,-0.0000000090876542,1.0000000000000000,-0.0000000487028018,-0.0000000251062247,-0.0510843247175217,0.0000000481747371,0.9986942410469055,-0.2007145583629608,0.0000000000000000,0.0000000000000000,0.0000000000000000,1.0000000000000000
M 0.9987229108810425,0.0000000114091216,0.0505211614072323,0.0716631561517715,-0.0000000089629655,1.0000000000000000,-0.0000000486449672,-0.0000000246913672,-0.0505211651325226,0.0000000481296034,0.9987229108810425,-0.2074146419763565,0.0000000000000000,0.0000000000000000,0.0000000000000000,1.0000000000000000
M 0.9989007711410522,0.0000000104826734,0.0468734242022038,0.0773861855268478,-0.0000000082290281,1.0000000000000000,-0.0000000482723941,-0.0000000222069687,-0.0468734242022038,0.0000000478330726,0.9989007711410522,-0.2039487808942795,0.0000000000000000,0.0000000000000000,0.0000000000000000,1.0000000000000000
M 0.9990641474723816,0.0000000095627719,0.0432513020932674,0.0831032842397690,-0.0000000074978486,1.0000000000000000,-0.0000000479049334,-0.0000000197367811,-0.0432513058185577,0.0000000475355790,0.9990641474723816,-0.2005712240934372,0.0000000000000000,0.0000000000000000,0.0000000000000000,1.0000000000000000
M 0.9992133378982544,0.0000000086494509,0.0396550670266151,0.0888158008456230,-0.0000000067694659,1.0000000000000000,-0.0000000475429722,-0.0000000172813870,-0.0396550670266151,0.0000000472367887,0.9992133378982544,-0.1972830593585968,0.0000000000000000,0.0000000000000000,0.0000000000000000,1.0000000000000000
M 0.9993487000465393,0.0000000077426554,0.0360843949019909,0.0945244655013084,-0.0000000060439125,1.0000000000000000,-0.0000000471861199,-0.0000000148404098,-0.0360843949019909,0.0000000469370676,0.9993487000465393,-0.1940823495388031,0.0000000000000000,0.0000000000000000,0.0000000000000000,1.0000000000000000
M 0.9994704127311707,0.0000000068422445,0.0325390249490738,0.1002289578318596,-0.0000000053211053,1.0000000000000000,-0.0000000468344652,0.0000001067955466,-0.0325390249490738,0.0000000466362700,0.9994704127311707,-0.1909682154655457,0.0000000000000000,0.0000000000000000,0.0000000000000000,1.0000000000000000
M 0.9995788335800171,0.0000000059483276,0.0290190465748310,0.1059312969446182,-0.0000000046012261,1.0000000000000000,-0.0000000464878660,0.0000001092076261,-0.0290190465748310,0.0000000463345735,0.9995788335800171,-0.1879407614469528,0.0000000000000000,0.0000000000000000,0.0000000000000000,1.0000000000000000
M 0.9996741414070129,0.0000000050608815,0.0255241263657808,0.1116303354501724,-0.0000000038843058,1.0000000000000000,-0.0000000461464360,0.0000001116048693,-0.0255241263657808,0.0000000460318184,0.9996741414070129,-0.1849986612796783,0.0000000000000000,0.0000000000000000,0.0000000000000000,1.0000000000000000
M 0.9997566938400269,0.0000000041797268,0.0220541991293430,0.1173274070024490,-0.0000000031701926,1.0000000000000000,-0.0000000458097915,0.0000000543835910,-0.0220541991293430,0.0000000457283740,0.9997566938400269,-0.1821412593126297,0.0000000000000000,0.0000000000000000,0.0000000000000000,1.0000000000000000
M 0.9998952150344849,0.0000000028824572,0.0144685059785843,0.1193850785493851,-0.0000000022304536,1.0000000000000000,-0.0000000450795028,0.0000000578970045,-0.0144685059785843,0.0000000450419080,0.9998952150344849,-0.1629666090011597,0.0000000000000000,0.0000000000000000,0.0000000000000000,1.0000000000000000
M 0.9999824166297913,0.0000000014911423,0.0059126261621714,0.1204391494393349,-0.0000000012294515,1.0000000000000000,-0.0000000442637003,0.0000000616891995,-0.0059126261621714,0.0000000442550920,0.9999824166297913,-0.1399399787187576,0.0000000000000000,0.0000000000000000,0.0000000000000000,1.0000000000000000
M 0.9999979734420776,0.0000000008680342,0.0019952170550823,0.1273857653141022,-0.0000000007804589,1.0000000000000000,-0.0000000438926762,0.0000000633969037,-0.0019952170550823,0.0000000438909922,0.9999979734420776,-0.1296183168888092,0.0000000000000000,0.0000000000000000,0.0000000000000000,1.0000000000000000
M 0.9999984502792358,0.0000000008435800,0.0016915574669838,0.1390341669321060,-0.0000000007693769,1.0000000000000000,-0.0000000438640448,0.0000000634645900,-0.0016915574669838,0.0000000438620091,0.9999984502792358,-0.1291411966085434,0.0000000000000000,0.0000000000000000,0.0000000000000000,1.0000000000000000
M 0.9999989271163940,0.0000000008190717,0.0013879202306271,0.1506830751895905,-0.0000000007582178,1.0000000000000000,-0.0000000438351755,0.0000000635328306,-0.0013879202306271,0.0000000438332783,0.9999989271163940,-0.1286641508340836,0.0000000000000000,0.0000000000000000,0.0000000000000000,1.0000000000000000
M 0.9999995231628418,0.0000000007861382,0.0008927956223488,0.1620845049619675,-0.0000000007470297,1.0000000000000000,-0.0000000437875052,0.0000000636258122,-0.0008927956223488,0.0000000437868266,0.9999995231628418,-0.1274280101060867,0.0000000000000000,0.0000000000000000,0.0000000000000000,1.0000000000000000
M 0.9999998807907104,0.0000000007492844,0.0003089997917414,0.1733702719211578,-0.0000000007357749,1.0000000000000000,-0.0000000437320544,0.0000000637291819,-0.0003089997917414,0.0000000437312515,0.9999998807907104,-0.1258403509855270,0.0000000000000000,0.0000000000000000,0.0000000000000000,1.0000000000000000
M 0.9999999403953552,0.0000000007299165,0.0000951252877712,0.1851408481597900,-0.0000000007257465,1.0000000000000000,-0.0000000437114380,0.0000000637834958,-0.0000951252877712,0.0000000437113314,0.9999999403953552,-0.1252585053443909,0.0000000000000000,0.0000000000000000,0.0000000000000000,1.0000000000000000
M 0.9999999403953552,0.0000000007204932,0.0000938959419727,0.1971905082464218,-0.0000000007163673,1.0000000000000000,-0.0000000437116690,0.0000000638086775,-0.0000938959419727,0.0000000437110970,0.9999999403953552,-0.1252553313970566,0.0000000000000000,0.0000000000000000,0.0000000000000000,1.0000000000000000
M 0.9999999403953552,0.0000000007110990,0.0000926721841097,0.2092396765947342,-0.0000000007070337,1.0000000000000000,-0.0000000437114487,0.0000000638343778,-0.0000926721841097,0.0000000437113101,0.9999999403953552,-0.1252521574497223,0.0000000000000000,0.0000000000000000,0.0000000000000000,1.0000000000000000
M 0.9999999403953552,0.0000000007017049,0.0000914484262466,0.2212888598442078,-0.0000000006976971,1.0000000000000000,-0.0000000437116832,0.0000000638594457,-0.0000914484262466,0.0000000437110756,0.9999999403953552,-0.1252488791942596,0.0000000000000000,0.0000000000000000,0.0000000000000000,1.0000000000000000
M 0.9999999403953552,0.0000000006923107,0.0000902246683836,0.2333387583494186,-0.0000000006883634,1.0000000000000000,-0.0000000437114593,0.0000000638851390,-0.0000902246683836,0.0000000437113066,0.9999999403953552,-0.1252453476190567,0.0000000000000000,0.0000000000000000,0.0000000000000000,1.0000000000000000
M 0.9999999403953552,0.0000000006829452,0.0000890046358109,0.2453879415988922,-0.0000000006790553,1.0000000000000000,-0.0000000437116938,0.0000000639100932,-0.0000890046358109,0.0000000437110721,0.9999999403953552,-0.1252420842647552,0.0000000000000000,0.0000000000000000,0.0000000000000000,1.0000000000000000
M 0.9999999403953552,0.0000000006735509,0.0000877790153027,0.2574373483657837,-0.0000000006697074,1.0000000000000000,-0.0000000437114736,0.0000000639357864,-0.0000877790153027,0.0000000437112888,0.9999999403953552,-0.1252387911081314,0.0000000000000000,0.0000000000000000,0.0000000000000000,1.0000000000000000
M 0.9999998807907104,0.0000000006641567,0.0000865552574396,0.2694867849349976,-0.0000000006603709,1.0000000000000000,-0.0000000437117045,0.0000000639608544,-0.0000865552574396,0.0000000437110543,0.9999998807907104,-0.1252355128526688,0.0000000000000000,0.0000000000000000,0.0000000000000000,1.0000000000000000
M 0.9999999403953552,0.0000000006547479,0.0000853277742863,0.2815366685390472,-0.0000000006510088,1.0000000000000000,-0.0000000437114842,0.0000000639866045,-0.0000853277742863,0.0000000437112746,0.9999999403953552,-0.1252321004867554,0.0000000000000000,0.0000000000000000,0.0000000000000000,1.0000000000000000
M 0.9999998807907104,0.0000000006453971,0.0000841114670038,0.2935860753059387,-0.0000000006417291,1.0000000000000000,-0.0000000437117151,0.0000000640115587,-0.0000841114670038,0.0000000437110437,0.9999998807907104,-0.1252288222312927,0.0000000000000000,0.0000000000000000,0.0000000000000000,1.0000000000000000
M 0.9999999403953552,0.0000000006360171,0.0000828877091408,0.3056352734565735,-0.0000000006323811,1.0000000000000000,-0.0000000437114949,0.0000000640372591,-0.0000828877091408,0.0000000437112710,0.9999999403953552,-0.1252254247665405,0.0000000000000000,0.0000000000000000,0.0000000000000000,1.0000000000000000
M 0.9999998807907104,0.0000000006266372,0.0000816658139229,0.3176846802234650,-0.0000000006230588,1.0000000000000000,-0.0000000437117293,0.0000000640623270,-0.0000816658139229,0.0000000437110366,0.9999998807907104,-0.1252222508192062,0.0000000000000000,0.0000000000000000,0.0000000000000000,1.0000000000000000
M 0.9999999403953552,0.0000000006172429,0.0000804401934147,0.3297348022460938,-0.0000000006137110,1.0000000000000000,-0.0000000437115055,0.0000000640880202,-0.0000804401934147,0.0000000437112533,0.9999999403953552,-0.1252188533544540,0.0000000000000000,0.0000000000000000,0.0000000000000000,1.0000000000000000
M 0.9999998807907104,0.0000000006078920,0.0000792220234871,0.3417835235595703,-0.0000000006044171,1.0000000000000000,-0.0000000437117400,0.0000000641129745,-0.0000792220234871,0.0000000437110188,0.9999998807907104,-0.1252155750989914,0.0000000000000000,0.0000000000000000,0.0000000000000000,1.0000000000000000
M 0.9999999403953552,0.0000000005984689,0.0000779945403337,0.3538331687450409,-0.0000000005950550,1.0000000000000000,-0.0000000437115162,0.0000000641387246,-0.0000779945403337,0.0000000437112462,0.9999999403953552,-0.1252120435237885,0.0000000000000000,0.0000000000000000,0.0000000000000000,1.0000000000000000
M 0.9999998807907104,0.0000000005891035,0.0000767745077610,0.3658828437328339,-0.0000000005857469,1.0000000000000000,-0.0000000437117507,0.0000000641637357,-0.0000767745077610,0.0000000437110153,0.9999998807907104,-0.1252087652683258,0.0000000000000000,0.0000000000000000,0.0000000000000000,1.0000000000000000
M 0.9999999403953552,0.0000000005797092,0.0000755488872528,0.3779322504997253,-0.0000000005763989,1.0000000000000000,-0.0000000437115304,0.0000000641894360,-0.0000755488872528,0.0000000437112355,0.9999999403953552,-0.1252056062221527,0.0000000000000000,0.0000000000000000,0.0000000000000000,1.0000000000000000
M 0.9999998807907104,0.0000000005703295,0.0000743269920349,0.3899814188480377,-0.0000000005670766,1.0000000000000000,-0.0000000437117613,0.0000000642144471,-0.0000743269920349,0.0000000437110046,0.9999998807907104,-0.1252022087574005,0.0000000000000000,0.0000000000000000,0.0000000000000000,1.0000000000000000
M 0.9999999403953552,0.0000000005609495,0.0000731032341719,0.4020313322544098,-0.0000000005577430,1.0000000000000000,-0.0000000437115411,0.0000000642400835,-0.0000731032341719,0.0000000437112178,0.9999999403953552,-0.1251988112926483,0.0000000000000000,0.0000000000000000,0.0000000000000000,1.0000000000000000
M 0.9999998807907104,0.0000000005515697,0.0000718832015991,0.4140809774398804,-0.0000000005484349,1.0000000000000000,-0.0000000437117720,0.0000000642651514,-0.0000718832015991,0.0000000437109833,0.9999998807907104,-0.1251955181360245,0.0000000000000000,0.0000000000000000,0.0000000000000000,1.0000000000000000
M 0.9999999403953552,0.0000000005422475,0.0000706668943167,0.4261299371719360,-0.0000000005391437,1.0000000000000000,-0.0000000437115517,0.0000000642906741,-0.0000706668943167,0.0000000437112142,0.9999999403953552,-0.1251921355724335,0.0000000000000000,0.0000000000000000,0.0000000000000000,1.0000000000000000
M 0.9999998807907104,0.0000000005328532,0.0000694431364536,0.4381793439388275,-0.0000000005298072,1.0000000000000000,-0.0000000437117826,0.0000000643157421,-0.0000694431364536,0.0000000437109833,0.9999998807907104,-0.1251889765262604,0.0000000000000000,0.0000000000000000,0.0000000000000000,1.0000000000000000
M 0.9999999403953552,0.0000000005234878,0.0000682212412357,0.4502292573451996,-0.0000000005204878,1.0000000000000000,-0.0000000437115695,0.0000000643413856,-0.0000682212412357,0.0000000437111964,0.9999999403953552,-0.1251856982707977,0.0000000000000000,0.0000000000000000,0.0000000000000000,1.0000000000000000
M 0.9999998807907104,0.0000000005141080,0.0000669993460178,0.4622786641120911,-0.0000000005111654,1.0000000000000000,-0.0000000437118004,0.0000000643663967,-0.0000669993460178,0.0000000437109620,0.9999998807907104,-0.1251824200153351,0.0000000000000000,0.0000000000000000,0.0000000000000000,1.0000000000000000
M 0.9999999403953552,0.0000000005047137,0.0000657755881548,0.4743278622627258,-0.0000000005018318,1.0000000000000000,-0.0000000437115801,0.0000000643920899,-0.0000657755881548,0.0000000437111858,0.9999999403953552,-0.1251788884401321,0.0000000000000000,0.0000000000000000,0.0000000000000000,1.0000000000000000
M 0.9999998807907104,0.0000000004953628,0.0000645574182272,0.4863772690296173,-0.0000000004925379,1.0000000000000000,-0.0000000437118146,0.0000000644170441,-0.0000645574182272,0.0000000437109549,0.9999998807907104,-0.1251756250858307,0.0000000000000000,0.0000000000000000,0.0000000000000000,1.0000000000000000
M 0.9999999403953552,0.0000000004859829,0.0000633336603642,0.4984271824359894,-0.0000000004832041,1.0000000000000000,-0.0000000437115908,0.0000000644427374,-0.0000633336603642,0.0000000437111822,0.9999999403953552,-0.1251722127199173,0.0000000000000000,0.0000000000000000,0.0000000000000000,1.0000000000000000
M 0.9999999403953552,0.0000000004765600,0.0000621061772108,0.5104765892028809,-0.0000000004738421,1.0000000000000000,-0.0000000437113705,0.0000000644684377,-0.0000621061772108,0.0000000437113954,0.9999999403953552,-0.1251690536737442,0.0000000000000000,0.0000000000000000,0.0000000000000000,1.0000000000000000
M 0.9999999403953552,0.0000000004672954,0.0000608973205090,0.5225257873535156,-0.0000000004646192,1.0000000000000000,-0.0000000437116014,0.0000000644932214,-0.0000608973205090,0.0000000437111645,0.9999999403953552,-0.1251658052206039,0.0000000000000000,0.0000000000000000,0.0000000000000000,1.0000000000000000
M 0.9999999403953552,0.0000000004578580,0.0000596698373556,0.5345754027366638,-0.0000000004552430,1.0000000000000000,-0.0000000437113812,0.0000000645190283,-0.0000596698373556,0.0000000437113847,0.9999999403953552,-0.1251622587442398,0.0000000000000000,0.0000000000000000,0.0000000000000000,1.0000000000000000
M 0.9999999403953552,0.0000000004485212,0.0000584516674280,0.5466248393058777,-0.0000000004459491,1.0000000000000000,-0.0000000437116121,0.0000000645439826,-0.0000584516674280,0.0000000437111538,0.9999999403953552,-0.1251589953899384,0.0000000000000000,0.0000000000000000,0.0000000000000000,1.0000000000000000
M 0.9999999403953552,0.0000000004391415,0.0000572297722101,0.5586742758750916,-0.0000000004366295,1.0000000000000000,-0.0000000437113918,0.0000000645696190,-0.0000572297722101,0.0000000437113741,0.9999999403953552,-0.1251555979251862,0.0000000000000000,0.0000000000000000,0.0000000000000000,1.0000000000000000
M 0.9999999403953552,0.0000000004297759,0.0000560078769922,0.5707237124443054,-0.0000000004273072,1.0000000000000000,-0.0000000437116228,0.0000000645946301,-0.0000560078769922,0.0000000437111431,0.9999999403953552,-0.1251523196697235,0.0000000000000000,0.0000000000000000,0.0000000000000000,1.0000000000000000
M 0.9999999403953552,0.0000000004203964,0.0000547878444195,0.5827733278274536,-0.0000000004180020,1.0000000000000000,-0.0000000437114025,0.0000000646202736,-0.0000547878444195,0.0000000437113634,0.9999999403953552,-0.1251491606235504,0.0000000000000000,0.0000000000000000,0.0000000000000000,1.0000000000000000
M 0.9999999403953552,0.0000000004110597,0.0000535696744919,0.5948227643966675,-0.0000000004087081,1.0000000000000000,-0.0000000437116334,0.0000000646452278,-0.0000535696744919,0.0000000437111325,0.9999999403953552,-0.1251458823680878,0.0000000000000000,0.0000000000000000,0.0000000000000000,1.0000000000000000
M 0.9999999403953552,0.0000000004016799,0.0000523477792740,0.6068724393844604,-0.0000000003993885,1.0000000000000000,-0.0000000437114096,0.0000000646708074,-0.0000523477792740,0.0000000437113599,0.9999999403953552,-0.1251424998044968,0.0000000000000000,0.0000000000000000,0.0000000000000000,1.0000000000000000
M 0.9999999403953552,0.0000000003923288,0.0000511277467012,0.6189218759536743,-0.0000000003900804,1.0000000000000000,-0.0000000437116441,0.0000000646958185,-0.0000511277467012,0.0000000437111289,0.9999999403953552,-0.1251392215490341,0.0000000000000000,0.0000000000000000,0.0000000000000000,1.0000000000000000
M 0.9999999403953552,0.0000000003829780,0.0000499095767736,0.6309708356857300,-0.0000000003807894,1.0000000000000000,-0.0000000437114203,0.0000000647213412,-0.0000499095767736,0.0000000437113457,0.9999999403953552,-0.1251357197761536,0.0000000000000000,0.0000000000000000,0.0000000000000000,1.0000000000000000
M 0.9999999403953552,0.0000000003736269,0.0000486914068460,0.6430204510688782,-0.0000000003714955,1.0000000000000000,-0.0000000437116547,0.0000000647463523,-0.0000486914068460,0.0000000437111112,0.9999999403953552,-0.1251324415206909,0.0000000000000000,0.0000000000000000,0.0000000000000000,1.0000000000000000
M 0.9999999403953552,0.0000000003642903,0.0000474750995636,0.6550701260566711,-0.0000000003622045,1.0000000000000000,-0.0000000437114309,0.0000000647718821,-0.0000474750995636,0.0000000437113350,0.9999999403953552,-0.1251290589570999,0.0000000000000000,0.0000000000000000,0.0000000000000000,1.0000000000000000
M 0.9999999403953552,0.0000000003549392,0.0000462550669909,0.6671198010444641,-0.0000000003528964,1.0000000000000000,-0.0000000437116654,0.0000000647968932,-0.0000462550669909,0.0000000437111041,0.9999999403953552,-0.1251257807016373,0.0000000000000000,0.0000000000000000,0.0000000000000000,1.0000000000000000
M 0.9999999403953552,0.0000000003455595,0.0000450331717730,0.6791692376136780,-0.0000000003435768,1.0000000000000000,-0.0000000437114416,0.0000000648225296,-0.0000450331717730,0.0000000437113243,0.9999999403953552,-0.1251225024461746,0.0000000000000000,0.0000000000000000,0.0000000000000000,1.0000000000000000
M 0.9999999403953552,0.0000000003361942,0.0000438131392002,0.6912183761596680,-0.0000000003342687,1.0000000000000000,-0.0000000437116725,0.0000000648474838,-0.0000438131392002,0.0000000437110899,0.9999999403953552,-0.1251193434000015,0.0000000000000000,0.0000000000000000,0.0000000000000000,1.0000000000000000
M 0.9999999403953552,0.0000000003268432,0.0000425949692726,0.7032675743103027,-0.0000000003249777,1.0000000000000000,-0.0000000437114522,0.0000000648731202,-0.0000425949692726,0.0000000437113137,0.9999999403953552,-0.1251159459352493,0.0000000000000000,0.0000000000000000,0.0000000000000000,1.0000000000000000
M 0.9999999403953552,0.0000000003174778,0.0000413749366999,0.7153172492980957,-0.0000000003156696,1.0000000000000000,-0.0000000437116832,0.0000000648980745,-0.0000413749366999,0.0000000437110828,0.9999999403953552,-0.1251126825809479,0.0000000000000000,0.0000000000000000,0.0000000000000000,1.0000000000000000
M 0.9999999403953552,0.0000000003081556,0.0000401586294174,0.7273666858673096,-0.0000000003063928,1.0000000000000000,-0.0000000437114593,0.0000000649236043,-0.0000401586294174,0.0000000437113030,0.9999999403953552,-0.1251093000173569,0.0000000000000000,0.0000000000000000,0.0000000000000000,1.0000000000000000
M 0.9999999403953552,0.0000000002987759,0.0000389367341995,0.7394163608551025,-0.0000000002970705,1.0000000000000000,-0.0000000437116938,0.0000000649486154,-0.0000389367341995,0.0000000437110721,0.9999999403953552,-0.1251060217618942,0.0000000000000000,0.0000000000000000,0.0000000000000000,1.0000000000000000
M 0.9999999403953552,0.0000000002894248,0.0000377167016268,0.7514659762382507,-0.0000000002877651,1.0000000000000000,-0.0000000437114736,0.0000000649741949,-0.0000377167016268,0.0000000437112959,0.9999999403953552,-0.1251026242971420,0.0000000000000000,0.0000000000000000,0.0000000000000000,1.0000000000000000
M 0.9999999403953552,0.0000000002800739,0.0000365003943443,0.7635154128074646,-0.0000000002784855,1.0000000000000000,-0.0000000437117045,0.0000000649991492,-0.0000365003943443,0.0000000437110614,0.9999999403953552,-0.1250993609428406,0.0000000000000000,0.0000000000000000,0.0000000000000000,1.0000000000000000
M 0.9999999403953552,0.0000000002707516,0.0000352840870619,0.7755648493766785,-0.0000000002691944,1.0000000000000000,-0.0000000437114807,0.0000000650247287,-0.0000352840870619,0.0000000437112853,0.9999999403953552,-0.1250959634780884,0.0000000000000000,0.0000000000000000,0.0000000000000000,1.0000000000000000
M 0.9999998807907104,0.0000000002613718,0.0000340621918440,0.7876142859458923,-0.0000000002598721,1.0000000000000000,-0.0000000437117151,0.0000000650497398,-0.0000340621918440,0.0000000437110508,0.9999998807907104,-0.1250926852226257,0.0000000000000000,0.0000000000000000,0.0000000000000000,1.0000000000000000
M 0.9999999403953552,0.0000000002520352,0.0000328440219164,0.7996639609336853,-0.0000000002505811,1.0000000000000000,-0.0000000437114913,0.0000000650752696,-0.0000328440219164,0.0000000437112746,0.9999999403953552,-0.1250893026590347,0.0000000000000000,0.0000000000000000,0.0000000000000000,1.0000000000000000
M 0.9999998807907104,0.0000000002427132,0.0000316295772791,0.8117128610610962,-0.0000000002413156,1.0000000000000000,-0.0000000437117222,0.0000000651001670,-0.0000316295772791,0.0000000437110437,0.9999998807907104,-0.1250860393047333,0.0000000000000000,0.0000000000000000,0.0000000000000000,1.0000000000000000
M 0.9999999403953552,0.0000000002333767,0.0000304132699966,0.8237630128860474,-0.0000000002320387,1.0000000000000000,-0.0000000437115020,0.0000000651256897,-0.0000304132699966,0.0000000437112675,0.9999999403953552,-0.1250827759504318,0.0000000000000000,0.0000000000000000,0.0000000000000000,1.0000000000000000
M 0.9999998807907104,0.0000000002240256,0.0000291951000690,0.8358119726181030,-0.0000000002227448,1.0000000000000000,-0.0000000437117329,0.0000000651506440,-0.0000291951000690,0.0000000437110330,0.9999998807907104,-0.1250795125961304,0.0000000000000000,0.0000000000000000,0.0000000000000000,1.0000000000000000
M 0.9999999403953552,0.0000000002146313,0.0000279694795609,0.8478616476058960,-0.0000000002133970,1.0000000000000000,-0.0000000437115091,0.0000000651763372,-0.0000279694795609,0.0000000437112533,0.9999999403953552,-0.1250762194395065,0.0000000000000000,0.0000000000000000,0.0000000000000000,1.0000000000000000
M 0.9999998807907104,0.0000000002053237,0.0000267568975687,0.8599110841751099,-0.0000000002041457,1.0000000000000000,-0.0000000437117436,0.0000000652011778,-0.0000267568975687,0.0000000437110224,0.9999998807907104,-0.1250729709863663,0.0000000000000000,0.0000000000000000,0.0000000000000000,1.0000000000000000
M 0.9999999403953552,0.0000000001959582,0.0000255350023508,0.8719606995582581,-0.0000000001948262,1.0000000000000000,-0.0000000437115197,0.0000000652268213,-0.0000255350023508,0.0000000437112462,0.9999999403953552,-0.1250695735216141,0.0000000000000000,0.0000000000000000,0.0000000000000000,1.0000000000000000
M 0.9999998807907104,0.0000000001866507,0.0000243242830038,0.8840101361274719,-0.0000000001855891,1.0000000000000000,-0.0000000437117507,0.0000000652516619,-0.0000243242830038,0.0000000437110153,0.9999998807907104,-0.1250663101673126,0.0000000000000000,0.0000000000000000,0.0000000000000000,1.0000000000000000
M 0.9999999403953552,0.0000000001772852,0.0000231042504311,0.8960598111152649,-0.0000000001762697,1.0000000000000000,-0.0000000437115304,0.0000000652772982,-0.0000231042504311,0.0000000437112355,0.9999999403953552,-0.1250630319118500,0.0000000000000000,0.0000000000000000,0.0000000000000000,1.0000000000000000
M 0.9999998807907104,0.0000000001679775,0.0000218898057938,0.9081090092658997,-0.0000000001670042,1.0000000000000000,-0.0000000437117613,0.0000000653021388,-0.0000218898057938,0.0000000437110046,0.9999998807907104,-0.1250597834587097,0.0000000000000000,0.0000000000000000,0.0000000000000000,1.0000000000000000
M 0.9999999403953552,0.0000000001586121,0.0000206697732210,0.9201586842536926,-0.0000000001576990,1.0000000000000000,-0.0000000437115375,0.0000000653277183,-0.0000206697732210,0.0000000437112284,0.9999999403953552,-0.1250563859939575,0.0000000000000000,0.0000000000000000,0.0000000000000000,1.0000000000000000
M 0.9999998807907104,0.0000000001492898,0.0000194534659386,0.9322078824043274,-0.0000000001484193,1.0000000000000000,-0.0000000437117720,0.0000000653526726,-0.0000194534659386,0.0000000437109975,0.9999998807907104,-0.1250531226396561,0.0000000000000000,0.0000000000000000,0.0000000000000000,1.0000000000000000
M 0.9999999403953552,0.0000000001399103,0.0000182334333658,0.9442572593688965,-0.0000000001391139,1.0000000000000000,-0.0000000437115482,0.0000000653782521,-0.0000182334333658,0.0000000437112178,0.9999999403953552,-0.1250496059656143,0.0000000000000000,0.0000000000000000,0.0000000000000000,1.0000000000000000
M 0.9999998807907104,0.0000000001306024,0.0000170189887285,0.9563069343566895,-0.0000000001298485,1.0000000000000000,-0.0000000437117791,0.0000000654031496,-0.0000170189887285,0.0000000437109868,0.9999998807907104,-0.1250463426113129,0.0000000000000000,0.0000000000000000,0.0000000000000000,1.0000000000000000
M 0.9999999403953552,0.0000000001212660,0.0000158026814461,0.9683563709259033,-0.0000000001205717,1.0000000000000000,-0.0000000437115553,0.0000000654286794,-0.0000158026814461,0.0000000437112107,0.9999999403953552,-0.1250430792570114,0.0000000000000000,0.0000000000000000,0.0000000000000000,1.0000000000000000
M 0.9999998807907104,0.0000000001119870,0.0000145919620991,0.9804055690765381,-0.0000000001113346,1.0000000000000000,-0.0000000437117862,0.0000000654534631,-0.0000145919620991,0.0000000437109797,0.9999998807907104,-0.1250399500131607,0.0000000000000000,0.0000000000000000,0.0000000000000000,1.0000000000000000
M 0.9999999403953552,0.0000000001026074,0.0000133700668812,0.9924552440643311,-0.0000000001020152,1.0000000000000000,-0.0000000437115659,0.0000000654790995,-0.0000133700668812,0.0000000437111929,0.9999999403953552,-0.1250364333391190,0.0000000000000000,0.0000000000000000,0.0000000000000000,1.0000000000000000
M 0.9999998807907104,0.0000000000932706,0.0000121537595987,1.0045049190521240,-0.0000000000927355,1.0000000000000000,-0.0000000437117968,0.0000000655040537,-0.0000121537595987,0.0000000437109620,0.9999998807907104,-0.1250331699848175,0.0000000000000000,0.0000000000000000,0.0000000000000000,1.0000000000000000
M 0.9999999403953552,0.0000000000839486,0.0000109393149614,1.0165543556213379,-0.0000000000834586,1.0000000000000000,-0.0000000437115730,0.0000000655295196,-0.0000109393149614,0.0000000437111929,0.9999999403953552,-0.1250297874212265,0.0000000000000000,0.0000000000000000,0.0000000000000000,1.0000000000000000
M 0.9999998807907104,0.0000000000746118,0.0000097211450338,1.0286035537719727,-0.0000000000741647,1.0000000000000000,-0.0000000437118075,0.0000000655544738,-0.0000097211450338,0.0000000437109584,0.9999998807907104,-0.1250265240669250,0.0000000000000000,0.0000000000000000,0.0000000000000000,1.0000000000000000
M 0.9999999403953552,0.0000000000653043,0.0000085085630417,1.0406534671783447,-0.0000000000649163,1.0000000000000000,-0.0000000437115837,0.0000000655799468,-0.0000085085630417,0.0000000437111822,0.9999999403953552,-0.1250231415033340,0.0000000000000000,0.0000000000000000,0.0000000000000000,1.0000000000000000
M 0.9999999403953552,0.0000000000559102,0.0000072848051786,1.0527033805847168,-0.0000000000555825,1.0000000000000000,-0.0000000437113599,0.0000000656055832,-0.0000072848051786,0.0000000437114061,0.9999999403953552,-0.1250198632478714,0.0000000000000000,0.0000000000000000,0.0000000000000000,1.0000000000000000
M 0.9999999403953552,0.0000000000466746,0.0000060815364122,1.0647523403167725,-0.0000000000464023,1.0000000000000000,-0.0000000437115908,0.0000000656302532,-0.0000060815364122,0.0000000437111751,0.9999999403953552,-0.1250167489051819,0.0000000000000000,0.0000000000000000,0.0000000000000000,1.0000000000000000
M 0.9999999403953552,0.0000000000372661,0.0000048559159040,1.0768016576766968,-0.0000000000370545,1.0000000000000000,-0.0000000437113705,0.0000000656560033,-0.0000048559159040,0.0000000437113954,0.9999999403953552,-0.1250132173299789,0.0000000000000000,0.0000000000000000,0.0000000000000000,1.0000000000000000
M 0.9999999403953552,0.0000000000280015,0.0000036470592022,1.0888513326644897,-0.0000000000278316,1.0000000000000000,-0.0000000437116014,0.0000000656807302,-0.0000036470592022,0.0000000437111680,0.9999999403953552,-0.1250099837779999,0.0000000000000000,0.0000000000000000,0.0000000000000000,1.0000000000000000
M 0.9999999403953552,0.0000000000186218,0.0000024251639843,1.1009007692337036,-0.0000000000185122,1.0000000000000000,-0.0000000437113776,0.0000000657063737,-0.0000024251639843,0.0000000437113883,0.9999999403953552,-0.1250065863132477,0.0000000000000000,0.0000000000000000,0.0000000000000000,1.0000000000000000
M 0.9999999403953552,0.0000000000093428,0.0000012163072824,1.1129504442214966,-0.0000000000092893,1.0000000000000000,-0.0000000437116086,0.0000000657311574,-0.0000012163072824,0.0000000437111574,0.9999999403953552,-0.1250033378601074,0.0000000000000000,0.0000000000000000,0.0000000000000000,1.0000000000000000
M 0.9999999403953552,0.0000000000000207,0.0000000018626305,1.1249998807907104,-0.0000000000000124,1.0000000000000000,-0.0000000437113847,0.0000000657566801,-0.0000000018626598,0.0000000437113812,0.9999999403953552,-0.1250001937150955,0.0000000000000000,0.0000000000000000,0.0000000000000000,1.0000000000000000
O WIDGET_35_CG_displays_HIDE
A WIDGET_35_CG_displays_HIDE_WIDGET_35_CG_displays_HIDE
M 0.9999999403953552,0.0000000000000207,0.0000000018626305,-0.0000000937858431,-0.0000000000000124,1.0000000000000000,-0.0000000437113847,0.0000000657566801,-0.0000000018626598,0.0000000437113812,0.9999999403953552,-0.0000001900608169,0.0000000000000000,0.0000000000000000,0.0000000000000000,1.0000000000000000
M 0.9999502301216125,0.0000000022580791,0.0099671725183725,0.0129462126642466,-0.0000000018131336,1.0000000000000000,-0.0000000446483917,0.0000000595973830,-0.0099671725183725,0.0000000446275550,0.9999502301216125,-0.0392147861421108,0.0000000000000000,0.0000000000000000,0.0000000000000000,1.0000000000000000
M 0.9997974038124084,0.0000000045585011,0.0201210211962461,0.0258580204099417,-0.0000000036412882,1.0000000000000000,-0.0000000456213485,0.0000001129547513,-0.0201210211962461,0.0000000455382576,0.9997974038124084,-0.0790720880031586,0.0000000000000000,0.0000000000000000,0.0000000000000000,1.0000000000000000
M 0.9995357990264893,0.0000000069016961,0.0304638016968966,0.0387215390801430,-0.0000000054836669,1.0000000000000000,-0.0000000466314596,0.0000000470153907,-0.0304638016968966,0.0000000464424659,0.9995357990264893,-0.1195859834551811,0.0000000000000000,0.0000000000000000,0.0000000000000000,1.0000000000000000
M 0.9991590976715088,0.0000000092880477,0.0409973114728928,0.0515226125717163,-0.0000000073394695,1.0000000000000000,-0.0000000476802811,-0.0000000190112672,-0.0409973151981831,0.0000000473387267,0.9991590976715088,-0.1607693880796432,0.0000000000000000,0.0000000000000000,0.0000000000000000,1.0000000000000000
M 0.9986942410469055,0.0000000115637224,0.0510843209922314,0.0640915930271149,-0.0000000090876542,1.0000000000000000,-0.0000000487028018,-0.0000000251062247,-0.0510843247175217,0.0000000481747371,0.9986942410469055,-0.2007145583629608,0.0000000000000000,0.0000000000000000,0.0000000000000000,1.0000000000000000
M 0.9987229108810425,0.0000000114091216,0.0505211614072323,0.0716631561517715,-0.0000000089629655,1.0000000000000000,-0.0000000486449672,-0.0000000246913672,-0.0505211651325226,0.0000000481296034,0.9987229108810425,-0.2074146419763565,0.0000000000000000,0.0000000000000000,0.0000000000000000,1.0000000000000000
M 0.9989007711410522,0.0000000104826734,0.0468734242022038,0.0773861855268478,-0.0000000082290281,1.0000000000000000,-0.0000000482723941,-0.0000000222069687,-0.0468734242022038,0.0000000478330726,0.9989007711410522,-0.2039487808942795,0.0000000000000000,0.0000000000000000,0.0000000000000000,1.0000000000000000
M 0.9990641474723816,0.0000000095627719,0.0432513020932674,0.0831032842397690,-0.0000000074978486,1.0000000000000000,-0.0000000479049334,-0.0000000197367811,-0.0432513058185577,0.0000000475355790,0.9990641474723816,-0.2005712240934372,0.0000000000000000,0.0000000000000000,0.0000000000000000,1.0000000000000000
M 0.9992133378982544,0.0000000086494509,0.0396550670266151,0.0888158008456230,-0.0000000067694659,1.0000000000000000,-0.0000000475429722,-0.0000000172813870,-0.0396550670266151,0.0000000472367887,0.9992133378982544,-0.1972830593585968,0.0000000000000000,0.0000000000000000,0.0000000000000000,1.0000000000000000
M 0.9993487000465393,0.0000000077426554,0.0360843949019909,0.0945244655013084,-0.0000000060439125,1.0000000000000000,-0.0000000471861199,-0.0000000148404098,-0.0360843949019909,0.0000000469370676,0.9993487000465393,-0.1940823495388031,0.0000000000000000,0.0000000000000000,0.0000000000000000,1.0000000000000000
M 0.9994704127311707,0.0000000068422445,0.0325390249490738,0.1002289578318596,-0.0000000053211053,1.0000000000000000,-0.0000000468344652,0.0000001067955466,-0.0325390249490738,0.0000000466362700,0.9994704127311707,-0.1909682154655457,0.0000000000000000,0.0000000000000000,0.0000000000000000,1.0000000000000000
M 0.9995788335800171,0.0000000059483276,0.0290190465748310,0.1059312969446182,-0.0000000046012261,1.0000000000000000,-0.0000000464878660,0.0000001092076261,-0.0290190465748310,0.0000000463345735,0.9995788335800171,-0.1879407614469528,0.0000000000000000,0.0000000000000000,0.0000000000000000,1.0000000000000000
M 0.9996741414070129,0.0000000050608815,0.0255241263657808,0.1116303354501724,-0.0000000038843058,1.0000000000000000,-0.0000000461464360,0.0000001116048693,-0.0255241263657808,0.0000000460318184,0.9996741414070129,-0.1849986612796783,0.0000000000000000,0.0000000000000000,0.0000000000000000,1.0000000000000000
M 0.9997566938400269,0.0000000041797268,0.0220541991293430,0.1173274070024490,-0.0000000031701926,1.0000000000000000,-0.0000000458097915,0.0000000543835910,-0.0220541991293430,0.0000000457283740,0.9997566938400269,-0.1821412593126297,0.0000000000000000,0.0000000000000000,0.0000000000000000,1.0000000000000000
M 0.9998952150344849,0.0000000028824572,0.0144685059785843,0.1193850785493851,-0.0000000022304536,1.0000000000000000,-0.0000000450795028,0.0000000578970045,-0.0144685059785843,0.0000000450419080,0.9998952150344849,-0.1629666090011597,0.0000000000000000,0.0000000000000000,0.0000000000000000,1.0000000000000000
M 0.9999824166297913,0.0000000014911423,0.0059126261621714,0.1204391494393349,-0.0000000012294515,1.0000000000000000,-0.0000000442637003,0.0000000616891995,-0.0059126261621714,0.0000000442550920,0.9999824166297913,-0.1399399787187576,0.0000000000000000,0.0000000000000000,0.0000000000000000,1.0000000000000000
M 0.9999979734420776,0.0000000008680342,0.0019952170550823,0.1273857653141022,-0.0000000007804589,1.0000000000000000,-0.0000000438926762,0.0000000633969037,-0.0019952170550823,0.0000000438909922,0.9999979734420776,-0.1296183168888092,0.0000000000000000,0.0000000000000000,0.0000000000000000,1.0000000000000000
M 0.9999984502792358,0.0000000008435800,0.0016915574669838,0.1390341669321060,-0.0000000007693769,1.0000000000000000,-0.0000000438640448,0.0000000634645900,-0.0016915574669838,0.0000000438620091,0.9999984502792358,-0.1291411966085434,0.0000000000000000,0.0000000000000000,0.0000000000000000,1.0000000000000000
M 0.9999989271163940,0.0000000008190717,0.0013879202306271,0.1506830751895905,-0.0000000007582178,1.0000000000000000,-0.0000000438351755,0.0000000635328306,-0.0013879202306271,0.0000000438332783,0.9999989271163940,-0.1286641508340836,0.0000000000000000,0.0000000000000000,0.0000000000000000,1.0000000000000000
M 0.9999995231628418,0.0000000007861382,0.0008927956223488,0.1620845049619675,-0.0000000007470297,1.0000000000000000,-0.0000000437875052,0.0000000636258122,-0.0008927956223488,0.0000000437868266,0.9999995231628418,-0.1274280101060867,0.0000000000000000,0.0000000000000000,0.0000000000000000,1.0000000000000000
M 0.9999998807907104,0.0000000007492844,0.0003089997917414,0.1733702719211578,-0.0000000007357749,1.0000000000000000,-0.0000000437320544,0.0000000637291819,-0.0003089997917414,0.0000000437312515,0.9999998807907104,-0.1258403509855270,0.0000000000000000,0.0000000000000000,0.0000000000000000,1.0000000000000000
M 0.9999999403953552,0.0000000007299165,0.0000951252877712,0.1851408481597900,-0.0000000007257465,1.0000000000000000,-0.0000000437114380,0.0000000637834958,-0.0000951252877712,0.0000000437113314,0.9999999403953552,-0.1252585053443909,0.0000000000000000,0.0000000000000000,0.0000000000000000,1.0000000000000000
M 0.9999999403953552,0.0000000007204932,0.0000938959419727,0.1971905082464218,-0.0000000007163673,1.0000000000000000,-0.0000000437116690,0.0000000638086775,-0.0000938959419727,0.0000000437110970,0.9999999403953552,-0.1252553313970566,0.0000000000000000,0.0000000000000000,0.0000000000000000,1.0000000000000000
M 0.9999999403953552,0.0000000007110990,0.0000926721841097,0.2092396765947342,-0.0000000007070337,1.0000000000000000,-0.0000000437114487,0.0000000638343778,-0.0000926721841097,0.0000000437113101,0.9999999403953552,-0.1252521574497223,0.0000000000000000,0.0000000000000000,0.0000000000000000,1.0000000000000000
M 0.9999999403953552,0.0000000007017049,0.0000914484262466,0.2212888598442078,-0.0000000006976971,1.0000000000000000,-0.0000000437116832,0.0000000638594457,-0.0000914484262466,0.0000000437110756,0.9999999403953552,-0.1252488791942596,0.0000000000000000,0.0000000000000000,0.0000000000000000,1.0000000000000000
M 0.9999999403953552,0.0000000006923107,0.0000902246683836,0.2333387583494186,-0.0000000006883634,1.0000000000000000,-0.0000000437114593,0.0000000638851390,-0.0000902246683836,0.0000000437113066,0.9999999403953552,-0.1252453476190567,0.0000000000000000,0.0000000000000000,0.0000000000000000,1.0000000000000000
