O DOOR_12_CG_drl
A DOOR_12_CG_drl_DOOR_12_CG_drl
M 1.0000000000000000,0.0000000000000000,0.0000000000000000,0.0000000000000000,0.0000000000000000,1.0000000000000000,-0.0000000437113883,0.0000000104890319,-0.0000000000000000,0.0000000437113883,1.0000000000000000,0.0000000423583124,0.0000000000000000,0.0000000000000000,0.0000000000000000,1.0000000000000000
M 1.0000000000000000,0.0000000000000000,0.0000000000000000,0.0000000000000000,0.0000000000000000,0.9999987483024597,-0.0015961362514645,0.0022991683799773,-0.0000000000000000,0.0015961362514645,0.9999987483024597,-0.0008936618105508,0.0000000000000000,0.0000000000000000,0.0000000000000000,1.0000000000000000
M 1.0000000000000000,0.0000000000000000,0.0000000000000000,0.0000000000000000,0.0000000000000000,0.9999801516532898,-0.0063045043498278,0.0090898536145687,-0.0000000000000000,0.0063045043498278,0.9999801516532898,-0.0035084830597043,0.0000000000000000,0.0000000000000000,0.0000000000000000,1.0000000000000000
M 1.0000000000000000,0.0000000000000000,0.0000000000000000,0.0000000000000000,0.0000000000000000,0.9999019503593445,-0.0140052465721965,0.0202231258153915,-0.0000000000000000,0.0140052465721965,0.9999019503593445,-0.0077164731919765,0.0000000000000000,0.0000000000000000,0.0000000000000000,1.0000000000000000
M 1.0000000000000000,0.0000000000000000,0.0000000000000000,0.0000000000000000,0.0000000000000000,0.9996979236602783,-0.0245774518698454,0.0355620011687279,-0.0000000000000000,0.0245774518698454,0.9996979236602783,-0.0133541878312826,0.0000000000000000,0.0000000000000000,0.0000000000000000,1.0000000000000000
M 1.0000000000000000,0.0000000000000000,0.0000000000000000,0.0000000000000000,0.0000000000000000,0.9992815852165222,-0.0378982089459896,0.0549780614674091,-0.0000000000000000,0.0378982089459896,0.9992815852165222,-0.0202283337712288,0.0000000000000000,0.0000000000000000,0.0000000000000000,1.0000000000000000
M 1.0000000000000000,0.0000000000000000,0.0000000000000000,0.0000000000000000,0.0000000000000000,0.9985494613647461,-0.0538422875106335,0.0783490240573883,-0.0000000000000000,0.0538422875106335,0.9985494613647461,-0.0281195174902678,0.0000000000000000,0.0000000000000000,0.0000000000000000,1.0000000000000000
M 1.0000000000000000,0.0000000000000000,0.0000000000000000,0.0000000000000000,0.0000000000000000,0.9973843693733215,-0.0722799524664879,0.1055537462234497,-0.0000000000000000,0.0722799524664879,0.9973843693733215,-0.0367861501872540,0.0000000000000000,0.0000000000000000,0.0000000000000000,1.0000000000000000
M 1.0000000000000000,0.0000000000000000,0.0000000000000000,0.0000000000000000,0.0000000000000000,0.9956589341163635,-0.0930770114064217,0.1364704519510269,-0.0000000000000000,0.0930770114064217,0.9956589341163635,-0.0459697209298611,0.0000000000000000,0.0000000000000000,0.0000000000000000,1.0000000000000000
M 1.0000000000000000,0.0000000000000000,0.0000000000000000,0.0000000000000000,0.0000000000000000,0.9932383894920349,-0.1160929724574089,0.1709724664688110,-0.0000000000000000,0.1160929724574089,0.9932383894920349,-0.0553972125053406,0.0000000000000000,0.0000000000000000,0.0000000000000000,1.0000000000000000
M 1.0000000000000000,0.0000000000000000,0.0000000000000000,0.0000000000000000,0.0000000000000000,0.9899839758872986,-0.1411800980567932,0.2089249491691589,-0.0000000000000000,0.1411800980567932,0.9899839758872986,-0.0647859424352646,0.0000000000000000,0.0000000000000000,0.0000000000000000,1.0000000000000000
M 1.0000000000000000,0.0000000000000000,0.0000000000000000,0.0000000000000000,0.0000000000000000,0.9857557415962219,-0.1681833565235138,0.2501830756664276,-0.0000000000000000,0.1681833565235138,0.9857557415962219,-0.0738473460078239,0.0000000000000000,0.0000000000000000,0.0000000000000000,1.0000000000000000
M 1.0000000000000000,0.0000000000000000,0.0000000000000000,0.0000000000000000,0.0000000000000000,0.9804157614707947,-0.1969391703605652,0.2945887148380280,-0.0000000000000000,0.1969391703605652,0.9804157614707947,-0.0822910442948341,0.0000000000000000,0.0000000000000000,0.0000000000000000,1.0000000000000000
M 1.0000000000000000,0.0000000000000000,0.0000000000000000,0.0000000000000000,0.0000000000000000,0.9738305211067200,-0.2272755354642868,0.3419690728187561,-0.0000000000000000,0.2272755354642868,0.9738305211067200,-0.0898283720016479,0.0000000000000000,0.0000000000000000,0.0000000000000000,1.0000000000000000
M 1.0000000000000000,0.0000000000000000,0.0000000000000000,0.0000000000000000,0.0000000000000000,0.9658741950988770,-0.2590117752552032,0.3921345770359039,-0.0000000000000000,0.2590117752552032,0.9658741950988770,-0.0961766541004181,0.0000000000000000,0.0000000000000000,0.0000000000000000,1.0000000000000000
M 1.0000000000000000,0.0000000000000000,0.0000000000000000,0.0000000000000000,0.0000000000000000,0.9564306735992432,-0.2919595837593079,0.4448791742324829,-0.0000000000000000,0.2919595837593079,0.9564306735992432,-0.1010629534721375,0.0000000000000000,0.0000000000000000,0.0000000000000000,1.0000000000000000
M 1.0000000000000000,0.0000000000000000,0.0000000000000000,0.0000000000000000,0.0000000000000000,0.9453963637351990,-0.3259228765964508,0.4999786317348480,-0.0000000000000000,0.3259228765964508,0.9453963637351990,-0.1042282730340958,0.0000000000000000,0.0000000000000000,0.0000000000000000,1.0000000000000000
M 1.0000000000000000,0.0000000000000000,0.0000000000000000,0.0000000000000000,0.0000000000000000,0.9326823949813843,-0.3606987893581390,0.5571906566619873,-0.0000000000000000,0.3606987893581390,0.9326823949813843,-0.1054307520389557,0.0000000000000000,0.0000000000000000,0.0000000000000000,1.0000000000000000
M 1.0000000000000000,0.0000000000000000,0.0000000000000000,0.0000000000000000,0.0000000000000000,0.9182160496711731,-0.3960798978805542,0.6162573099136353,-0.0000000000000000,0.3960798978805542,0.9182160496711731,-0.1044493615627289,0.0000000000000000,0.0000000000000000,0.0000000000000000,1.0000000000000000
M 1.0000000000000000,0.0000000000000000,0.0000000000000000,0.0000000000000000,0.0000000000000000,0.9019435048103333,-0.4318539798259735,0.6769033074378967,-0.0000000000000000,0.4318539798259735,0.9019435048103333,-0.1010873168706894,0.0000000000000000,0.0000000000000000,0.0000000000000000,1.0000000000000000
M 1.0000000000000000,0.0000000000000000,0.0000000000000000,0.0000000000000000,0.0000000000000000,0.8838301897048950,-0.4678077995777130,0.7388409376144409,-0.0000000000000000,0.4678077995777130,0.8838301897048950,-0.0951753556728363,0.0000000000000000,0.0000000000000000,0.0000000000000000,1.0000000000000000
M 1.0000000000000000,0.0000000000000000,0.0000000000000000,0.0000000000000000,0.0000000000000000,0.8638625741004944,-0.5037275552749634,0.8017697930335999,-0.0000000000000000,0.5037275552749634,0.8638625741004944,-0.0865739881992340,0.0000000000000000,0.0000000000000000,0.0000000000000000,1.0000000000000000
M 1.0000000000000000,0.0000000000000000,0.0000000000000000,0.0000000000000000,0.0000000000000000,0.8420487642288208,-0.5394014120101929,0.8653804063796997,-0.0000000000000000,0.5394014120101929,0.8420487642288208,-0.0751760601997375,0.0000000000000000,0.0000000000000000,0.0000000000000000,1.0000000000000000
M 1.0000000000000000,0.0000000000000000,0.0000000000000000,0.0000000000000000,0.0000000000000000,0.8184189796447754,-0.5746219754219055,0.9293570518493652,-0.0000000000000000,0.5746219754219055,0.8184189796447754,-0.0609087347984314,0.0000000000000000,0.0000000000000000,0.0000000000000000,1.0000000000000000
M 1.0000000000000000,0.0000000000000000,0.0000000000000000,0.0000000000000000,0.0000000000000000,0.7930252552032471,-0.6091887950897217,0.9933820366859436,-0.0000000000000000,0.6091887950897217,0.7930252552032471,-0.0437344908714294,0.0000000000000000,0.0000000000000000,0.0000000000000000,1.0000000000000000
M 1.0000000000000000,0.0000000000000000,0.0000000000000000,0.0000000000000000,0.0000000000000000,0.7659418582916260,-0.6429099440574646,1.0571371316909790,-0.0000000000000000,0.6429099440574646,0.7659418582916260,-0.0236526131629944,0.0000000000000000,0.0000000000000000,0.0000000000000000,1.0000000000000000
M 1.0000000000000000,0.0000000000000000,0.0000000000000000,0.0000000000000000,0.0000000000000000,0.7372637391090393,-0.6756051182746887,1.1203095912933350,-0.0000000000000000,0.6756051182746887,0.7372637391090393,-0.0006985366344452,0.0000000000000000,0.0000000000000000,0.0000000000000000,1.0000000000000000
M 1.0000000000000000,0.0000000000000000,0.0000000000000000,0.0000000000000000,0.0000000000000000,0.7071066498756409,-0.7071068882942200,1.1825931072235107,-0.0000000000000000,0.7071068882942200,0.7071066498756409,0.0250547528266907,0.0000000000000000,0.0000000000000000,0.0000000000000000,1.0000000000000000
M 1.0000000000000000,0.0000000000000000,0.0000000000000000,0.0000000000000000,0.0000000000000000,0.6756047010421753,-0.7372640371322632,1.2436950206756592,-0.0000000000000000,0.7372640371322632,0.6756047010421753,0.0534991025924683,0.0000000000000000,0.0000000000000000,0.0000000000000000,1.0000000000000000
M 1.0000000000000000,0.0000000000000000,0.0000000000000000,0.0000000000000000,0.0000000000000000,0.6429098844528198,-0.7659417986869812,1.3033359050750732,-0.0000000000000000,0.7659417986869812,0.6429098844528198,0.0844913125038147,0.0000000000000000,0.0000000000000000,0.0000000000000000,1.0000000000000000
M 1.0000000000000000,0.0000000000000000,0.0000000000000000,0.0000000000000000,0.0000000000000000,0.6091885566711426,-0.7930253744125366,1.3612568378448486,-0.0000000000000000,0.7930253744125366,0.6091885566711426,0.1178561449050903,0.0000000000000000,0.0000000000000000,0.0000000000000000,1.0000000000000000
M 1.0000000000000000,0.0000000000000000,0.0000000000000000,0.0000000000000000,0.0000000000000000,0.5746219158172607,-0.8184189796447754,1.4172184467315674,-0.0000000000000000,0.8184189796447754,0.5746219158172607,0.1533865034580231,0.0000000000000000,0.0000000000000000,0.0000000000000000,1.0000000000000000
M 1.0000000000000000,0.0000000000000000,0.0000000000000000,0.0000000000000000,0.0000000000000000,0.5394013524055481,-0.8420487642288208,1.4710069894790649,-0.0000000000000000,0.8420487642288208,0.5394013524055481,0.1908480823040009,0.0000000000000000,0.0000000000000000,0.0000000000000000,1.0000000000000000
M 1.0000000000000000,0.0000000000000000,0.0000000000000000,0.0000000000000000,0.0000000000000000,0.5037275552749634,-0.8638625741004944,1.5224347114562988,-0.0000000000000000,0.8638625741004944,0.5037275552749634,0.2299811840057373,0.0000000000000000,0.0000000000000000,0.0000000000000000,1.0000000000000000
M 1.0000000000000000,0.0000000000000000,0.0000000000000000,0.0000000000000000,0.0000000000000000,0.4678078293800354,-0.8838302493095398,1.5713418722152710,-0.0000000000000000,0.8838302493095398,0.4678078293800354,0.2705042660236359,0.0000000000000000,0.0000000000000000,0.0000000000000000,1.0000000000000000
M 1.0000000000000000,0.0000000000000000,0.0000000000000000,0.0000000000000000,0.0000000000000000,0.4318537712097168,-0.9019436240196228,1.6175980567932129,-0.0000000000000000,0.9019436240196228,0.4318537712097168,0.3121170997619629,0.0000000000000000,0.0000000000000000,0.0000000000000000,1.0000000000000000
M 1.0000000000000000,0.0000000000000000,0.0000000000000000,0.0000000000000000,0.0000000000000000,0.3960795998573303,-0.9182162284851074,1.6611025333404541,-0.0000000000000000,0.9182162284851074,0.3960795998573303,0.3545036315917969,0.0000000000000000,0.0000000000000000,0.0000000000000000,1.0000000000000000
M 1.0000000000000000,0.0000000000000000,0.0000000000000000,0.0000000000000000,0.0000000000000000,0.3606984913349152,-0.9326824545860291,1.7017853260040283,-0.0000000000000000,0.9326824545860291,0.3606984913349152,0.3973376750946045,0.0000000000000000,0.0000000000000000,0.0000000000000000,1.0000000000000000
M 1.0000000000000000,0.0000000000000000,0.0000000000000000,0.0000000000000000,0.0000000000000000,0.3259225785732269,-0.9453964233398438,1.7396050691604614,-0.0000000000000000,0.9453964233398438,0.3259225785732269,0.4402832686901093,0.0000000000000000,0.0000000000000000,0.0000000000000000,1.0000000000000000
M 1.0000000000000000,0.0000000000000000,0.0000000000000000,0.0000000000000000,0.0000000000000000,0.2919592559337616,-0.9564307332038879,1.7745501995086670,-0.0000000000000000,0.9564307332038879,0.2919592559337616,0.4830010831356049,0.0000000000000000,0.0000000000000000,0.0000000000000000,1.0000000000000000
M 1.0000000000000000,0.0000000000000000,0.0000000000000000,0.0000000000000000,0.0000000000000000,0.2590115666389465,-0.9658741950988770,1.8066346645355225,-0.0000000000000000,0.9658741950988770,0.2590115666389465,0.5251489281654358,0.0000000000000000,0.0000000000000000,0.0000000000000000,1.0000000000000000
M 1.0000000000000000,0.0000000000000000,0.0000000000000000,0.0000000000000000,0.0000000000000000,0.2272748202085495,-0.9738306403160095,1.8358981609344482,-0.0000000000000000,0.9738306403160095,0.2272748202085495,0.5663871765136719,0.0000000000000000,0.0000000000000000,0.0000000000000000,1.0000000000000000
M 1.0000000000000000,0.0000000000000000,0.0000000000000000,0.0000000000000000,0.0000000000000000,0.1969387978315353,-0.9804157614707947,1.8624011278152466,-0.0000000000000000,0.9804157614707947,0.1969387978315353,0.6063778400421143,0.0000000000000000,0.0000000000000000,0.0000000000000000,1.0000000000000000
M 1.0000000000000000,0.0000000000000000,0.0000000000000000,0.0000000000000000,0.0000000000000000,0.1681836992502213,-0.9857556223869324,1.8862237930297852,-0.0000000000000000,0.9857556223869324,0.1681836992502213,0.6447904109954834,0.0000000000000000,0.0000000000000000,0.0000000000000000,1.0000000000000000
M 1.0000000000000000,0.0000000000000000,0.0000000000000000,0.0000000000000000,0.0000000000000000,0.1411796063184738,-0.9899839758872986,1.9074636697769165,-0.0000000000000000,0.9899839758872986,0.1411796063184738,0.6813051700592041,0.0000000000000000,0.0000000000000000,0.0000000000000000,1.0000000000000000
M 1.0000000000000000,0.0000000000000000,0.0000000000000000,0.0000000000000000,0.0000000000000000,0.1160926073789597,-0.9932383894920349,1.9262253046035767,-0.0000000000000000,0.9932383894920349,0.1160926073789597,0.7156056165695190,0.0000000000000000,0.0000000000000000,0.0000000000000000,1.0000000000000000
M 1.0000000000000000,0.0000000000000000,0.0000000000000000,0.0000000000000000,0.0000000000000000,0.0930767655372620,-0.9956589341163635,1.9426240921020508,-0.0000000000000000,0.9956589341163635,0.0930767655372620,0.7473914027214050,0.0000000000000000,0.0000000000000000,0.0000000000000000,1.0000000000000000
M 1.0000000000000000,0.0000000000000000,0.0000000000000000,0.0000000000000000,0.0000000000000000,0.0722795799374580,-0.9973844289779663,1.9567772150039673,-0.0000000000000000,0.9973844289779663,0.0722795799374580,0.7763721346855164,0.0000000000000000,0.0000000000000000,0.0000000000000000,1.0000000000000000
M 1.0000000000000000,0.0000000000000000,0.0000000000000000,0.0000000000000000,0.0000000000000000,0.0538420379161835,-0.9985494613647461,1.9687993526458740,-0.0000000000000000,0.9985494613647461,0.0538420379161835,0.8022693991661072,0.0000000000000000,0.0000000000000000,0.0000000000000000,1.0000000000000000
M 1.0000000000000000,0.0000000000000000,0.0000000000000000,0.0000000000000000,0.0000000000000000,0.0378980785608292,-0.9992815852165222,1.9787989854812622,-0.0000000000000000,0.9992815852165222,0.0378980785608292,0.8248186111450195,0.0000000000000000,0.0000000000000000,0.0000000000000000,1.0000000000000000
M 1.0000000000000000,0.0000000000000000,0.0000000000000000,0.0000000000000000,0.0000000000000000,0.0245773196220398,-0.9996979236602783,1.9868721961975098,-0.0000000000000000,0.9996979236602783,0.0245773196220398,0.8437674641609192,0.0000000000000000,0.0000000000000000,0.0000000000000000,1.0000000000000000
M 1.0000000000000000,0.0000000000000000,0.0000000000000000,0.0000000000000000,0.0000000000000000,0.0140052344650030,-0.9999018907546997,1.9930974245071411,-0.0000000000000000,0.9999018907546997,0.0140052344650030,0.8588773012161255,0.0000000000000000,0.0000000000000000,0.0000000000000000,1.0000000000000000
M 1.0000000000000000,0.0000000000000000,0.0000000000000000,0.0000000000000000,0.0000000000000000,0.0063044927082956,-0.9999801516532898,1.9975305795669556,-0.0000000000000000,0.9999801516532898,0.0063044927082956,0.8699228167533875,0.0000000000000000,0.0000000000000000,0.0000000000000000,1.0000000000000000
M 1.0000000000000000,0.0000000000000000,0.0000000000000000,0.0000000000000000,0.0000000000000000,0.0015960050513968,-0.9999987483024597,2.0001990795135498,-0.0000000000000000,0.9999987483024597,0.0015960050513968,0.8766928315162659,0.0000000000000000,0.0000000000000000,0.0000000000000000,1.0000000000000000
M 1.0000000000000000,0.0000000000000000,0.0000000000000000,0.0000000000000000,0.0000000000000000,-0.0000002066320803,-1.0000000000000000,2.0010964870452881,-0.0000000000000000,1.0000000000000000,-0.0000002066320803,0.8789907097816467,0.0000000000000000,0.0000000000000000,0.0000000000000000,1.0000000000000000
M 1.0000000000000000,0.0000000000000000,0.0000000000000000,0.0000000000000000,0.0000000000000000,-0.0000002066320803,-1.0000000000000000,2.0010964870452881,-0.0000000000000000,1.0000000000000000,-0.0000002066320803,0.8789907097816467,0.0000000000000000,0.0000000000000000,0.0000000000000000,1.0000000000000000
M 1.0000000000000000,0.0000000000000000,0.0000000000000000,0.0000000000000000,0.0000000000000000,-0.0000002066320803,-1.0000000000000000,2.0010964870452881,-0.0000000000000000,1.0000000000000000,-0.0000002066320803,0.8789907097816467,0.0000000000000000,0.0000000000000000,0.0000000000000000,1.0000000000000000
M 1.0000000000000000,0.0000000000000000,0.0000000000000000,0.0000000000000000,0.0000000000000000,-0.0000002066320803,-1.0000000000000000,2.0010964870452881,-0.0000000000000000,1.0000000000000000,-0.0000002066320803,0.8789907097816467,0.0000000000000000,0.0000000000000000,0.0000000000000000,1.0000000000000000
M 1.0000000000000000,0.0000000000000000,0.0000000000000000,0.0000000000000000,0.0000000000000000,-0.0000002066320803,-1.0000000000000000,2.0010964870452881,-0.0000000000000000,1.0000000000000000,-0.0000002066320803,0.8789907097816467,0.0000000000000000,0.0000000000000000,0.0000000000000000,1.0000000000000000
M 1.0000000000000000,0.0000000000000000,0.0000000000000000,0.0000000000000000,0.0000000000000000,-0.0000002066320803,-1.0000000000000000,2.0010964870452881,-0.0000000000000000,1.0000000000000000,-0.0000002066320803,0.8789907097816467,0.0000000000000000,0.0000000000000000,0.0000000000000000,1.0000000000000000
M 1.0000000000000000,0.0000000000000000,0.0000000000000000,0.0000000000000000,0.0000000000000000,-0.0000002066320803,-1.0000000000000000,2.0010964870452881,-0.0000000000000000,1.0000000000000000,-0.0000002066320803,0.8789907097816467,0.0000000000000000,0.0000000000000000,0.0000000000000000,1.0000000000000000
M 1.0000000000000000,0.0000000000000000,0.0000000000000000,0.0000000000000000,0.0000000000000000,-0.0000002066320803,-1.0000000000000000,2.0010964870452881,-0.0000000000000000,1.0000000000000000,-0.0000002066320803,0.8789907097816467,0.0000000000000000,0.0000000000000000,0.0000000000000000,1.0000000000000000
M 1.0000000000000000,0.0000000000000000,0.0000000000000000,0.0000000000000000,0.0000000000000000,-0.0000002066320803,-1.0000000000000000,2.0010964870452881,-0.0000000000000000,1.0000000000000000,-0.0000002066320803,0.8789907097816467,0.0000000000000000,0.0000000000000000,0.0000000000000000,1.0000000000000000
M 1.0000000000000000,0.0000000000000000,0.0000000000000000,0.0000000000000000,0.0000000000000000,-0.0000002066320803,-1.0000000000000000,2.0010964870452881,-0.0000000000000000,1.0000000000000000,-0.0000002066320803,0.8789907097816467,0.0000000000000000,0.0000000000000000,0.0000000000000000,1.0000000000000000
M 1.0000000000000000,0.0000000000000000,0.0000000000000000,0.0000000000000000,0.0000000000000000,-0.0000002066320803,-1.0000000000000000,2.0010964870452881,-0.0000000000000000,1.0000000000000000,-0.0000002066320803,0.8789907097816467,0.0000000000000000,0.0000000000000000,0.0000000000000000,1.0000000000000000
M 1.0000000000000000,0.0000000000000000,0.0000000000000000,0.0000000000000000,0.0000000000000000,-0.0000002066320803,-1.0000000000000000,2.0010964870452881,-0.0000000000000000,1.0000000000000000,-0.0000002066320803,0.8789907097816467,0.0000000000000000,0.0000000000000000,0.0000000000000000,1.0000000000000000
M 1.0000000000000000,0.0000000000000000,0.0000000000000000,0.0000000000000000,0.0000000000000000,-0.0000002066320803,-1.0000000000000000,2.0010964870452881,-0.0000000000000000,1.0000000000000000,-0.0000002066320803,0.8789907097816467,0.0000000000000000,0.0000000000000000,0.0000000000000000,1.0000000000000000
M 1.0000000000000000,0.0000000000000000,0.0000000000000000,0.0000000000000000,0.0000000000000000,-0.0000002066320803,-1.0000000000000000,2.0010964870452881,-0.0000000000000000,1.0000000000000000,-0.0000002066320803,0.8789907097816467,0.0000000000000000,0.0000000000000000,0.0000000000000000,1.0000000000000000
M 1.0000000000000000,0.0000000000000000,0.0000000000000000,0.0000000000000000,0.0000000000000000,-0.0000002066320803,-1.0000000000000000,2.0010964870452881,-0.0000000000000000,1.0000000000000000,-0.0000002066320803,0.8789907097816467,0.0000000000000000,0.0000000000000000,0.0000000000000000,1.0000000000000000
M 1.0000000000000000,0.0000000000000000,0.0000000000000000,0.0000000000000000,0.0000000000000000,-0.0000002066320803,-1.0000000000000000,2.0010964870452881,-0.0000000000000000,1.0000000000000000,-0.0000002066320803,0.8789907097816467,0.0000000000000000,0.0000000000000000,0.0000000000000000,1.0000000000000000
M 1.0000000000000000,0.0000000000000000,0.0000000000000000,0.0000000000000000,0.0000000000000000,-0.0000002066320803,-1.0000000000000000,2.0010964870452881,-0.0000000000000000,1.0000000000000000,-0.0000002066320803,0.8789907097816467,0.0000000000000000,0.0000000000000000,0.0000000000000000,1.0000000000000000
M 1.0000000000000000,0.0000000000000000,0.0000000000000000,0.0000000000000000,0.0000000000000000,-0.0000002066320803,-1.0000000000000000,2.0010964870452881,-0.0000000000000000,1.0000000000000000,-0.0000002066320803,0.8789907097816467,0.0000000000000000,0.0000000000000000,0.0000000000000000,1.0000000000000000
M 1.0000000000000000,0.0000000000000000,0.0000000000000000,0.0000000000000000,0.0000000000000000,-0.0000002066320803,-1.0000000000000000,2.0010964870452881,-0.0000000000000000,1.0000000000000000,-0.0000002066320803,0.8789907097816467,0.0000000000000000,0.0000000000000000,0.0000000000000000,1.0000000000000000
M 1.0000000000000000,0.0000000000000000,0.0000000000000000,0.0000000000000000,0.0000000000000000,-0.0000002066320803,-1.0000000000000000,2.0010964870452881,-0.0000000000000000,1.0000000000000000,-0.0000002066320803,0.8789907097816467,0.0000000000000000,0.0000000000000000,0.0000000000000000,1.0000000000000000
M 1.0000000000000000,0.0000000000000000,0.0000000000000000,0.0000000000000000,0.0000000000000000,-0.0000002066320803,-1.0000000000000000,2.0010964870452881,-0.0000000000000000,1.0000000000000000,-0.0000002066320803,0.8789907097816467,0.0000000000000000,0.0000000000000000,0.0000000000000000,1.0000000000000000
M 1.0000000000000000,0.0000000000000000,0.0000000000000000,0.0000000000000000,0.0000000000000000,-0.0000002066320803,-1.0000000000000000,2.0010964870452881,-0.0000000000000000,1.0000000000000000,-0.0000002066320803,0.8789907097816467,0.0000000000000000,0.0000000000000000,0.0000000000000000,1.0000000000000000
M 1.0000000000000000,0.0000000000000000,0.0000000000000000,0.0000000000000000,0.0000000000000000,-0.0000002066320803,-1.0000000000000000,2.0010964870452881,-0.0000000000000000,1.0000000000000000,-0.0000002066320803,0.8789907097816467,0.0000000000000000,0.0000000000000000,0.0000000000000000,1.0000000000000000
M 1.0000000000000000,0.0000000000000000,0.0000000000000000,0.0000000000000000,0.0000000000000000,-0.0000002066320803,-1.0000000000000000,2.0010964870452881,-0.0000000000000000,1.0000000000000000,-0.0000002066320803,0.8789907097816467,0.0000000000000000,0.0000000000000000,0.0000000000000000,1.0000000000000000
M 1.0000000000000000,0.0000000000000000,0.0000000000000000,0.0000000000000000,0.0000000000000000,-0.0000002066320803,-1.0000000000000000,2.0010964870452881,-0.0000000000000000,1.0000000000000000,-0.0000002066320803,0.8789907097816467,0.0000000000000000,0.0000000000000000,0.0000000000000000,1.0000000000000000
M 1.0000000000000000,0.0000000000000000,0.0000000000000000,0.0000000000000000,0.0000000000000000,-0.0000002066320803,-1.0000000000000000,2.0010964870452881,-0.0000000000000000,1.0000000000000000,-0.0000002066320803,0.8789907097816467,0.0000000000000000,0.0000000000000000,0.0000000000000000,1.0000000000000000
M 1.0000000000000000,0.0000000000000000,0.0000000000000000,0.0000000000000000,0.0000000000000000,-0.0000002066320803,-1.0000000000000000,2.0010964870452881,-0.0000000000000000,1.0000000000000000,-0.0000002066320803,0.8789907097816467,0.0000000000000000,0.0000000000000000,0.0000000000000000,1.0000000000000000
M 1.0000000000000000,0.0000000000000000,0.0000000000000000,0.0000000000000000,0.0000000000000000,-0.0000002066320803,-1.0000000000000000,2.0010964870452881,-0.0000000000000000,1.0000000000000000,-0.0000002066320803,0.8789907097816467,0.0000000000000000,0.0000000000000000,0.0000000000000000,1.0000000000000000
M 1.0000000000000000,0.0000000000000000,0.0000000000000000,0.0000000000000000,0.0000000000000000,-0.0000002066320803,-1.0000000000000000,2.0010964870452881,-0.0000000000000000,1.0000000000000000,-0.0000002066320803,0.8789907097816467,0.0000000000000000,0.0000000000000000,0.0000000000000000,1.0000000000000000
M 1.0000000000000000,0.0000000000000000,0.0000000000000000,0.0000000000000000,0.0000000000000000,-0.0000002066320803,-1.0000000000000000,2.0010964870452881,-0.0000000000000000,1.0000000000000000,-0.0000002066320803,0.8789907097816467,0.0000000000000000,0.0000000000000000,0.0000000000000000,1.0000000000000000
M 1.0000000000000000,0.0000000000000000,0.0000000000000000,0.0000000000000000,0.0000000000000000,-0.0000002066320803,-1.0000000000000000,2.0010964870452881,-0.0000000000000000,1.0000000000000000,-0.0000002066320803,0.8789907097816467,0.0000000000000000,0.0000000000000000,0.0000000000000000,1.0000000000000000
M 1.0000000000000000,0.0000000000000000,0.0000000000000000,0.0000000000000000,0.0000000000000000,-0.0000002066320803,-1.0000000000000000,2.0010964870452881,-0.0000000000000000,1.0000000000000000,-0.0000002066320803,0.8789907097816467,0.0000000000000000,0.0000000000000000,0.0000000000000000,1.0000000000000000
M 1.0000000000000000,0.0000000000000000,0.0000000000000000,0.0000000000000000,0.0000000000000000,-0.0000002066320803,-1.0000000000000000,2.0010964870452881,-0.0000000000000000,1.0000000000000000,-0.0000002066320803,0.8789907097816467,0.0000000000000000,0.0000000000000000,0.0000000000000000,1.0000000000000000
M 1.0000000000000000,0.0000000000000000,0.0000000000000000,0.0000000000000000,0.0000000000000000,-0.0000002066320803,-1.0000000000000000,2.0010964870452881,-0.0000000000000000,1.0000000000000000,-0.0000002066320803,0.8789907097816467,0.0000000000000000,0.0000000000000000,0.0000000000000000,1.0000000000000000
M 1.0000000000000000,0.0000000000000000,0.0000000000000000,0.0000000000000000,0.0000000000000000,-0.0000002066320803,-1.0000000000000000,2.0010964870452881,-0.0000000000000000,1.0000000000000000,-0.0000002066320803,0.8789907097816467,0.0000000000000000,0.0000000000000000,0.0000000000000000,1.0000000000000000
M 1.0000000000000000,0.0000000000000000,0.0000000000000000,0.0000000000000000,0.0000000000000000,-0.0000002066320803,-1.0000000000000000,2.0010964870452881,-0.0000000000000000,1.0000000000000000,-0.0000002066320803,0.8789907097816467,0.0000000000000000,0.0000000000000000,0.0000000000000000,1.0000000000000000
M 1.0000000000000000,0.0000000000000000,0.0000000000000000,0.0000000000000000,0.0000000000000000,-0.0000002066320803,-1.0000000000000000,2.0010964870452881,-0.0000000000000000,1.0000000000000000,-0.0000002066320803,0.8789907097816467,0.0000000000000000,0.0000000000000000,0.0000000000000000,1.0000000000000000
M 1.0000000000000000,0.0000000000000000,0.0000000000000000,0.0000000000000000,0.0000000000000000,-0.0000002066320803,-1.0000000000000000,2.0010964870452881,-0.0000000000000000,1.0000000000000000,-0.0000002066320803,0.8789907097816467,0.0000000000000000,0.0000000000000000,0.0000000000000000,1.0000000000000000
M 1.0000000000000000,0.0000000000000000,0.0000000000000000,0.0000000000000000,0.0000000000000000,-0.0000002066320803,-1.0000000000000000,2.0010964870452881,-0.0000000000000000,1.0000000000000000,-0.0000002066320803,0.8789907097816467,0.0000000000000000,0.0000000000000000,0.0000000000000000,1.0000000000000000
M 1.0000000000000000,0.0000000000000000,0.0000000000000000,0.0000000000000000,0.0000000000000000,-0.0000002066320803,-1.0000000000000000,2.0010964870452881,-0.0000000000000000,1.0000000000000000,-0.0000002066320803,0.8789907097816467,0.0000000000000000,0.0000000000000000,0.0000000000000000,1.0000000000000000
M 1.0000000000000000,0.0000000000000000,0.0000000000000000,0.0000000000000000,0.0000000000000000,-0.0000002066320803,-1.0000000000000000,2.0010964870452881,-0.0000000000000000,1.0000000000000000,-0.0000002066320803,0.8789907097816467,0.0000000000000000,0.0000000000000000,0.0000000000000000,1.0000000000000000
M 1.0000000000000000,0.0000000000000000,0.0000000000000000,0.0000000000000000,0.0000000000000000,-0.0000002066320803,-1.0000000000000000,2.0010964870452881,-0.0000000000000000,1.0000000000000000,-0.0000002066320803,0.8789907097816467,0.0000000000000000,0.0000000000000000,0.0000000000000000,1.0000000000000000
M 1.0000000000000000,0.0000000000000000,0.0000000000000000,0.0000000000000000,0.0000000000000000,-0.0000002066320803,-1.0000000000000000,2.0010964870452881,-0.0000000000000000,1.0000000000000000,-0.0000002066320803,0.8789907097816467,0.0000000000000000,0.0000000000000000,0.0000000000000000,1.0000000000000000
M 1.0000000000000000,0.0000000000000000,0.0000000000000000,0.0000000000000000,0.0000000000000000,-0.0000002066320803,-1.0000000000000000,2.0010964870452881,-0.0000000000000000,1.0000000000000000,-0.0000002066320803,0.8789907097816467,0.0000000000000000,0.0000000000000000,0.0000000000000000,1.0000000000000000
M 1.0000000000000000,0.0000000000000000,0.0000000000000000,0.0000000000000000,0.0000000000000000,-0.0000002066320803,-1.0000000000000000,2.0010964870452881,-0.0000000000000000,1.0000000000000000,-0.0000002066320803,0.8789907097816467,0.0000000000000000,0.0000000000000000,0.0000000000000000,1.0000000000000000
M 1.0000000000000000,0.0000000000000000,0.0000000000000000,0.0000000000000000,0.0000000000000000,-0.0000002066320803,-1.0000000000000000,2.0010964870452881,-0.0000000000000000,1.0000000000000000,-0.0000002066320803,0.8789907097816467,0.0000000000000000,0.0000000000000000,0.0000000000000000,1.0000000000000000
M 1.0000000000000000,0.0000000000000000,0.0000000000000000,0.0000000000000000,0.0000000000000000,-0.0000002066320803,-1.0000000000000000,2.0010964870452881,-0.0000000000000000,1.0000000000000000,-0.0000002066320803,0.8789907097816467,0.0000000000000000,0.0000000000000000,0.0000000000000000,1.0000000000000000
M 1.0000000000000000,0.0000000000000000,0.0000000000000000,0.0000000000000000,0.0000000000000000,-0.0000002066320803,-1.0000000000000000,2.0010964870452881,-0.0000000000000000,1.0000000000000000,-0.0000002066320803,0.8789907097816467,0.0000000000000000,0.0000000000000000,0.0000000000000000,1.0000000000000000
M 1.0000000000000000,0.0000000000000000,0.0000000000000000,0.0000000000000000,0.0000000000000000,-0.0000002066320803,-1.0000000000000000,2.0010964870452881,-0.0000000000000000,1.0000000000000000,-0.0000002066320803,0.8789907097816467,0.0000000000000000,0.0000000000000000,0.0000000000000000,1.0000000000000000
M 1.0000000000000000,0.0000000000000000,0.0000000000000000,0.0000000000000000,0.0000000000000000,-0.0000002066320803,-1.0000000000000000,2.0010964870452881,-0.0000000000000000,1.0000000000000000,-0.0000002066320803,0.8789907097816467,0.0000000000000000,0.0000000000000000,0.0000000000000000,1.0000000000000000
M 1.0000000000000000,0.0000000000000000,0.0000000000000000,0.0000000000000000,0.0000000000000000,-0.0000002066320803,-1.0000000000000000,2.0010964870452881,-0.0000000000000000,1.0000000000000000,-0.0000002066320803,0.8789907097816467,0.0000000000000000,0.0000000000000000,0.0000000000000000,1.0000000000000000
M 1.0000000000000000,0.0000000000000000,0.0000000000000000,0.0000000000000000,0.0000000000000000,-0.0000002066320803,-1.0000000000000000,2.0010964870452881,-0.0000000000000000,1.0000000000000000,-0.0000002066320803,0.8789907097816467,0.0000000000000000,0.0000000000000000,0.0000000000000000,1.0000000000000000
M 1.0000000000000000,0.0000000000000000,0.0000000000000000,0.0000000000000000,0.0000000000000000,-0.0000002066320803,-1.0000000000000000,2.0010964870452881,-0.0000000000000000,1.0000000000000000,-0.0000002066320803,0.8789907097816467,0.0000000000000000,0.0000000000000000,0.0000000000000000,1.0000000000000000
M 1.0000000000000000,0.0000000000000000,0.0000000000000000,0.0000000000000000,0.0000000000000000,-0.0000002066320803,-1.0000000000000000,2.0010964870452881,-0.0000000000000000,1.0000000000000000,-0.0000002066320803,0.8789907097816467,0.0000000000000000,0.0000000000000000,0.0000000000000000,1.0000000000000000
M 1.0000000000000000,0.0000000000000000,0.0000000000000000,0.0000000000000000,0.0000000000000000,-0.0000002066320803,-1.0000000000000000,2.0010964870452881,-0.0000000000000000,1.0000000000000000,-0.0000002066320803,0.8789907097816467,0.0000000000000000,0.0000000000000000,0.0000000000000000,1.0000000000000000
M 1.0000000000000000,0.0000000000000000,0.0000000000000000,0.0000000000000000,0.0000000000000000,-0.0000002066320803,-1.0000000000000000,2.0010964870452881,-0.0000000000000000,1.0000000000000000,-0.0000002066320803,0.8789907097816467,0.0000000000000000,0.0000000000000000,0.0000000000000000,1.0000000000000000
M 1.0000000000000000,0.0000000000000000,0.0000000000000000,0.0000000000000000,0.0000000000000000,-0.0000002066320803,-1.0000000000000000,2.0010964870452881,-0.0000000000000000,1.0000000000000000,-0.0000002066320803,0.8789907097816467,0.0000000000000000,0.0000000000000000,0.0000000000000000,1.0000000000000000
M 1.0000000000000000,0.0000000000000000,0.0000000000000000,0.0000000000000000,0.0000000000000000,-0.0000002066320803,-1.0000000000000000,2.0010964870452881,-0.0000000000000000,1.0000000000000000,-0.0000002066320803,0.8789907097816467,0.0000000000000000,0.0000000000000000,0.0000000000000000,1.0000000000000000
M 1.0000000000000000,0.0000000000000000,0.0000000000000000,0.0000000000000000,0.0000000000000000,-0.0000002066320803,-1.0000000000000000,2.0010964870452881,-0.0000000000000000,1.0000000000000000,-0.0000002066320803,0.8789907097816467,0.0000000000000000,0.0000000000000000,0.0000000000000000,1.0000000000000000
M 1.0000000000000000,0.0000000000000000,0.0000000000000000,0.0000000000000000,0.0000000000000000,-0.0000002066320803,-1.0000000000000000,2.0010964870452881,-0.0000000000000000,1.0000000000000000,-0.0000002066320803,0.8789907097816467,0.0000000000000000,0.0000000000000000,0.0000000000000000,1.0000000000000000
M 1.0000000000000000,0.0000000000000000,0.0000000000000000,0.0000000000000000,0.0000000000000000,-0.0000002066320803,-1.0000000000000000,2.0010964870452881,-0.0000000000000000,1.0000000000000000,-0.0000002066320803,0.8789907097816467,0.0000000000000000,0.0000000000000000,0.0000000000000000,1.0000000000000000
M 1.0000000000000000,0.0000000000000000,0.0000000000000000,0.0000000000000000,0.0000000000000000,-0.0000002066320803,-1.0000000000000000,2.0010964870452881,-0.0000000000000000,1.0000000000000000,-0.0000002066320803,0.8789907097816467,0.0000000000000000,0.0000000000000000,0.0000000000000000,1.0000000000000000
M 1.0000000000000000,0.0000000000000000,0.0000000000000000,0.0000000000000000,0.0000000000000000,-0.0000002066320803,-1.0000000000000000,2.0010964870452881,-0.0000000000000000,1.0000000000000000,-0.0000002066320803,0.8789907097816467,0.0000000000000000,0.0000000000000000,0.0000000000000000,1.0000000000000000
M 1.0000000000000000,0.0000000000000000,0.0000000000000000,0.0000000000000000,0.0000000000000000,-0.0000002066320803,-1.0000000000000000,2.0010964870452881,-0.0000000000000000,1.0000000000000000,-0.0000002066320803,0.8789907097816467,0.0000000000000000,0.0000000000000000,0.0000000000000000,1.0000000000000000
M 1.0000000000000000,0.0000000000000000,0.0000000000000000,0.0000000000000000,0.0000000000000000,-0.0000002066320803,-1.0000000000000000,2.0010964870452881,-0.0000000000000000,1.0000000000000000,-0.0000002066320803,0.8789907097816467,0.0000000000000000,0.0000000000000000,0.0000000000000000,1.0000000000000000
M 1.0000000000000000,0.0000000000000000,0.0000000000000000,0.0000000000000000,0.0000000000000000,-0.0000002066320803,-1.0000000000000000,2.0010964870452881,-0.0000000000000000,1.0000000000000000,-0.0000002066320803,0.8789907097816467,0.0000000000000000,0.0000000000000000,0.0000000000000000,1.0000000000000000
M 1.0000000000000000,0.0000000000000000,0.0000000000000000,0.0000000000000000,0.0000000000000000,-0.0000002066320803,-1.0000000000000000,2.0010964870452881,-0.0000000000000000,1.0000000000000000,-0.0000002066320803,0.8789907097816467,0.0000000000000000,0.0000000000000000,0.0000000000000000,1.0000000000000000
M 1.0000000000000000,0.0000000000000000,0.0000000000000000,0.0000000000000000,0.0000000000000000,-0.0000002066320803,-1.0000000000000000,2.0010964870452881,-0.0000000000000000,1.0000000000000000,-0.0000002066320803,0.8789907097816467,0.0000000000000000,0.0000000000000000,0.0000000000000000,1.0000000000000000
M 1.0000000000000000,0.0000000000000000,0.0000000000000000,0.0000000000000000,0.0000000000000000,-0.0000002066320803,-1.0000000000000000,2.0010964870452881,-0.0000000000000000,1.0000000000000000,-0.0000002066320803,0.8789907097816467,0.0000000000000000,0.0000000000000000,0.0000000000000000,1.0000000000000000
M 1.0000000000000000,0.0000000000000000,0.0000000000000000,0.0000000000000000,0.0000000000000000,-0.0000002066320803,-1.0000000000000000,2.0010964870452881,-0.0000000000000000,1.0000000000000000,-0.0000002066320803,0.8789907097816467,0.0000000000000000,0.0000000000000000,0.0000000000000000,1.0000000000000000
M 1.0000000000000000,0.0000000000000000,0.0000000000000000,0.0000000000000000,0.0000000000000000,-0.0000002066320803,-1.0000000000000000,2.0010964870452881,-0.0000000000000000,1.0000000000000000,-0.0000002066320803,0.8789907097816467,0.0000000000000000,0.0000000000000000,0.0000000000000000,1.0000000000000000
M 1.0000000000000000,0.0000000000000000,0.0000000000000000,0.0000000000000000,0.0000000000000000,-0.0000002066320803,-1.0000000000000000,2.0010964870452881,-0.0000000000000000,1.0000000000000000,-0.0000002066320803,0.8789907097816467,0.0000000000000000,0.0000000000000000,0.0000000000000000,1.0000000000000000
M 1.0000000000000000,0.0000000000000000,0.0000000000000000,0.0000000000000000,0.0000000000000000,-0.0000002066320803,-1.0000000000000000,2.0010964870452881,-0.0000000000000000,1.0000000000000000,-0.0000002066320803,0.8789907097816467,0.0000000000000000,0.0000000000000000,0.0000000000000000,1.0000000000000000
M 1.0000000000000000,0.0000000000000000,0.0000000000000000,0.0000000000000000,0.0000000000000000,-0.0000002066320803,-1.0000000000000000,2.0010964870452881,-0.0000000000000000,1.0000000000000000,-0.0000002066320803,0.8789907097816467,0.0000000000000000,0.0000000000000000,0.0000000000000000,1.0000000000000000
M 1.0000000000000000,0.0000000000000000,0.0000000000000000,0.0000000000000000,0.0000000000000000,-0.0000002066320803,-1.0000000000000000,2.0010964870452881,-0.0000000000000000,1.0000000000000000,-0.0000002066320803,0.8789907097816467,0.0000000000000000,0.0000000000000000,0.0000000000000000,1.0000000000000000
