O DOOR_11_CG_drr
A DOOR_11_CG_drr_DOOR_11_CG_drr
M 1.0000000000000000,0.0000000000000000,0.0000000000000000,0.0000000000000000,0.0000000000000000,1.0000000000000000,-0.0000000437113883,-0.0000000108296661,-0.0000000000000000,0.0000000437113883,1.0000000000000000,0.0000000421532711,0.0000000000000000,0.0000000000000000,0.0000000000000000,1.0000000000000000
M 1.0000000000000000,0.0000000000000000,0.0000000000000000,0.0000000000000000,0.0000000000000000,0.9999987483024597,0.0015960488235578,0.0022919457405806,-0.0000000000000000,-0.0015960488235578,0.9999987483024597,0.0008894114871509,0.0000000000000000,0.0000000000000000,0.0000000000000000,1.0000000000000000
M 1.0000000000000000,0.0000000000000000,0.0000000000000000,0.0000000000000000,0.0000000000000000,0.9999801516532898,0.0063044168055058,0.0090613281354308,-0.0000000000000000,-0.0063044168055058,0.9999801516532898,0.0034915644209832,0.0000000000000000,0.0000000000000000,0.0000000000000000,1.0000000000000000
M 1.0000000000000000,0.0000000000000000,0.0000000000000000,0.0000000000000000,0.0000000000000000,0.9999019503593445,0.0140051590278745,0.0201596170663834,-0.0000000000000000,-0.0140051590278745,0.9999019503593445,0.0076788784936070,0.0000000000000000,0.0000000000000000,0.0000000000000000,1.0000000000000000
M 1.0000000000000000,0.0000000000000000,0.0000000000000000,0.0000000000000000,0.0000000000000000,0.9996979236602783,0.0245773643255234,0.0354503169655800,-0.0000000000000000,-0.0245773643255234,0.9996979236602783,0.0132888341322541,0.0000000000000000,0.0000000000000000,0.0000000000000000,1.0000000000000000
M 1.0000000000000000,0.0000000000000000,0.0000000000000000,0.0000000000000000,0.0000000000000000,0.9992815852165222,0.0378981195390224,0.0548051409423351,-0.0000000000000000,-0.0378981195390224,0.9992815852165222,0.0201287083327770,0.0000000000000000,0.0000000000000000,0.0000000000000000,1.0000000000000000
M 1.0000000000000000,0.0000000000000000,0.0000000000000000,0.0000000000000000,0.0000000000000000,0.9985494613647461,0.0538420826196671,0.0781019702553749,-0.0000000000000000,-0.0538420826196671,0.9985494613647461,0.0279797445982695,0.0000000000000000,0.0000000000000000,0.0000000000000000,1.0000000000000000
M 1.0000000000000000,0.0000000000000000,0.0000000000000000,0.0000000000000000,0.0000000000000000,0.9973843693733215,0.0722798630595207,0.1052205115556717,-0.0000000000000000,-0.0722798630595207,0.9973843693733215,0.0366017334163189,0.0000000000000000,0.0000000000000000,0.0000000000000000,1.0000000000000000
M 1.0000000000000000,0.0000000000000000,0.0000000000000000,0.0000000000000000,0.0000000000000000,0.9956589341163635,0.0930769294500351,0.1360386908054352,-0.0000000000000000,-0.0930769294500351,0.9956589341163635,0.0457365736365318,0.0000000000000000,0.0000000000000000,0.0000000000000000,1.0000000000000000
M 1.0000000000000000,0.0000000000000000,0.0000000000000000,0.0000000000000000,0.0000000000000000,0.9932383298873901,0.1160928830504417,0.1704303473234177,-0.0000000000000000,-0.1160928830504417,0.9932383298873901,0.0551123991608620,0.0000000000000000,0.0000000000000000,0.0000000000000000,1.0000000000000000
M 1.0000000000000000,0.0000000000000000,0.0000000000000000,0.0000000000000000,0.0000000000000000,0.9899839162826538,0.1411800086498260,0.2082607597112656,-0.0000000000000000,-0.1411800086498260,0.9899839162826538,0.0644476562738419,0.0000000000000000,0.0000000000000000,0.0000000000000000,1.0000000000000000
M 1.0000000000000000,0.0000000000000000,0.0000000000000000,0.0000000000000000,0.0000000000000000,0.9857557415962219,0.1681832671165466,0.2493855506181717,-0.0000000000000000,-0.1681832671165466,0.9857557415962219,0.0734549164772034,0.0000000000000000,0.0000000000000000,0.0000000000000000,1.0000000000000000
M 1.0000000000000000,0.0000000000000000,0.0000000000000000,0.0000000000000000,0.0000000000000000,0.9804157018661499,0.1969390809535980,0.2936469912528992,-0.0000000000000000,-0.1969390809535980,0.9804157018661499,0.0818445980548859,0.0000000000000000,0.0000000000000000,0.0000000000000000,1.0000000000000000
M 1.0000000000000000,0.0000000000000000,0.0000000000000000,0.0000000000000000,0.0000000000000000,0.9738305211067200,0.2272753268480301,0.3408723473548889,-0.0000000000000000,-0.2272753268480301,0.9738305211067200,0.0893291532993317,0.0000000000000000,0.0000000000000000,0.0000000000000000,1.0000000000000000
M 1.0000000000000000,0.0000000000000000,0.0000000000000000,0.0000000000000000,0.0000000000000000,0.9658741354942322,0.2590117156505585,0.3908732831478119,-0.0000000000000000,-0.2590117156505585,0.9658741354942322,0.0956271737813950,0.0000000000000000,0.0000000000000000,0.0000000000000000,1.0000000000000000
M 1.0000000000000000,0.0000000000000000,0.0000000000000000,0.0000000000000000,0.0000000000000000,0.9564306139945984,0.2919595241546631,0.4434435069561005,-0.0000000000000000,-0.2919595241546631,0.9564306139945984,0.1004666686058044,0.0000000000000000,0.0000000000000000,0.0000000000000000,1.0000000000000000
M 1.0000000000000000,0.0000000000000000,0.0000000000000000,0.0000000000000000,0.0000000000000000,0.9453963637351990,0.3259228467941284,0.4983597993850708,-0.0000000000000000,-0.3259228467941284,0.9453963637351990,0.1035895943641663,0.0000000000000000,0.0000000000000000,0.0000000000000000,1.0000000000000000
M 1.0000000000000000,0.0000000000000000,0.0000000000000000,0.0000000000000000,0.0000000000000000,0.9326823353767395,0.3606987595558167,0.5553804039955139,-0.0000000000000000,-0.3606987595558167,0.9326823353767395,0.1047548502683640,0.0000000000000000,0.0000000000000000,0.0000000000000000,1.0000000000000000
M 1.0000000000000000,0.0000000000000000,0.0000000000000000,0.0000000000000000,0.0000000000000000,0.9182161092758179,0.3960797488689423,0.6142480373382568,-0.0000000000000000,-0.3960797488689423,0.9182161092758179,0.1037426292896271,0.0000000000000000,0.0000000000000000,0.0000000000000000,1.0000000000000000
M 1.0000000000000000,0.0000000000000000,0.0000000000000000,0.0000000000000000,0.0000000000000000,0.9019435644149780,0.4318539202213287,0.6746885776519775,-0.0000000000000000,-0.4318539202213287,0.9019435644149780,0.1003568917512894,0.0000000000000000,0.0000000000000000,0.0000000000000000,1.0000000000000000
M 1.0000000000000000,0.0000000000000000,0.0000000000000000,0.0000000000000000,0.0000000000000000,0.8838302493095398,0.4678077399730682,0.7364147305488586,-0.0000000000000000,-0.4678077399730682,0.8838302493095398,0.0944289565086365,0.0000000000000000,0.0000000000000000,0.0000000000000000,1.0000000000000000
M 1.0000000000000000,0.0000000000000000,0.0000000000000000,0.0000000000000000,0.0000000000000000,0.8638626933097839,0.5037273764610291,0.7991271615028381,-0.0000000000000000,-0.5037273764610291,0.8638626933097839,0.0858202278614044,0.0000000000000000,0.0000000000000000,0.0000000000000000,1.0000000000000000
M 1.0000000000000000,0.0000000000000000,0.0000000000000000,0.0000000000000000,0.0000000000000000,0.8420488834381104,0.5394011735916138,0.8625174760818481,-0.0000000000000000,-0.5394011735916138,0.8420488834381104,0.0744237601757050,0.0000000000000000,0.0000000000000000,0.0000000000000000,1.0000000000000000
M 1.0000000000000000,0.0000000000000000,0.0000000000000000,0.0000000000000000,0.0000000000000000,0.8184189796447754,0.5746219158172607,0.9262714385986328,-0.0000000000000000,-0.5746219158172607,0.8184189796447754,0.0601673126220703,0.0000000000000000,0.0000000000000000,0.0000000000000000,1.0000000000000000
M 1.0000000000000000,0.0000000000000000,0.0000000000000000,0.0000000000000000,0.0000000000000000,0.7930253148078918,0.6091886758804321,0.9900712966918945,-0.0000000000000000,-0.6091886758804321,0.7930253148078918,0.0430138409137726,0.0000000000000000,0.0000000000000000,0.0000000000000000,1.0000000000000000
M 1.0000000000000000,0.0000000000000000,0.0000000000000000,0.0000000000000000,0.0000000000000000,0.7659418582916260,0.6429098248481750,1.0536007881164551,-0.0000000000000000,-0.6429098248481750,0.7659418582916260,0.0229624509811401,0.0000000000000000,0.0000000000000000,0.0000000000000000,1.0000000000000000
M 1.0000000000000000,0.0000000000000000,0.0000000000000000,0.0000000000000000,0.0000000000000000,0.7372638583183289,0.6756048798561096,1.1165475845336914,-0.0000000000000000,-0.6756048798561096,0.7372638583183289,0.0000490844249725,0.0000000000000000,0.0000000000000000,0.0000000000000000,1.0000000000000000
M 1.0000000000000000,0.0000000000000000,0.0000000000000000,0.0000000000000000,0.0000000000000000,0.7071068882942200,0.7071067094802856,1.1786072254180908,-0.0000000000000000,-0.7071067094802856,0.7071068882942200,-0.0256536006927490,0.0000000000000000,0.0000000000000000,0.0000000000000000,1.0000000000000000
M 1.0000000000000000,0.0000000000000000,0.0000000000000000,0.0000000000000000,0.0000000000000000,0.6756049990653992,0.7372638583183289,1.2394874095916748,-0.0000000000000000,-0.7372638583183289,0.6756049990653992,-0.0540377497673035,0.0000000000000000,0.0000000000000000,0.0000000000000000,1.0000000000000000
M 1.0000000000000000,0.0000000000000000,0.0000000000000000,0.0000000000000000,0.0000000000000000,0.6429100036621094,0.7659417986869812,1.2989102602005005,-0.0000000000000000,-0.7659417986869812,0.6429100036621094,-0.0849604606628418,0.0000000000000000,0.0000000000000000,0.0000000000000000,1.0000000000000000
M 1.0000000000000000,0.0000000000000000,0.0000000000000000,0.0000000000000000,0.0000000000000000,0.6091886758804321,0.7930253148078918,1.3566173315048218,-0.0000000000000000,-0.7930253148078918,0.6091886758804321,-0.1182467639446259,0.0000000000000000,0.0000000000000000,0.0000000000000000,1.0000000000000000
M 1.0000000000000000,0.0000000000000000,0.0000000000000000,0.0000000000000000,0.0000000000000000,0.5746219754219055,0.8184189796447754,1.4123706817626953,-0.0000000000000000,-0.8184189796447754,0.5746219754219055,-0.1536901295185089,0.0000000000000000,0.0000000000000000,0.0000000000000000,1.0000000000000000
M 1.0000000000000000,0.0000000000000000,0.0000000000000000,0.0000000000000000,0.0000000000000000,0.5394013524055481,0.8420488238334656,1.4659570455551147,-0.0000000000000000,-0.8420488238334656,0.5394013524055481,-0.1910570859909058,0.0000000000000000,0.0000000000000000,0.0000000000000000,1.0000000000000000
M 1.0000000000000000,0.0000000000000000,0.0000000000000000,0.0000000000000000,0.0000000000000000,0.5037274956703186,0.8638626337051392,1.5171893835067749,-0.0000000000000000,-0.8638626337051392,0.5037274956703186,-0.2300885617733002,0.0000000000000000,0.0000000000000000,0.0000000000000000,1.0000000000000000
M 1.0000000000000000,0.0000000000000000,0.0000000000000000,0.0000000000000000,0.0000000000000000,0.4678079187870026,0.8838301301002502,1.5659086704254150,-0.0000000000000000,-0.8838301301002502,0.4678079187870026,-0.2705035805702209,0.0000000000000000,0.0000000000000000,0.0000000000000000,1.0000000000000000
M 1.0000000000000000,0.0000000000000000,0.0000000000000000,0.0000000000000000,0.0000000000000000,0.4318541288375854,0.9019434452056885,1.6119852066040039,-0.0000000000000000,-0.9019434452056885,0.4318541288375854,-0.3120031356811523,0.0000000000000000,0.0000000000000000,0.0000000000000000,1.0000000000000000
M 1.0000000000000000,0.0000000000000000,0.0000000000000000,0.0000000000000000,0.0000000000000000,0.3960798680782318,0.9182160496711731,1.6553190946578979,-0.0000000000000000,-0.9182160496711731,0.3960798680782318,-0.3542726039886475,0.0000000000000000,0.0000000000000000,0.0000000000000000,1.0000000000000000
M 1.0000000000000000,0.0000000000000000,0.0000000000000000,0.0000000000000000,0.0000000000000000,0.3606987595558167,0.9326823949813843,1.6958405971527100,-0.0000000000000000,-0.9326823949813843,0.3606987595558167,-0.3969861865043640,0.0000000000000000,0.0000000000000000,0.0000000000000000,1.0000000000000000
M 1.0000000000000000,0.0000000000000000,0.0000000000000000,0.0000000000000000,0.0000000000000000,0.3259229660034180,0.9453963637351990,1.7335084676742554,-0.0000000000000000,-0.9453963637351990,0.3259229660034180,-0.4398092925548553,0.0000000000000000,0.0000000000000000,0.0000000000000000,1.0000000000000000
M 1.0000000000000000,0.0000000000000000,0.0000000000000000,0.0000000000000000,0.0000000000000000,0.2919596433639526,0.9564306735992432,1.7683115005493164,-0.0000000000000000,-0.9564306735992432,0.2919596433639526,-0.4824038445949554,0.0000000000000000,0.0000000000000000,0.0000000000000000,1.0000000000000000
M 1.0000000000000000,0.0000000000000000,0.0000000000000000,0.0000000000000000,0.0000000000000000,0.2590118348598480,0.9658741950988770,1.8002638816833496,-0.0000000000000000,-0.9658741950988770,0.2590118348598480,-0.5244287848472595,0.0000000000000000,0.0000000000000000,0.0000000000000000,1.0000000000000000
M 1.0000000000000000,0.0000000000000000,0.0000000000000000,0.0000000000000000,0.0000000000000000,0.2272754907608032,0.9738305211067200,1.8294050693511963,-0.0000000000000000,-0.9738305211067200,0.2272754907608032,-0.5655450224876404,0.0000000000000000,0.0000000000000000,0.0000000000000000,1.0000000000000000
M 1.0000000000000000,0.0000000000000000,0.0000000000000000,0.0000000000000000,0.0000000000000000,0.1969392448663712,0.9804157018661499,1.8557962179183960,-0.0000000000000000,-0.9804157018661499,0.1969392448663712,-0.6054169535636902,0.0000000000000000,0.0000000000000000,0.0000000000000000,1.0000000000000000
M 1.0000000000000000,0.0000000000000000,0.0000000000000000,0.0000000000000000,0.0000000000000000,0.1681835502386093,0.9857557415962219,1.8795173168182373,-0.0000000000000000,-0.9857557415962219,0.1681835502386093,-0.6437151432037354,0.0000000000000000,0.0000000000000000,0.0000000000000000,1.0000000000000000
M 1.0000000000000000,0.0000000000000000,0.0000000000000000,0.0000000000000000,0.0000000000000000,0.1411802768707275,0.9899839162826538,1.9006639719009399,-0.0000000000000000,-0.9899839162826538,0.1411802768707275,-0.6801184415817261,0.0000000000000000,0.0000000000000000,0.0000000000000000,1.0000000000000000
M 1.0000000000000000,0.0000000000000000,0.0000000000000000,0.0000000000000000,0.0000000000000000,0.1160930469632149,0.9932383298873901,1.9193428754806519,-0.0000000000000000,-0.9932383298873901,0.1160930469632149,-0.7143148779869080,0.0000000000000000,0.0000000000000000,0.0000000000000000,1.0000000000000000
M 1.0000000000000000,0.0000000000000000,0.0000000000000000,0.0000000000000000,0.0000000000000000,0.0930768549442291,0.9956589341163635,1.9356684684753418,-0.0000000000000000,-0.9956589341163635,0.0930768549442291,-0.7460038065910339,0.0000000000000000,0.0000000000000000,0.0000000000000000,1.0000000000000000
M 1.0000000000000000,0.0000000000000000,0.0000000000000000,0.0000000000000000,0.0000000000000000,0.0722799077630043,0.9973843693733215,1.9497570991516113,-0.0000000000000000,-0.9973843693733215,0.0722799077630043,-0.7748951315879822,0.0000000000000000,0.0000000000000000,0.0000000000000000,1.0000000000000000
M 1.0000000000000000,0.0000000000000000,0.0000000000000000,0.0000000000000000,0.0000000000000000,0.0538421273231506,0.9985494613647461,1.9617241621017456,-0.0000000000000000,-0.9985494613647461,0.0538421273231506,-0.8007126450538635,0.0000000000000000,0.0000000000000000,0.0000000000000000,1.0000000000000000
M 1.0000000000000000,0.0000000000000000,0.0000000000000000,0.0000000000000000,0.0000000000000000,0.0378984026610851,0.9992815852165222,1.9716771841049194,-0.0000000000000000,-0.9992815852165222,0.0378984026610851,-0.8231915831565857,0.0000000000000000,0.0000000000000000,0.0000000000000000,1.0000000000000000
M 1.0000000000000000,0.0000000000000000,0.0000000000000000,0.0000000000000000,0.0000000000000000,0.0245774071663618,0.9996979236602783,1.9797123670578003,-0.0000000000000000,-0.9996979236602783,0.0245774071663618,-0.8420818448066711,0.0000000000000000,0.0000000000000000,0.0000000000000000,1.0000000000000000
M 1.0000000000000000,0.0000000000000000,0.0000000000000000,0.0000000000000000,0.0000000000000000,0.0140055604279041,0.9999018907546997,1.9859079122543335,-0.0000000000000000,-0.9999018907546997,0.0140055604279041,-0.8571441769599915,0.0000000000000000,0.0000000000000000,0.0000000000000000,1.0000000000000000
M 1.0000000000000000,0.0000000000000000,0.0000000000000000,0.0000000000000000,0.0000000000000000,0.0063045797869563,0.9999801516532898,1.9903199672698975,-0.0000000000000000,-0.9999801516532898,0.0063045797869563,-0.8681554794311523,0.0000000000000000,0.0000000000000000,0.0000000000000000,1.0000000000000000
M 1.0000000000000000,0.0000000000000000,0.0000000000000000,0.0000000000000000,0.0000000000000000,0.0015960924793035,0.9999987483024597,1.9929755926132202,-0.0000000000000000,-0.9999987483024597,0.0015960924793035,-0.8749042749404907,0.0000000000000000,0.0000000000000000,0.0000000000000000,1.0000000000000000
M 1.0000000000000000,0.0000000000000000,0.0000000000000000,0.0000000000000000,0.0000000000000000,0.0000001192092896,1.0000000000000000,1.9938684701919556,-0.0000000000000000,-1.0000000000000000,0.0000001192092896,-0.8771946430206299,0.0000000000000000,0.0000000000000000,0.0000000000000000,1.0000000000000000
M 1.0000000000000000,0.0000000000000000,0.0000000000000000,0.0000000000000000,0.0000000000000000,0.0000001192092896,1.0000000000000000,1.9938684701919556,-0.0000000000000000,-1.0000000000000000,0.0000001192092896,-0.8771946430206299,0.0000000000000000,0.0000000000000000,0.0000000000000000,1.0000000000000000
M 1.0000000000000000,0.0000000000000000,0.0000000000000000,0.0000000000000000,0.0000000000000000,0.0000001192092896,1.0000000000000000,1.9938684701919556,-0.0000000000000000,-1.0000000000000000,0.0000001192092896,-0.8771946430206299,0.0000000000000000,0.0000000000000000,0.0000000000000000,1.0000000000000000
M 1.0000000000000000,0.0000000000000000,0.0000000000000000,0.0000000000000000,0.0000000000000000,0.0000001192092896,1.0000000000000000,1.9938684701919556,-0.0000000000000000,-1.0000000000000000,0.0000001192092896,-0.8771946430206299,0.0000000000000000,0.0000000000000000,0.0000000000000000,1.0000000000000000
M 1.0000000000000000,0.0000000000000000,0.0000000000000000,0.0000000000000000,0.0000000000000000,0.0000001192092896,1.0000000000000000,1.9938684701919556,-0.0000000000000000,-1.0000000000000000,0.0000001192092896,-0.8771946430206299,0.0000000000000000,0.0000000000000000,0.0000000000000000,1.0000000000000000
M 1.0000000000000000,0.0000000000000000,0.0000000000000000,0.0000000000000000,0.0000000000000000,0.0000001192092896,1.0000000000000000,1.9938684701919556,-0.0000000000000000,-1.0000000000000000,0.0000001192092896,-0.8771946430206299,0.0000000000000000,0.0000000000000000,0.0000000000000000,1.0000000000000000
M 1.0000000000000000,0.0000000000000000,0.0000000000000000,0.0000000000000000,0.0000000000000000,0.0000001192092896,1.0000000000000000,1.9938684701919556,-0.0000000000000000,-1.0000000000000000,0.0000001192092896,-0.8771946430206299,0.0000000000000000,0.0000000000000000,0.0000000000000000,1.0000000000000000
M 1.0000000000000000,0.0000000000000000,0.0000000000000000,0.0000000000000000,0.0000000000000000,0.0000001192092896,1.0000000000000000,1.9938684701919556,-0.0000000000000000,-1.0000000000000000,0.0000001192092896,-0.8771946430206299,0.0000000000000000,0.0000000000000000,0.0000000000000000,1.0000000000000000
M 1.0000000000000000,0.0000000000000000,0.0000000000000000,0.0000000000000000,0.0000000000000000,0.0000001192092896,1.0000000000000000,1.9938684701919556,-0.0000000000000000,-1.0000000000000000,0.0000001192092896,-0.8771946430206299,0.0000000000000000,0.0000000000000000,0.0000000000000000,1.0000000000000000
M 1.0000000000000000,0.0000000000000000,0.0000000000000000,0.0000000000000000,0.0000000000000000,0.0000001192092896,1.0000000000000000,1.9938684701919556,-0.0000000000000000,-1.0000000000000000,0.0000001192092896,-0.8771946430206299,0.0000000000000000,0.0000000000000000,0.0000000000000000,1.0000000000000000
M 1.0000000000000000,0.0000000000000000,0.0000000000000000,0.0000000000000000,0.0000000000000000,0.0000001192092896,1.0000000000000000,1.9938684701919556,-0.0000000000000000,-1.0000000000000000,0.0000001192092896,-0.8771946430206299,0.0000000000000000,0.0000000000000000,0.0000000000000000,1.0000000000000000
M 1.0000000000000000,0.0000000000000000,0.0000000000000000,0.0000000000000000,0.0000000000000000,0.0000001192092896,1.0000000000000000,1.9938684701919556,-0.0000000000000000,-1.0000000000000000,0.0000001192092896,-0.8771946430206299,0.0000000000000000,0.0000000000000000,0.0000000000000000,1.0000000000000000
M 1.0000000000000000,0.0000000000000000,0.0000000000000000,0.0000000000000000,0.0000000000000000,0.0000001192092896,1.0000000000000000,1.9938684701919556,-0.0000000000000000,-1.0000000000000000,0.0000001192092896,-0.8771946430206299,0.0000000000000000,0.0000000000000000,0.0000000000000000,1.0000000000000000
M 1.0000000000000000,0.0000000000000000,0.0000000000000000,0.0000000000000000,0.0000000000000000,0.0000001192092896,1.0000000000000000,1.9938684701919556,-0.0000000000000000,-1.0000000000000000,0.0000001192092896,-0.8771946430206299,0.0000000000000000,0.0000000000000000,0.0000000000000000,1.0000000000000000
M 1.0000000000000000,0.0000000000000000,0.0000000000000000,0.0000000000000000,0.0000000000000000,0.0000001192092896,1.0000000000000000,1.9938684701919556,-0.0000000000000000,-1.0000000000000000,0.0000001192092896,-0.8771946430206299,0.0000000000000000,0.0000000000000000,0.0000000000000000,1.0000000000000000
M 1.0000000000000000,0.0000000000000000,0.0000000000000000,0.0000000000000000,0.0000000000000000,0.0000001192092896,1.0000000000000000,1.9938684701919556,-0.0000000000000000,-1.0000000000000000,0.0000001192092896,-0.8771946430206299,0.0000000000000000,0.0000000000000000,0.0000000000000000,1.0000000000000000
M 1.0000000000000000,0.0000000000000000,0.0000000000000000,0.0000000000000000,0.0000000000000000,0.0000001192092896,1.0000000000000000,1.9938684701919556,-0.0000000000000000,-1.0000000000000000,0.0000001192092896,-0.8771946430206299,0.0000000000000000,0.0000000000000000,0.0000000000000000,1.0000000000000000
M 1.0000000000000000,0.0000000000000000,0.0000000000000000,0.0000000000000000,0.0000000000000000,0.0000001192092896,1.0000000000000000,1.9938684701919556,-0.0000000000000000,-1.0000000000000000,0.0000001192092896,-0.8771946430206299,0.0000000000000000,0.0000000000000000,0.0000000000000000,1.0000000000000000
M 1.0000000000000000,0.0000000000000000,0.0000000000000000,0.0000000000000000,0.0000000000000000,0.0000001192092896,1.0000000000000000,1.9938684701919556,-0.0000000000000000,-1.0000000000000000,0.0000001192092896,-0.8771946430206299,0.0000000000000000,0.0000000000000000,0.0000000000000000,1.0000000000000000
M 1.0000000000000000,0.0000000000000000,0.0000000000000000,0.0000000000000000,0.0000000000000000,0.0000001192092896,1.0000000000000000,1.9938684701919556,-0.0000000000000000,-1.0000000000000000,0.0000001192092896,-0.8771946430206299,0.0000000000000000,0.0000000000000000,0.0000000000000000,1.0000000000000000
M 1.0000000000000000,0.0000000000000000,0.0000000000000000,0.0000000000000000,0.0000000000000000,0.0000001192092896,1.0000000000000000,1.9938684701919556,-0.0000000000000000,-1.0000000000000000,0.0000001192092896,-0.8771946430206299,0.0000000000000000,0.0000000000000000,0.0000000000000000,1.0000000000000000
M 1.0000000000000000,0.0000000000000000,0.0000000000000000,0.0000000000000000,0.0000000000000000,0.0000001192092896,1.0000000000000000,1.9938684701919556,-0.0000000000000000,-1.0000000000000000,0.0000001192092896,-0.8771946430206299,0.0000000000000000,0.0000000000000000,0.0000000000000000,1.0000000000000000
M 1.0000000000000000,0.0000000000000000,0.0000000000000000,0.0000000000000000,0.0000000000000000,0.0000001192092896,1.0000000000000000,1.9938684701919556,-0.0000000000000000,-1.0000000000000000,0.0000001192092896,-0.8771946430206299,0.0000000000000000,0.0000000000000000,0.0000000000000000,1.0000000000000000
M 1.0000000000000000,0.0000000000000000,0.0000000000000000,0.0000000000000000,0.0000000000000000,0.0000001192092896,1.0000000000000000,1.9938684701919556,-0.0000000000000000,-1.0000000000000000,0.0000001192092896,-0.8771946430206299,0.0000000000000000,0.0000000000000000,0.0000000000000000,1.0000000000000000
M 1.0000000000000000,0.0000000000000000,0.0000000000000000,0.0000000000000000,0.0000000000000000,0.0000001192092896,1.0000000000000000,1.9938684701919556,-0.0000000000000000,-1.0000000000000000,0.0000001192092896,-0.8771946430206299,0.0000000000000000,0.0000000000000000,0.0000000000000000,1.0000000000000000
M 1.0000000000000000,0.0000000000000000,0.0000000000000000,0.0000000000000000,0.0000000000000000,0.0000001192092896,1.0000000000000000,1.9938684701919556,-0.0000000000000000,-1.0000000000000000,0.0000001192092896,-0.8771946430206299,0.0000000000000000,0.0000000000000000,0.0000000000000000,1.0000000000000000
M 1.0000000000000000,0.0000000000000000,0.0000000000000000,0.0000000000000000,0.0000000000000000,0.0000001192092896,1.0000000000000000,1.9938684701919556,-0.0000000000000000,-1.0000000000000000,0.0000001192092896,-0.8771946430206299,0.0000000000000000,0.0000000000000000,0.0000000000000000,1.0000000000000000
M 1.0000000000000000,0.0000000000000000,0.0000000000000000,0.0000000000000000,0.0000000000000000,0.0000001192092896,1.0000000000000000,1.9938684701919556,-0.0000000000000000,-1.0000000000000000,0.0000001192092896,-0.8771946430206299,0.0000000000000000,0.0000000000000000,0.0000000000000000,1.0000000000000000
M 1.0000000000000000,0.0000000000000000,0.0000000000000000,0.0000000000000000,0.0000000000000000,0.0000001192092896,1.0000000000000000,1.9938684701919556,-0.0000000000000000,-1.0000000000000000,0.0000001192092896,-0.8771946430206299,0.0000000000000000,0.0000000000000000,0.0000000000000000,1.0000000000000000
M 1.0000000000000000,0.0000000000000000,0.0000000000000000,0.0000000000000000,0.0000000000000000,0.0000001192092896,1.0000000000000000,1.9938684701919556,-0.0000000000000000,-1.0000000000000000,0.0000001192092896,-0.8771946430206299,0.0000000000000000,0.0000000000000000,0.0000000000000000,1.0000000000000000
M 1.0000000000000000,0.0000000000000000,0.0000000000000000,0.0000000000000000,0.0000000000000000,0.0000001192092896,1.0000000000000000,1.9938684701919556,-0.0000000000000000,-1.0000000000000000,0.0000001192092896,-0.8771946430206299,0.0000000000000000,0.0000000000000000,0.0000000000000000,1.0000000000000000
M 1.0000000000000000,0.0000000000000000,0.0000000000000000,0.0000000000000000,0.0000000000000000,0.0000001192092896,1.0000000000000000,1.9938684701919556,-0.0000000000000000,-1.0000000000000000,0.0000001192092896,-0.8771946430206299,0.0000000000000000,0.0000000000000000,0.0000000000000000,1.0000000000000000
M 1.0000000000000000,0.0000000000000000,0.0000000000000000,0.0000000000000000,0.0000000000000000,0.0000001192092896,1.0000000000000000,1.9938684701919556,-0.0000000000000000,-1.0000000000000000,0.0000001192092896,-0.8771946430206299,0.0000000000000000,0.0000000000000000,0.0000000000000000,1.0000000000000000
M 1.0000000000000000,0.0000000000000000,0.0000000000000000,0.0000000000000000,0.0000000000000000,0.0000001192092896,1.0000000000000000,1.9938684701919556,-0.0000000000000000,-1.0000000000000000,0.0000001192092896,-0.8771946430206299,0.0000000000000000,0.0000000000000000,0.0000000000000000,1.0000000000000000
M 1.0000000000000000,0.0000000000000000,0.0000000000000000,0.0000000000000000,0.0000000000000000,0.0000001192092896,1.0000000000000000,1.9938684701919556,-0.0000000000000000,-1.0000000000000000,0.0000001192092896,-0.8771946430206299,0.0000000000000000,0.0000000000000000,0.0000000000000000,1.0000000000000000
M 1.0000000000000000,0.0000000000000000,0.0000000000000000,0.0000000000000000,0.0000000000000000,0.0000001192092896,1.0000000000000000,1.9938684701919556,-0.0000000000000000,-1.0000000000000000,0.0000001192092896,-0.8771946430206299,0.0000000000000000,0.0000000000000000,0.0000000000000000,1.0000000000000000
M 1.0000000000000000,0.0000000000000000,0.0000000000000000,0.0000000000000000,0.0000000000000000,0.0000001192092896,1.0000000000000000,1.9938684701919556,-0.0000000000000000,-1.0000000000000000,0.0000001192092896,-0.8771946430206299,0.0000000000000000,0.0000000000000000,0.0000000000000000,1.0000000000000000
M 1.0000000000000000,0.0000000000000000,0.0000000000000000,0.0000000000000000,0.0000000000000000,0.0000001192092896,1.0000000000000000,1.9938684701919556,-0.0000000000000000,-1.0000000000000000,0.0000001192092896,-0.8771946430206299,0.0000000000000000,0.0000000000000000,0.0000000000000000,1.0000000000000000
M 1.0000000000000000,0.0000000000000000,0.0000000000000000,0.0000000000000000,0.0000000000000000,0.0000001192092896,1.0000000000000000,1.9938684701919556,-0.0000000000000000,-1.0000000000000000,0.0000001192092896,-0.8771946430206299,0.0000000000000000,0.0000000000000000,0.0000000000000000,1.0000000000000000
M 1.0000000000000000,0.0000000000000000,0.0000000000000000,0.0000000000000000,0.0000000000000000,0.0000001192092896,1.0000000000000000,1.9938684701919556,-0.0000000000000000,-1.0000000000000000,0.0000001192092896,-0.8771946430206299,0.0000000000000000,0.0000000000000000,0.0000000000000000,1.0000000000000000
M 1.0000000000000000,0.0000000000000000,0.0000000000000000,0.0000000000000000,0.0000000000000000,0.0000001192092896,1.0000000000000000,1.9938684701919556,-0.0000000000000000,-1.0000000000000000,0.0000001192092896,-0.8771946430206299,0.0000000000000000,0.0000000000000000,0.0000000000000000,1.0000000000000000
M 1.0000000000000000,0.0000000000000000,0.0000000000000000,0.0000000000000000,0.0000000000000000,0.0000001192092896,1.0000000000000000,1.9938684701919556,-0.0000000000000000,-1.0000000000000000,0.0000001192092896,-0.8771946430206299,0.0000000000000000,0.0000000000000000,0.0000000000000000,1.0000000000000000
M 1.0000000000000000,0.0000000000000000,0.0000000000000000,0.0000000000000000,0.0000000000000000,0.0000001192092896,1.0000000000000000,1.9938684701919556,-0.0000000000000000,-1.0000000000000000,0.0000001192092896,-0.8771946430206299,0.0000000000000000,0.0000000000000000,0.0000000000000000,1.0000000000000000
M 1.0000000000000000,0.0000000000000000,0.0000000000000000,0.0000000000000000,0.0000000000000000,0.0000001192092896,1.0000000000000000,1.9938684701919556,-0.0000000000000000,-1.0000000000000000,0.0000001192092896,-0.8771946430206299,0.0000000000000000,0.0000000000000000,0.0000000000000000,1.0000000000000000
M 1.0000000000000000,0.0000000000000000,0.0000000000000000,0.0000000000000000,0.0000000000000000,0.0000001192092896,1.0000000000000000,1.9938684701919556,-0.0000000000000000,-1.0000000000000000,0.0000001192092896,-0.8771946430206299,0.0000000000000000,0.0000000000000000,0.0000000000000000,1.0000000000000000
M 1.0000000000000000,0.0000000000000000,0.0000000000000000,0.0000000000000000,0.0000000000000000,0.0000001192092896,1.0000000000000000,1.9938684701919556,-0.0000000000000000,-1.0000000000000000,0.0000001192092896,-0.8771946430206299,0.0000000000000000,0.0000000000000000,0.0000000000000000,1.0000000000000000
M 1.0000000000000000,0.0000000000000000,0.0000000000000000,0.0000000000000000,0.0000000000000000,0.0000001192092896,1.0000000000000000,1.9938684701919556,-0.0000000000000000,-1.0000000000000000,0.0000001192092896,-0.8771946430206299,0.0000000000000000,0.0000000000000000,0.0000000000000000,1.0000000000000000
M 1.0000000000000000,0.0000000000000000,0.0000000000000000,0.0000000000000000,0.0000000000000000,0.0000001192092896,1.0000000000000000,1.9938684701919556,-0.0000000000000000,-1.0000000000000000,0.0000001192092896,-0.8771946430206299,0.0000000000000000,0.0000000000000000,0.0000000000000000,1.0000000000000000
M 1.0000000000000000,0.0000000000000000,0.0000000000000000,0.0000000000000000,0.0000000000000000,0.0000001192092896,1.0000000000000000,1.9938684701919556,-0.0000000000000000,-1.0000000000000000,0.0000001192092896,-0.8771946430206299,0.0000000000000000,0.0000000000000000,0.0000000000000000,1.0000000000000000
M 1.0000000000000000,0.0000000000000000,0.0000000000000000,0.0000000000000000,0.0000000000000000,0.0000001192092896,1.0000000000000000,1.9938684701919556,-0.0000000000000000,-1.0000000000000000,0.0000001192092896,-0.8771946430206299,0.0000000000000000,0.0000000000000000,0.0000000000000000,1.0000000000000000
M 1.0000000000000000,0.0000000000000000,0.0000000000000000,0.0000000000000000,0.0000000000000000,0.0000001192092896,1.0000000000000000,1.9938684701919556,-0.0000000000000000,-1.0000000000000000,0.0000001192092896,-0.8771946430206299,0.0000000000000000,0.0000000000000000,0.0000000000000000,1.0000000000000000
M 1.0000000000000000,0.0000000000000000,0.0000000000000000,0.0000000000000000,0.0000000000000000,0.0000001192092896,1.0000000000000000,1.9938684701919556,-0.0000000000000000,-1.0000000000000000,0.0000001192092896,-0.8771946430206299,0.0000000000000000,0.0000000000000000,0.0000000000000000,1.0000000000000000
M 1.0000000000000000,0.0000000000000000,0.0000000000000000,0.0000000000000000,0.0000000000000000,0.0000001192092896,1.0000000000000000,1.9938684701919556,-0.0000000000000000,-1.0000000000000000,0.0000001192092896,-0.8771946430206299,0.0000000000000000,0.0000000000000000,0.0000000000000000,1.0000000000000000
M 1.0000000000000000,0.0000000000000000,0.0000000000000000,0.0000000000000000,0.0000000000000000,0.0000001192092896,1.0000000000000000,1.9938684701919556,-0.0000000000000000,-1.0000000000000000,0.0000001192092896,-0.8771946430206299,0.0000000000000000,0.0000000000000000,0.0000000000000000,1.0000000000000000
M 1.0000000000000000,0.0000000000000000,0.0000000000000000,0.0000000000000000,0.0000000000000000,0.0000001192092896,1.0000000000000000,1.9938684701919556,-0.0000000000000000,-1.0000000000000000,0.0000001192092896,-0.8771946430206299,0.0000000000000000,0.0000000000000000,0.0000000000000000,1.0000000000000000
M 1.0000000000000000,0.0000000000000000,0.0000000000000000,0.0000000000000000,0.0000000000000000,0.0000001192092896,1.0000000000000000,1.9938684701919556,-0.0000000000000000,-1.0000000000000000,0.0000001192092896,-0.8771946430206299,0.0000000000000000,0.0000000000000000,0.0000000000000000,1.0000000000000000
M 1.0000000000000000,0.0000000000000000,0.0000000000000000,0.0000000000000000,0.0000000000000000,0.0000001192092896,1.0000000000000000,1.9938684701919556,-0.0000000000000000,-1.0000000000000000,0.0000001192092896,-0.8771946430206299,0.0000000000000000,0.0000000000000000,0.0000000000000000,1.0000000000000000
M 1.0000000000000000,0.0000000000000000,0.0000000000000000,0.0000000000000000,0.0000000000000000,0.0000001192092896,1.0000000000000000,1.9938684701919556,-0.0000000000000000,-1.0000000000000000,0.0000001192092896,-0.8771946430206299,0.0000000000000000,0.0000000000000000,0.0000000000000000,1.0000000000000000
M 1.0000000000000000,0.0000000000000000,0.0000000000000000,0.0000000000000000,0.0000000000000000,0.0000001192092896,1.0000000000000000,1.9938684701919556,-0.0000000000000000,-1.0000000000000000,0.0000001192092896,-0.8771946430206299,0.0000000000000000,0.0000000000000000,0.0000000000000000,1.0000000000000000
M 1.0000000000000000,0.0000000000000000,0.0000000000000000,0.0000000000000000,0.0000000000000000,0.0000001192092896,1.0000000000000000,1.9938684701919556,-0.0000000000000000,-1.0000000000000000,0.0000001192092896,-0.8771946430206299,0.0000000000000000,0.0000000000000000,0.0000000000000000,1.0000000000000000
M 1.0000000000000000,0.0000000000000000,0.0000000000000000,0.0000000000000000,0.0000000000000000,0.0000001192092896,1.0000000000000000,1.9938684701919556,-0.0000000000000000,-1.0000000000000000,0.0000001192092896,-0.8771946430206299,0.0000000000000000,0.0000000000000000,0.0000000000000000,1.0000000000000000
M 1.0000000000000000,0.0000000000000000,0.0000000000000000,0.0000000000000000,0.0000000000000000,0.0000001192092896,1.0000000000000000,1.9938684701919556,-0.0000000000000000,-1.0000000000000000,0.0000001192092896,-0.8771946430206299,0.0000000000000000,0.0000000000000000,0.0000000000000000,1.0000000000000000
M 1.0000000000000000,0.0000000000000000,0.0000000000000000,0.0000000000000000,0.0000000000000000,0.0000001192092896,1.0000000000000000,1.9938684701919556,-0.0000000000000000,-1.0000000000000000,0.0000001192092896,-0.8771946430206299,0.0000000000000000,0.0000000000000000,0.0000000000000000,1.0000000000000000
M 1.0000000000000000,0.0000000000000000,0.0000000000000000,0.0000000000000000,0.0000000000000000,0.0000001192092896,1.0000000000000000,1.9938684701919556,-0.0000000000000000,-1.0000000000000000,0.0000001192092896,-0.8771946430206299,0.0000000000000000,0.0000000000000000,0.0000000000000000,1.0000000000000000
M 1.0000000000000000,0.0000000000000000,0.0000000000000000,0.0000000000000000,0.0000000000000000,0.0000001192092896,1.0000000000000000,1.9938684701919556,-0.0000000000000000,-1.0000000000000000,0.0000001192092896,-0.8771946430206299,0.0000000000000000,0.0000000000000000,0.0000000000000000,1.0000000000000000
M 1.0000000000000000,0.0000000000000000,0.0000000000000000,0.0000000000000000,0.0000000000000000,0.0000001192092896,1.0000000000000000,1.9938684701919556,-0.0000000000000000,-1.0000000000000000,0.0000001192092896,-0.8771946430206299,0.0000000000000000,0.0000000000000000,0.0000000000000000,1.0000000000000000
M 1.0000000000000000,0.0000000000000000,0.0000000000000000,0.0000000000000000,0.0000000000000000,0.0000001192092896,1.0000000000000000,1.9938684701919556,-0.0000000000000000,-1.0000000000000000,0.0000001192092896,-0.8771946430206299,0.0000000000000000,0.0000000000000000,0.0000000000000000,1.0000000000000000
M 1.0000000000000000,0.0000000000000000,0.0000000000000000,0.0000000000000000,0.0000000000000000,0.0000001192092896,1.0000000000000000,1.9938684701919556,-0.0000000000000000,-1.0000000000000000,0.0000001192092896,-0.8771946430206299,0.0000000000000000,0.0000000000000000,0.0000000000000000,1.0000000000000000
M 1.0000000000000000,0.0000000000000000,0.0000000000000000,0.0000000000000000,0.0000000000000000,0.0000001192092896,1.0000000000000000,1.9938684701919556,-0.0000000000000000,-1.0000000000000000,0.0000001192092896,-0.8771946430206299,0.0000000000000000,0.0000000000000000,0.0000000000000000,1.0000000000000000
M 1.0000000000000000,0.0000000000000000,0.0000000000000000,0.0000000000000000,0.0000000000000000,0.0000001192092896,1.0000000000000000,1.9938684701919556,-0.0000000000000000,-1.0000000000000000,0.0000001192092896,-0.8771946430206299,0.0000000000000000,0.0000000000000000,0.0000000000000000,1.0000000000000000
M 1.0000000000000000,0.0000000000000000,0.0000000000000000,0.0000000000000000,0.0000000000000000,0.0000001192092896,1.0000000000000000,1.9938684701919556,-0.0000000000000000,-1.0000000000000000,0.0000001192092896,-0.8771946430206299,0.0000000000000000,0.0000000000000000,0.0000000000000000,1.0000000000000000
M 1.0000000000000000,0.0000000000000000,0.0000000000000000,0.0000000000000000,0.0000000000000000,0.0000001192092896,1.0000000000000000,1.9938684701919556,-0.0000000000000000,-1.0000000000000000,0.0000001192092896,-0.8771946430206299,0.0000000000000000,0.0000000000000000,0.0000000000000000,1.0000000000000000
M 1.0000000000000000,0.0000000000000000,0.0000000000000000,0.0000000000000000,0.0000000000000000,0.0000001192092896,1.0000000000000000,1.9938684701919556,-0.0000000000000000,-1.0000000000000000,0.0000001192092896,-0.8771946430206299,0.0000000000000000,0.0000000000000000,0.0000000000000000,1.0000000000000000
M 1.0000000000000000,0.0000000000000000,0.0000000000000000,0.0000000000000000,0.0000000000000000,0.0000001192092896,1.0000000000000000,1.9938684701919556,-0.0000000000000000,-1.0000000000000000,0.0000001192092896,-0.8771946430206299,0.0000000000000000,0.0000000000000000,0.0000000000000000,1.0000000000000000
M 1.0000000000000000,0.0000000000000000,0.0000000000000000,0.0000000000000000,0.0000000000000000,0.0000001192092896,1.0000000000000000,1.9938684701919556,-0.0000000000000000,-1.0000000000000000,0.0000001192092896,-0.8771946430206299,0.0000000000000000,0.0000000000000000,0.0000000000000000,1.0000000000000000
