O DOOR_12_EXTERIOR
A DOOR_12_EXTERIOR_DOOR_12_EXTERIOR
M 1.0000000000000000,0.0000000000000000,0.0000000000000000,0.0000000000000000,0.0000000000000000,1.0000000000000000,-0.0000000437113883,0.0000000000000000,-0.0000000000000000,0.0000000437113883,1.0000000000000000,-0.0000000000000000,0.0000000000000000,0.0000000000000000,0.0000000000000000,1.0000000000000000
M 1.0000000000000000,0.0000000000000000,0.0000000000000000,0.0000000000000000,0.0000000000000000,1.0000000000000000,-0.0000000437113883,0.0000000000000000,-0.0000000000000000,0.0000000437113883,1.0000000000000000,-0.0000000000000000,0.0000000000000000,0.0000000000000000,0.0000000000000000,1.0000000000000000
M 1.0000000000000000,0.0000000000000000,0.0000000000000000,0.0000000000000000,0.0000000000000000,1.0000000000000000,-0.0000000437113883,0.0000000000000000,-0.0000000000000000,0.0000000437113883,1.0000000000000000,-0.0000000000000000,0.0000000000000000,0.0000000000000000,0.0000000000000000,1.0000000000000000
M 1.0000000000000000,0.0000000000000000,0.0000000000000000,0.0000000000000000,0.0000000000000000,1.0000000000000000,-0.0000000437113883,0.0000000000000000,-0.0000000000000000,0.0000000437113883,1.0000000000000000,-0.0000000000000000,0.0000000000000000,0.0000000000000000,0.0000000000000000,1.0000000000000000
M 1.0000000000000000,0.0000000000000000,0.0000000000000000,0.0000000000000000,0.0000000000000000,1.0000000000000000,-0.0000000437113883,0.0000000000000000,-0.0000000000000000,0.0000000437113883,1.0000000000000000,-0.0000000000000000,0.0000000000000000,0.0000000000000000,0.0000000000000000,1.0000000000000000
M 1.0000000000000000,0.0000000000000000,0.0000000000000000,0.0000000000000000,0.0000000000000000,1.0000000000000000,-0.0000000437113883,0.0000000000000000,-0.0000000000000000,0.0000000437113883,1.0000000000000000,-0.0000000000000000,0.0000000000000000,0.0000000000000000,0.0000000000000000,1.0000000000000000
M 1.0000000000000000,0.0000000000000000,0.0000000000000000,0.0000000000000000,0.0000000000000000,1.0000000000000000,-0.0000000437113883,0.0000000000000000,-0.0000000000000000,0.0000000437113883,1.0000000000000000,-0.0000000000000000,0.0000000000000000,0.0000000000000000,0.0000000000000000,1.0000000000000000
M 1.0000000000000000,0.0000000000000000,0.0000000000000000,0.0000000000000000,0.0000000000000000,1.0000000000000000,-0.0000000437113883,0.0000000000000000,-0.0000000000000000,0.0000000437113883,1.0000000000000000,-0.0000000000000000,0.0000000000000000,0.0000000000000000,0.0000000000000000,1.0000000000000000
M 1.0000000000000000,0.0000000000000000,0.0000000000000000,0.0000000000000000,0.0000000000000000,1.0000000000000000,-0.0000000437113883,0.0000000000000000,-0.0000000000000000,0.0000000437113883,1.0000000000000000,-0.0000000000000000,0.0000000000000000,0.0000000000000000,0.0000000000000000,1.0000000000000000
M 1.0000000000000000,0.0000000000000000,0.0000000000000000,0.0000000000000000,0.0000000000000000,1.0000000000000000,-0.0000000437113883,0.0000000000000000,-0.0000000000000000,0.0000000437113883,1.0000000000000000,-0.0000000000000000,0.0000000000000000,0.0000000000000000,0.0000000000000000,1.0000000000000000
M 1.0000000000000000,0.0000000000000000,0.0000000000000000,0.0000000000000000,0.0000000000000000,1.0000000000000000,-0.0000000437113883,0.0000000000000000,-0.0000000000000000,0.0000000437113883,1.0000000000000000,-0.0000000000000000,0.0000000000000000,0.0000000000000000,0.0000000000000000,1.0000000000000000
M 1.0000000000000000,0.0000000000000000,0.0000000000000000,0.0000000000000000,0.0000000000000000,1.0000000000000000,-0.0000000437113883,0.0000000000000000,-0.0000000000000000,0.0000000437113883,1.0000000000000000,-0.0000000000000000,0.0000000000000000,0.0000000000000000,0.0000000000000000,1.0000000000000000
M 1.0000000000000000,0.0000000000000000,0.0000000000000000,0.0000000000000000,0.0000000000000000,1.0000000000000000,-0.0000000437113883,0.0000000000000000,-0.0000000000000000,0.0000000437113883,1.0000000000000000,-0.0000000000000000,0.0000000000000000,0.0000000000000000,0.0000000000000000,1.0000000000000000
M 1.0000000000000000,0.0000000000000000,0.0000000000000000,0.0000000000000000,0.0000000000000000,1.0000000000000000,-0.0000000437113883,0.0000000000000000,-0.0000000000000000,0.0000000437113883,1.0000000000000000,-0.0000000000000000,0.0000000000000000,0.0000000000000000,0.0000000000000000,1.0000000000000000
M 1.0000000000000000,0.0000000000000000,0.0000000000000000,0.0000000000000000,0.0000000000000000,1.0000000000000000,-0.0000000437113883,0.0000000000000000,-0.0000000000000000,0.0000000437113883,1.0000000000000000,-0.0000000000000000,0.0000000000000000,0.0000000000000000,0.0000000000000000,1.0000000000000000
M 1.0000000000000000,0.0000000000000000,0.0000000000000000,0.0000000000000000,0.0000000000000000,1.0000000000000000,-0.0000000437113883,0.0000000000000000,-0.0000000000000000,0.0000000437113883,1.0000000000000000,-0.0000000000000000,0.0000000000000000,0.0000000000000000,0.0000000000000000,1.0000000000000000
M 1.0000000000000000,0.0000000000000000,0.0000000000000000,0.0000000000000000,0.0000000000000000,1.0000000000000000,-0.0000000437113883,0.0000000000000000,-0.0000000000000000,0.0000000437113883,1.0000000000000000,-0.0000000000000000,0.0000000000000000,0.0000000000000000,0.0000000000000000,1.0000000000000000
M 1.0000000000000000,0.0000000000000000,0.0000000000000000,0.0000000000000000,0.0000000000000000,1.0000000000000000,-0.0000000437113883,0.0000000000000000,-0.0000000000000000,0.0000000437113883,1.0000000000000000,-0.0000000000000000,0.0000000000000000,0.0000000000000000,0.0000000000000000,1.0000000000000000
M 1.0000000000000000,0.0000000000000000,0.0000000000000000,0.0000000000000000,0.0000000000000000,1.0000000000000000,-0.0000000437113883,0.0000000000000000,-0.0000000000000000,0.0000000437113883,1.0000000000000000,-0.0000000000000000,0.0000000000000000,0.0000000000000000,0.0000000000000000,1.0000000000000000
M 1.0000000000000000,0.0000000000000000,0.0000000000000000,0.0000000000000000,0.0000000000000000,1.0000000000000000,-0.0000000437113883,0.0000000000000000,-0.0000000000000000,0.0000000437113883,1.0000000000000000,-0.0000000000000000,0.0000000000000000,0.0000000000000000,0.0000000000000000,1.0000000000000000
M 1.0000000000000000,0.0000000000000000,0.0000000000000000,0.0000000000000000,0.0000000000000000,1.0000000000000000,-0.0000000437113883,0.0000000000000000,-0.0000000000000000,0.0000000437113883,1.0000000000000000,-0.0000000000000000,0.0000000000000000,0.0000000000000000,0.0000000000000000,1.0000000000000000
M 1.0000000000000000,0.0000000000000000,0.0000000000000000,0.0000000000000000,0.0000000000000000,1.0000000000000000,-0.0000000437113883,0.0000000000000000,-0.0000000000000000,0.0000000437113883,1.0000000000000000,-0.0000000000000000,0.0000000000000000,0.0000000000000000,0.0000000000000000,1.0000000000000000
M 1.0000000000000000,0.0000000000000000,0.0000000000000000,0.0000000000000000,0.0000000000000000,1.0000000000000000,-0.0000000437113883,0.0000000000000000,-0.0000000000000000,0.0000000437113883,1.0000000000000000,-0.0000000000000000,0.0000000000000000,0.0000000000000000,0.0000000000000000,1.0000000000000000
M 1.0000000000000000,0.0000000000000000,0.0000000000000000,0.0000000000000000,0.0000000000000000,1.0000000000000000,-0.0000000437113883,0.0000000000000000,-0.0000000000000000,0.0000000437113883,1.0000000000000000,-0.0000000000000000,0.0000000000000000,0.0000000000000000,0.0000000000000000,1.0000000000000000
M 1.0000000000000000,0.0000000000000000,0.0000000000000000,0.0000000000000000,0.0000000000000000,1.0000000000000000,-0.0000000437113883,0.0000000000000000,-0.0000000000000000,0.0000000437113883,1.0000000000000000,-0.0000000000000000,0.0000000000000000,0.0000000000000000,0.0000000000000000,1.0000000000000000
M 1.0000000000000000,0.0000000000000000,0.0000000000000000,0.0000000000000000,0.0000000000000000,1.0000000000000000,-0.0000000437113883,0.0000000000000000,-0.0000000000000000,0.0000000437113883,1.0000000000000000,-0.0000000000000000,0.0000000000000000,0.0000000000000000,0.0000000000000000,1.0000000000000000
M 1.0000000000000000,0.0000000000000000,0.0000000000000000,0.0000000000000000,0.0000000000000000,1.0000000000000000,-0.0000000437113883,0.0000000000000000,-0.0000000000000000,0.0000000437113883,1.0000000000000000,-0.0000000000000000,0.0000000000000000,0.0000000000000000,0.0000000000000000,1.0000000000000000
M 1.0000000000000000,0.0000000000000000,0.0000000000000000,0.0000000000000000,0.0000000000000000,1.0000000000000000,-0.0000000437113883,0.0000000000000000,-0.0000000000000000,0.0000000437113883,1.0000000000000000,-0.0000000000000000,0.0000000000000000,0.0000000000000000,0.0000000000000000,1.0000000000000000
M 1.0000000000000000,0.0000000000000000,0.0000000000000000,0.0000000000000000,0.0000000000000000,1.0000000000000000,-0.0000000437113883,0.0000000000000000,-0.0000000000000000,0.0000000437113883,1.0000000000000000,-0.0000000000000000,0.0000000000000000,0.0000000000000000,0.0000000000000000,1.0000000000000000
M 1.0000000000000000,0.0000000000000000,0.0000000000000000,0.0000000000000000,0.0000000000000000,1.0000000000000000,-0.0000000437113883,0.0000000000000000,-0.0000000000000000,0.0000000437113883,1.0000000000000000,-0.0000000000000000,0.0000000000000000,0.0000000000000000,0.0000000000000000,1.0000000000000000
M 0.9999993443489075,-0.0000000000502954,-0.0011506243608892,0.0015394755173475,0.0000000000000000,1.0000000000000000,-0.0000000437113883,0.0000000000000000,0.0011506243608892,0.0000000437113599,0.9999993443489075,0.0115430355072021,0.0000000000000000,0.0000000000000000,0.0000000000000000,1.0000000000000000
M 0.9999896287918091,-0.0000000001989204,-0.0045507689937949,0.0060111442580819,0.0000000000000000,1.0000000000000000,-0.0000000437113883,0.0000000000000000,0.0045507689937949,0.0000000437109335,0.9999896287918091,0.0456638485193253,0.0000000000000000,0.0000000000000000,0.0000000000000000,1.0000000000000000
M 0.9999487400054932,-0.0000000004424789,-0.0101227369159460,0.0130883948877454,0.0000000000000000,1.0000000000000000,-0.0000000437113883,0.0000000000000000,0.0101227369159460,0.0000000437091465,0.9999487400054932,0.1016126051545143,0.0000000000000000,0.0000000000000000,0.0000000000000000,1.0000000000000000
M 0.9998417496681213,-0.0000000007775598,-0.0177884940057993,0.0223154164850712,0.0000000000000000,1.0000000000000000,-0.0000000437113883,0.0000000000000000,0.0177884940057993,0.0000000437044712,0.9998417496681213,0.1786534935235977,0.0000000000000000,0.0000000000000000,0.0000000000000000,1.0000000000000000
M 0.9996226429939270,-0.0000000012007222,-0.0274693220853806,0.0331267602741718,0.0000000000000000,1.0000000000000000,-0.0000000437113883,0.0000000000000000,0.0274693220853806,0.0000000436948930,0.9996226429939270,0.2760587632656097,0.0000000000000000,0.0000000000000000,0.0000000000000000,1.0000000000000000
M 0.9992358684539795,-0.0000000017084780,-0.0390854217112064,0.0448553934693336,0.0000000000000000,1.0000000000000000,-0.0000000437113883,0.0000000000000000,0.0390854217112064,0.0000000436779857,0.9992358684539795,0.3931023776531219,0.0000000000000000,0.0000000000000000,0.0000000000000000,1.0000000000000000
M 0.9986180067062378,-0.0000000022972710,-0.0525554344058037,0.0567577853798866,0.0000000000000000,1.0000000000000000,-0.0000000437113883,0.0000000000000000,0.0525554344058037,0.0000000436509779,0.9986180067062378,0.5290537476539612,0.0000000000000000,0.0000000000000000,0.0000000000000000,1.0000000000000000
M 0.9976992011070251,-0.0000000029634581,-0.0677960216999054,0.0680210143327713,0.0000000000000000,1.0000000000000000,-0.0000000437113883,0.0000000000000000,0.0677960216999054,0.0000000436108181,0.9976992011070251,0.6831705570220947,0.0000000000000000,0.0000000000000000,0.0000000000000000,1.0000000000000000
M 0.9964047074317932,-0.0000000037032872,-0.0847213342785835,0.0777791738510132,0.0000000000000000,1.0000000000000000,-0.0000000437113883,0.0000000000000000,0.0847213342785835,0.0000000435542340,0.9964047074317932,0.8546921014785767,0.0000000000000000,0.0000000000000000,0.0000000000000000,1.0000000000000000
M 0.9946562051773071,-0.0000000045128785,-0.1032426282763481,0.0851271748542786,0.0000000000000000,1.0000000000000000,-0.0000000437113883,0.0000000000000000,0.1032426282763481,0.0000000434778045,0.9946562051773071,1.0428333282470703,0.0000000000000000,0.0000000000000000,0.0000000000000000,1.0000000000000000
M 0.9923734068870544,-0.0000000053882117,-0.1232679113745689,0.0891365259885788,0.0000000000000000,1.0000000000000000,-0.0000000437113883,0.0000000000000000,0.1232679113745689,0.0000000433780194,0.9923734068870544,1.2467794418334961,0.0000000000000000,0.0000000000000000,0.0000000000000000,1.0000000000000000
M 0.9894753098487854,-0.0000000063251080,-0.1447016000747681,0.0888671725988388,0.0000000000000000,1.0000000000000000,-0.0000000437113883,0.0000000000000000,0.1447016000747681,0.0000000432513403,0.9894753098487854,1.4656804800033569,0.0000000000000000,0.0000000000000000,0.0000000000000000,1.0000000000000000
M 0.9858815073966980,-0.0000000073192234,-0.1674443185329437,0.0833768993616104,0.0000000000000000,1.0000000000000000,-0.0000000437113883,0.0000000000000000,0.1674443185329437,0.0000000430942499,0.9858815073966980,1.6986474990844727,0.0000000000000000,0.0000000000000000,0.0000000000000000,1.0000000000000000
M 0.9815135598182678,-0.0000000083660421,-0.1913927346467972,0.0717419683933258,0.0000000000000000,1.0000000000000000,-0.0000000437113883,0.0000000000000000,0.1913927346467972,0.0000000429033200,0.9815135598182678,1.9447495937347412,0.0000000000000000,0.0000000000000000,0.0000000000000000,1.0000000000000000
M 0.9762960076332092,-0.0000000094608765,-0.2164396196603775,0.0530601143836975,0.0000000000000000,1.0000000000000000,-0.0000000437113883,0.0000000000000000,0.2164396196603775,0.0000000426752536,0.9762960076332092,2.2030122280120850,0.0000000000000000,0.0000000000000000,0.0000000000000000,1.0000000000000000
M 0.9701579213142395,-0.0000000105988676,-0.2424738258123398,0.0264705419540405,0.0000000000000000,1.0000000000000000,-0.0000000437113883,0.0000000000000000,0.2424738258123398,0.0000000424069491,0.9701579213142395,2.4724159240722656,0.0000000000000000,0.0000000000000000,0.0000000000000000,1.0000000000000000
M 0.9630337953567505,-0.0000000117749970,-0.2693805396556854,-0.0088371336460114,0.0000000000000000,1.0000000000000000,-0.0000000437113883,0.0000000000000000,0.2693805396556854,0.0000000420955431,0.9630337953567505,2.7518968582153320,0.0000000000000000,0.0000000000000000,0.0000000000000000,1.0000000000000000
M 0.9548645615577698,-0.0000000129841009,-0.2970415949821472,-0.0536149442195892,0.0000000000000000,1.0000000000000000,-0.0000000437113883,0.0000000000000000,0.2970415949821472,0.0000000417384562,0.9548645615577698,3.0403490066528320,0.0000000000000000,0.0000000000000000,0.0000000000000000,1.0000000000000000
M 0.9455985426902771,-0.0000000142208831,-0.3253358900547028,-0.1085443496704102,0.0000000000000000,1.0000000000000000,-0.0000000437113883,0.0000000000000000,0.3253358900547028,0.0000000413334256,0.9455985426902771,3.3366277217864990,0.0000000000000000,0.0000000000000000,0.0000000000000000,1.0000000000000000
M 0.9351924657821655,-0.0000000154799480,-0.3541399240493774,-0.1742252707481384,0.0000000000000000,1.0000000000000000,-0.0000000437113883,0.0000000000000000,0.3541399240493774,0.0000000408785610,0.9351924657821655,3.6395511627197266,0.0000000000000000,0.0000000000000000,0.0000000000000000,1.0000000000000000
M 0.9236121177673340,-0.0000000167558127,-0.3833283185958862,-0.2511685490608215,0.0000000000000000,1.0000000000000000,-0.0000000437113883,0.0000000000000000,0.3833283185958862,0.0000000403723668,0.9236121177673340,3.9479084014892578,0.0000000000000000,0.0000000000000000,0.0000000000000000,1.0000000000000000
M 0.9108331203460693,-0.0000000180429591,-0.4127747714519501,-0.3397889733314514,0.0000000000000000,1.0000000000000000,-0.0000000437113883,0.0000000000000000,0.4127747714519501,0.0000000398137807,0.9108331203460693,4.2604646682739258,0.0000000000000000,0.0000000000000000,0.0000000000000000,1.0000000000000000
M 0.8968412876129150,-0.0000000193358396,-0.4423524439334869,-0.4404000043869019,0.0000000000000000,1.0000000000000000,-0.0000000437113883,0.0000000000000000,0.4423524439334869,0.0000000392021775,0.8968412876129150,4.5759673118591309,0.0000000000000000,0.0000000000000000,0.0000000000000000,1.0000000000000000
M 0.8816331028938293,-0.0000000206289528,-0.4719354212284088,-0.5532053112983704,0.0000000000000000,1.0000000000000000,-0.0000000437113883,0.0000000000000000,0.4719354212284088,0.0000000385374079,0.8816331028938293,4.8931579589843750,0.0000000000000000,0.0000000000000000,0.0000000000000000,1.0000000000000000
M 0.8652162551879883,-0.0000000219168435,-0.5013989210128784,-0.6782951354980469,0.0000000000000000,1.0000000000000000,-0.0000000437113883,0.0000000000000000,0.5013989210128784,0.0000000378198024,0.8652162551879883,5.2107734680175781,0.0000000000000000,0.0000000000000000,0.0000000000000000,1.0000000000000000
M 0.8476092815399170,-0.0000000231941719,-0.5306208133697510,-0.8156477808952332,0.0000000000000000,1.0000000000000000,-0.0000000437113883,0.0000000000000000,0.5306208133697510,0.0000000370501780,0.8476092815399170,5.5275650024414062,0.0000000000000000,0.0000000000000000,0.0000000000000000,1.0000000000000000
M 0.8288423418998718,-0.0000000244557476,-0.5594822764396667,-0.9651214480400085,0.0000000000000000,1.0000000000000000,-0.0000000437113883,0.0000000000000000,0.5594822764396667,0.0000000362298493,0.8288423418998718,5.8422994613647461,0.0000000000000000,0.0000000000000000,0.0000000000000000,1.0000000000000000
M 0.8089562058448792,-0.0000000256965649,-0.5878688693046570,-1.1264588832855225,0.0000000000000000,1.0000000000000000,-0.0000000437113883,0.0000000000000000,0.5878688693046570,0.0000000353605998,0.8089562058448792,6.1537742614746094,0.0000000000000000,0.0000000000000000,0.0000000000000000,1.0000000000000000
M 0.7880027890205383,-0.0000000269118647,-0.6156716942787170,-1.2992882728576660,0.0000000000000000,1.0000000000000000,-0.0000000437113883,0.0000000000000000,0.6156716942787170,0.0000000344446960,0.7880027890205383,6.4608278274536133,0.0000000000000000,0.0000000000000000,0.0000000000000000,1.0000000000000000
M 0.7660444378852844,-0.0000000280971371,-0.6427875757217407,-1.4831209182739258,0.0000000000000000,1.0000000000000000,-0.0000000437113883,0.0000000000000000,0.6427875757217407,0.0000000334848664,0.7660444378852844,6.7623405456542969,0.0000000000000000,0.0000000000000000,0.0000000000000000,1.0000000000000000
M 0.7431534528732300,-0.0000000292482092,-0.6691210269927979,-1.6773605346679688,0.0000000000000000,1.0000000000000000,-0.0000000437113883,0.0000000000000000,0.6691210269927979,0.0000000324842695,0.7431534528732300,7.0572581291198730,0.0000000000000000,0.0000000000000000,0.0000000000000000,1.0000000000000000
M 0.7194116115570068,-0.0000000303612282,-0.6945839524269104,-1.8813054561614990,0.0000000000000000,1.0000000000000000,-0.0000000437113883,0.0000000000000000,0.6945839524269104,0.0000000314464792,0.7194116115570068,7.3445858955383301,0.0000000000000000,0.0000000000000000,0.0000000000000000,1.0000000000000000
M 0.6949093937873840,-0.0000000314327409,-0.7190973162651062,-2.0941531658172607,0.0000000000000000,1.0000000000000000,-0.0000000437113883,0.0000000000000000,0.7190973162651062,0.0000000303754533,0.6949093937873840,7.6234107017517090,0.0000000000000000,0.0000000000000000,0.0000000000000000,1.0000000000000000
M 0.6697452664375305,-0.0000000324596776,-0.7425909042358398,-2.3150112628936768,0.0000000000000000,1.0000000000000000,-0.0000000437113883,0.0000000000000000,0.7425909042358398,0.0000000292754958,0.6697452664375305,7.8928947448730469,0.0000000000000000,0.0000000000000000,0.0000000000000000,1.0000000000000000
M 0.6440247297286987,-0.0000000334394130,-0.7650046348571777,-2.5429022312164307,0.0000000000000000,1.0000000000000000,-0.0000000437113883,0.0000000000000000,0.7650046348571777,0.0000000281512147,0.6440247297286987,8.1522941589355469,0.0000000000000000,0.0000000000000000,0.0000000000000000,1.0000000000000000
M 0.6178596019744873,-0.0000000343697586,-0.7862884402275085,-2.7767710685729980,0.0000000000000000,1.0000000000000000,-0.0000000437113883,0.0000000000000000,0.7862884402275085,0.0000000270075002,0.6178596019744873,8.4009571075439453,0.0000000000000000,0.0000000000000000,0.0000000000000000,1.0000000000000000
M 0.5913670659065247,-0.0000000352489735,-0.8064025044441223,-3.0154960155487061,0.0000000000000000,1.0000000000000000,-0.0000000437113883,0.0000000000000000,0.8064025044441223,0.0000000258494754,0.5913670659065247,8.6383247375488281,0.0000000000000000,0.0000000000000000,0.0000000000000000,1.0000000000000000
M 0.5646682977676392,-0.0000000360757930,-0.8253179788589478,-3.2579002380371094,0.0000000000000000,1.0000000000000000,-0.0000000437113883,0.0000000000000000,0.8253179788589478,0.0000000246824357,0.5646682977676392,8.8639478683471680,0.0000000000000000,0.0000000000000000,0.0000000000000000,1.0000000000000000
M 0.5378884077072144,-0.0000000368494000,-0.8430160284042358,-3.5027542114257812,0.0000000000000000,1.0000000000000000,-0.0000000437113883,0.0000000000000000,0.8430160284042358,0.0000000235118485,0.5378884077072144,9.0774669647216797,0.0000000000000000,0.0000000000000000,0.0000000000000000,1.0000000000000000
M 0.5111541748046875,-0.0000000375694569,-0.8594890236854553,-3.7487964630126953,0.0000000000000000,1.0000000000000000,-0.0000000437113883,0.0000000000000000,0.8594890236854553,0.0000000223432579,0.5111541748046875,9.2786350250244141,0.0000000000000000,0.0000000000000000,0.0000000000000000,1.0000000000000000
M 0.4845947921276093,-0.0000000382360454,-0.8747387528419495,-3.9947285652160645,0.0000000000000000,1.0000000000000000,-0.0000000437113883,0.0000000000000000,0.8747387528419495,0.0000000211823110,0.4845947921276093,9.4672985076904297,0.0000000000000000,0.0000000000000000,0.0000000000000000,1.0000000000000000
M 0.4583394229412079,-0.0000000388496879,-0.8887772560119629,-4.2392387390136719,0.0000000000000000,1.0000000000000000,-0.0000000437113883,0.0000000000000000,0.8887772560119629,0.0000000200346530,0.4583394229412079,9.6434030532836914,0.0000000000000000,0.0000000000000000,0.0000000000000000,1.0000000000000000
M 0.4325170814990997,-0.0000000394113151,-0.9016257524490356,-4.4810037612915039,0.0000000000000000,1.0000000000000000,-0.0000000437113883,0.0000000000000000,0.9016257524490356,0.0000000189059222,0.4325170814990997,9.8069887161254883,0.0000000000000000,0.0000000000000000,0.0000000000000000,1.0000000000000000
M 0.4072562456130981,-0.0000000399222202,-0.9133139252662659,-4.7186956405639648,0.0000000000000000,1.0000000000000000,-0.0000000437113883,0.0000000000000000,0.9133139252662659,0.0000000178017352,0.4072562456130981,9.9581794738769531,0.0000000000000000,0.0000000000000000,0.0000000000000000,1.0000000000000000
M 0.3826835453510284,-0.0000000403840552,-0.9238795042037964,-4.9509930610656738,0.0000000000000000,1.0000000000000000,-0.0000000437113883,0.0000000000000000,0.9238795042037964,0.0000000167276291,0.3826835453510284,10.0971851348876953,0.0000000000000000,0.0000000000000000,0.0000000000000000,1.0000000000000000
M 0.3589232563972473,-0.0000000407987706,-0.9333670735359192,-5.1765894889831543,0.0000000000000000,1.0000000000000000,-0.0000000437113883,0.0000000000000000,0.9333670735359192,0.0000000156890341,0.3589232563972473,10.2242851257324219,0.0000000000000000,0.0000000000000000,0.0000000000000000,1.0000000000000000
M 0.3360970616340637,-0.0000000411685797,-0.9418273568153381,-5.3941960334777832,0.0000000000000000,1.0000000000000000,-0.0000000437113883,0.0000000000000000,0.9418273568153381,0.0000000146912695,0.3360970616340637,10.3398246765136719,0.0000000000000000,0.0000000000000000,0.0000000000000000,1.0000000000000000
M 0.3143238425254822,-0.0000000414959125,-0.9493158459663391,-5.6025457382202148,0.0000000000000000,1.0000000000000000,-0.0000000437113883,0.0000000000000000,0.9493158459663391,0.0000000137395313,0.3143238425254822,10.4442014694213867,0.0000000000000000,0.0000000000000000,0.0000000000000000,1.0000000000000000
M 0.2937190830707550,-0.0000000417833554,-0.9558917880058289,-5.8004007339477539,0.0000000000000000,1.0000000000000000,-0.0000000437113883,0.0000000000000000,0.9558917880058289,0.0000000128388686,0.2937190830707550,10.5378551483154297,0.0000000000000000,0.0000000000000000,0.0000000000000000,1.0000000000000000
M 0.2743941843509674,-0.0000000420336264,-0.9616172909736633,-5.9865603446960449,0.0000000000000000,1.0000000000000000,-0.0000000437113883,0.0000000000000000,0.9616172909736633,0.0000000119941506,0.2743941843509674,10.6212558746337891,0.0000000000000000,0.0000000000000000,0.0000000000000000,1.0000000000000000
M 0.2564581334590912,-0.0000000422494750,-0.9665553569793701,-6.1598458290100098,0.0000000000000000,1.0000000000000000,-0.0000000437113883,0.0000000000000000,0.9665553569793701,0.0000000112101413,0.2564581334590912,10.6948928833007812,0.0000000000000000,0.0000000000000000,0.0000000000000000,1.0000000000000000
M 0.2400146424770355,-0.0000000424336726,-0.9707692861557007,-6.3191318511962891,0.0000000000000000,1.0000000000000000,-0.0000000437113883,0.0000000000000000,0.9707692861557007,0.0000000104913731,0.2400146424770355,10.7592592239379883,0.0000000000000000,0.0000000000000000,0.0000000000000000,1.0000000000000000
M 0.2251653373241425,-0.0000000425889048,-0.9743205904960632,-6.4633169174194336,0.0000000000000000,1.0000000000000000,-0.0000000437113883,0.0000000000000000,0.9743205904960632,0.0000000098422896,0.2251653373241425,10.8148365020751953,0.0000000000000000,0.0000000000000000,0.0000000000000000,1.0000000000000000
M 0.2120069414377213,-0.0000000427177476,-0.9772681593894958,-6.5913515090942383,0.0000000000000000,1.0000000000000000,-0.0000000437113883,0.0000000000000000,0.9772681593894958,0.0000000092671177,0.2120069414377213,10.8620862960815430,0.0000000000000000,0.0000000000000000,0.0000000000000000,1.0000000000000000
M 0.2006346434354782,-0.0000000428225668,-0.9796661138534546,-6.7022075653076172,0.0000000000000000,1.0000000000000000,-0.0000000437113883,0.0000000000000000,0.9796661138534546,0.0000000087700185,0.2006346434354782,10.9014225006103516,0.0000000000000000,0.0000000000000000,0.0000000000000000,1.0000000000000000
M 0.1911391615867615,-0.0000000429054801,-0.9815629720687866,-6.7949104309082031,0.0000000000000000,1.0000000000000000,-0.0000000437113883,0.0000000000000000,0.9815629720687866,0.0000000083549585,0.1911391615867615,10.9332103729248047,0.0000000000000000,0.0000000000000000,0.0000000000000000,1.0000000000000000
M 0.1836083680391312,-0.0000000429682707,-0.9829994440078735,-6.8685231208801270,0.0000000000000000,1.0000000000000000,-0.0000000437113883,0.0000000000000000,0.9829994440078735,0.0000000080257765,0.1836083680391312,10.9577388763427734,0.0000000000000000,0.0000000000000000,0.0000000000000000,1.0000000000000000
M 0.1781279593706131,-0.0000000430123279,-0.9840073585510254,-6.9221444129943848,0.0000000000000000,1.0000000000000000,-0.0000000437113883,0.0000000000000000,0.9840073585510254,0.0000000077862206,0.1781279593706131,10.9752140045166016,0.0000000000000000,0.0000000000000000,0.0000000000000000,1.0000000000000000
M 0.1747809946537018,-0.0000000430385541,-0.9846073389053345,-6.9549121856689453,0.0000000000000000,1.0000000000000000,-0.0000000437113883,0.0000000000000000,0.9846073389053345,0.0000000076399198,0.1747809946537018,10.9857301712036133,0.0000000000000000,0.0000000000000000,0.0000000000000000,1.0000000000000000
M 0.1736482232809067,-0.0000000430473115,-0.9848077297210693,-6.9660062789916992,0.0000000000000000,1.0000000000000000,-0.0000000437113883,0.0000000000000000,0.9848077297210693,0.0000000075904047,0.1736482232809067,10.9892625808715820,0.0000000000000000,0.0000000000000000,0.0000000000000000,1.0000000000000000
O DOOR_12_INTERIOR_LCG_cab1
A DOOR_12_INTERIOR_LCG_cab1_DOOR_12_INTERIOR_LCG_cab1
M 1.0000000000000000,0.0000000000000000,0.0000000000000000,0.0000000000000000,0.0000000000000000,1.0000000000000000,-0.0000000437113883,0.0000000000000000,-0.0000000000000000,0.0000000437113883,1.0000000000000000,-0.0000000000000000,0.0000000000000000,0.0000000000000000,0.0000000000000000,1.0000000000000000
M 1.0000000000000000,0.0000000000000000,0.0000000000000000,0.0000000000000000,0.0000000000000000,1.0000000000000000,-0.0000000437113883,0.0000000000000000,-0.0000000000000000,0.0000000437113883,1.0000000000000000,-0.0000000000000000,0.0000000000000000,0.0000000000000000,0.0000000000000000,1.0000000000000000
M 1.0000000000000000,0.0000000000000000,0.0000000000000000,0.0000000000000000,0.0000000000000000,1.0000000000000000,-0.0000000437113883,0.0000000000000000,-0.0000000000000000,0.0000000437113883,1.0000000000000000,-0.0000000000000000,0.0000000000000000,0.0000000000000000,0.0000000000000000,1.0000000000000000
M 1.0000000000000000,0.0000000000000000,0.0000000000000000,0.0000000000000000,0.0000000000000000,1.0000000000000000,-0.0000000437113883,0.0000000000000000,-0.0000000000000000,0.0000000437113883,1.0000000000000000,-0.0000000000000000,0.0000000000000000,0.0000000000000000,0.0000000000000000,1.0000000000000000
M 1.0000000000000000,0.0000000000000000,0.0000000000000000,0.0000000000000000,0.0000000000000000,1.0000000000000000,-0.0000000437113883,0.0000000000000000,-0.0000000000000000,0.0000000437113883,1.0000000000000000,-0.0000000000000000,0.0000000000000000,0.0000000000000000,0.0000000000000000,1.0000000000000000
M 1.0000000000000000,0.0000000000000000,0.0000000000000000,0.0000000000000000,0.0000000000000000,1.0000000000000000,-0.0000000437113883,0.0000000000000000,-0.0000000000000000,0.0000000437113883,1.0000000000000000,-0.0000000000000000,0.0000000000000000,0.0000000000000000,0.0000000000000000,1.0000000000000000
M 1.0000000000000000,0.0000000000000000,0.0000000000000000,0.0000000000000000,0.0000000000000000,1.0000000000000000,-0.0000000437113883,0.0000000000000000,-0.0000000000000000,0.0000000437113883,1.0000000000000000,-0.0000000000000000,0.0000000000000000,0.0000000000000000,0.0000000000000000,1.0000000000000000
M 1.0000000000000000,0.0000000000000000,0.0000000000000000,0.0000000000000000,0.0000000000000000,1.0000000000000000,-0.0000000437113883,0.0000000000000000,-0.0000000000000000,0.0000000437113883,1.0000000000000000,-0.0000000000000000,0.0000000000000000,0.0000000000000000,0.0000000000000000,1.0000000000000000
M 1.0000000000000000,0.0000000000000000,0.0000000000000000,0.0000000000000000,0.0000000000000000,1.0000000000000000,-0.0000000437113883,0.0000000000000000,-0.0000000000000000,0.0000000437113883,1.0000000000000000,-0.0000000000000000,0.0000000000000000,0.0000000000000000,0.0000000000000000,1.0000000000000000
M 1.0000000000000000,0.0000000000000000,0.0000000000000000,0.0000000000000000,0.0000000000000000,1.0000000000000000,-0.0000000437113883,0.0000000000000000,-0.0000000000000000,0.0000000437113883,1.0000000000000000,-0.0000000000000000,0.0000000000000000,0.0000000000000000,0.0000000000000000,1.0000000000000000
M 1.0000000000000000,0.0000000000000000,0.0000000000000000,0.0000000000000000,0.0000000000000000,1.0000000000000000,-0.0000000437113883,0.0000000000000000,-0.0000000000000000,0.0000000437113883,1.0000000000000000,-0.0000000000000000,0.0000000000000000,0.0000000000000000,0.0000000000000000,1.0000000000000000
M 1.0000000000000000,0.0000000000000000,0.0000000000000000,0.0000000000000000,0.0000000000000000,1.0000000000000000,-0.0000000437113883,0.0000000000000000,-0.0000000000000000,0.0000000437113883,1.0000000000000000,-0.0000000000000000,0.0000000000000000,0.0000000000000000,0.0000000000000000,1.0000000000000000
M 1.0000000000000000,0.0000000000000000,0.0000000000000000,0.0000000000000000,0.0000000000000000,1.0000000000000000,-0.0000000437113883,0.0000000000000000,-0.0000000000000000,0.0000000437113883,1.0000000000000000,-0.0000000000000000,0.0000000000000000,0.0000000000000000,0.0000000000000000,1.0000000000000000
M 1.0000000000000000,0.0000000000000000,0.0000000000000000,0.0000000000000000,0.0000000000000000,1.0000000000000000,-0.0000000437113883,0.0000000000000000,-0.0000000000000000,0.0000000437113883,1.0000000000000000,-0.0000000000000000,0.0000000000000000,0.0000000000000000,0.0000000000000000,1.0000000000000000
M 1.0000000000000000,0.0000000000000000,0.0000000000000000,0.0000000000000000,0.0000000000000000,1.0000000000000000,-0.0000000437113883,0.0000000000000000,-0.0000000000000000,0.0000000437113883,1.0000000000000000,-0.0000000000000000,0.0000000000000000,0.0000000000000000,0.0000000000000000,1.0000000000000000
M 1.0000000000000000,0.0000000000000000,0.0000000000000000,0.0000000000000000,0.0000000000000000,1.0000000000000000,-0.0000000437113883,0.0000000000000000,-0.0000000000000000,0.0000000437113883,1.0000000000000000,-0.0000000000000000,0.0000000000000000,0.0000000000000000,0.0000000000000000,1.0000000000000000
M 1.0000000000000000,0.0000000000000000,0.0000000000000000,0.0000000000000000,0.0000000000000000,1.0000000000000000,-0.0000000437113883,0.0000000000000000,-0.0000000000000000,0.0000000437113883,1.0000000000000000,-0.0000000000000000,0.0000000000000000,0.0000000000000000,0.0000000000000000,1.0000000000000000
M 1.0000000000000000,0.0000000000000000,0.0000000000000000,0.0000000000000000,0.0000000000000000,1.0000000000000000,-0.0000000437113883,0.0000000000000000,-0.0000000000000000,0.0000000437113883,1.0000000000000000,-0.0000000000000000,0.0000000000000000,0.0000000000000000,0.0000000000000000,1.0000000000000000
M 1.0000000000000000,0.0000000000000000,0.0000000000000000,0.0000000000000000,0.0000000000000000,1.0000000000000000,-0.0000000437113883,0.0000000000000000,-0.0000000000000000,0.0000000437113883,1.0000000000000000,-0.0000000000000000,0.0000000000000000,0.0000000000000000,0.0000000000000000,1.0000000000000000
M 1.0000000000000000,0.0000000000000000,0.0000000000000000,0.0000000000000000,0.0000000000000000,1.0000000000000000,-0.0000000437113883,0.0000000000000000,-0.0000000000000000,0.0000000437113883,1.0000000000000000,-0.0000000000000000,0.0000000000000000,0.0000000000000000,0.0000000000000000,1.0000000000000000
M 1.0000000000000000,0.0000000000000000,0.0000000000000000,0.0000000000000000,0.0000000000000000,1.0000000000000000,-0.0000000437113883,0.0000000000000000,-0.0000000000000000,0.0000000437113883,1.0000000000000000,-0.0000000000000000,0.0000000000000000,0.0000000000000000,0.0000000000000000,1.0000000000000000
M 1.0000000000000000,0.0000000000000000,0.0000000000000000,0.0000000000000000,0.0000000000000000,1.0000000000000000,-0.0000000437113883,0.0000000000000000,-0.0000000000000000,0.0000000437113883,1.0000000000000000,-0.0000000000000000,0.0000000000000000,0.0000000000000000,0.0000000000000000,1.0000000000000000
M 1.0000000000000000,0.0000000000000000,0.0000000000000000,0.0000000000000000,0.0000000000000000,1.0000000000000000,-0.0000000437113883,0.0000000000000000,-0.0000000000000000,0.0000000437113883,1.0000000000000000,-0.0000000000000000,0.0000000000000000,0.0000000000000000,0.0000000000000000,1.0000000000000000
M 1.0000000000000000,0.0000000000000000,0.0000000000000000,0.0000000000000000,0.0000000000000000,1.0000000000000000,-0.0000000437113883,0.0000000000000000,-0.0000000000000000,0.0000000437113883,1.0000000000000000,-0.0000000000000000,0.0000000000000000,0.0000000000000000,0.0000000000000000,1.0000000000000000
M 1.0000000000000000,0.0000000000000000,0.0000000000000000,0.0000000000000000,0.0000000000000000,1.0000000000000000,-0.0000000437113883,0.0000000000000000,-0.0000000000000000,0.0000000437113883,1.0000000000000000,-0.0000000000000000,0.0000000000000000,0.0000000000000000,0.0000000000000000,1.0000000000000000
M 1.0000000000000000,0.0000000000000000,0.0000000000000000,0.0000000000000000,0.0000000000000000,1.0000000000000000,-0.0000000437113883,0.0000000000000000,-0.0000000000000000,0.0000000437113883,1.0000000000000000,-0.0000000000000000,0.0000000000000000,0.0000000000000000,0.0000000000000000,1.0000000000000000
M 1.0000000000000000,0.0000000000000000,0.0000000000000000,0.0000000000000000,0.0000000000000000,1.0000000000000000,-0.0000000437113883,0.0000000000000000,-0.0000000000000000,0.0000000437113883,1.0000000000000000,-0.0000000000000000,0.0000000000000000,0.0000000000000000,0.0000000000000000,1.0000000000000000
M 1.0000000000000000,0.0000000000000000,0.0000000000000000,0.0000000000000000,0.0000000000000000,1.0000000000000000,-0.0000000437113883,0.0000000000000000,-0.0000000000000000,0.0000000437113883,1.0000000000000000,-0.0000000000000000,0.0000000000000000,0.0000000000000000,0.0000000000000000,1.0000000000000000
M 1.0000000000000000,0.0000000000000000,0.0000000000000000,0.0000000000000000,0.0000000000000000,1.0000000000000000,-0.0000000437113883,0.0000000000000000,-0.0000000000000000,0.0000000437113883,1.0000000000000000,-0.0000000000000000,0.0000000000000000,0.0000000000000000,0.0000000000000000,1.0000000000000000
M 1.0000000000000000,0.0000000000000000,0.0000000000000000,0.0000000000000000,0.0000000000000000,1.0000000000000000,-0.0000000437113883,0.0000000000000000,-0.0000000000000000,0.0000000437113883,1.0000000000000000,-0.0000000000000000,0.0000000000000000,0.0000000000000000,0.0000000000000000,1.0000000000000000
M 0.9999993443489075,-0.0000000000502954,-0.0011506243608892,0.0015394755173475,0.0000000000000000,1.0000000000000000,-0.0000000437113883,0.0000000000000000,0.0011506243608892,0.0000000437113599,0.9999993443489075,0.0115430355072021,0.0000000000000000,0.0000000000000000,0.0000000000000000,1.0000000000000000
M 0.9999896287918091,-0.0000000001989204,-0.0045507689937949,0.0060111442580819,0.0000000000000000,1.0000000000000000,-0.0000000437113883,0.0000000000000000,0.0045507689937949,0.0000000437109335,0.9999896287918091,0.0456638485193253,0.0000000000000000,0.0000000000000000,0.0000000000000000,1.0000000000000000
M 0.9999487400054932,-0.0000000004424789,-0.0101227369159460,0.0130883948877454,0.0000000000000000,1.0000000000000000,-0.0000000437113883,0.0000000000000000,0.0101227369159460,0.0000000437091465,0.9999487400054932,0.1016126051545143,0.0000000000000000,0.0000000000000000,0.0000000000000000,1.0000000000000000
M 0.9998417496681213,-0.0000000007775598,-0.0177884940057993,0.0223154164850712,0.0000000000000000,1.0000000000000000,-0.0000000437113883,0.0000000000000000,0.0177884940057993,0.0000000437044712,0.9998417496681213,0.1786534935235977,0.0000000000000000,0.0000000000000000,0.0000000000000000,1.0000000000000000
M 0.9996226429939270,-0.0000000012007222,-0.0274693220853806,0.0331267602741718,0.0000000000000000,1.0000000000000000,-0.0000000437113883,0.0000000000000000,0.0274693220853806,0.0000000436948930,0.9996226429939270,0.2760587632656097,0.0000000000000000,0.0000000000000000,0.0000000000000000,1.0000000000000000
M 0.9992358684539795,-0.0000000017084780,-0.0390854217112064,0.0448553934693336,0.0000000000000000,1.0000000000000000,-0.0000000437113883,0.0000000000000000,0.0390854217112064,0.0000000436779857,0.9992358684539795,0.3931023776531219,0.0000000000000000,0.0000000000000000,0.0000000000000000,1.0000000000000000
M 0.9986180067062378,-0.0000000022972710,-0.0525554344058037,0.0567577853798866,0.0000000000000000,1.0000000000000000,-0.0000000437113883,0.0000000000000000,0.0525554344058037,0.0000000436509779,0.9986180067062378,0.5290537476539612,0.0000000000000000,0.0000000000000000,0.0000000000000000,1.0000000000000000
M 0.9976992011070251,-0.0000000029634581,-0.0677960216999054,0.0680210143327713,0.0000000000000000,1.0000000000000000,-0.0000000437113883,0.0000000000000000,0.0677960216999054,0.0000000436108181,0.9976992011070251,0.6831705570220947,0.0000000000000000,0.0000000000000000,0.0000000000000000,1.0000000000000000
