O WIDGET_56_INTERIOR_TOGGLE_CG_td_LCG_il_LINVERT
A WIDGET_56_INTERIOR_TOGGLE_CG_td_LCG_il_LINVERT_Toilet_Door_1_INTERIOR_CG_td_LCG_il_LINVERT
M 1.0000000000000000,0.0000000000000000,0.0000000000000000,0.0000000000000000,0.0000000000000000,1.0000000000000000,-0.0000000437113883,0.0000000205101820,-0.0000000000000000,0.0000000437113883,1.0000000000000000,0.0000000017387265,0.0000000000000000,0.0000000000000000,0.0000000000000000,1.0000000000000000
M 1.0000000000000000,-0.0000000000038308,-0.0000876378326211,0.0000537552332389,0.0000000000000000,1.0000000000000000,-0.0000000437113883,0.0000000205101820,0.0000876378326211,0.0000000437113883,1.0000000000000000,0.0000366237618437,0.0000000000000000,0.0000000000000000,0.0000000000000000,1.0000000000000000
M 0.9999999403953552,-0.0000000000152688,-0.0003493104595691,0.0002141995646525,0.0000000000000000,1.0000000000000000,-0.0000000437113883,0.0000000205101820,0.0003493104595691,0.0000000437113847,0.9999999403953552,0.0001460308994865,0.0000000000000000,0.0000000000000000,0.0000000000000000,1.0000000000000000
M 0.9999997019767761,-0.0000000000342329,-0.0007831566035748,0.0004801903560292,0.0000000000000000,1.0000000000000000,-0.0000000437113883,0.0000000205101820,0.0007831566035748,0.0000000437113741,0.9999997019767761,0.0003274453920312,0.0000000000000000,0.0000000000000000,0.0000000000000000,1.0000000000000000
M 0.9999990463256836,-0.0000000000606414,-0.0013873141724616,0.0008504654397257,0.0000000000000000,1.0000000000000000,-0.0000000437113883,0.0000000205101820,0.0013873141724616,0.0000000437113457,0.9999990463256836,0.0005802082596347,0.0000000000000000,0.0000000000000000,0.0000000000000000,1.0000000000000000
M 0.9999976754188538,-0.0000000000944132,-0.0021599221508950,0.0013237331295386,0.0000000000000000,1.0000000000000000,-0.0000000437113883,0.0000000205101820,0.0021599221508950,0.0000000437112853,0.9999976754188538,0.0009037802810781,0.0000000000000000,0.0000000000000000,0.0000000000000000,1.0000000000000000
M 0.9999951720237732,-0.0000000001354667,-0.0030991178937256,0.0018987011862919,0.0000000000000000,1.0000000000000000,-0.0000000437113883,0.0000000205101820,0.0030991178937256,0.0000000437111787,0.9999951720237732,0.0012975619174540,0.0000000000000000,0.0000000000000000,0.0000000000000000,1.0000000000000000
M 0.9999911785125732,-0.0000000001837205,-0.0042030359618366,0.0025740759447217,0.0000000000000000,1.0000000000000000,-0.0000000437113883,0.0000000205101820,0.0042030359618366,0.0000000437110010,0.9999911785125732,0.0017609524074942,0.0000000000000000,0.0000000000000000,0.0000000000000000,1.0000000000000000
M 0.9999850392341614,-0.0000000002390932,-0.0054698144085705,0.0033484462182969,0.0000000000000000,1.0000000000000000,-0.0000000437113883,0.0000000205101820,0.0054698144085705,0.0000000437107346,0.9999850392341614,0.0022934717126191,0.0000000000000000,0.0000000000000000,0.0000000000000000,1.0000000000000000
M 0.9999762177467346,-0.0000000003015031,-0.0068975863978267,0.0042204577475786,0.0000000000000000,1.0000000000000000,-0.0000000437113883,0.0000000205101820,0.0068975863978267,0.0000000437103473,0.9999762177467346,0.0028946974780411,0.0000000000000000,0.0000000000000000,0.0000000000000000,1.0000000000000000
M 0.9999639987945557,-0.0000000003708685,-0.0084844818338752,0.0051886052824557,0.0000000000000000,1.0000000000000000,-0.0000000437113883,0.0000000205101820,0.0084844818338752,0.0000000437098144,0.9999639987945557,0.0035641461145133,0.0000000000000000,0.0000000000000000,0.0000000000000000,1.0000000000000000
M 0.9999476671218872,-0.0000000004471076,-0.0102286310866475,0.0062515041790903,0.0000000000000000,1.0000000000000000,-0.0000000437113883,0.0000000205101820,0.0102286310866475,0.0000000437091003,0.9999476671218872,0.0043014539405704,0.0000000000000000,0.0000000000000000,0.0000000000000000,1.0000000000000000
M 0.9999264478683472,-0.0000000005301388,-0.0121281612664461,0.0074076778255403,0.0000000000000000,1.0000000000000000,-0.0000000437113883,0.0000000205101820,0.0121281612664461,0.0000000437081731,0.9999264478683472,0.0051061953417957,0.0000000000000000,0.0000000000000000,0.0000000000000000,1.0000000000000000
M 0.9998994469642639,-0.0000000006198794,-0.0141811883077025,0.0086555546149611,0.0000000000000000,1.0000000000000000,-0.0000000437113883,0.0000000205101820,0.0141811883077025,0.0000000437070007,0.9998994469642639,0.0059781195595860,0.0000000000000000,0.0000000000000000,0.0000000000000000,1.0000000000000000
M 0.9998657703399658,-0.0000000007162476,-0.0163858346641064,0.0099936546757817,0.0000000000000000,1.0000000000000000,-0.0000000437113883,0.0000000205101820,0.0163858346641064,0.0000000437055263,0.9998657703399658,0.0069167995825410,0.0000000000000000,0.0000000000000000,0.0000000000000000,1.0000000000000000
M 0.9998244047164917,-0.0000000008191610,-0.0187402181327343,0.0114203793928027,0.0000000000000000,1.0000000000000000,-0.0000000437113883,0.0000000205101820,0.0187402181327343,0.0000000437037144,0.9998244047164917,0.0079221054911613,0.0000000000000000,0.0000000000000000,0.0000000000000000,1.0000000000000000
M 0.9997743368148804,-0.0000000009285364,-0.0212424341589212,0.0129341753199697,0.0000000000000000,1.0000000000000000,-0.0000000437113883,0.0000000205101820,0.0212424341589212,0.0000000437015260,0.9997743368148804,0.0089935977011919,0.0000000000000000,0.0000000000000000,0.0000000000000000,1.0000000000000000
M 0.9997145533561707,-0.0000000010442912,-0.0238905958831310,0.0145333781838417,0.0000000000000000,1.0000000000000000,-0.0000000437113883,0.0000000205101820,0.0238905958831310,0.0000000436989112,0.9997145533561707,0.0101312035694718,0.0000000000000000,0.0000000000000000,0.0000000000000000,1.0000000000000000
M 0.9996439218521118,-0.0000000011663419,-0.0266827885061502,0.0162164345383644,0.0000000000000000,1.0000000000000000,-0.0000000437113883,0.0000000205101820,0.0266827885061502,0.0000000436958238,0.9996439218521118,0.0113345403224230,0.0000000000000000,0.0000000000000000,0.0000000000000000,1.0000000000000000
M 0.9995613098144531,-0.0000000012946046,-0.0296171009540558,0.0179816950112581,0.0000000000000000,1.0000000000000000,-0.0000000437113883,0.0000000205101820,0.0296171009540558,0.0000000436922143,0.9995613098144531,0.0126035241410136,0.0000000000000000,0.0000000000000000,0.0000000000000000,1.0000000000000000
M 0.9994654655456543,-0.0000000014289959,-0.0326916165649891,0.0198274515569210,0.0000000000000000,1.0000000000000000,-0.0000000437113883,0.0000000205101820,0.0326916165649891,0.0000000436880221,0.9994654655456543,0.0139379510655999,0.0000000000000000,0.0000000000000000,0.0000000000000000,1.0000000000000000
M 0.9993552565574646,-0.0000000015694315,-0.0359044075012207,0.0217520259320736,0.0000000000000000,1.0000000000000000,-0.0000000437113883,0.0000000205101820,0.0359044075012207,0.0000000436832046,0.9993552565574646,0.0153375510126352,0.0000000000000000,0.0000000000000000,0.0000000000000000,1.0000000000000000
M 0.9992293119430542,-0.0000000017158265,-0.0392535291612148,0.0237536896020174,0.0000000000000000,1.0000000000000000,-0.0000000437113883,0.0000000205101820,0.0392535291612148,0.0000000436777015,0.9992293119430542,0.0168022867292166,0.0000000000000000,0.0000000000000000,0.0000000000000000,1.0000000000000000
M 0.9990863800048828,-0.0000000018680950,-0.0427370294928551,0.0258306898176670,0.0000000000000000,1.0000000000000000,-0.0000000437113883,0.0000000205101820,0.0427370294928551,0.0000000436714522,0.9990863800048828,0.0183319989591837,0.0000000000000000,0.0000000000000000,0.0000000000000000,1.0000000000000000
M 0.9989251494407654,-0.0000000020261524,-0.0463529601693153,0.0279813911765814,0.0000000000000000,1.0000000000000000,-0.0000000437113883,0.0000000205101820,0.0463529601693153,0.0000000436644036,0.9989251494407654,0.0199265256524086,0.0000000000000000,0.0000000000000000,0.0000000000000000,1.0000000000000000
M 0.9987442493438721,-0.0000000021899114,-0.0500993318855762,0.0302038695663214,0.0000000000000000,1.0000000000000000,-0.0000000437113883,0.0000000205101820,0.0500993318855762,0.0000000436564989,0.9987442493438721,0.0215856954455376,0.0000000000000000,0.0000000000000000,0.0000000000000000,1.0000000000000000
M 0.9985423088073730,-0.0000000023592863,-0.0539741776883602,0.0324965119361877,0.0000000000000000,1.0000000000000000,-0.0000000437113883,0.0000000205101820,0.0539741776883602,0.0000000436476704,0.9985423088073730,0.0233095195144415,0.0000000000000000,0.0000000000000000,0.0000000000000000,1.0000000000000000
M 0.9983180165290833,-0.0000000025341902,-0.0579755045473576,0.0348574779927731,0.0000000000000000,1.0000000000000000,-0.0000000437113883,0.0000000205101820,0.0579755045473576,0.0000000436378649,0.9983180165290833,0.0250976998358965,0.0000000000000000,0.0000000000000000,0.0000000000000000,1.0000000000000000
M 0.9980698227882385,-0.0000000027145335,-0.0621012896299362,0.0372848622500896,0.0000000000000000,1.0000000000000000,-0.0000000437113883,0.0000000205101820,0.0621012896299362,0.0000000436270184,0.9980698227882385,0.0269503463059664,0.0000000000000000,0.0000000000000000,0.0000000000000000,1.0000000000000000
M 0.9977964162826538,-0.0000000029002296,-0.0663495212793350,0.0397769585251808,0.0000000000000000,1.0000000000000000,-0.0000000437113883,0.0000000205101820,0.0663495212793350,0.0000000436150671,0.9977964162826538,0.0288671553134918,0.0000000000000000,0.0000000000000000,0.0000000000000000,1.0000000000000000
M 0.9974963068962097,-0.0000000030911902,-0.0707181766629219,0.0423319227993488,0.0000000000000000,1.0000000000000000,-0.0000000437113883,0.0000000205101820,0.0707181766629219,0.0000000436019469,0.9974963068962097,0.0308481156826019,0.0000000000000000,0.0000000000000000,0.0000000000000000,1.0000000000000000
M 0.9971680641174316,-0.0000000032873235,-0.0752051845192909,0.0449478141963482,0.0000000000000000,1.0000000000000000,-0.0000000437113883,0.0000000205101820,0.0752051845192909,0.0000000435876011,0.9971680641174316,0.0328931324183941,0.0000000000000000,0.0000000000000000,0.0000000000000000,1.0000000000000000
M 0.9968101978302002,-0.0000000034885392,-0.0798084735870361,0.0476228743791580,0.0000000000000000,1.0000000000000000,-0.0000000437113883,0.0000000205101820,0.0798084735870361,0.0000000435719585,0.9968101978302002,0.0350020639598370,0.0000000000000000,0.0000000000000000,0.0000000000000000,1.0000000000000000
M 0.9964212775230408,-0.0000000036947490,-0.0845260024070740,0.0503552146255970,0.0000000000000000,1.0000000000000000,-0.0000000437113883,0.0000000205101820,0.0845260024070740,0.0000000435549659,0.9964212775230408,0.0371748246252537,0.0000000000000000,0.0000000000000000,0.0000000000000000,1.0000000000000000
M 0.9959998130798340,-0.0000000039058592,-0.0893556401133537,0.0531429238617420,0.0000000000000000,1.0000000000000000,-0.0000000437113883,0.0000000205101820,0.0893556401133537,0.0000000435365344,0.9959998130798340,0.0394112393260002,0.0000000000000000,0.0000000000000000,0.0000000000000000,1.0000000000000000
M 0.9955442547798157,-0.0000000041217780,-0.0942952856421471,0.0559841357171535,0.0000000000000000,1.0000000000000000,-0.0000000437113883,0.0000000205101820,0.0942952856421471,0.0000000435166214,0.9955442547798157,0.0417113304138184,0.0000000000000000,0.0000000000000000,0.0000000000000000,1.0000000000000000
M 0.9950532913208008,-0.0000000043424135,-0.0993428230285645,0.0588769614696503,0.0000000000000000,1.0000000000000000,-0.0000000437113883,0.0000000205101820,0.0993428230285645,0.0000000434951595,0.9950532913208008,0.0440748073160648,0.0000000000000000,0.0000000000000000,0.0000000000000000,1.0000000000000000
M 0.9945253133773804,-0.0000000045676689,-0.1044960841536522,0.0618194937705994,0.0000000000000000,1.0000000000000000,-0.0000000437113883,0.0000000205101820,0.1044960841536522,0.0000000434720810,0.9945253133773804,0.0465016514062881,0.0000000000000000,0.0000000000000000,0.0000000000000000,1.0000000000000000
M 0.9939588904380798,-0.0000000047974535,-0.1097529232501984,0.0648097619414330,0.0000000000000000,1.0000000000000000,-0.0000000437113883,0.0000000205101820,0.1097529232501984,0.0000000434473222,0.9939588904380798,0.0489916913211346,0.0000000000000000,0.0000000000000000,0.0000000000000000,1.0000000000000000
M 0.9933525919914246,-0.0000000050316702,-0.1151111796498299,0.0678459927439690,0.0000000000000000,1.0000000000000000,-0.0000000437113883,0.0000000205101820,0.1151111796498299,0.0000000434208225,0.9933525919914246,0.0515447333455086,0.0000000000000000,0.0000000000000000,0.0000000000000000,1.0000000000000000
M 0.9927049875259399,-0.0000000052702216,-0.1205686181783676,0.0709261521697044,0.0000000000000000,1.0000000000000000,-0.0000000437113883,0.0000000205101820,0.1205686181783676,0.0000000433925145,0.9927049875259399,0.0541606172919273,0.0000000000000000,0.0000000000000000,0.0000000000000000,1.0000000000000000
M 0.9920145869255066,-0.0000000055130136,-0.1261230707168579,0.0740483552217484,0.0000000000000000,1.0000000000000000,-0.0000000437113883,0.0000000205101820,0.1261230707168579,0.0000000433623342,0.9920145869255066,0.0568392165005207,0.0000000000000000,0.0000000000000000,0.0000000000000000,1.0000000000000000
M 0.9912800192832947,-0.0000000057599485,-0.1317722648382187,0.0772106498479843,0.0000000000000000,1.0000000000000000,-0.0000000437113883,0.0000000205101820,0.1317722648382187,0.0000000433302247,0.9912800192832947,0.0595802925527096,0.0000000000000000,0.0000000000000000,0.0000000000000000,1.0000000000000000
M 0.9904998540878296,-0.0000000060109286,-0.1375139951705933,0.0804112106561661,0.0000000000000000,1.0000000000000000,-0.0000000437113883,0.0000000205101820,0.1375139951705933,0.0000000432961222,0.9904998540878296,0.0623836442828178,0.0000000000000000,0.0000000000000000,0.0000000000000000,1.0000000000000000
M 0.9896726608276367,-0.0000000062658523,-0.1433459669351578,0.0836479440331459,0.0000000000000000,1.0000000000000000,-0.0000000437113883,0.0000000205101820,0.1433459669351578,0.0000000432599663,0.9896726608276367,0.0652490258216858,0.0000000000000000,0.0000000000000000,0.0000000000000000,1.0000000000000000
M 0.9887970685958862,-0.0000000065246195,-0.1492659002542496,0.0869189575314522,0.0000000000000000,1.0000000000000000,-0.0000000437113883,0.0000000205101820,0.1492659002542496,0.0000000432216929,0.9887970685958862,0.0681762546300888,0.0000000000000000,0.0000000000000000,0.0000000000000000,1.0000000000000000
M 0.9878718256950378,-0.0000000067871335,-0.1552715152502060,0.0902223959565163,0.0000000000000000,1.0000000000000000,-0.0000000437113883,0.0000000205101820,0.1552715152502060,0.0000000431812488,0.9878718256950378,0.0711649730801582,0.0000000000000000,0.0000000000000000,0.0000000000000000,1.0000000000000000
M 0.9868955612182617,-0.0000000070532908,-0.1613604873418808,0.0935563594102859,0.0000000000000000,1.0000000000000000,-0.0000000437113883,0.0000000205101820,0.1613604873418808,0.0000000431385736,0.9868955612182617,0.0742149353027344,0.0000000000000000,0.0000000000000000,0.0000000000000000,1.0000000000000000
M 0.9858669042587280,-0.0000000073229920,-0.1675305068492889,0.0969187840819359,0.0000000000000000,1.0000000000000000,-0.0000000437113883,0.0000000205101820,0.1675305068492889,0.0000000430936105,0.9858669042587280,0.0773259475827217,0.0000000000000000,0.0000000000000000,0.0000000000000000,1.0000000000000000
M 0.9847846627235413,-0.0000000075961291,-0.1737791597843170,0.1003078073263168,0.0000000000000000,1.0000000000000000,-0.0000000437113883,0.0000000205101820,0.1737791597843170,0.0000000430463061,0.9847846627235413,0.0804975330829620,0.0000000000000000,0.0000000000000000,0.0000000000000000,1.0000000000000000
M 0.9836475253105164,-0.0000000078726030,-0.1801041662693024,0.1037215590476990,0.0000000000000000,1.0000000000000000,-0.0000000437113883,0.0000000205101820,0.1801041662693024,0.0000000429966001,0.9836475253105164,0.0837294533848763,0.0000000000000000,0.0000000000000000,0.0000000000000000,1.0000000000000000
M 0.9824543595314026,-0.0000000081523099,-0.1865031123161316,0.1071580275893211,0.0000000000000000,1.0000000000000000,-0.0000000437113883,0.0000000205101820,0.1865031123161316,0.0000000429444427,0.9824543595314026,0.0870212987065315,0.0000000000000000,0.0000000000000000,0.0000000000000000,1.0000000000000000
M 0.9812039732933044,-0.0000000084351433,-0.1929735839366913,0.1106153875589371,0.0000000000000000,1.0000000000000000,-0.0000000437113883,0.0000000205101820,0.1929735839366913,0.0000000428897877,0.9812039732933044,0.0903726592659950,0.0000000000000000,0.0000000000000000,0.0000000000000000,1.0000000000000000
M 0.9798951148986816,-0.0000000087209990,-0.1995132118463516,0.1140916645526886,0.0000000000000000,1.0000000000000000,-0.0000000437113883,0.0000000205101820,0.1995132118463516,0.0000000428325748,0.9798951148986816,0.0937831401824951,0.0000000000000000,0.0000000000000000,0.0000000000000000,1.0000000000000000
M 0.9785268306732178,-0.0000000090097716,-0.2061195522546768,0.1175850555300713,0.0000000000000000,1.0000000000000000,-0.0000000437113883,0.0000000205101820,0.2061195522546768,0.0000000427727649,0.9785268306732178,0.0972523093223572,0.0000000000000000,0.0000000000000000,0.0000000000000000,1.0000000000000000
M 0.9770979285240173,-0.0000000093013517,-0.2127901315689087,0.1210935562849045,0.0000000000000000,1.0000000000000000,-0.0000000437113883,0.0000000205101820,0.2127901315689087,0.0000000427103153,0.9770979285240173,0.1007797420024872,0.0000000000000000,0.0000000000000000,0.0000000000000000,1.0000000000000000
M 0.9756073951721191,-0.0000000095956390,-0.2195225805044174,0.1246153786778450,0.0000000000000000,1.0000000000000000,-0.0000000437113883,0.0000000205101820,0.2195225805044174,0.0000000426451550,0.9756073951721191,0.1043649092316628,0.0000000000000000,0.0000000000000000,0.0000000000000000,1.0000000000000000
M 0.9740542769432068,-0.0000000098925170,-0.2263144105672836,0.1281486451625824,0.0000000000000000,1.0000000000000000,-0.0000000437113883,0.0000000205101820,0.2263144105672836,0.0000000425772662,0.9740542769432068,0.1080073192715645,0.0000000000000000,0.0000000000000000,0.0000000000000000,1.0000000000000000
M 0.9724376797676086,-0.0000000101918811,-0.2331630587577820,0.1316914111375809,0.0000000000000000,1.0000000000000000,-0.0000000437113883,0.0000000205101820,0.2331630587577820,0.0000000425066098,0.9724376797676086,0.1117063760757446,0.0000000000000000,0.0000000000000000,0.0000000000000000,1.0000000000000000
M 0.9707565307617188,-0.0000000104936273,-0.2400662004947662,0.1352420151233673,0.0000000000000000,1.0000000000000000,-0.0000000437113883,0.0000000205101820,0.2400662004947662,0.0000000424331148,0.9707565307617188,0.1154615804553032,0.0000000000000000,0.0000000000000000,0.0000000000000000,1.0000000000000000
M 0.9690100550651550,-0.0000000107976401,-0.2470212131738663,0.1387983858585358,0.0000000000000000,1.0000000000000000,-0.0000000437113883,0.0000000205101820,0.2470212131738663,0.0000000423567741,0.9690100550651550,0.1192723140120506,0.0000000000000000,0.0000000000000000,0.0000000000000000,1.0000000000000000
M 0.9671974778175354,-0.0000000111038103,-0.2540255784988403,0.1423588842153549,0.0000000000000000,1.0000000000000000,-0.0000000437113883,0.0000000205101820,0.2540255784988403,0.0000000422775450,0.9671974778175354,0.1231378316879272,0.0000000000000000,0.0000000000000000,0.0000000000000000,1.0000000000000000
M 0.9653180241584778,-0.0000000114120349,-0.2610769271850586,0.1459217071533203,0.0000000000000000,1.0000000000000000,-0.0000000437113883,0.0000000205101820,0.2610769271850586,0.0000000421953992,0.9653180241584778,0.1270576864480972,0.0000000000000000,0.0000000000000000,0.0000000000000000,1.0000000000000000
M 0.9633708596229553,-0.0000000117222010,-0.2681726515293121,0.1494849920272827,0.0000000000000000,1.0000000000000000,-0.0000000437113883,0.0000000205101820,0.2681726515293121,0.0000000421102762,0.9633708596229553,0.1310311257839203,0.0000000000000000,0.0000000000000000,0.0000000000000000,1.0000000000000000
M 0.9613554477691650,-0.0000000120341914,-0.2753101587295532,0.1530469805002213,0.0000000000000000,1.0000000000000000,-0.0000000437113883,0.0000000205101820,0.2753101587295532,0.0000000420221795,0.9613554477691650,0.1350573897361755,0.0000000000000000,0.0000000000000000,0.0000000000000000,1.0000000000000000
M 0.9592711329460144,-0.0000000123479014,-0.2824870049953461,0.1566059887409210,0.0000000000000000,1.0000000000000000,-0.0000000437113883,0.0000000205101820,0.2824870049953461,0.0000000419310737,0.9592711329460144,0.1391357332468033,0.0000000000000000,0.0000000000000000,0.0000000000000000,1.0000000000000000
M 0.9571173191070557,-0.0000000126632180,-0.2897006571292877,0.1601602286100388,0.0000000000000000,1.0000000000000000,-0.0000000437113883,0.0000000205101820,0.2897006571292877,0.0000000418369268,0.9571173191070557,0.1432654559612274,0.0000000000000000,0.0000000000000000,0.0000000000000000,1.0000000000000000
M 0.9548934698104858,-0.0000000129800313,-0.2969484925270081,0.1637079864740372,0.0000000000000000,1.0000000000000000,-0.0000000437113883,0.0000000205101820,0.2969484925270081,0.0000000417397175,0.9548934698104858,0.1474457383155823,0.0000000000000000,0.0000000000000000,0.0000000000000000,1.0000000000000000
M 0.9525992274284363,-0.0000000132982310,-0.3042280673980713,0.1672476679086685,0.0000000000000000,1.0000000000000000,-0.0000000437113883,0.0000000205101820,0.3042280673980713,0.0000000416394421,0.9525992274284363,0.1516757309436798,0.0000000000000000,0.0000000000000000,0.0000000000000000,1.0000000000000000
M 0.9502341151237488,-0.0000000136177061,-0.3115367591381073,0.1707774847745895,0.0000000000000000,1.0000000000000000,-0.0000000437113883,0.0000000205101820,0.3115367591381073,0.0000000415360510,0.9502341151237488,0.1559545844793320,0.0000000000000000,0.0000000000000000,0.0000000000000000,1.0000000000000000
M 0.9477977752685547,-0.0000000139383420,-0.3188720643520355,0.1742958426475525,0.0000000000000000,1.0000000000000000,-0.0000000437113883,0.0000000205101820,0.3188720643520355,0.0000000414295549,0.9477977752685547,0.1602814495563507,0.0000000000000000,0.0000000000000000,0.0000000000000000,1.0000000000000000
M 0.9452899098396301,-0.0000000142600287,-0.3262314200401306,0.1778011769056320,0.0000000000000000,1.0000000000000000,-0.0000000437113883,0.0000000205101820,0.3262314200401306,0.0000000413199359,0.9452899098396301,0.1646554023027420,0.0000000000000000,0.0000000000000000,0.0000000000000000,1.0000000000000000
M 0.9427103400230408,-0.0000000145826577,-0.3336123228073120,0.1812918633222580,0.0000000000000000,1.0000000000000000,-0.0000000437113883,0.0000000205101820,0.3336123228073120,0.0000000412071763,0.9427103400230408,0.1690754592418671,0.0000000000000000,0.0000000000000000,0.0000000000000000,1.0000000000000000
M 0.9400588870048523,-0.0000000149061172,-0.3410121798515320,0.1847662776708603,0.0000000000000000,1.0000000000000000,-0.0000000437113883,0.0000000205101820,0.3410121798515320,0.0000000410912868,0.9400588870048523,0.1735407114028931,0.0000000000000000,0.0000000000000000,0.0000000000000000,1.0000000000000000
M 0.9373353719711304,-0.0000000152302952,-0.3484285175800323,0.1882230043411255,0.0000000000000000,1.0000000000000000,-0.0000000437113883,0.0000000205101820,0.3484285175800323,0.0000000409722318,0.9373353719711304,0.1780501455068588,0.0000000000000000,0.0000000000000000,0.0000000000000000,1.0000000000000000
M 0.9345397949218750,-0.0000000155550790,-0.3558587133884430,0.1916604042053223,0.0000000000000000,1.0000000000000000,-0.0000000437113883,0.0000000205101820,0.3558587133884430,0.0000000408500327,0.9345397949218750,0.1826026588678360,0.0000000000000000,0.0000000000000000,0.0000000000000000,1.0000000000000000
M 0.9316720962524414,-0.0000000158803601,-0.3633002638816833,0.1950770020484924,0.0000000000000000,1.0000000000000000,-0.0000000437113883,0.0000000205101820,0.3633002638816833,0.0000000407246823,0.9316720962524414,0.1871972829103470,0.0000000000000000,0.0000000000000000,0.0000000000000000,1.0000000000000000
M 0.9287323951721191,-0.0000000162060321,-0.3707507550716400,0.1984713971614838,0.0000000000000000,1.0000000000000000,-0.0000000437113883,0.0000000205101820,0.3707507550716400,0.0000000405961806,0.9287323951721191,0.1918329298496246,0.0000000000000000,0.0000000000000000,0.0000000000000000,1.0000000000000000
M 0.9257208108901978,-0.0000000165319793,-0.3782076239585876,0.2018422484397888,0.0000000000000000,1.0000000000000000,-0.0000000437113883,0.0000000205101820,0.3782076239585876,0.0000000404645419,0.9257208108901978,0.1965084671974182,0.0000000000000000,0.0000000000000000,0.0000000000000000,1.0000000000000000
M 0.9226374626159668,-0.0000000168581007,-0.3856683373451233,0.2051879912614822,0.0000000000000000,1.0000000000000000,-0.0000000437113883,0.0000000205101820,0.3856683373451233,0.0000000403297626,0.9226374626159668,0.2012227773666382,0.0000000000000000,0.0000000000000000,0.0000000000000000,1.0000000000000000
M 0.9194827079772949,-0.0000000171842789,-0.3931304514408112,0.2085073739290237,0.0000000000000000,1.0000000000000000,-0.0000000437113883,0.0000000205101820,0.3931304514408112,0.0000000401918641,0.9194827079772949,0.2059746533632278,0.0000000000000000,0.0000000000000000,0.0000000000000000,1.0000000000000000
M 0.9162567257881165,-0.0000000175104109,-0.4005915224552155,0.2117989957332611,0.0000000000000000,1.0000000000000000,-0.0000000437113883,0.0000000205101820,0.4005915224552155,0.0000000400508462,0.9162567257881165,0.2107629626989365,0.0000000000000000,0.0000000000000000,0.0000000000000000,1.0000000000000000
M 0.9129599928855896,-0.0000000178363866,-0.4080490469932556,0.2150616347789764,0.0000000000000000,1.0000000000000000,-0.0000000437113883,0.0000000205101820,0.4080490469932556,0.0000000399067481,0.9129599928855896,0.2155864089727402,0.0000000000000000,0.0000000000000000,0.0000000000000000,1.0000000000000000
M 0.9095929265022278,-0.0000000181621100,-0.4155005514621735,0.2182940393686295,0.0000000000000000,1.0000000000000000,-0.0000000437113883,0.0000000205101820,0.4155005514621735,0.0000000397595699,0.9095929265022278,0.2204438000917435,0.0000000000000000,0.0000000000000000,0.0000000000000000,1.0000000000000000
M 0.9061559438705444,-0.0000000184874587,-0.4229437410831451,0.2214949280023575,0.0000000000000000,1.0000000000000000,-0.0000000437113883,0.0000000205101820,0.4229437410831451,0.0000000396093327,0.9061559438705444,0.2253338843584061,0.0000000000000000,0.0000000000000000,0.0000000000000000,1.0000000000000000
M 0.9026496410369873,-0.0000000188123366,-0.4303761124610901,0.2246631383895874,0.0000000000000000,1.0000000000000000,-0.0000000437113883,0.0000000205101820,0.4303761124610901,0.0000000394560686,0.9026496410369873,0.2302553653717041,0.0000000000000000,0.0000000000000000,0.0000000000000000,1.0000000000000000
M 0.8990746736526489,-0.0000000191366407,-0.4377953112125397,0.2277974784374237,0.0000000000000000,1.0000000000000000,-0.0000000437113883,0.0000000205101820,0.4377953112125397,0.0000000392998096,0.8990746736526489,0.2352068871259689,0.0000000000000000,0.0000000000000000,0.0000000000000000,1.0000000000000000
M 0.8954316377639771,-0.0000000194602663,-0.4451990127563477,0.2308968603610992,0.0000000000000000,1.0000000000000000,-0.0000000437113883,0.0000000205101820,0.4451990127563477,0.0000000391405592,0.8954316377639771,0.2401871681213379,0.0000000000000000,0.0000000000000000,0.0000000000000000,1.0000000000000000
M 0.8917213678359985,-0.0000000197831120,-0.4525848329067230,0.2339602708816528,0.0000000000000000,1.0000000000000000,-0.0000000437113883,0.0000000205101820,0.4525848329067230,0.0000000389783850,0.8917213678359985,0.2451948225498199,0.0000000000000000,0.0000000000000000,0.0000000000000000,1.0000000000000000
M 0.8879445791244507,-0.0000000201050732,-0.4599504768848419,0.2369865477085114,0.0000000000000000,1.0000000000000000,-0.0000000437113883,0.0000000205101820,0.4599504768848419,0.0000000388132904,0.8879445791244507,0.2502284348011017,0.0000000000000000,0.0000000000000000,0.0000000000000000,1.0000000000000000
M 0.8841021656990051,-0.0000000204260573,-0.4672936499118805,0.2399747669696808,0.0000000000000000,1.0000000000000000,-0.0000000437113883,0.0000000205101820,0.4672936499118805,0.0000000386453323,0.8841021656990051,0.2552866935729980,0.0000000000000000,0.0000000000000000,0.0000000000000000,1.0000000000000000
M 0.8801950812339783,-0.0000000207459578,-0.4746121168136597,0.2429239749908447,0.0000000000000000,1.0000000000000000,-0.0000000437113883,0.0000000205101820,0.4746121168136597,0.0000000384745569,0.8801950812339783,0.2603681385517120,0.0000000000000000,0.0000000000000000,0.0000000000000000,1.0000000000000000
M 0.8762242197990417,-0.0000000210646753,-0.4819035828113556,0.2458331584930420,0.0000000000000000,1.0000000000000000,-0.0000000437113883,0.0000000205101820,0.4819035828113556,0.0000000383009784,0.8762242197990417,0.2654712498188019,0.0000000000000000,0.0000000000000000,0.0000000000000000,1.0000000000000000
M 0.8721907734870911,-0.0000000213821263,-0.4891659319400787,0.2487015724182129,0.0000000000000000,1.0000000000000000,-0.0000000437113883,0.0000000205101820,0.4891659319400787,0.0000000381246750,0.8721907734870911,0.2705946564674377,0.0000000000000000,0.0000000000000000,0.0000000000000000,1.0000000000000000
M 0.8680956363677979,-0.0000000216982023,-0.4963969886302948,0.2515282332897186,0.0000000000000000,1.0000000000000000,-0.0000000437113883,0.0000000205101820,0.4963969886302948,0.0000000379456644,0.8680956363677979,0.2757368981838226,0.0000000000000000,0.0000000000000000,0.0000000000000000,1.0000000000000000
M 0.8639401793479919,-0.0000000220128129,-0.5035944581031799,0.2543123662471771,0.0000000000000000,1.0000000000000000,-0.0000000437113883,0.0000000205101820,0.5035944581031799,0.0000000377640248,0.8639401793479919,0.2808963656425476,0.0000000000000000,0.0000000000000000,0.0000000000000000,1.0000000000000000
M 0.8597254157066345,-0.0000000223258692,-0.5107564330101013,0.2570533156394958,0.0000000000000000,1.0000000000000000,-0.0000000437113883,0.0000000205101820,0.5107564330101013,0.0000000375797917,0.8597254157066345,0.2860716879367828,0.0000000000000000,0.0000000000000000,0.0000000000000000,1.0000000000000000
M 0.8554528355598450,-0.0000000226372858,-0.5178807377815247,0.2597503066062927,0.0000000000000000,1.0000000000000000,-0.0000000437113883,0.0000000205101820,0.5178807377815247,0.0000000373930398,0.8554528355598450,0.2912612259387970,0.0000000000000000,0.0000000000000000,0.0000000000000000,1.0000000000000000
M 0.8511236310005188,-0.0000000229469652,-0.5249652862548828,0.2624025940895081,0.0000000000000000,1.0000000000000000,-0.0000000437113883,0.0000000205101820,0.5249652862548828,0.0000000372037938,0.8511236310005188,0.2964634597301483,0.0000000000000000,0.0000000000000000,0.0000000000000000,1.0000000000000000
M 0.8467391729354858,-0.0000000232548185,-0.5320082306861877,0.2650096416473389,0.0000000000000000,1.0000000000000000,-0.0000000437113883,0.0000000205101820,0.5320082306861877,0.0000000370121533,0.8467391729354858,0.3016769289970398,0.0000000000000000,0.0000000000000000,0.0000000000000000,1.0000000000000000
M 0.8423010706901550,-0.0000000235607640,-0.5390073657035828,0.2675707340240479,0.0000000000000000,1.0000000000000000,-0.0000000437113883,0.0000000205101820,0.5390073657035828,0.0000000368181503,0.8423010706901550,0.3068998754024506,0.0000000000000000,0.0000000000000000,0.0000000000000000,1.0000000000000000
M 0.8378106355667114,-0.0000000238647093,-0.5459609031677246,0.2700854539871216,0.0000000000000000,1.0000000000000000,-0.0000000437113883,0.0000000205101820,0.5459609031677246,0.0000000366218735,0.8378106355667114,0.3121308982372284,0.0000000000000000,0.0000000000000000,0.0000000000000000,1.0000000000000000
M 0.8332694172859192,-0.0000000241665887,-0.5528671145439148,0.2725532650947571,0.0000000000000000,1.0000000000000000,-0.0000000437113883,0.0000000205101820,0.5528671145439148,0.0000000364233621,0.8332694172859192,0.3173683583736420,0.0000000000000000,0.0000000000000000,0.0000000000000000,1.0000000000000000
M 0.8286792039871216,-0.0000000244663063,-0.5597238540649414,0.2749736011028290,0.0000000000000000,1.0000000000000000,-0.0000000437113883,0.0000000205101820,0.5597238540649414,0.0000000362227262,0.8286792039871216,0.3226105868816376,0.0000000000000000,0.0000000000000000,0.0000000000000000,1.0000000000000000
M 0.8240414857864380,-0.0000000247637892,-0.5665294528007507,0.2773461639881134,0.0000000000000000,1.0000000000000000,-0.0000000437113883,0.0000000205101820,0.5665294528007507,0.0000000360199977,0.8240414857864380,0.3278560340404510,0.0000000000000000,0.0000000000000000,0.0000000000000000,1.0000000000000000
M 0.8193579316139221,-0.0000000250589682,-0.5732823014259338,0.2796704769134521,0.0000000000000000,1.0000000000000000,-0.0000000437113883,0.0000000205101820,0.5732823014259338,0.0000000358152725,0.8193579316139221,0.3331031203269958,0.0000000000000000,0.0000000000000000,0.0000000000000000,1.0000000000000000
M 0.8146304488182068,-0.0000000253517403,-0.5799803137779236,0.2819462418556213,0.0000000000000000,1.0000000000000000,-0.0000000437113883,0.0000000205101820,0.5799803137779236,0.0000000356086289,0.8146304488182068,0.3383500874042511,0.0000000000000000,0.0000000000000000,0.0000000000000000,1.0000000000000000
M 0.8098607659339905,-0.0000000256420680,-0.5866221189498901,0.2841732203960419,0.0000000000000000,1.0000000000000000,-0.0000000437113883,0.0000000205101820,0.5866221189498901,0.0000000354001379,0.8098607659339905,0.3435954153537750,0.0000000000000000,0.0000000000000000,0.0000000000000000,1.0000000000000000
M 0.8050507903099060,-0.0000000259298574,-0.5932059288024902,0.2863510847091675,0.0000000000000000,1.0000000000000000,-0.0000000437113883,0.0000000205101820,0.5932059288024902,0.0000000351898954,0.8050507903099060,0.3488373458385468,0.0000000000000000,0.0000000000000000,0.0000000000000000,1.0000000000000000
M 0.8002023100852966,-0.0000000262150373,-0.5997301340103149,0.2884795963764191,0.0000000000000000,1.0000000000000000,-0.0000000437113883,0.0000000205101820,0.5997301340103149,0.0000000349779548,0.8002023100852966,0.3540743291378021,0.0000000000000000,0.0000000000000000,0.0000000000000000,1.0000000000000000
M 0.7953173518180847,-0.0000000264975490,-0.6061932444572449,0.2905586957931519,0.0000000000000000,1.0000000000000000,-0.0000000437113883,0.0000000205101820,0.6061932444572449,0.0000000347644260,0.7953173518180847,0.3593046963214874,0.0000000000000000,0.0000000000000000,0.0000000000000000,1.0000000000000000
M 0.7903977036476135,-0.0000000267773341,-0.6125940084457397,0.2925882041454315,0.0000000000000000,1.0000000000000000,-0.0000000437113883,0.0000000205101820,0.6125940084457397,0.0000000345493802,0.7903977036476135,0.3645269274711609,0.0000000000000000,0.0000000000000000,0.0000000000000000,1.0000000000000000
M 0.7854458093643188,-0.0000000270543072,-0.6189303994178772,0.2945680022239685,0.0000000000000000,1.0000000000000000,-0.0000000437113883,0.0000000205101820,0.6189303994178772,0.0000000343329276,0.7854458093643188,0.3697389662265778,0.0000000000000000,0.0000000000000000,0.0000000000000000,1.0000000000000000
M 0.7804632782936096,-0.0000000273284293,-0.6252015829086304,0.2964980900287628,0.0000000000000000,1.0000000000000000,-0.0000000437113883,0.0000000205101820,0.6252015829086304,0.0000000341151321,0.7804632782936096,0.3749396204948425,0.0000000000000000,0.0000000000000000,0.0000000000000000,1.0000000000000000
M 0.7754524946212769,-0.0000000275996275,-0.6314058899879456,0.2983784973621368,0.0000000000000000,1.0000000000000000,-0.0000000437113883,0.0000000205101820,0.6314058899879456,0.0000000338961037,0.7754524946212769,0.3801269829273224,0.0000000000000000,0.0000000000000000,0.0000000000000000,1.0000000000000000
M 0.7704156637191772,-0.0000000278678431,-0.6375419497489929,0.3002091944217682,0.0000000000000000,1.0000000000000000,-0.0000000437113883,0.0000000205101820,0.6375419497489929,0.0000000336759420,0.7704156637191772,0.3852992951869965,0.0000000000000000,0.0000000000000000,0.0000000000000000,1.0000000000000000
M 0.7653546929359436,-0.0000000281330319,-0.6436087489128113,0.3019902408123016,0.0000000000000000,1.0000000000000000,-0.0000000437113883,0.0000000205101820,0.6436087489128113,0.0000000334547181,0.7653546929359436,0.3904551565647125,0.0000000000000000,0.0000000000000000,0.0000000000000000,1.0000000000000000
M 0.7602719068527222,-0.0000000283951351,-0.6496049761772156,0.3037218749523163,0.0000000000000000,1.0000000000000000,-0.0000000437113883,0.0000000205101820,0.6496049761772156,0.0000000332325421,0.7602719068527222,0.3955928385257721,0.0000000000000000,0.0000000000000000,0.0000000000000000,1.0000000000000000
M 0.7551696300506592,-0.0000000286540995,-0.6555293798446655,0.3054041564464569,0.0000000000000000,1.0000000000000000,-0.0000000437113883,0.0000000205101820,0.6555293798446655,0.0000000330095133,0.7551696300506592,0.4007105827331543,0.0000000000000000,0.0000000000000000,0.0000000000000000,1.0000000000000000
M 0.7500502467155457,-0.0000000289098736,-0.6613808274269104,0.3070373237133026,0.0000000000000000,1.0000000000000000,-0.0000000437113883,0.0000000205101820,0.6613808274269104,0.0000000327857386,0.7500502467155457,0.4058066904544830,0.0000000000000000,0.0000000000000000,0.0000000000000000,1.0000000000000000
M 0.7449157834053040,-0.0000000291624289,-0.6671585440635681,0.3086217045783997,0.0000000000000000,1.0000000000000000,-0.0000000437113883,0.0000000205101820,0.6671585440635681,0.0000000325613065,0.7449157834053040,0.4108798503875732,0.0000000000000000,0.0000000000000000,0.0000000000000000,1.0000000000000000
M 0.7397688031196594,-0.0000000294116997,-0.6728611588478088,0.3101573586463928,0.0000000000000000,1.0000000000000000,-0.0000000437113883,0.0000000205101820,0.6728611588478088,0.0000000323363238,0.7397688031196594,0.4159280657768250,0.0000000000000000,0.0000000000000000,0.0000000000000000,1.0000000000000000
M 0.7346117496490479,-0.0000000296576363,-0.6784877181053162,0.3116447329521179,0.0000000000000000,1.0000000000000000,-0.0000000437113883,0.0000000205101820,0.6784877181053162,0.0000000321109042,0.7346117496490479,0.4209497272968292,0.0000000000000000,0.0000000000000000,0.0000000000000000,1.0000000000000000
M 0.7294467091560364,-0.0000000299002352,-0.6840376257896423,0.3130841851234436,0.0000000000000000,1.0000000000000000,-0.0000000437113883,0.0000000205101820,0.6840376257896423,0.0000000318851292,0.7294467091560364,0.4259434640407562,0.0000000000000000,0.0000000000000000,0.0000000000000000,1.0000000000000000
M 0.7242764830589294,-0.0000000301394287,-0.6895096898078918,0.3144761323928833,0.0000000000000000,1.0000000000000000,-0.0000000437113883,0.0000000205101820,0.6895096898078918,0.0000000316591340,0.7242764830589294,0.4309073686599731,0.0000000000000000,0.0000000000000000,0.0000000000000000,1.0000000000000000
M 0.7191032767295837,-0.0000000303751833,-0.6949031949043274,0.3158209323883057,0.0000000000000000,1.0000000000000000,-0.0000000437113883,0.0000000205101820,0.6949031949043274,0.0000000314330038,0.7191032767295837,0.4358400106430054,0.0000000000000000,0.0000000000000000,0.0000000000000000,1.0000000000000000
M 0.7139296531677246,-0.0000000306074774,-0.7002174258232117,0.3171190023422241,0.0000000000000000,1.0000000000000000,-0.0000000437113883,0.0000000205101820,0.7002174258232117,0.0000000312068558,0.7139296531677246,0.4407397210597992,0.0000000000000000,0.0000000000000000,0.0000000000000000,1.0000000000000000
M 0.7087581753730774,-0.0000000308362686,-0.7054515480995178,0.3183709084987640,0.0000000000000000,1.0000000000000000,-0.0000000437113883,0.0000000205101820,0.7054515480995178,0.0000000309808073,0.7087581753730774,0.4456048607826233,0.0000000000000000,0.0000000000000000,0.0000000000000000,1.0000000000000000
