O DOOR_51_LCG_il_LINVERT_INTERIOR
A DOOR_51_LCG_il_LINVERT_INTERIOR_DOOR_51_LCG_il_LINVERT_INTERIOR
M 0.9999999403953552,0.0000000000000207,0.0000000018626305,-0.0000003098527088,-0.0000000000000124,1.0000000000000000,-0.0000000437113847,0.0000000409415932,-0.0000000018626598,0.0000000437113812,0.9999999403953552,-0.0000001788849318,0.0000000000000000,0.0000000000000000,0.0000000000000000,1.0000000000000000
M 0.9999502301216125,0.0000000022580791,0.0099671725183725,0.0129712279886007,-0.0000000018131336,1.0000000000000000,-0.0000000446483917,0.0000000356888847,-0.0099671725183725,0.0000000446275550,0.9999502301216125,-0.0342312268912792,0.0000000000000000,0.0000000000000000,0.0000000000000000,1.0000000000000000
M 0.9997974038124084,0.0000000045585011,0.0201210211962461,0.0259593706578016,-0.0000000036412882,1.0000000000000000,-0.0000000456213485,0.0000000899603450,-0.0201210211962461,0.0000000455382576,0.9997974038124084,-0.0690115615725517,0.0000000000000000,0.0000000000000000,0.0000000000000000,1.0000000000000000
M 0.9995357990264893,0.0000000069016961,0.0304638016968966,0.0389536470174789,-0.0000000054836669,1.0000000000000000,-0.0000000466314596,0.0000000249421390,-0.0304638016968966,0.0000000464424659,0.9995357990264893,-0.1043541207909584,0.0000000000000000,0.0000000000000000,0.0000000000000000,1.0000000000000000
M 0.9991590976715088,0.0000000092880477,0.0409973114728928,0.0519429668784142,-0.0000000073394695,1.0000000000000000,-0.0000000476802811,-0.0000000401566282,-0.0409973151981831,0.0000000473387267,0.9991590976715088,-0.1402707695960999,0.0000000000000000,0.0000000000000000,0.0000000000000000,1.0000000000000000
M 0.9986942410469055,0.0000000115637224,0.0510843209922314,0.0647444278001785,-0.0000000090876542,1.0000000000000000,-0.0000000487028018,-0.0000000453774831,-0.0510843247175217,0.0000000481747371,0.9986942410469055,-0.1751724481582642,0.0000000000000000,0.0000000000000000,0.0000000000000000,1.0000000000000000
M 0.9987229108810425,0.0000000114091216,0.0505211614072323,0.0723015591502190,-0.0000000089629655,1.0000000000000000,-0.0000000486449672,-0.0000000450249473,-0.0505211651325226,0.0000000481296034,0.9987229108810425,-0.1821540594100952,0.0000000000000000,0.0000000000000000,0.0000000000000000,1.0000000000000000
M 0.9989007711410522,0.0000000104826734,0.0468734242022038,0.0779356285929680,-0.0000000082290281,1.0000000000000000,-0.0000000482723941,-0.0000000429075016,-0.0468734242022038,0.0000000478330726,0.9989007711410522,-0.1805120557546616,0.0000000000000000,0.0000000000000000,0.0000000000000000,1.0000000000000000
M 0.9990641474723816,0.0000000095627719,0.0432513020932674,0.0835713297128677,-0.0000000074978486,1.0000000000000000,-0.0000000479049334,-0.0000000408029166,-0.0432513058185577,0.0000000475355790,0.9990641474723816,-0.1789456009864807,0.0000000000000000,0.0000000000000000,0.0000000000000000,1.0000000000000000
M 0.9992133378982544,0.0000000086494509,0.0396550670266151,0.0892090350389481,-0.0000000067694659,1.0000000000000000,-0.0000000475429722,-0.0000000387117538,-0.0396550670266151,0.0000000472367887,0.9992133378982544,-0.1774555444717407,0.0000000000000000,0.0000000000000000,0.0000000000000000,1.0000000000000000
M 0.9993487000465393,0.0000000077426554,0.0360843949019909,0.0948499739170074,-0.0000000060439125,1.0000000000000000,-0.0000000471861199,-0.0000000366335442,-0.0360843949019909,0.0000000469370676,0.9993487000465393,-0.1760401129722595,0.0000000000000000,0.0000000000000000,0.0000000000000000,1.0000000000000000
M 0.9994704127311707,0.0000000068422445,0.0325390249490738,0.1004938110709190,-0.0000000053211053,1.0000000000000000,-0.0000000468344652,0.0000000846410160,-0.0325390249490738,0.0000000466362700,0.9994704127311707,-0.1746987700462341,0.0000000000000000,0.0000000000000000,0.0000000000000000,1.0000000000000000
M 0.9995788335800171,0.0000000059483276,0.0290190465748310,0.1061418652534485,-0.0000000046012261,1.0000000000000000,-0.0000000464878660,0.0000000866931629,-0.0290190465748310,0.0000000463345735,0.9995788335800171,-0.1734313517808914,0.0000000000000000,0.0000000000000000,0.0000000000000000,1.0000000000000000
M 0.9996741414070129,0.0000000050608815,0.0255241263657808,0.1117932125926018,-0.0000000038843058,1.0000000000000000,-0.0000000461464360,0.0000000887319729,-0.0255241263657808,0.0000000460318184,0.9996741414070129,-0.1722365766763687,0.0000000000000000,0.0000000000000000,0.0000000000000000,1.0000000000000000
M 0.9997566938400269,0.0000000041797268,0.0220541991293430,0.1174492016434669,-0.0000000031701926,1.0000000000000000,-0.0000000458097915,0.0000000311535828,-0.0220541991293430,0.0000000457283740,0.9997566938400269,-0.1711141765117645,0.0000000000000000,0.0000000000000000,0.0000000000000000,1.0000000000000000
M 0.9998952150344849,0.0000000028824572,0.0144685059785843,0.1194375604391098,-0.0000000022304536,1.0000000000000000,-0.0000000450795028,0.0000000341971216,-0.0144685059785843,0.0000000450419080,0.9998952150344849,-0.1557323187589645,0.0000000000000000,0.0000000000000000,0.0000000000000000,1.0000000000000000
M 0.9999824166297913,0.0000000014911423,0.0059126261621714,0.1204478144645691,-0.0000000012294515,1.0000000000000000,-0.0000000442637003,0.0000000374888529,-0.0059126261621714,0.0000000442550920,0.9999824166297913,-0.1369836777448654,0.0000000000000000,0.0000000000000000,0.0000000000000000,1.0000000000000000
M 0.9999979734420776,0.0000000008680342,0.0019952170550823,0.1273866146802902,-0.0000000007804589,1.0000000000000000,-0.0000000438926762,0.0000000389720256,-0.0019952170550823,0.0000000438909922,0.9999979734420776,-0.1286207437515259,0.0000000000000000,0.0000000000000000,0.0000000000000000,1.0000000000000000
M 0.9999984502792358,0.0000000008435800,0.0016915574669838,0.1390347480773926,-0.0000000007693769,1.0000000000000000,-0.0000000438640448,0.0000000390342052,-0.0016915574669838,0.0000000438620091,0.9999984502792358,-0.1282954812049866,0.0000000000000000,0.0000000000000000,0.0000000000000000,1.0000000000000000
M 0.9999989271163940,0.0000000008190717,0.0013879202306271,0.1506836414337158,-0.0000000007582178,1.0000000000000000,-0.0000000438351755,0.0000000390968466,-0.0013879202306271,0.0000000438332783,0.9999989271163940,-0.1279702633619308,0.0000000000000000,0.0000000000000000,0.0000000000000000,1.0000000000000000
M 0.9999995231628418,0.0000000007861382,0.0008927956223488,0.1620845794677734,-0.0000000007470297,1.0000000000000000,-0.0000000437875052,0.0000000391842292,-0.0008927956223488,0.0000000437868266,0.9999995231628418,-0.1269815266132355,0.0000000000000000,0.0000000000000000,0.0000000000000000,1.0000000000000000
M 0.9999998807907104,0.0000000007492844,0.0003089997917414,0.1733702421188354,-0.0000000007357749,1.0000000000000000,-0.0000000437320544,0.0000000392819928,-0.0003089997917414,0.0000000437312515,0.9999998807907104,-0.1256859302520752,0.0000000000000000,0.0000000000000000,0.0000000000000000,1.0000000000000000
M 0.9999999403953552,0.0000000007299165,0.0000951252877712,0.1851406395435333,-0.0000000007257465,1.0000000000000000,-0.0000000437114380,0.0000000393312973,-0.0000951252877712,0.0000000437113314,0.9999999403953552,-0.1252109706401825,0.0000000000000000,0.0000000000000000,0.0000000000000000,1.0000000000000000
M 0.9999999403953552,0.0000000007204932,0.0000938959419727,0.1971902996301651,-0.0000000007163673,1.0000000000000000,-0.0000000437116690,0.0000000393518178,-0.0000938959419727,0.0000000437110970,0.9999999403953552,-0.1252083927392960,0.0000000000000000,0.0000000000000000,0.0000000000000000,1.0000000000000000
M 0.9999999403953552,0.0000000007110990,0.0000926721841097,0.2092397361993790,-0.0000000007070337,1.0000000000000000,-0.0000000437114487,0.0000000393727859,-0.0000926721841097,0.0000000437113101,0.9999999403953552,-0.1252058446407318,0.0000000000000000,0.0000000000000000,0.0000000000000000,1.0000000000000000
M 0.9999999403953552,0.0000000007017193,0.0000914502888918,0.2212889343500137,-0.0000000006977113,1.0000000000000000,-0.0000000437116832,0.0000000393931643,-0.0000914502888918,0.0000000437110756,0.9999999403953552,-0.1252031773328781,0.0000000000000000,0.0000000000000000,0.0000000000000000,1.0000000000000000
M 0.9999999403953552,0.0000000006923250,0.0000902265310287,0.2333388477563858,-0.0000000006883776,1.0000000000000000,-0.0000000437114593,0.0000000394141964,-0.0000902265310287,0.0000000437113066,0.9999999403953552,-0.1252002567052841,0.0000000000000000,0.0000000000000000,0.0000000000000000,1.0000000000000000
M 0.9999999403953552,0.0000000006829308,0.0000890027731657,0.2453880310058594,-0.0000000006790410,1.0000000000000000,-0.0000000437116938,0.0000000394346031,-0.0000890027731657,0.0000000437110721,0.9999999403953552,-0.1251975893974304,0.0000000000000000,0.0000000000000000,0.0000000000000000,1.0000000000000000
M 0.9999999403953552,0.0000000006735509,0.0000877790153027,0.2574377059936523,-0.0000000006697074,1.0000000000000000,-0.0000000437114736,0.0000000394555997,-0.0000877790153027,0.0000000437112888,0.9999999403953552,-0.1251949220895767,0.0000000000000000,0.0000000000000000,0.0000000000000000,1.0000000000000000
M 0.9999998807907104,0.0000000006641567,0.0000865552574396,0.2694866657257080,-0.0000000006603709,1.0000000000000000,-0.0000000437117045,0.0000000394759780,-0.0000865552574396,0.0000000437110543,0.9999998807907104,-0.1251922398805618,0.0000000000000000,0.0000000000000000,0.0000000000000000,1.0000000000000000
M 0.9999999403953552,0.0000000006547479,0.0000853277742863,0.2815368175506592,-0.0000000006510088,1.0000000000000000,-0.0000000437114842,0.0000000394970385,-0.0000853277742863,0.0000000437112746,0.9999999403953552,-0.1251894533634186,0.0000000000000000,0.0000000000000000,0.0000000000000000,1.0000000000000000
M 0.9999998807907104,0.0000000006453971,0.0000841114670038,0.2935857772827148,-0.0000000006417291,1.0000000000000000,-0.0000000437117151,0.0000000395173601,-0.0000841114670038,0.0000000437110437,0.9999998807907104,-0.1251867860555649,0.0000000000000000,0.0000000000000000,0.0000000000000000,1.0000000000000000
M 0.9999999403953552,0.0000000006360171,0.0000828877091408,0.3056352138519287,-0.0000000006323811,1.0000000000000000,-0.0000000437114949,0.0000000395383850,-0.0000828877091408,0.0000000437112710,0.9999999403953552,-0.1251839846372604,0.0000000000000000,0.0000000000000000,0.0000000000000000,1.0000000000000000
M 0.9999998807907104,0.0000000006266517,0.0000816676765680,0.3176846504211426,-0.0000000006230730,1.0000000000000000,-0.0000000437117293,0.0000000395587065,-0.0000816676765680,0.0000000437110401,0.9999998807907104,-0.1251814514398575,0.0000000000000000,0.0000000000000000,0.0000000000000000,1.0000000000000000
M 0.9999999403953552,0.0000000006172574,0.0000804420560598,0.3297343254089355,-0.0000000006137252,1.0000000000000000,-0.0000000437115055,0.0000000395797386,-0.0000804420560598,0.0000000437112533,0.9999999403953552,-0.1251786500215530,0.0000000000000000,0.0000000000000000,0.0000000000000000,1.0000000000000000
M 0.9999998807907104,0.0000000006078920,0.0000792220234871,0.3417840003967285,-0.0000000006044171,1.0000000000000000,-0.0000000437117400,0.0000000396000885,-0.0000792220234871,0.0000000437110188,0.9999998807907104,-0.1251759827136993,0.0000000000000000,0.0000000000000000,0.0000000000000000,1.0000000000000000
M 0.9999999403953552,0.0000000005984689,0.0000779945403337,0.3538331687450409,-0.0000000005950550,1.0000000000000000,-0.0000000437115162,0.0000000396211775,-0.0000779945403337,0.0000000437112462,0.9999999403953552,-0.1251731812953949,0.0000000000000000,0.0000000000000000,0.0000000000000000,1.0000000000000000
M 0.9999998807907104,0.0000000005891035,0.0000767745077610,0.3658828437328339,-0.0000000005857469,1.0000000000000000,-0.0000000437117507,0.0000000396415274,-0.0000767745077610,0.0000000437110153,0.9999998807907104,-0.1251705139875412,0.0000000000000000,0.0000000000000000,0.0000000000000000,1.0000000000000000
M 0.9999999403953552,0.0000000005797092,0.0000755488872528,0.3779322803020477,-0.0000000005763989,1.0000000000000000,-0.0000000437115304,0.0000000396625524,-0.0000755488872528,0.0000000437112355,0.9999999403953552,-0.1251678466796875,0.0000000000000000,0.0000000000000000,0.0000000000000000,1.0000000000000000
M 0.9999998807907104,0.0000000005703295,0.0000743269920349,0.3899814784526825,-0.0000000005670766,1.0000000000000000,-0.0000000437117613,0.0000000396829023,-0.0000743269920349,0.0000000437110046,0.9999998807907104,-0.1251650601625443,0.0000000000000000,0.0000000000000000,0.0000000000000000,1.0000000000000000
M 0.9999999403953552,0.0000000005609495,0.0000731032341719,0.4020311534404755,-0.0000000005577430,1.0000000000000000,-0.0000000437115411,0.0000000397039059,-0.0000731032341719,0.0000000437112178,0.9999999403953552,-0.1251622587442398,0.0000000000000000,0.0000000000000000,0.0000000000000000,1.0000000000000000
M 0.9999998807907104,0.0000000005515843,0.0000718850642443,0.4140803515911102,-0.0000000005484491,1.0000000000000000,-0.0000000437117720,0.0000000397242559,-0.0000718850642443,0.0000000437109868,0.9999998807907104,-0.1251595914363861,0.0000000000000000,0.0000000000000000,0.0000000000000000,1.0000000000000000
M 0.9999999403953552,0.0000000005422187,0.0000706631690264,0.4261300265789032,-0.0000000005391153,1.0000000000000000,-0.0000000437115517,0.0000000397452240,-0.0000706631690264,0.0000000437112142,0.9999999403953552,-0.1251568049192429,0.0000000000000000,0.0000000000000000,0.0000000000000000,1.0000000000000000
M 0.9999998807907104,0.0000000005328532,0.0000694431364536,0.4381794631481171,-0.0000000005298072,1.0000000000000000,-0.0000000437117826,0.0000000397655739,-0.0000694431364536,0.0000000437109833,0.9999998807907104,-0.1251542568206787,0.0000000000000000,0.0000000000000000,0.0000000000000000,1.0000000000000000
M 0.9999999403953552,0.0000000005234878,0.0000682212412357,0.4502291381359100,-0.0000000005204878,1.0000000000000000,-0.0000000437115695,0.0000000397865492,-0.0000682212412357,0.0000000437111964,0.9999999403953552,-0.1251515895128250,0.0000000000000000,0.0000000000000000,0.0000000000000000,1.0000000000000000
M 0.9999998807907104,0.0000000005141080,0.0000669993460178,0.4622785747051239,-0.0000000005111654,1.0000000000000000,-0.0000000437118004,0.0000000398069275,-0.0000669993460178,0.0000000437109620,0.9999998807907104,-0.1251489222049713,0.0000000000000000,0.0000000000000000,0.0000000000000000,1.0000000000000000
M 0.9999999403953552,0.0000000005047137,0.0000657755881548,0.4743277728557587,-0.0000000005018318,1.0000000000000000,-0.0000000437115801,0.0000000398279241,-0.0000657755881548,0.0000000437111858,0.9999999403953552,-0.1251460164785385,0.0000000000000000,0.0000000000000000,0.0000000000000000,1.0000000000000000
M 0.9999998807907104,0.0000000004953628,0.0000645574182272,0.4863772094249725,-0.0000000004925379,1.0000000000000000,-0.0000000437118146,0.0000000398482456,-0.0000645574182272,0.0000000437109549,0.9999998807907104,-0.1251433491706848,0.0000000000000000,0.0000000000000000,0.0000000000000000,1.0000000000000000
M 0.9999999403953552,0.0000000004859829,0.0000633336603642,0.4984273612499237,-0.0000000004832041,1.0000000000000000,-0.0000000437115908,0.0000000398692492,-0.0000633336603642,0.0000000437111822,0.9999999403953552,-0.1251405626535416,0.0000000000000000,0.0000000000000000,0.0000000000000000,1.0000000000000000
M 0.9999999403953552,0.0000000004765600,0.0000621061772108,0.5104765295982361,-0.0000000004738421,1.0000000000000000,-0.0000000437113705,0.0000000398903026,-0.0000621061772108,0.0000000437113954,0.9999999403953552,-0.1251379996538162,0.0000000000000000,0.0000000000000000,0.0000000000000000,1.0000000000000000
M 0.9999999403953552,0.0000000004672666,0.0000608935952187,0.5225257277488708,-0.0000000004645908,1.0000000000000000,-0.0000000437116014,0.0000000399105105,-0.0000608935952187,0.0000000437111645,0.9999999403953552,-0.1251353472471237,0.0000000000000000,0.0000000000000000,0.0000000000000000,1.0000000000000000
M 0.9999999403953552,0.0000000004578580,0.0000596698373556,0.5345754027366638,-0.0000000004552430,1.0000000000000000,-0.0000000437113812,0.0000000399315709,-0.0000596698373556,0.0000000437113847,0.9999999403953552,-0.1251324415206909,0.0000000000000000,0.0000000000000000,0.0000000000000000,1.0000000000000000
M 0.9999999403953552,0.0000000004485212,0.0000584516674280,0.5466248393058777,-0.0000000004459491,1.0000000000000000,-0.0000000437116121,0.0000000399518925,-0.0000584516674280,0.0000000437111538,0.9999999403953552,-0.1251297742128372,0.0000000000000000,0.0000000000000000,0.0000000000000000,1.0000000000000000
M 0.9999999403953552,0.0000000004391415,0.0000572297722101,0.5586742758750916,-0.0000000004366295,1.0000000000000000,-0.0000000437113918,0.0000000399728322,-0.0000572297722101,0.0000000437113741,0.9999999403953552,-0.1251269876956940,0.0000000000000000,0.0000000000000000,0.0000000000000000,1.0000000000000000
M 0.9999999403953552,0.0000000004297759,0.0000560078769922,0.5707237124443054,-0.0000000004273072,1.0000000000000000,-0.0000000437116228,0.0000000399932105,-0.0000560078769922,0.0000000437111431,0.9999999403953552,-0.1251243203878403,0.0000000000000000,0.0000000000000000,0.0000000000000000,1.0000000000000000
M 0.9999999403953552,0.0000000004203964,0.0000547878444195,0.5827733874320984,-0.0000000004180020,1.0000000000000000,-0.0000000437114025,0.0000000400141857,-0.0000547878444195,0.0000000437113634,0.9999999403953552,-0.1251217722892761,0.0000000000000000,0.0000000000000000,0.0000000000000000,1.0000000000000000
M 0.9999999403953552,0.0000000004110597,0.0000535696744919,0.5948228240013123,-0.0000000004087081,1.0000000000000000,-0.0000000437116334,0.0000000400344788,-0.0000535696744919,0.0000000437111325,0.9999999403953552,-0.1251191049814224,0.0000000000000000,0.0000000000000000,0.0000000000000000,1.0000000000000000
M 0.9999999403953552,0.0000000004016943,0.0000523496419191,0.6068722605705261,-0.0000000003994027,1.0000000000000000,-0.0000000437114096,0.0000000400554185,-0.0000523496419191,0.0000000437113634,0.9999999403953552,-0.1251163333654404,0.0000000000000000,0.0000000000000000,0.0000000000000000,1.0000000000000000
M 0.9999999403953552,0.0000000003923432,0.0000511296093464,0.6189216971397400,-0.0000000003900946,1.0000000000000000,-0.0000000437116441,0.0000000400757401,-0.0000511296093464,0.0000000437111289,0.9999999403953552,-0.1251136660575867,0.0000000000000000,0.0000000000000000,0.0000000000000000,1.0000000000000000
M 0.9999999403953552,0.0000000003829780,0.0000499095767736,0.6309709548950195,-0.0000000003807894,1.0000000000000000,-0.0000000437114203,0.0000000400966869,-0.0000499095767736,0.0000000437113457,0.9999999403953552,-0.1251107603311539,0.0000000000000000,0.0000000000000000,0.0000000000000000,1.0000000000000000
M 0.9999999403953552,0.0000000003736269,0.0000486914068460,0.6430206298828125,-0.0000000003714955,1.0000000000000000,-0.0000000437116547,0.0000000401170368,-0.0000486914068460,0.0000000437111112,0.9999999403953552,-0.1251080930233002,0.0000000000000000,0.0000000000000000,0.0000000000000000,1.0000000000000000
M 0.9999999403953552,0.0000000003642903,0.0000474750995636,0.6550700664520264,-0.0000000003622045,1.0000000000000000,-0.0000000437114309,0.0000000401379197,-0.0000474750995636,0.0000000437113350,0.9999999403953552,-0.1251054406166077,0.0000000000000000,0.0000000000000000,0.0000000000000000,1.0000000000000000
M 0.9999999403953552,0.0000000003549392,0.0000462550669909,0.6671197414398193,-0.0000000003528964,1.0000000000000000,-0.0000000437116654,0.0000000401582696,-0.0000462550669909,0.0000000437111041,0.9999999403953552,-0.1251027733087540,0.0000000000000000,0.0000000000000000,0.0000000000000000,1.0000000000000000
M 0.9999999403953552,0.0000000003455595,0.0000450331717730,0.6791691780090332,-0.0000000003435768,1.0000000000000000,-0.0000000437114416,0.0000000401792448,-0.0000450331717730,0.0000000437113243,0.9999999403953552,-0.1250999867916107,0.0000000000000000,0.0000000000000000,0.0000000000000000,1.0000000000000000
M 0.9999999403953552,0.0000000003361798,0.0000438112765551,0.6912183761596680,-0.0000000003342545,1.0000000000000000,-0.0000000437116761,0.0000000401995948,-0.0000438112765551,0.0000000437110899,0.9999999403953552,-0.1250974386930466,0.0000000000000000,0.0000000000000000,0.0000000000000000,1.0000000000000000
M 0.9999999403953552,0.0000000003268144,0.0000425912439823,0.7032680511474609,-0.0000000003249493,1.0000000000000000,-0.0000000437114522,0.0000000402205629,-0.0000425912439823,0.0000000437113137,0.9999999403953552,-0.1250946521759033,0.0000000000000000,0.0000000000000000,0.0000000000000000,1.0000000000000000
M 0.9999999403953552,0.0000000003174634,0.0000413730740547,0.7153172492980957,-0.0000000003156554,1.0000000000000000,-0.0000000437116867,0.0000000402408844,-0.0000413730740547,0.0000000437110828,0.9999999403953552,-0.1250919848680496,0.0000000000000000,0.0000000000000000,0.0000000000000000,1.0000000000000000
M 0.9999999403953552,0.0000000003081556,0.0000401586294174,0.7273666858673096,-0.0000000003063928,1.0000000000000000,-0.0000000437114593,0.0000000402617175,-0.0000401586294174,0.0000000437113030,0.9999999403953552,-0.1250893324613571,0.0000000000000000,0.0000000000000000,0.0000000000000000,1.0000000000000000
M 0.9999999403953552,0.0000000002987759,0.0000389367341995,0.7394163608551025,-0.0000000002970705,1.0000000000000000,-0.0000000437116938,0.0000000402820959,-0.0000389367341995,0.0000000437110721,0.9999999403953552,-0.1250866651535034,0.0000000000000000,0.0000000000000000,0.0000000000000000,1.0000000000000000
M 0.9999999403953552,0.0000000002894248,0.0000377167016268,0.7514660358428955,-0.0000000002877651,1.0000000000000000,-0.0000000437114736,0.0000000403030072,-0.0000377167016268,0.0000000437112959,0.9999999403953552,-0.1250837743282318,0.0000000000000000,0.0000000000000000,0.0000000000000000,1.0000000000000000
M 0.9999999403953552,0.0000000002800739,0.0000365003943443,0.7635154724121094,-0.0000000002784855,1.0000000000000000,-0.0000000437117045,0.0000000403233287,-0.0000365003943443,0.0000000437110614,0.9999999403953552,-0.1250811070203781,0.0000000000000000,0.0000000000000000,0.0000000000000000,1.0000000000000000
M 0.9999999403953552,0.0000000002707516,0.0000352840870619,0.7755649089813232,-0.0000000002691944,1.0000000000000000,-0.0000000437114807,0.0000000403442186,-0.0000352840870619,0.0000000437112853,0.9999999403953552,-0.1250783354043961,0.0000000000000000,0.0000000000000000,0.0000000000000000,1.0000000000000000
M 0.9999998807907104,0.0000000002613718,0.0000340621918440,0.7876143455505371,-0.0000000002598721,1.0000000000000000,-0.0000000437117151,0.0000000403645970,-0.0000340621918440,0.0000000437110508,0.9999998807907104,-0.1250756531953812,0.0000000000000000,0.0000000000000000,0.0000000000000000,1.0000000000000000
M 0.9999999403953552,0.0000000002520352,0.0000328440219164,0.7996640205383301,-0.0000000002505811,1.0000000000000000,-0.0000000437114913,0.0000000403855083,-0.0000328440219164,0.0000000437112746,0.9999999403953552,-0.1250730007886887,0.0000000000000000,0.0000000000000000,0.0000000000000000,1.0000000000000000
M 0.9999998807907104,0.0000000002427132,0.0000316295772791,0.8117129802703857,-0.0000000002413156,1.0000000000000000,-0.0000000437117222,0.0000000404057445,-0.0000316295772791,0.0000000437110437,0.9999998807907104,-0.1250703483819962,0.0000000000000000,0.0000000000000000,0.0000000000000000,1.0000000000000000
M 0.9999999403953552,0.0000000002333767,0.0000304132699966,0.8237628936767578,-0.0000000002320387,1.0000000000000000,-0.0000000437115020,0.0000000404266345,-0.0000304132699966,0.0000000437112675,0.9999999403953552,-0.1250675767660141,0.0000000000000000,0.0000000000000000,0.0000000000000000,1.0000000000000000
M 0.9999998807907104,0.0000000002240256,0.0000291951000690,0.8358118534088135,-0.0000000002227448,1.0000000000000000,-0.0000000437117329,0.0000000404469560,-0.0000291951000690,0.0000000437110330,0.9999998807907104,-0.1250649094581604,0.0000000000000000,0.0000000000000000,0.0000000000000000,1.0000000000000000
M 0.9999999403953552,0.0000000002146313,0.0000279694795609,0.8478617668151855,-0.0000000002133970,1.0000000000000000,-0.0000000437115091,0.0000000404679810,-0.0000279694795609,0.0000000437112533,0.9999999403953552,-0.1250622272491455,0.0000000000000000,0.0000000000000000,0.0000000000000000,1.0000000000000000
M 0.9999998807907104,0.0000000002053237,0.0000267568975687,0.8599112033843994,-0.0000000002041457,1.0000000000000000,-0.0000000437117436,0.0000000404881888,-0.0000267568975687,0.0000000437110224,0.9999998807907104,-0.1250595897436142,0.0000000000000000,0.0000000000000000,0.0000000000000000,1.0000000000000000
M 0.9999999403953552,0.0000000001959582,0.0000255350023508,0.8719606399536133,-0.0000000001948262,1.0000000000000000,-0.0000000437115197,0.0000000405091640,-0.0000255350023508,0.0000000437112462,0.9999999403953552,-0.1250568032264709,0.0000000000000000,0.0000000000000000,0.0000000000000000,1.0000000000000000
M 0.9999998807907104,0.0000000001866507,0.0000243242830038,0.8840101361274719,-0.0000000001855891,1.0000000000000000,-0.0000000437117507,0.0000000405293719,-0.0000243242830038,0.0000000437110153,0.9999998807907104,-0.1250541508197784,0.0000000000000000,0.0000000000000000,0.0000000000000000,1.0000000000000000
M 0.9999999403953552,0.0000000001772852,0.0000231042504311,0.8960598111152649,-0.0000000001762697,1.0000000000000000,-0.0000000437115304,0.0000000405503471,-0.0000231042504311,0.0000000437112355,0.9999999403953552,-0.1250514835119247,0.0000000000000000,0.0000000000000000,0.0000000000000000,1.0000000000000000
M 0.9999998807907104,0.0000000001679775,0.0000218898057938,0.9081090092658997,-0.0000000001670042,1.0000000000000000,-0.0000000437117613,0.0000000405705833,-0.0000218898057938,0.0000000437110046,0.9999998807907104,-0.1250488311052322,0.0000000000000000,0.0000000000000000,0.0000000000000000,1.0000000000000000
M 0.9999999403953552,0.0000000001586121,0.0000206697732210,0.9201586842536926,-0.0000000001576990,1.0000000000000000,-0.0000000437115375,0.0000000405915230,-0.0000206697732210,0.0000000437112284,0.9999999403953552,-0.1250460445880890,0.0000000000000000,0.0000000000000000,0.0000000000000000,1.0000000000000000
M 0.9999998807907104,0.0000000001492898,0.0000194534659386,0.9322078824043274,-0.0000000001484193,1.0000000000000000,-0.0000000437117720,0.0000000406117877,-0.0000194534659386,0.0000000437109975,0.9999998807907104,-0.1250433921813965,0.0000000000000000,0.0000000000000000,0.0000000000000000,1.0000000000000000
M 0.9999999403953552,0.0000000001399103,0.0000182334333658,0.9442573189735413,-0.0000000001391139,1.0000000000000000,-0.0000000437115482,0.0000000406327629,-0.0000182334333658,0.0000000437112178,0.9999999403953552,-0.1250404864549637,0.0000000000000000,0.0000000000000000,0.0000000000000000,1.0000000000000000
M 0.9999998807907104,0.0000000001306024,0.0000170189887285,0.9563069939613342,-0.0000000001298485,1.0000000000000000,-0.0000000437117791,0.0000000406529992,-0.0000170189887285,0.0000000437109868,0.9999998807907104,-0.1250378340482712,0.0000000000000000,0.0000000000000000,0.0000000000000000,1.0000000000000000
M 0.9999999403953552,0.0000000001212660,0.0000158026814461,0.9683561921119690,-0.0000000001205717,1.0000000000000000,-0.0000000437115553,0.0000000406738820,-0.0000158026814461,0.0000000437112107,0.9999999403953552,-0.1250351816415787,0.0000000000000000,0.0000000000000000,0.0000000000000000,1.0000000000000000
M 0.9999998807907104,0.0000000001119870,0.0000145919620991,0.9804053902626038,-0.0000000001113346,1.0000000000000000,-0.0000000437117862,0.0000000406940615,-0.0000145919620991,0.0000000437109797,0.9999998807907104,-0.1250326484441757,0.0000000000000000,0.0000000000000000,0.0000000000000000,1.0000000000000000
M 0.9999999403953552,0.0000000001026074,0.0000133700668812,0.9924553036689758,-0.0000000001020152,1.0000000000000000,-0.0000000437115659,0.0000000407150367,-0.0000133700668812,0.0000000437111929,0.9999999403953552,-0.1250297427177429,0.0000000000000000,0.0000000000000000,0.0000000000000000,1.0000000000000000
M 0.9999998807907104,0.0000000000932706,0.0000121537595987,1.0045050382614136,-0.0000000000927355,1.0000000000000000,-0.0000000437117968,0.0000000407353298,-0.0000121537595987,0.0000000437109620,0.9999998807907104,-0.1250270903110504,0.0000000000000000,0.0000000000000000,0.0000000000000000,1.0000000000000000
M 0.9999999403953552,0.0000000000839486,0.0000109393149614,1.0165544748306274,-0.0000000000834586,1.0000000000000000,-0.0000000437115730,0.0000000407562126,-0.0000109393149614,0.0000000437111929,0.9999999403953552,-0.1250243037939072,0.0000000000000000,0.0000000000000000,0.0000000000000000,1.0000000000000000
M 0.9999998807907104,0.0000000000746118,0.0000097211450338,1.0286036729812622,-0.0000000000741647,1.0000000000000000,-0.0000000437118075,0.0000000407765057,-0.0000097211450338,0.0000000437109584,0.9999998807907104,-0.1250216513872147,0.0000000000000000,0.0000000000000000,0.0000000000000000,1.0000000000000000
M 0.9999999403953552,0.0000000000653043,0.0000085085630417,1.0406533479690552,-0.0000000000649163,1.0000000000000000,-0.0000000437115837,0.0000000407973104,-0.0000085085630417,0.0000000437111822,0.9999999403953552,-0.1250189989805222,0.0000000000000000,0.0000000000000000,0.0000000000000000,1.0000000000000000
M 0.9999999403953552,0.0000000000559102,0.0000072848051786,1.0527032613754272,-0.0000000000555825,1.0000000000000000,-0.0000000437113599,0.0000000408183070,-0.0000072848051786,0.0000000437114061,0.9999999403953552,-0.1250162124633789,0.0000000000000000,0.0000000000000000,0.0000000000000000,1.0000000000000000
M 0.9999999403953552,0.0000000000466746,0.0000060815364122,1.0647522211074829,-0.0000000000464023,1.0000000000000000,-0.0000000437115908,0.0000000408384011,-0.0000060815364122,0.0000000437111751,0.9999999403953552,-0.1250136941671371,0.0000000000000000,0.0000000000000000,0.0000000000000000,1.0000000000000000
M 0.9999999403953552,0.0000000000372661,0.0000048559159040,1.0768016576766968,-0.0000000000370545,1.0000000000000000,-0.0000000437113705,0.0000000408594332,-0.0000048559159040,0.0000000437113954,0.9999999403953552,-0.1250107884407043,0.0000000000000000,0.0000000000000000,0.0000000000000000,1.0000000000000000
M 0.9999999403953552,0.0000000000280015,0.0000036470592022,1.0888513326644897,-0.0000000000278316,1.0000000000000000,-0.0000000437116014,0.0000000408795842,-0.0000036470592022,0.0000000437111680,0.9999999403953552,-0.1250081509351730,0.0000000000000000,0.0000000000000000,0.0000000000000000,1.0000000000000000
M 0.9999999403953552,0.0000000000186218,0.0000024251639843,1.1009007692337036,-0.0000000000185122,1.0000000000000000,-0.0000000437113776,0.0000000409005523,-0.0000024251639843,0.0000000437113883,0.9999999403953552,-0.1250054836273193,0.0000000000000000,0.0000000000000000,0.0000000000000000,1.0000000000000000
M 0.9999999403953552,0.0000000000093428,0.0000012163072824,1.1129504442214966,-0.0000000000092893,1.0000000000000000,-0.0000000437116086,0.0000000409207317,-0.0000012163072824,0.0000000437111574,0.9999999403953552,-0.1250028312206268,0.0000000000000000,0.0000000000000000,0.0000000000000000,1.0000000000000000
M 0.9999999403953552,0.0000000000000207,0.0000000018626305,1.1249996423721313,-0.0000000000000124,1.0000000000000000,-0.0000000437113847,0.0000000409415932,-0.0000000018626598,0.0000000437113812,0.9999999403953552,-0.1250001788139343,0.0000000000000000,0.0000000000000000,0.0000000000000000,1.0000000000000000
O WIDGET_55_CG_displays_HIDE
A WIDGET_55_CG_displays_HIDE_WIDGET_55_CG_displays_HIDE
M 0.9999999403953552,0.0000000000000207,0.0000000018626305,-0.0000003098527088,-0.0000000000000124,1.0000000000000000,-0.0000000437113847,0.0000000409415932,-0.0000000018626598,0.0000000437113812,0.9999999403953552,-0.0000001788849318,0.0000000000000000,0.0000000000000000,0.0000000000000000,1.0000000000000000
M 0.9999502301216125,0.0000000022580791,0.0099671725183725,0.0129712279886007,-0.0000000018131336,1.0000000000000000,-0.0000000446483917,0.0000000356888847,-0.0099671725183725,0.0000000446275550,0.9999502301216125,-0.0342312268912792,0.0000000000000000,0.0000000000000000,0.0000000000000000,1.0000000000000000
M 0.9997974038124084,0.0000000045585011,0.0201210211962461,0.0259593706578016,-0.0000000036412882,1.0000000000000000,-0.0000000456213485,0.0000000899603450,-0.0201210211962461,0.0000000455382576,0.9997974038124084,-0.0690115615725517,0.0000000000000000,0.0000000000000000,0.0000000000000000,1.0000000000000000
M 0.9995357990264893,0.0000000069016961,0.0304638016968966,0.0389536470174789,-0.0000000054836669,1.0000000000000000,-0.0000000466314596,0.0000000249421390,-0.0304638016968966,0.0000000464424659,0.9995357990264893,-0.1043541207909584,0.0000000000000000,0.0000000000000000,0.0000000000000000,1.0000000000000000
M 0.9991590976715088,0.0000000092880477,0.0409973114728928,0.0519429668784142,-0.0000000073394695,1.0000000000000000,-0.0000000476802811,-0.0000000401566282,-0.0409973151981831,0.0000000473387267,0.9991590976715088,-0.1402707695960999,0.0000000000000000,0.0000000000000000,0.0000000000000000,1.0000000000000000
M 0.9986942410469055,0.0000000115637224,0.0510843209922314,0.0647444278001785,-0.0000000090876542,1.0000000000000000,-0.0000000487028018,-0.0000000453774831,-0.0510843247175217,0.0000000481747371,0.9986942410469055,-0.1751724481582642,0.0000000000000000,0.0000000000000000,0.0000000000000000,1.0000000000000000
M 0.9987229108810425,0.0000000114091216,0.0505211614072323,0.0723015591502190,-0.0000000089629655,1.0000000000000000,-0.0000000486449672,-0.0000000450249473,-0.0505211651325226,0.0000000481296034,0.9987229108810425,-0.1821540594100952,0.0000000000000000,0.0000000000000000,0.0000000000000000,1.0000000000000000
M 0.9989007711410522,0.0000000104826734,0.0468734242022038,0.0779356285929680,-0.0000000082290281,1.0000000000000000,-0.0000000482723941,-0.0000000429075016,-0.0468734242022038,0.0000000478330726,0.9989007711410522,-0.1805120557546616,0.0000000000000000,0.0000000000000000,0.0000000000000000,1.0000000000000000
M 0.9990641474723816,0.0000000095627719,0.0432513020932674,0.0835713297128677,-0.0000000074978486,1.0000000000000000,-0.0000000479049334,-0.0000000408029166,-0.0432513058185577,0.0000000475355790,0.9990641474723816,-0.1789456009864807,0.0000000000000000,0.0000000000000000,0.0000000000000000,1.0000000000000000
M 0.9992133378982544,0.0000000086494509,0.0396550670266151,0.0892090350389481,-0.0000000067694659,1.0000000000000000,-0.0000000475429722,-0.0000000387117538,-0.0396550670266151,0.0000000472367887,0.9992133378982544,-0.1774555444717407,0.0000000000000000,0.0000000000000000,0.0000000000000000,1.0000000000000000
M 0.9993487000465393,0.0000000077426554,0.0360843949019909,0.0948499739170074,-0.0000000060439125,1.0000000000000000,-0.0000000471861199,-0.0000000366335442,-0.0360843949019909,0.0000000469370676,0.9993487000465393,-0.1760401129722595,0.0000000000000000,0.0000000000000000,0.0000000000000000,1.0000000000000000
M 0.9994704127311707,0.0000000068422445,0.0325390249490738,0.1004938110709190,-0.0000000053211053,1.0000000000000000,-0.0000000468344652,0.0000000846410160,-0.0325390249490738,0.0000000466362700,0.9994704127311707,-0.1746987700462341,0.0000000000000000,0.0000000000000000,0.0000000000000000,1.0000000000000000
M 0.9995788335800171,0.0000000059483276,0.0290190465748310,0.1061418652534485,-0.0000000046012261,1.0000000000000000,-0.0000000464878660,0.0000000866931629,-0.0290190465748310,0.0000000463345735,0.9995788335800171,-0.1734313517808914,0.0000000000000000,0.0000000000000000,0.0000000000000000,1.0000000000000000
M 0.9996741414070129,0.0000000050608815,0.0255241263657808,0.1117932125926018,-0.0000000038843058,1.0000000000000000,-0.0000000461464360,0.0000000887319729,-0.0255241263657808,0.0000000460318184,0.9996741414070129,-0.1722365766763687,0.0000000000000000,0.0000000000000000,0.0000000000000000,1.0000000000000000
M 0.9997566938400269,0.0000000041797268,0.0220541991293430,0.1174492016434669,-0.0000000031701926,1.0000000000000000,-0.0000000458097915,0.0000000311535828,-0.0220541991293430,0.0000000457283740,0.9997566938400269,-0.1711141765117645,0.0000000000000000,0.0000000000000000,0.0000000000000000,1.0000000000000000
M 0.9998952150344849,0.0000000028824572,0.0144685059785843,0.1194375604391098,-0.0000000022304536,1.0000000000000000,-0.0000000450795028,0.0000000341971216,-0.0144685059785843,0.0000000450419080,0.9998952150344849,-0.1557323187589645,0.0000000000000000,0.0000000000000000,0.0000000000000000,1.0000000000000000
M 0.9999824166297913,0.0000000014911423,0.0059126261621714,0.1204478144645691,-0.0000000012294515,1.0000000000000000,-0.0000000442637003,0.0000000374888529,-0.0059126261621714,0.0000000442550920,0.9999824166297913,-0.1369836777448654,0.0000000000000000,0.0000000000000000,0.0000000000000000,1.0000000000000000
M 0.9999979734420776,0.0000000008680342,0.0019952170550823,0.1273866146802902,-0.0000000007804589,1.0000000000000000,-0.0000000438926762,0.0000000389720256,-0.0019952170550823,0.0000000438909922,0.9999979734420776,-0.1286207437515259,0.0000000000000000,0.0000000000000000,0.0000000000000000,1.0000000000000000
M 0.9999984502792358,0.0000000008435800,0.0016915574669838,0.1390347480773926,-0.0000000007693769,1.0000000000000000,-0.0000000438640448,0.0000000390342052,-0.0016915574669838,0.0000000438620091,0.9999984502792358,-0.1282954812049866,0.0000000000000000,0.0000000000000000,0.0000000000000000,1.0000000000000000
M 0.9999989271163940,0.0000000008190717,0.0013879202306271,0.1506836414337158,-0.0000000007582178,1.0000000000000000,-0.0000000438351755,0.0000000390968466,-0.0013879202306271,0.0000000438332783,0.9999989271163940,-0.1279702633619308,0.0000000000000000,0.0000000000000000,0.0000000000000000,1.0000000000000000
M 0.9999995231628418,0.0000000007861382,0.0008927956223488,0.1620845794677734,-0.0000000007470297,1.0000000000000000,-0.0000000437875052,0.0000000391842292,-0.0008927956223488,0.0000000437868266,0.9999995231628418,-0.1269815266132355,0.0000000000000000,0.0000000000000000,0.0000000000000000,1.0000000000000000
M 0.9999998807907104,0.0000000007492844,0.0003089997917414,0.1733702421188354,-0.0000000007357749,1.0000000000000000,-0.0000000437320544,0.0000000392819928,-0.0003089997917414,0.0000000437312515,0.9999998807907104,-0.1256859302520752,0.0000000000000000,0.0000000000000000,0.0000000000000000,1.0000000000000000
M 0.9999999403953552,0.0000000007299165,0.0000951252877712,0.1851406395435333,-0.0000000007257465,1.0000000000000000,-0.0000000437114380,0.0000000393312973,-0.0000951252877712,0.0000000437113314,0.9999999403953552,-0.1252109706401825,0.0000000000000000,0.0000000000000000,0.0000000000000000,1.0000000000000000
M 0.9999999403953552,0.0000000007204932,0.0000938959419727,0.1971902996301651,-0.0000000007163673,1.0000000000000000,-0.0000000437116690,0.0000000393518178,-0.0000938959419727,0.0000000437110970,0.9999999403953552,-0.1252083927392960,0.0000000000000000,0.0000000000000000,0.0000000000000000,1.0000000000000000
M 0.9999999403953552,0.0000000007110990,0.0000926721841097,0.2092397361993790,-0.0000000007070337,1.0000000000000000,-0.0000000437114487,0.0000000393727859,-0.0000926721841097,0.0000000437113101,0.9999999403953552,-0.1252058446407318,0.0000000000000000,0.0000000000000000,0.0000000000000000,1.0000000000000000
M 0.9999999403953552,0.0000000007017193,0.0000914502888918,0.2212889343500137,-0.0000000006977113,1.0000000000000000,-0.0000000437116832,0.0000000393931643,-0.0000914502888918,0.0000000437110756,0.9999999403953552,-0.1252031773328781,0.0000000000000000,0.0000000000000000,0.0000000000000000,1.0000000000000000
M 0.9999999403953552,0.0000000006923250,0.0000902265310287,0.2333388477563858,-0.0000000006883776,1.0000000000000000,-0.0000000437114593,0.0000000394141964,-0.0000902265310287,0.0000000437113066,0.9999999403953552,-0.1252002567052841,0.0000000000000000,0.0000000000000000,0.0000000000000000,1.0000000000000000
