O WIDGET_9_CG_hb
A WIDGET_9_CG_hb_WIDGET_9_CG_hb.001
M 1.0000000000000000,0.0000000000000000,0.0000000000000000,0.0000000000000000,0.0000000000000000,1.0000000000000000,-0.0000000437113883,-0.0000000006813856,-0.0000000000000000,0.0000000437113883,1.0000000000000000,-0.0000000147777612,0.0000000000000000,0.0000000000000000,0.0000000000000000,1.0000000000000000
M 1.0000000000000000,-0.0002364063257119,0.0000000000103336,0.0001403662608936,0.0002364063257119,1.0000000000000000,-0.0000000437113954,0.0005097505636513,-0.0000000000000000,0.0000000437113883,1.0000000000000000,-0.0000000147777612,0.0000000000000000,0.0000000000000000,0.0000000000000000,1.0000000000000000
M 0.9999995827674866,-0.0009440425201319,0.0000000000412654,0.0005595715483651,0.0009440425201319,0.9999995827674866,-0.0000000437113776,0.0020358299370855,-0.0000000000000000,0.0000000437113883,1.0000000000000000,-0.0000000147777612,0.0000000000000000,0.0000000000000000,0.0000000000000000,1.0000000000000000
M 0.9999977350234985,-0.0021205334924161,0.0000000000926915,0.0012542983749881,0.0021205334924161,0.9999977350234985,-0.0000000437112888,0.0045737717300653,-0.0000000000000000,0.0000000437113883,1.0000000000000000,-0.0000000147777612,0.0000000000000000,0.0000000000000000,0.0000000000000000,1.0000000000000000
M 0.9999929070472717,-0.0037635006010532,0.0000000001645079,0.0022193195763975,0.0037635006010532,0.9999929070472717,-0.0000000437110792,0.0081192813813686,-0.0000000000000000,0.0000000437113883,1.0000000000000000,-0.0000000147777612,0.0000000000000000,0.0000000000000000,0.0000000000000000,1.0000000000000000
M 0.9999827742576599,-0.0058705583214760,0.0000000002566103,0.0034484509378672,0.0058705583214760,0.9999827742576599,-0.0000000437106351,0.0126686450093985,-0.0000000000000000,0.0000000437113883,1.0000000000000000,-0.0000000147777612,0.0000000000000000,0.0000000000000000,0.0000000000000000,1.0000000000000000
M 0.9999644160270691,-0.0084393080323935,0.0000000003688939,0.0049340683035553,0.0084393080323935,0.9999644160270691,-0.0000000437098393,0.0182183627039194,-0.0000000000000000,0.0000000437113883,1.0000000000000000,-0.0000000147777612,0.0000000000000000,0.0000000000000000,0.0000000000000000,1.0000000000000000
M 0.9999342560768127,-0.0114673338830471,0.0000000005012531,0.0066668707877398,0.0114673338830471,0.9999342560768127,-0.0000000437085141,0.0247654858976603,-0.0000000000000000,0.0000000437113883,1.0000000000000000,-0.0000000147777612,0.0000000000000000,0.0000000000000000,0.0000000000000000,1.0000000000000000
M 0.9998881816864014,-0.0149521920830011,0.0000000006535811,0.0086368229240179,0.0149521920830011,0.9998881816864014,-0.0000000437064998,0.0323070697486401,-0.0000000000000000,0.0000000437113883,1.0000000000000000,-0.0000000147777612,0.0000000000000000,0.0000000000000000,0.0000000000000000,1.0000000000000000
M 0.9998215436935425,-0.0188914015889168,0.0000000008257695,0.0108319623395801,0.0188914015889168,0.9998215436935425,-0.0000000437035865,0.0408405698835850,-0.0000000000000000,0.0000000437113883,1.0000000000000000,-0.0000000147777612,0.0000000000000000,0.0000000000000000,0.0000000000000000,1.0000000000000000
M 0.9997289180755615,-0.0232824329286814,0.0000000010177075,0.0132393427193165,0.0232824329286814,0.9997289180755615,-0.0000000436995400,0.0503636896610260,-0.0000000000000000,0.0000000437113883,1.0000000000000000,-0.0000000147777612,0.0000000000000000,0.0000000000000000,0.0000000000000000,1.0000000000000000
M 0.9996044635772705,-0.0281227063387632,0.0000000012292828,0.0158450342714787,0.0281227063387632,0.9996044635772705,-0.0000000436940972,0.0608744397759438,-0.0000000000000000,0.0000000437113883,1.0000000000000000,-0.0000000147777612,0.0000000000000000,0.0000000000000000,0.0000000000000000,1.0000000000000000
M 0.9994417428970337,-0.0334095694124699,0.0000000014603787,0.0186331570148468,0.0334095694124699,0.9994417428970337,-0.0000000436869847,0.0723708644509315,-0.0000000000000000,0.0000000437113883,1.0000000000000000,-0.0000000147777612,0.0000000000000000,0.0000000000000000,0.0000000000000000,1.0000000000000000
M 0.9992337226867676,-0.0391402691602707,0.0000000017108758,0.0215872954577208,0.0391402691602707,0.9992337226867676,-0.0000000436778933,0.0848511829972267,-0.0000000000000000,0.0000000437113883,1.0000000000000000,-0.0000000147777612,0.0000000000000000,0.0000000000000000,0.0000000000000000,1.0000000000000000
M 0.9989728927612305,-0.0453119799494743,0.0000000019806496,0.0246893186122179,0.0453119799494743,0.9989728927612305,-0.0000000436664997,0.0983138531446457,-0.0000000000000000,0.0000000437113883,1.0000000000000000,-0.0000000147777612,0.0000000000000000,0.0000000000000000,0.0000000000000000,1.0000000000000000
M 0.9986511468887329,-0.0519217364490032,0.0000000022695712,0.0279200617223978,0.0519217364490032,0.9986511468887329,-0.0000000436524275,0.1127571761608124,-0.0000000000000000,0.0000000437113883,1.0000000000000000,-0.0000000147777612,0.0000000000000000,0.0000000000000000,0.0000000000000000,1.0000000000000000
M 0.9982599616050720,-0.0589664615690708,0.0000000025775064,0.0312593430280685,0.0589664615690708,0.9982599616050720,-0.0000000436353282,0.1281795948743820,-0.0000000000000000,0.0000000437113883,1.0000000000000000,-0.0000000147777612,0.0000000000000000,0.0000000000000000,0.0000000000000000,1.0000000000000000
M 0.9977902173995972,-0.0664429143071175,0.0000000029043121,0.0346856862306595,0.0664429143071175,0.9977902173995972,-0.0000000436147971,0.1445796489715576,-0.0000000000000000,0.0000000437113883,1.0000000000000000,-0.0000000147777612,0.0000000000000000,0.0000000000000000,0.0000000000000000,1.0000000000000000
M 0.9972323775291443,-0.0743476971983910,0.0000000032498415,0.0381763279438019,0.0743476971983910,0.9972323775291443,-0.0000000435904113,0.1619555503129959,-0.0000000000000000,0.0000000437113883,1.0000000000000000,-0.0000000147777612,0.0000000000000000,0.0000000000000000,0.0000000000000000,1.0000000000000000
M 0.9965763688087463,-0.0826772078871727,0.0000000036139360,0.0417074374854565,0.0826772078871727,0.9965763688087463,-0.0000000435617444,0.1803055256605148,-0.0000000000000000,0.0000000437113883,1.0000000000000000,-0.0000000147777612,0.0000000000000000,0.0000000000000000,0.0000000000000000,1.0000000000000000
M 0.9958117008209229,-0.0914276540279388,0.0000000039964294,0.0452541150152683,0.0914276540279388,0.9958117008209229,-0.0000000435283134,0.1996277421712875,-0.0000000000000000,0.0000000437113883,1.0000000000000000,-0.0000000147777612,0.0000000000000000,0.0000000000000000,0.0000000000000000,1.0000000000000000
M 0.9949274659156799,-0.1005950421094894,0.0000000043971489,0.0487906150519848,0.1005950421094894,0.9949274659156799,-0.0000000434896599,0.2199199348688126,-0.0000000000000000,0.0000000437113883,1.0000000000000000,-0.0000000147777612,0.0000000000000000,0.0000000000000000,0.0000000000000000,1.0000000000000000
M 0.9939122200012207,-0.1101750507950783,0.0000000048159055,0.0522895827889442,0.1101750507950783,0.9939122200012207,-0.0000000434452829,0.2411796152591705,-0.0000000000000000,0.0000000437113883,1.0000000000000000,-0.0000000147777612,0.0000000000000000,0.0000000000000000,0.0000000000000000,1.0000000000000000
M 0.9927541613578796,-0.1201631948351860,0.0000000052525011,0.0557230859994888,0.1201631948351860,0.9927541613578796,-0.0000000433946639,0.2634041607379913,-0.0000000000000000,0.0000000437113883,1.0000000000000000,-0.0000000147777612,0.0000000000000000,0.0000000000000000,0.0000000000000000,1.0000000000000000
M 0.9914411306381226,-0.1305546015501022,0.0000000057067231,0.0590617656707764,0.1305546015501022,0.9914411306381226,-0.0000000433372769,0.2865902483463287,-0.0000000000000000,0.0000000437113883,1.0000000000000000,-0.0000000147777612,0.0000000000000000,0.0000000000000000,0.0000000000000000,1.0000000000000000
M 0.9899604916572571,-0.1413441449403763,0.0000000061783498,0.0622753947973251,0.1413441449403763,0.9899604916572571,-0.0000000432725464,0.3107343316078186,-0.0000000000000000,0.0000000437113883,1.0000000000000000,-0.0000000147777612,0.0000000000000000,0.0000000000000000,0.0000000000000000,1.0000000000000000
M 0.9882994294166565,-0.1525263339281082,0.0000000066671380,0.0653330609202385,0.1525263339281082,0.9882994294166565,-0.0000000431999467,0.3358322083950043,-0.0000000000000000,0.0000000437113883,1.0000000000000000,-0.0000000147777612,0.0000000000000000,0.0000000000000000,0.0000000000000000,1.0000000000000000
M 0.9864444732666016,-0.1640954017639160,0.0000000071728388,0.0682024806737900,0.1640954017639160,0.9864444732666016,-0.0000000431188560,0.3618793785572052,-0.0000000000000000,0.0000000437113883,1.0000000000000000,-0.0000000147777612,0.0000000000000000,0.0000000000000000,0.0000000000000000,1.0000000000000000
M 0.9843820929527283,-0.1760449856519699,0.0000000076951707,0.0708505660295486,0.1760449856519699,0.9843820929527283,-0.0000000430287095,0.3888702094554901,-0.0000000000000000,0.0000000437113883,1.0000000000000000,-0.0000000147777612,0.0000000000000000,0.0000000000000000,0.0000000000000000,1.0000000000000000
M 0.9820984005928040,-0.1883685737848282,0.0000000082338518,0.0732434019446373,0.1883685737848282,0.9820984005928040,-0.0000000429288924,0.4167988896369934,-0.0000000000000000,0.0000000437113883,1.0000000000000000,-0.0000000147777612,0.0000000000000000,0.0000000000000000,0.0000000000000000,1.0000000000000000
M 0.9795790910720825,-0.2010591030120850,0.0000000087885743,0.0753462687134743,0.2010591030120850,0.9795790910720825,-0.0000000428187619,0.4456586837768555,-0.0000000000000000,0.0000000437113883,1.0000000000000000,-0.0000000147777612,0.0000000000000000,0.0000000000000000,0.0000000000000000,1.0000000000000000
M 0.9768097400665283,-0.2141090333461761,0.0000000093590051,0.0771232247352600,0.2141090333461761,0.9768097400665283,-0.0000000426977103,0.4754419028759003,-0.0000000000000000,0.0000000437113883,1.0000000000000000,-0.0000000147777612,0.0000000000000000,0.0000000000000000,0.0000000000000000,1.0000000000000000
M 0.9737756252288818,-0.2275103926658630,0.0000000099447952,0.0785380899906158,0.2275103926658630,0.9737756252288818,-0.0000000425650839,0.5061400532722473,-0.0000000000000000,0.0000000437113883,1.0000000000000000,-0.0000000147777612,0.0000000000000000,0.0000000000000000,0.0000000000000000,1.0000000000000000
M 0.9704618453979492,-0.2412547022104263,0.0000000105455777,0.0795533657073975,0.2412547022104263,0.9704618453979492,-0.0000000424202433,0.5377438664436340,-0.0000000000000000,0.0000000437113883,1.0000000000000000,-0.0000000147777612,0.0000000000000000,0.0000000000000000,0.0000000000000000,1.0000000000000000
M 0.9668532013893127,-0.2553329765796661,0.0000000111609593,0.0801310688257217,0.2553329765796661,0.9668532013893127,-0.0000000422625028,0.5702427625656128,-0.0000000000000000,0.0000000437113883,1.0000000000000000,-0.0000000147777612,0.0000000000000000,0.0000000000000000,0.0000000000000000,1.0000000000000000
M 0.9629343748092651,-0.2697356939315796,0.0000000117905197,0.0802328884601593,0.2697356939315796,0.9629343748092651,-0.0000000420911981,0.6036254167556763,-0.0000000000000000,0.0000000437113883,1.0000000000000000,-0.0000000147777612,0.0000000000000000,0.0000000000000000,0.0000000000000000,1.0000000000000000
M 0.9586900472640991,-0.2844527065753937,0.0000000124338229,0.0798191875219345,0.2844527065753937,0.9586900472640991,-0.0000000419056718,0.6378790736198425,-0.0000000000000000,0.0000000437113883,1.0000000000000000,-0.0000000147777612,0.0000000000000000,0.0000000000000000,0.0000000000000000,1.0000000000000000
M 0.9541046619415283,-0.2994732856750488,0.0000000130903928,0.0788504332304001,0.2994732856750488,0.9541046619415283,-0.0000000417052384,0.6729897856712341,-0.0000000000000000,0.0000000437113883,1.0000000000000000,-0.0000000147777612,0.0000000000000000,0.0000000000000000,0.0000000000000000,1.0000000000000000
M 0.9491626024246216,-0.3147862553596497,0.0000000137597445,0.0772861540317535,0.3147862553596497,0.9491626024246216,-0.0000000414892156,0.7089427113533020,-0.0000000000000000,0.0000000437113883,1.0000000000000000,-0.0000000147777612,0.0000000000000000,0.0000000000000000,0.0000000000000000,1.0000000000000000
M 0.9438481330871582,-0.3303795456886292,0.0000000144413468,0.0750853195786476,0.3303795456886292,0.9438481330871582,-0.0000000412569108,0.7457212209701538,-0.0000000000000000,0.0000000437113883,1.0000000000000000,-0.0000000147777612,0.0000000000000000,0.0000000000000000,0.0000000000000000,1.0000000000000000
M 0.9381456971168518,-0.3462407290935516,0.0000000151346651,0.0722071751952171,0.3462407290935516,0.9381456971168518,-0.0000000410076524,0.7833077311515808,-0.0000000000000000,0.0000000437113883,1.0000000000000000,-0.0000000147777612,0.0000000000000000,0.0000000000000000,0.0000000000000000,1.0000000000000000
M 0.9320395588874817,-0.3623564839363098,0.0000000158391060,0.0686094686388969,0.3623564839363098,0.9320395588874817,-0.0000000407407441,0.8216828703880310,-0.0000000000000000,0.0000000437113883,1.0000000000000000,-0.0000000147777612,0.0000000000000000,0.0000000000000000,0.0000000000000000,1.0000000000000000
M 0.9255142211914062,-0.3787128031253815,0.0000000165540630,0.0642507597804070,0.3787128031253815,0.9255142211914062,-0.0000000404555109,0.8608255982398987,-0.0000000000000000,0.0000000437113883,1.0000000000000000,-0.0000000147777612,0.0000000000000000,0.0000000000000000,0.0000000000000000,1.0000000000000000
M 0.9185541272163391,-0.3952951729297638,0.0000000172789001,0.0590888187289238,0.3952951729297638,0.9185541272163391,-0.0000000401512779,0.9007139205932617,-0.0000000000000000,0.0000000437113883,1.0000000000000000,-0.0000000147777612,0.0000000000000000,0.0000000000000000,0.0000000000000000,1.0000000000000000
M 0.9111439585685730,-0.4120882451534271,0.0000000180129494,0.0530814863741398,0.4120882451534271,0.9111439585685730,-0.0000000398273663,0.9413237571716309,-0.0000000000000000,0.0000000437113883,1.0000000000000000,-0.0000000147777612,0.0000000000000000,0.0000000000000000,0.0000000000000000,1.0000000000000000
M 0.9032683968544006,-0.4290760457515717,0.0000000187555091,0.0461863912642002,0.4290760457515717,0.9032683968544006,-0.0000000394831154,0.9826298356056213,-0.0000000000000000,0.0000000437113883,1.0000000000000000,-0.0000000147777612,0.0000000000000000,0.0000000000000000,0.0000000000000000,1.0000000000000000
M 0.8949125409126282,-0.4462415575981140,0.0000000195058423,0.0383609868586063,0.4462415575981140,0.8949125409126282,-0.0000000391178681,1.0246042013168335,-0.0000000000000000,0.0000000437113883,1.0000000000000000,-0.0000000147777612,0.0000000000000000,0.0000000000000000,0.0000000000000000,1.0000000000000000
M 0.8860616683959961,-0.4635673463344574,0.0000000202631725,0.0295634884387255,0.4635673463344574,0.8860616683959961,-0.0000000387309846,1.0672181844711304,-0.0000000000000000,0.0000000437113883,1.0000000000000000,-0.0000000147777612,0.0000000000000000,0.0000000000000000,0.0000000000000000,1.0000000000000000
M 0.8767012953758240,-0.4810351431369781,0.0000000210267146,0.0197516698390245,0.4810351431369781,0.8767012953758240,-0.0000000383218293,1.1104408502578735,-0.0000000000000000,0.0000000437113883,1.0000000000000000,-0.0000000147777612,0.0000000000000000,0.0000000000000000,0.0000000000000000,1.0000000000000000
M 0.8668173551559448,-0.4986257553100586,0.0000000217956249,0.0088838636875153,0.4986257553100586,0.8668173551559448,-0.0000000378897909,1.1542391777038574,-0.0000000000000000,0.0000000437113883,1.0000000000000000,-0.0000000147777612,0.0000000000000000,0.0000000000000000,0.0000000000000000,1.0000000000000000
M 0.8563960790634155,-0.5163193941116333,0.0000000225690382,-0.0030813820194453,0.5163193941116333,0.8563960790634155,-0.0000000374342619,1.1985787153244019,-0.0000000000000000,0.0000000437113883,1.0000000000000000,-0.0000000147777612,0.0000000000000000,0.0000000000000000,0.0000000000000000,1.0000000000000000
M 0.8454242348670959,-0.5340954065322876,0.0000000233460558,-0.0161848980933428,0.5340954065322876,0.8454242348670959,-0.0000000369546740,1.2434228658676147,-0.0000000000000000,0.0000000437113883,1.0000000000000000,-0.0000000147777612,0.0000000000000000,0.0000000000000000,0.0000000000000000,1.0000000000000000
M 0.8338889479637146,-0.5519322752952576,0.0000000241257254,-0.0304672736674547,0.5519322752952576,0.8338889479637146,-0.0000000364504444,1.2887326478958130,-0.0000000000000000,0.0000000437113883,1.0000000000000000,-0.0000000147777612,0.0000000000000000,0.0000000000000000,0.0000000000000000,1.0000000000000000
M 0.8217778205871582,-0.5698080062866211,0.0000000249070986,-0.0459681488573551,0.5698080062866211,0.8217778205871582,-0.0000000359210510,1.3344682455062866,-0.0000000000000000,0.0000000437113883,1.0000000000000000,-0.0000000147777612,0.0000000000000000,0.0000000000000000,0.0000000000000000,1.0000000000000000
M 0.8090792298316956,-0.5876995921134949,0.0000000256891681,-0.0627263262867928,0.5876995921134949,0.8090792298316956,-0.0000000353659750,1.3805867433547974,-0.0000000000000000,0.0000000437113883,1.0000000000000000,-0.0000000147777612,0.0000000000000000,0.0000000000000000,0.0000000000000000,1.0000000000000000
M 0.7957822084426880,-0.6055828928947449,0.0000000264708682,-0.0807798579335213,0.6055828928947449,0.7957822084426880,-0.0000000347847440,1.4270427227020264,-0.0000000000000000,0.0000000437113883,1.0000000000000000,-0.0000000147777612,0.0000000000000000,0.0000000000000000,0.0000000000000000,1.0000000000000000
M 0.7818760275840759,-0.6234338879585266,0.0000000272511613,-0.1001660004258156,0.6234338879585266,0.7818760275840759,-0.0000000341768853,1.4737907648086548,-0.0000000000000000,0.0000000437113883,1.0000000000000000,-0.0000000147777612,0.0000000000000000,0.0000000000000000,0.0000000000000000,1.0000000000000000
M 0.7673511505126953,-0.6412271261215210,0.0000000280289285,-0.1209205463528633,0.6412271261215210,0.7673511505126953,-0.0000000335419870,1.5207815170288086,-0.0000000000000000,0.0000000437113883,1.0000000000000000,-0.0000000147777612,0.0000000000000000,0.0000000000000000,0.0000000000000000,1.0000000000000000
M 0.7521986365318298,-0.6589364409446716,0.0000000288030293,-0.1430782824754715,0.6589364409446716,0.7521986365318298,-0.0000000328796474,1.5679640769958496,-0.0000000000000000,0.0000000437113883,1.0000000000000000,-0.0000000147777612,0.0000000000000000,0.0000000000000000,0.0000000000000000,1.0000000000000000
M 0.7364102005958557,-0.6765353083610535,0.0000000295722984,-0.1666727513074875,0.6765353083610535,0.7364102005958557,-0.0000000321895151,1.6152859926223755,-0.0000000000000000,0.0000000437113883,1.0000000000000000,-0.0000000147777612,0.0000000000000000,0.0000000000000000,0.0000000000000000,1.0000000000000000
M 0.7199786901473999,-0.6939961910247803,0.0000000303355385,-0.1917358785867691,0.6939961910247803,0.7199786901473999,-0.0000000314712700,1.6626921892166138,-0.0000000000000000,0.0000000437113883,1.0000000000000000,-0.0000000147777612,0.0000000000000000,0.0000000000000000,0.0000000000000000,1.0000000000000000
M 0.7028977274894714,-0.7112908959388733,0.0000000310915134,-0.2182979434728622,0.7112908959388733,0.7028977274894714,-0.0000000307246353,1.7101258039474487,-0.0000000000000000,0.0000000437113883,1.0000000000000000,-0.0000000147777612,0.0000000000000000,0.0000000000000000,0.0000000000000000,1.0000000000000000
M 0.6851620674133301,-0.7283906936645508,0.0000000318389723,-0.2463875263929367,0.7283906936645508,0.6851620674133301,-0.0000000299493870,1.7575278282165527,-0.0000000000000000,0.0000000437113883,1.0000000000000000,-0.0000000147777612,0.0000000000000000,0.0000000000000000,0.0000000000000000,1.0000000000000000
M 0.6667672991752625,-0.7452659606933594,0.0000000325766116,-0.2760314941406250,0.7452659606933594,0.6667672991752625,-0.0000000291453244,1.8048369884490967,-0.0000000000000000,0.0000000437113883,1.0000000000000000,-0.0000000147777612,0.0000000000000000,0.0000000000000000,0.0000000000000000,1.0000000000000000
M 0.6477101445198059,-0.7618868350982666,0.0000000333031309,-0.3072549104690552,0.7618868350982666,0.6477101445198059,-0.0000000283123089,1.8519909381866455,-0.0000000000000000,0.0000000437113883,1.0000000000000000,-0.0000000147777612,0.0000000000000000,0.0000000000000000,0.0000000000000000,1.0000000000000000
M 0.6279885172843933,-0.7782225608825684,0.0000000340171873,-0.3400802612304688,0.7782225608825684,0.6279885172843933,-0.0000000274502501,1.8989245891571045,-0.0000000000000000,0.0000000437113883,1.0000000000000000,-0.0000000147777612,0.0000000000000000,0.0000000000000000,0.0000000000000000,1.0000000000000000
M 0.6076015830039978,-0.7942419648170471,0.0000000347174200,-0.3745281100273132,0.7942419648170471,0.6076015830039978,-0.0000000265591087,1.9455711841583252,-0.0000000000000000,0.0000000437113883,1.0000000000000000,-0.0000000147777612,0.0000000000000000,0.0000000000000000,0.0000000000000000,1.0000000000000000
M 0.5865494012832642,-0.8099134564399719,0.0000000354024401,-0.4106169939041138,0.8099134564399719,0.5865494012832642,-0.0000000256388883,1.9918625354766846,-0.0000000000000000,0.0000000437113883,1.0000000000000000,-0.0000000147777612,0.0000000000000000,0.0000000000000000,0.0000000000000000,1.0000000000000000
M 0.5648338198661804,-0.8252046704292297,0.0000000360708405,-0.4483620524406433,0.8252046704292297,0.5648338198661804,-0.0000000246896743,2.0377278327941895,-0.0000000000000000,0.0000000437113883,1.0000000000000000,-0.0000000147777612,0.0000000000000000,0.0000000000000000,0.0000000000000000,1.0000000000000000
M 0.5424576401710510,-0.8400831818580627,0.0000000367212039,-0.4877765774726868,0.8400831818580627,0.5424576401710510,-0.0000000237115803,2.0830955505371094,-0.0000000000000000,0.0000000437113883,1.0000000000000000,-0.0000000147777612,0.0000000000000000,0.0000000000000000,0.0000000000000000,1.0000000000000000
M 0.5194247961044312,-0.8545161485671997,0.0000000373520876,-0.5288714766502380,0.8545161485671997,0.5194247961044312,-0.0000000227047785,2.1278924942016602,-0.0000000000000000,0.0000000437113883,1.0000000000000000,-0.0000000147777612,0.0000000000000000,0.0000000000000000,0.0000000000000000,1.0000000000000000
M 0.4957413673400879,-0.8684701919555664,0.0000000379620388,-0.5716537833213806,0.8684701919555664,0.4957413673400879,-0.0000000216695426,2.1720428466796875,-0.0000000000000000,0.0000000437113883,1.0000000000000000,-0.0000000147777612,0.0000000000000000,0.0000000000000000,0.0000000000000000,1.0000000000000000
M 0.4714143276214600,-0.8819118738174438,0.0000000385495937,-0.6161279678344727,0.8819118738174438,0.4714143276214600,-0.0000000206061745,2.2154705524444580,-0.0000000000000000,0.0000000437113883,1.0000000000000000,-0.0000000147777612,0.0000000000000000,0.0000000000000000,0.0000000000000000,1.0000000000000000
M 0.4464523196220398,-0.8948074579238892,0.0000000391132851,-0.6622955203056335,0.8948074579238892,0.4464523196220398,-0.0000000195150545,2.2580978870391846,-0.0000000000000000,0.0000000437113883,1.0000000000000000,-0.0000000147777612,0.0000000000000000,0.0000000000000000,0.0000000000000000,1.0000000000000000
M 0.4208655953407288,-0.9071230292320251,0.0000000396516064,-0.7101545333862305,0.9071230292320251,0.4208655953407288,-0.0000000183966193,2.2998454570770264,-0.0000000000000000,0.0000000437113883,1.0000000000000000,-0.0000000147777612,0.0000000000000000,0.0000000000000000,0.0000000000000000,1.0000000000000000
M 0.3946655690670013,-0.9188248515129089,0.0000000401631155,-0.7597004175186157,0.9188248515129089,0.3946655690670013,-0.0000000172513790,2.3406338691711426,-0.0000000000000000,0.0000000437113883,1.0000000000000000,-0.0000000147777612,0.0000000000000000,0.0000000000000000,0.0000000000000000,1.0000000000000000
M 0.3678658306598663,-0.9298788905143738,0.0000000406462988,-0.8109240531921387,0.9298788905143738,0.3678658306598663,-0.0000000160799267,2.3803815841674805,-0.0000000000000000,0.0000000437113883,1.0000000000000000,-0.0000000147777612,0.0000000000000000,0.0000000000000000,0.0000000000000000,1.0000000000000000
M 0.3404814302921295,-0.9402512311935425,0.0000000410996854,-0.8638131022453308,0.9402512311935425,0.3404814302921295,-0.0000000148829162,2.4190063476562500,-0.0000000000000000,0.0000000437113883,1.0000000000000000,-0.0000000147777612,0.0000000000000000,0.0000000000000000,0.0000000000000000,1.0000000000000000
M 0.3125287890434265,-0.9499083161354065,0.0000000415218189,-0.9183520674705505,0.9499083161354065,0.3125287890434265,-0.0000000136610687,2.4564261436462402,-0.0000000000000000,0.0000000437113883,1.0000000000000000,-0.0000000147777612,0.0000000000000000,0.0000000000000000,0.0000000000000000,1.0000000000000000
M 0.2840260863304138,-0.9588165283203125,0.0000000419111998,-0.9745217561721802,0.9588165283203125,0.2840260863304138,-0.0000000124151747,2.4925582408905029,-0.0000000000000000,0.0000000437113883,1.0000000000000000,-0.0000000147777612,0.0000000000000000,0.0000000000000000,0.0000000000000000,1.0000000000000000
M 0.2549937069416046,-0.9669427275657654,0.0000000422664144,-1.0322978496551514,0.9669427275657654,0.2549937069416046,-0.0000000111461294,2.5273182392120361,-0.0000000000000000,0.0000000437113883,1.0000000000000000,-0.0000000147777612,0.0000000000000000,0.0000000000000000,0.0000000000000000,1.0000000000000000
M 0.2254530191421509,-0.9742540121078491,0.0000000425859952,-1.0916539430618286,0.9742540121078491,0.2254530191421509,-0.0000000098548645,2.5606229305267334,-0.0000000000000000,0.0000000437113883,1.0000000000000000,-0.0000000147777612,0.0000000000000000,0.0000000000000000,0.0000000000000000,1.0000000000000000
M 0.1954276561737061,-0.9807181358337402,0.0000000428685567,-1.1525580883026123,0.9807181358337402,0.1954276561737061,-0.0000000085424148,2.5923886299133301,-0.0000000000000000,0.0000000437113883,1.0000000000000000,-0.0000000147777612,0.0000000000000000,0.0000000000000000,0.0000000000000000,1.0000000000000000
M 0.1649430543184280,-0.9863030910491943,0.0000000431126779,-1.2149744033813477,0.9863030910491943,0.1649430543184280,-0.0000000072098909,2.6225316524505615,-0.0000000000000000,0.0000000437113883,1.0000000000000000,-0.0000000147777612,0.0000000000000000,0.0000000000000000,0.0000000000000000,1.0000000000000000
M 0.1340257227420807,-0.9909778833389282,0.0000000433170264,-1.2788643836975098,0.9909778833389282,0.1340257227420807,-0.0000000058584506,2.6509687900543213,-0.0000000000000000,0.0000000437113883,1.0000000000000000,-0.0000000147777612,0.0000000000000000,0.0000000000000000,0.0000000000000000,1.0000000000000000
M 0.1027047336101532,-0.9947118759155273,0.0000000434802381,-1.3441832065582275,0.9947118759155273,0.1027047336101532,-0.0000000044893667,2.6776168346405029,-0.0000000000000000,0.0000000437113883,1.0000000000000000,-0.0000000147777612,0.0000000000000000,0.0000000000000000,0.0000000000000000,1.0000000000000000
M 0.0710104554891586,-0.9974755644798279,0.0000000436010410,-1.4108830690383911,0.9974755644798279,0.0710104554891586,-0.0000000031039655,2.7023947238922119,-0.0000000000000000,0.0000000437113883,1.0000000000000000,-0.0000000147777612,0.0000000000000000,0.0000000000000000,0.0000000000000000,1.0000000000000000
M 0.0389749780297279,-0.9992401599884033,0.0000000436781740,-1.4789117574691772,0.9992401599884033,0.0389749780297279,-0.0000000017036507,2.7252206802368164,-0.0000000000000000,0.0000000437113883,1.0000000000000000,-0.0000000147777612,0.0000000000000000,0.0000000000000000,0.0000000000000000,1.0000000000000000
M 0.0066324742510915,-0.9999780058860779,0.0000000437104255,-1.5482122898101807,0.9999780058860779,0.0066324742510915,-0.0000000002899147,2.7460150718688965,-0.0000000000000000,0.0000000437113883,1.0000000000000000,-0.0000000147777612,0.0000000000000000,0.0000000000000000,0.0000000000000000,1.0000000000000000
M -0.0259817652404308,-0.9996623992919922,0.0000000436966303,-1.6187241077423096,0.9996623992919922,-0.0259817652404308,0.0000000011356990,2.7646992206573486,-0.0000000000000000,0.0000000437113883,1.0000000000000000,-0.0000000147777612,0.0000000000000000,0.0000000000000000,0.0000000000000000,1.0000000000000000
M -0.0588304102420807,-0.9982680082321167,0.0000000436356800,-1.6903818845748901,0.9982680082321167,-0.0588304102420807,0.0000000025715590,2.7811963558197021,-0.0000000000000000,0.0000000437113883,1.0000000000000000,-0.0000000147777612,0.0000000000000000,0.0000000000000000,0.0000000000000000,1.0000000000000000
M -0.0918737649917603,-0.9957706332206726,0.0000000435265157,-1.7631145715713501,0.9957706332206726,-0.0918737649917603,0.0000000040159298,2.7954308986663818,-0.0000000000000000,0.0000000437113883,1.0000000000000000,-0.0000000147777612,0.0000000000000000,0.0000000000000000,0.0000000000000000,1.0000000000000000
M -0.1250723004341125,-0.9921476244926453,0.0000000433681500,-1.8368500471115112,0.9921476244926453,-0.1250723004341125,0.0000000054670837,2.8073303699493408,-0.0000000000000000,0.0000000437113883,1.0000000000000000,-0.0000000147777612,0.0000000000000000,0.0000000000000000,0.0000000000000000,1.0000000000000000
M -0.1583832353353500,-0.9873777031898499,0.0000000431596519,-1.9115089178085327,0.9873777031898499,-0.1583832353353500,0.0000000069231509,2.8168237209320068,-0.0000000000000000,0.0000000437113883,1.0000000000000000,-0.0000000147777612,0.0000000000000000,0.0000000000000000,0.0000000000000000,1.0000000000000000
M -0.1917626410722733,-0.9814413189888000,0.0000000429001616,-1.9870079755783081,0.9814413189888000,-0.1917626410722733,0.0000000083822114,2.8238425254821777,-0.0000000000000000,0.0000000437113883,1.0000000000000000,-0.0000000147777612,0.0000000000000000,0.0000000000000000,0.0000000000000000,1.0000000000000000
M -0.2251658886671066,-0.9743204712867737,0.0000000425889013,-2.0632617473602295,0.9743204712867737,-0.2251658886671066,0.0000000098423136,2.8283212184906006,-0.0000000000000000,0.0000000437113883,1.0000000000000000,-0.0000000147777612,0.0000000000000000,0.0000000000000000,0.0000000000000000,1.0000000000000000
M -0.2585462331771851,-0.9659988880157471,0.0000000422251532,-2.1401791572570801,0.9659988880157471,-0.2585462331771851,0.0000000113014149,2.8301973342895508,-0.0000000000000000,0.0000000437113883,1.0000000000000000,-0.0000000147777612,0.0000000000000000,0.0000000000000000,0.0000000000000000,1.0000000000000000
M -0.2918553948402405,-0.9564624428749084,0.0000000418083026,-2.2176642417907715,0.9564624428749084,-0.2918553948402405,0.0000000127574067,2.8294117450714111,-0.0000000000000000,0.0000000437113883,1.0000000000000000,-0.0000000147777612,0.0000000000000000,0.0000000000000000,0.0000000000000000,1.0000000000000000
M -0.3250443935394287,-0.9456987380981445,0.0000000413378061,-2.2956190109252930,0.9456987380981445,-0.3250443935394287,0.0000000142081413,2.8259084224700928,-0.0000000000000000,0.0000000437113883,1.0000000000000000,-0.0000000147777612,0.0000000000000000,0.0000000000000000,0.0000000000000000,1.0000000000000000
M -0.3580628633499146,-0.9336974620819092,0.0000000408132124,-2.3739407062530518,0.9336974620819092,-0.3580628633499146,0.0000000156514250,2.8196353912353516,-0.0000000000000000,0.0000000437113883,1.0000000000000000,-0.0000000147777612,0.0000000000000000,0.0000000000000000,0.0000000000000000,1.0000000000000000
M -0.3908587694168091,-0.9204506874084473,0.0000000402341840,-2.4525222778320312,0.9204506874084473,-0.3908587694168091,0.0000000170849788,2.8105447292327881,-0.0000000000000000,0.0000000437113883,1.0000000000000000,-0.0000000147777612,0.0000000000000000,0.0000000000000000,0.0000000000000000,1.0000000000000000
M -0.4233796596527100,-0.9059523344039917,0.0000000396004332,-2.5312538146972656,0.9059523344039917,-0.4233796596527100,0.0000000185065154,2.7985918521881104,-0.0000000000000000,0.0000000437113883,1.0000000000000000,-0.0000000147777612,0.0000000000000000,0.0000000000000000,0.0000000000000000,1.0000000000000000
M -0.4555723071098328,-0.8901987671852112,0.0000000389118249,-2.6100230216979980,0.8901987671852112,-0.4555723071098328,0.0000000199136974,2.7837376594543457,-0.0000000000000000,0.0000000437113883,1.0000000000000000,-0.0000000147777612,0.0000000000000000,0.0000000000000000,0.0000000000000000,1.0000000000000000
M -0.4873816967010498,-0.8731890320777893,0.0000000381683130,-2.6887114048004150,0.8731890320777893,-0.4873816967010498,0.0000000213041300,2.7659471035003662,-0.0000000000000000,0.0000000437113883,1.0000000000000000,-0.0000000147777612,0.0000000000000000,0.0000000000000000,0.0000000000000000,1.0000000000000000
M -0.5187523961067200,-0.8549244999885559,0.0000000373699365,-2.7671990394592285,0.8549244999885559,-0.5187523961067200,0.0000000226753869,2.7451906204223633,-0.0000000000000000,0.0000000437113883,1.0000000000000000,-0.0000000147777612,0.0000000000000000,0.0000000000000000,0.0000000000000000,1.0000000000000000
M -0.5496293902397156,-0.8354086279869080,0.0000000365168695,-2.8453652858734131,0.8354086279869080,-0.5496293902397156,0.0000000240250628,2.7214426994323730,-0.0000000000000000,0.0000000437113883,1.0000000000000000,-0.0000000147777612,0.0000000000000000,0.0000000000000000,0.0000000000000000,1.0000000000000000
M -0.5799558162689209,-0.8146479129791260,0.0000000356093928,-2.9230833053588867,0.8146479129791260,-0.5799558162689209,0.0000000253506780,2.6946837902069092,-0.0000000000000000,0.0000000437113883,1.0000000000000000,-0.0000000147777612,0.0000000000000000,0.0000000000000000,0.0000000000000000,1.0000000000000000
M -0.6096744537353516,-0.7926518917083740,0.0000000346479148,-3.0002243518829346,0.7926518917083740,-0.6096744537353516,0.0000000266497207,2.6649003028869629,-0.0000000000000000,0.0000000437113883,1.0000000000000000,-0.0000000147777612,0.0000000000000000,0.0000000000000000,0.0000000000000000,1.0000000000000000
M -0.6387293934822083,-0.7694314718246460,0.0000000336329187,-3.0766611099243164,0.7694314718246460,-0.6387293934822083,0.0000000279197483,2.6320824623107910,-0.0000000000000000,0.0000000437113883,1.0000000000000000,-0.0000000147777612,0.0000000000000000,0.0000000000000000,0.0000000000000000,1.0000000000000000
M -0.6670619845390320,-0.7450022101402283,0.0000000325650795,-3.1522581577301025,0.7450022101402283,-0.6670619845390320,0.0000000291582083,2.5962293148040771,-0.0000000000000000,0.0000000437113883,1.0000000000000000,-0.0000000147777612,0.0000000000000000,0.0000000000000000,0.0000000000000000,1.0000000000000000
M -0.6946154236793518,-0.7193812727928162,0.0000000314451540,-3.2268826961517334,0.7193812727928162,-0.6946154236793518,0.0000000303626067,2.5573441982269287,-0.0000000000000000,0.0000000437113883,1.0000000000000000,-0.0000000147777612,0.0000000000000000,0.0000000000000000,0.0000000000000000,1.0000000000000000
M -0.7213331460952759,-0.6925882697105408,0.0000000302739949,-3.3004012107849121,0.6925882697105408,-0.7213331460952759,0.0000000315304760,2.5154352188110352,-0.0000000000000000,0.0000000437113883,1.0000000000000000,-0.0000000147777612,0.0000000000000000,0.0000000000000000,0.0000000000000000,1.0000000000000000
M -0.7471576333045959,-0.6646469235420227,0.0000000290526430,-3.3726754188537598,0.6646469235420227,-0.7471576333045959,0.0000000326593010,2.4705200195312500,-0.0000000000000000,0.0000000437113883,1.0000000000000000,-0.0000000147777612,0.0000000000000000,0.0000000000000000,0.0000000000000000,1.0000000000000000
M -0.7720326185226440,-0.6355828642845154,0.0000000277822050,-3.4435689449310303,0.6355828642845154,-0.7720326185226440,0.0000000337466162,2.4226202964782715,-0.0000000000000000,0.0000000437113883,1.0000000000000000,-0.0000000147777612,0.0000000000000000,0.0000000000000000,0.0000000000000000,1.0000000000000000
M -0.7959019541740417,-0.6054255366325378,0.0000000264639937,-3.5129430294036865,0.6054255366325378,-0.7959019541740417,0.0000000347899807,2.3717658519744873,-0.0000000000000000,0.0000000437113883,1.0000000000000000,-0.0000000147777612,0.0000000000000000,0.0000000000000000,0.0000000000000000,1.0000000000000000
M -0.8187106251716614,-0.5742063522338867,0.0000000250993608,-3.5806605815887451,0.5742063522338867,-0.8187106251716614,0.0000000357869858,2.3179922103881836,-0.0000000000000000,0.0000000437113883,1.0000000000000000,-0.0000000147777612,0.0000000000000000,0.0000000000000000,0.0000000000000000,1.0000000000000000
M -0.8404038548469543,-0.5419606566429138,0.0000000236898519,-3.6465826034545898,0.5419606566429138,-0.8404038548469543,0.0000000367352264,2.2613427639007568,-0.0000000000000000,0.0000000437113883,1.0000000000000000,-0.0000000147777612,0.0000000000000000,0.0000000000000000,0.0000000000000000,1.0000000000000000
M -0.8609291911125183,-0.5087248682975769,0.0000000222370744,-3.7105741500854492,0.5087248682975769,-0.8609291911125183,0.0000000376324110,2.2018649578094482,-0.0000000000000000,0.0000000437113883,1.0000000000000000,-0.0000000147777612,0.0000000000000000,0.0000000000000000,0.0000000000000000,1.0000000000000000
M -0.8802333474159241,-0.4745410978794098,0.0000000207428545,-3.7724952697753906,0.4745410978794098,-0.8802333474159241,0.0000000384762231,2.1396181583404541,-0.0000000000000000,0.0000000437113883,1.0000000000000000,-0.0000000147777612,0.0000000000000000,0.0000000000000000,0.0000000000000000,1.0000000000000000
M -0.8982660174369812,-0.4394521117210388,0.0000000192090646,-3.8322122097015381,0.4394521117210388,-0.8982660174369812,0.0000000392644530,2.0746643543243408,-0.0000000000000000,0.0000000437113883,1.0000000000000000,-0.0000000147777612,0.0000000000000000,0.0000000000000000,0.0000000000000000,1.0000000000000000
M -0.9149779081344604,-0.4035039842128754,0.0000000176377188,-3.8895916938781738,0.4035039842128754,-0.9149779081344604,0.0000000399949620,2.0070738792419434,-0.0000000000000000,0.0000000437113883,1.0000000000000000,-0.0000000147777612,0.0000000000000000,0.0000000000000000,0.0000000000000000,1.0000000000000000
M -0.9303210973739624,-0.3667460381984711,0.0000000160309774,-3.9445002079010010,0.3667460381984711,-0.9303210973739624,0.0000000406656255,1.9369244575500488,-0.0000000000000000,0.0000000437113883,1.0000000000000000,-0.0000000147777612,0.0000000000000000,0.0000000000000000,0.0000000000000000,1.0000000000000000
M -0.9442495107650757,-0.3292306661605835,0.0000000143911292,-3.9968080520629883,0.3292306661605835,-0.9442495107650757,0.0000000412744576,1.8643019199371338,-0.0000000000000000,0.0000000437113883,1.0000000000000000,-0.0000000147777612,0.0000000000000000,0.0000000000000000,0.0000000000000000,1.0000000000000000
M -0.9567193388938904,-0.2910121977329254,0.0000000127205491,-4.0463886260986328,0.2910121977329254,-0.9567193388938904,0.0000000418195292,1.7892973423004150,-0.0000000000000000,0.0000000437113883,1.0000000000000000,-0.0000000147777612,0.0000000000000000,0.0000000000000000,0.0000000000000000,1.0000000000000000
M -0.9676889181137085,-0.2521471381187439,0.0000000110217018,-4.0931177139282227,0.2521471381187439,-0.9676889181137085,0.0000000422990247,1.7120077610015869,-0.0000000000000000,0.0000000437113883,1.0000000000000000,-0.0000000147777612,0.0000000000000000,0.0000000000000000,0.0000000000000000,1.0000000000000000
M -0.9771183729171753,-0.2126961797475815,0.0000000092972456,-4.1368741989135742,0.2126961797475815,-0.9771183729171753,0.0000000427111999,1.6325402259826660,-0.0000000000000000,0.0000000437113883,1.0000000000000000,-0.0000000147777612,0.0000000000000000,0.0000000000000000,0.0000000000000000,1.0000000000000000
M -0.9849707484245300,-0.1727212369441986,0.0000000075498852,-4.1775407791137695,0.1727212369441986,-0.9849707484245300,0.0000000430544382,1.5510066747665405,-0.0000000000000000,0.0000000437113883,1.0000000000000000,-0.0000000147777612,0.0000000000000000,0.0000000000000000,0.0000000000000000,1.0000000000000000
M -0.9912115931510925,-0.1322859525680542,0.0000000057824026,-4.2150063514709473,0.1322859525680542,-0.9912115931510925,0.0000000433272334,1.4675235748291016,-0.0000000000000000,0.0000000437113883,1.0000000000000000,-0.0000000147777612,0.0000000000000000,0.0000000000000000,0.0000000000000000,1.0000000000000000
