O COMBINATION_LEVER_LEFT
A COMBINATION_LEVER_LEFT_COMBINATION_LEVER_LEFT
M 1.0000000000000000,0.0000000000000000,0.0000000000000000,0.0000000000000000,0.0000000000000000,1.0000000000000000,-0.0000000437113883,-0.0000000000000000,-0.0000000000000000,0.0000000437113883,1.0000000000000000,-0.0000000000000000,0.0000000000000000,0.0000000000000000,0.0000000000000000,1.0000000000000000
M 0.9988949298858643,0.0469991825520992,-0.0000000020543995,-0.0871453583240509,-0.0469991825520992,0.9988949298858643,-0.0000000436630856,-0.2688952386379242,-0.0000000000000000,0.0000000437113883,1.0000000000000000,-0.0000000000000000,0.0000000000000000,0.0000000000000000,0.0000000000000000,1.0000000000000000
M 0.9956436157226562,0.0932416319847107,-0.0000000040757211,-0.1853535175323486,-0.0932416319847107,0.9956436157226562,-0.0000000435209664,-0.5298822522163391,-0.0000000000000000,0.0000000437113883,1.0000000000000000,-0.0000000000000000,0.0000000000000000,0.0000000000000000,0.0000000000000000,1.0000000000000000
M 0.9904369711875916,0.1379662901163101,-0.0000000060306982,-0.2922158837318420,-0.1379662901163101,0.9904369711875916,-0.0000000432933760,-0.7788822650909424,-0.0000000000000000,0.0000000437113883,1.0000000000000000,-0.0000000000000000,0.0000000000000000,0.0000000000000000,0.0000000000000000,1.0000000000000000
M 0.9835894703865051,0.1804210990667343,-0.0000000078864568,-0.4046274721622467,-0.1804210990667343,0.9835894703865051,-0.0000000429940599,-1.0120872259140015,-0.0000000000000000,0.0000000437113883,1.0000000000000000,-0.0000002384185791,0.0000000000000000,0.0000000000000000,0.0000000000000000,1.0000000000000000
M 0.9755240082740784,0.2198930382728577,-0.0000000096118296,-0.5189292430877686,-0.2198930382728577,0.9755240082740784,-0.0000000426415099,-1.2260974645614624,-0.0000000000000000,0.0000000437113883,1.0000000000000000,-0.0000002384185791,0.0000000000000000,0.0000000000000000,0.0000000000000000,1.0000000000000000
M 0.9667476415634155,0.2557325661182404,-0.0000000111784253,-0.6310826539993286,-0.2557325661182404,0.9667476415634155,-0.0000000422578808,-1.4180094003677368,-0.0000000000000000,0.0000000437113883,1.0000000000000000,-0.0000002384185791,0.0000000000000000,0.0000000000000000,0.0000000000000000,1.0000000000000000
M 0.9578179717063904,0.2873755395412445,-0.0000000125615838,-0.7369062900543213,-0.2873755395412445,0.9578179717063904,-0.0000000418675548,-1.5854932069778442,-0.0000000000000000,0.0000000437113883,1.0000000000000000,-0.0000002384185791,0.0000000000000000,0.0000000000000000,0.0000000000000000,1.0000000000000000
M 0.9493036270141602,0.3143605887889862,-0.0000000137411380,-0.8323291540145874,-0.3143605887889862,0.9493036270141602,-0.0000000414953796,-1.7268263101577759,-0.0000000000000000,0.0000000437113883,1.0000000000000000,-0.0000002384185791,0.0000000000000000,0.0000000000000000,0.0000000000000000,1.0000000000000000
M 0.9417476654052734,0.3363202810287476,-0.0000000147010262,-0.9135971069335938,-0.3363202810287476,0.9417476654052734,-0.0000000411650980,-1.8408085107803345,-0.0000000000000000,0.0000000437113883,1.0000000000000000,-0.0000002384185791,0.0000000000000000,0.0000000000000000,0.0000000000000000,1.0000000000000000
M 0.9356263279914856,0.3529919385910034,-0.0000000154297677,-0.9775117039680481,-0.3529919385910034,0.9356263279914856,-0.0000000408975254,-1.9267042875289917,-0.0000000000000000,0.0000000437113883,1.0000000000000000,-0.0000002384185791,0.0000000000000000,0.0000000000000000,0.0000000000000000,1.0000000000000000
M 0.9313220381736755,0.3641966581344604,-0.0000000159195412,-1.0215630531311035,-0.3641966581344604,0.9313220381736755,-0.0000000407093808,-1.9841166734695435,-0.0000000000000000,0.0000000437113883,1.0000000000000000,-0.0000002384185791,0.0000000000000000,0.0000000000000000,0.0000000000000000,1.0000000000000000
M 0.9291014075279236,0.3698250651359558,-0.0000000161655667,-1.0440272092819214,-0.3698250651359558,0.9291014075279236,-0.0000000406123135,-2.0128588676452637,-0.0000000000000000,0.0000000437113883,1.0000000000000000,-0.0000002384185791,0.0000000000000000,0.0000000000000000,0.0000000000000000,1.0000000000000000
M 0.9291014075279236,0.3698250651359558,-0.0000000161655667,-1.0440272092819214,-0.3698250651359558,0.9291014075279236,-0.0000000406123135,-2.0128588676452637,-0.0000000000000000,0.0000000437113883,1.0000000000000000,-0.0000002384185791,0.0000000000000000,0.0000000000000000,0.0000000000000000,1.0000000000000000
M 0.9313220381736755,0.3641966581344604,-0.0000000159195412,-1.0215630531311035,-0.3641966581344604,0.9313220381736755,-0.0000000407093808,-1.9841166734695435,-0.0000000000000000,0.0000000437113883,1.0000000000000000,-0.0000002384185791,0.0000000000000000,0.0000000000000000,0.0000000000000000,1.0000000000000000
M 0.9356262683868408,0.3529923856258392,-0.0000000154297872,-0.9775129556655884,-0.3529923856258392,0.9356262683868408,-0.0000000408975218,-1.9267069101333618,-0.0000000000000000,0.0000000437113883,1.0000000000000000,-0.0000002384185791,0.0000000000000000,0.0000000000000000,0.0000000000000000,1.0000000000000000
M 0.9417476654052734,0.3363202810287476,-0.0000000147010262,-0.9135971069335938,-0.3363202810287476,0.9417476654052734,-0.0000000411650980,-1.8408085107803345,-0.0000000000000000,0.0000000437113883,1.0000000000000000,-0.0000002384185791,0.0000000000000000,0.0000000000000000,0.0000000000000000,1.0000000000000000
M 0.9493036270141602,0.3143605887889862,-0.0000000137411380,-0.8323291540145874,-0.3143605887889862,0.9493036270141602,-0.0000000414953796,-1.7268263101577759,-0.0000000000000000,0.0000000437113883,1.0000000000000000,-0.0000002384185791,0.0000000000000000,0.0000000000000000,0.0000000000000000,1.0000000000000000
M 0.9578179717063904,0.2873755395412445,-0.0000000125615838,-0.7369062900543213,-0.2873755395412445,0.9578179717063904,-0.0000000418675548,-1.5854932069778442,-0.0000000000000000,0.0000000437113883,1.0000000000000000,-0.0000002384185791,0.0000000000000000,0.0000000000000000,0.0000000000000000,1.0000000000000000
M 0.9667476415634155,0.2557325661182404,-0.0000000111784253,-0.6310826539993286,-0.2557325661182404,0.9667476415634155,-0.0000000422578808,-1.4180094003677368,-0.0000000000000000,0.0000000437113883,1.0000000000000000,-0.0000002384185791,0.0000000000000000,0.0000000000000000,0.0000000000000000,1.0000000000000000
M 0.9755240082740784,0.2198935598134995,-0.0000000096118526,-0.5189300775527954,-0.2198935598134995,0.9755240082740784,-0.0000000426415099,-1.2261002063751221,-0.0000000000000000,0.0000000437113883,1.0000000000000000,-0.0000002384185791,0.0000000000000000,0.0000000000000000,0.0000000000000000,1.0000000000000000
M 0.9835893511772156,0.1804216057062149,-0.0000000078864790,-0.4046292304992676,-0.1804216057062149,0.9835893511772156,-0.0000000429940563,-1.0120898485183716,-0.0000000000000000,0.0000000437113883,1.0000000000000000,-0.0000002384185791,0.0000000000000000,0.0000000000000000,0.0000000000000000,1.0000000000000000
M 0.9904371500015259,0.1379652768373489,-0.0000000060306538,-0.2922132015228271,-0.1379652768373489,0.9904371500015259,-0.0000000432933831,-0.7788766026496887,-0.0000000000000000,0.0000000437113883,1.0000000000000000,-0.0000000000000000,0.0000000000000000,0.0000000000000000,0.0000000000000000,1.0000000000000000
M 0.9956434369087219,0.0932421311736107,-0.0000000040757429,-0.1853553056716919,-0.0932421311736107,0.9956434369087219,-0.0000000435209557,-0.5298850536346436,-0.0000000000000000,0.0000000437113883,1.0000000000000000,-0.0000000000000000,0.0000000000000000,0.0000000000000000,0.0000000000000000,1.0000000000000000
M 0.9988949298858643,0.0469991825520992,-0.0000000020543995,-0.0871453583240509,-0.0469991825520992,0.9988949298858643,-0.0000000436630856,-0.2688952386379242,-0.0000000000000000,0.0000000437113883,1.0000000000000000,-0.0000000000000000,0.0000000000000000,0.0000000000000000,0.0000000000000000,1.0000000000000000
M 1.0000000000000000,0.0000000000000000,0.0000000000000000,0.0000000000000000,0.0000000000000000,1.0000000000000000,-0.0000000437113883,-0.0000000000000000,-0.0000000000000000,0.0000000437113883,1.0000000000000000,-0.0000000000000000,0.0000000000000000,0.0000000000000000,0.0000000000000000,1.0000000000000000
M 0.9988948702812195,-0.0470007099211216,0.0000000020544664,0.0744172930717468,0.0470007099211216,0.9988948702812195,-0.0000000436630820,0.2725677490234375,-0.0000000000000000,0.0000000437113883,1.0000000000000000,-0.0000000000000000,0.0000000000000000,0.0000000000000000,0.0000000000000000,1.0000000000000000
M 0.9956403970718384,-0.0932751819491386,0.0000000040771875,0.1352048218250275,0.0932751819491386,0.9956403970718384,-0.0000000435208243,0.5445111989974976,-0.0000000000000000,0.0000000437113883,1.0000000000000000,-0.0000000000000000,0.0000000000000000,0.0000000000000000,0.0000000000000000,1.0000000000000000
M 0.9904143214225769,-0.1381282955408096,0.0000000060377796,0.1821934580802917,0.1381282955408096,0.9904143214225769,-0.0000000432923848,0.8115307092666626,-0.0000000000000000,0.0000000437113883,1.0000000000000000,-0.0000000000000000,0.0000000000000000,0.0000000000000000,0.0000000000000000,1.0000000000000000
M 0.9835020899772644,-0.1808966547250748,0.0000000079072437,0.2158862203359604,0.1808966547250748,0.9835020899772644,-0.0000000429902407,1.0693327188491821,-0.0000000000000000,0.0000000437113883,1.0000000000000000,-0.0000000000000000,0.0000000000000000,0.0000000000000000,0.0000000000000000,1.0000000000000000
M 0.9752836227416992,-0.2209567129611969,0.0000000096583248,0.2373994737863541,0.2209567129611969,0.9752836227416992,-0.0000000426310010,1.3137013912200928,-0.0000000000000000,0.0000000437113883,1.0000000000000000,-0.0000000000000000,0.0000000000000000,0.0000000000000000,0.0000000000000000,1.0000000000000000
M 0.9662224650382996,-0.2577097117900848,0.0000000112648495,0.2483742386102676,0.2577097117900848,0.9662224650382996,-0.0000000422349267,1.5404198169708252,-0.0000000000000000,0.0000000437113883,1.0000000000000000,-0.0000000000000000,0.0000000000000000,0.0000000000000000,0.0000000000000000,1.0000000000000000
M 0.9568507075309753,-0.2905803620815277,0.0000000127016708,0.2508890032768250,0.2905803620815277,0.9568507075309753,-0.0000000418252739,1.7452805042266846,-0.0000000000000000,0.0000000437113883,1.0000000000000000,-0.0000000000000000,0.0000000000000000,0.0000000000000000,0.0000000000000000,1.0000000000000000
M 0.9477455615997314,-0.3190272152423859,0.0000000139451224,0.2473354041576385,0.3190272152423859,0.9477455615997314,-0.0000000414272741,1.9242230653762817,-0.0000000000000000,0.0000000437113883,1.0000000000000000,-0.0000000000000000,0.0000000000000000,0.0000000000000000,0.0000000000000000,1.0000000000000000
M 0.9395047426223755,-0.3425360321998596,0.0000000149727253,0.2402722686529160,0.3425360321998596,0.9395047426223755,-0.0000000410670573,2.0732917785644531,-0.0000000000000000,0.0000000437113883,1.0000000000000000,-0.0000000000000000,0.0000000000000000,0.0000000000000000,0.0000000000000000,1.0000000000000000
M 0.9327055215835571,-0.3606390953063965,0.0000000157640354,0.2322243303060532,0.3606390953063965,0.9327055215835571,-0.0000000407698515,2.1888272762298584,-0.0000000000000000,0.0000000437113883,1.0000000000000000,-0.0000000000000000,0.0000000000000000,0.0000000000000000,0.0000000000000000,1.0000000000000000
M 0.9278508424758911,-0.3729514479637146,0.0000000163022253,0.2254216223955154,0.3729514479637146,0.9278508424758911,-0.0000000405576479,2.2677934169769287,-0.0000000000000000,0.0000000437113883,1.0000000000000000,-0.0000000000000000,0.0000000000000000,0.0000000000000000,0.0000000000000000,1.0000000000000000
M 0.9253227710723877,-0.3791803717613220,0.0000000165745000,0.2215678393840790,0.3791803717613220,0.9253227710723877,-0.0000000404471443,2.3078560829162598,-0.0000000000000000,0.0000000437113883,1.0000000000000000,-0.0000000000000000,0.0000000000000000,0.0000000000000000,0.0000000000000000,1.0000000000000000
M 0.9253227710723877,-0.3791803717613220,0.0000000165745000,0.2215678393840790,0.3791803717613220,0.9253227710723877,-0.0000000404471443,2.3078560829162598,-0.0000000000000000,0.0000000437113883,1.0000000000000000,-0.0000000000000000,0.0000000000000000,0.0000000000000000,0.0000000000000000,1.0000000000000000
M 0.9278508424758911,-0.3729514479637146,0.0000000163022253,0.2254216223955154,0.3729514479637146,0.9278508424758911,-0.0000000405576479,2.2677934169769287,-0.0000000000000000,0.0000000437113883,1.0000000000000000,-0.0000000000000000,0.0000000000000000,0.0000000000000000,0.0000000000000000,1.0000000000000000
M 0.9327055811882019,-0.3606386184692383,0.0000000157640141,0.2322239428758621,0.3606386184692383,0.9327055811882019,-0.0000000407698550,2.1888246536254883,-0.0000000000000000,0.0000000437113883,1.0000000000000000,-0.0000000000000000,0.0000000000000000,0.0000000000000000,0.0000000000000000,1.0000000000000000
M 0.9395047426223755,-0.3425360321998596,0.0000000149727253,0.2402722686529160,0.3425360321998596,0.9395047426223755,-0.0000000410670573,2.0732917785644531,-0.0000000000000000,0.0000000437113883,1.0000000000000000,-0.0000000000000000,0.0000000000000000,0.0000000000000000,0.0000000000000000,1.0000000000000000
M 0.9477457404136658,-0.3190267980098724,0.0000000139451046,0.2473356127738953,0.3190267980098724,0.9477457404136658,-0.0000000414272812,1.9242204427719116,-0.0000000000000000,0.0000000437113883,1.0000000000000000,-0.0000000000000000,0.0000000000000000,0.0000000000000000,0.0000000000000000,1.0000000000000000
M 0.9568507075309753,-0.2905803620815277,0.0000000127016708,0.2508890032768250,0.2905803620815277,0.9568507075309753,-0.0000000418252739,1.7452805042266846,-0.0000000000000000,0.0000000437113883,1.0000000000000000,-0.0000000000000000,0.0000000000000000,0.0000000000000000,0.0000000000000000,1.0000000000000000
M 0.9662224650382996,-0.2577097117900848,0.0000000112648495,0.2483742386102676,0.2577097117900848,0.9662224650382996,-0.0000000422349267,1.5404198169708252,-0.0000000000000000,0.0000000437113883,1.0000000000000000,-0.0000000000000000,0.0000000000000000,0.0000000000000000,0.0000000000000000,1.0000000000000000
M 0.9752836227416992,-0.2209567129611969,0.0000000096583248,0.2373994737863541,0.2209567129611969,0.9752836227416992,-0.0000000426310010,1.3137013912200928,-0.0000000000000000,0.0000000437113883,1.0000000000000000,-0.0000000000000000,0.0000000000000000,0.0000000000000000,0.0000000000000000,1.0000000000000000
M 0.9835020303726196,-0.1808971613645554,0.0000000079072660,0.2158865779638290,0.1808971613645554,0.9835020303726196,-0.0000000429902407,1.0693356990814209,-0.0000000000000000,0.0000000437113883,1.0000000000000000,-0.0000000000000000,0.0000000000000000,0.0000000000000000,0.0000000000000000,1.0000000000000000
M 0.9904145002365112,-0.1381273120641708,0.0000000060377365,0.1821927577257156,0.1381273120641708,0.9904145002365112,-0.0000000432923919,0.8115248680114746,-0.0000000000000000,0.0000000437113883,1.0000000000000000,-0.0000000000000000,0.0000000000000000,0.0000000000000000,0.0000000000000000,1.0000000000000000
M 0.9956403374671936,-0.0932756662368774,0.0000000040772088,0.1352051794528961,0.0932756662368774,0.9956403374671936,-0.0000000435208207,0.5445140004158020,-0.0000000000000000,0.0000000437113883,1.0000000000000000,-0.0000000000000000,0.0000000000000000,0.0000000000000000,0.0000000000000000,1.0000000000000000
M 0.9988948702812195,-0.0470007099211216,0.0000000020544664,0.0744172930717468,0.0470007099211216,0.9988948702812195,-0.0000000436630820,0.2725677490234375,-0.0000000000000000,0.0000000437113883,1.0000000000000000,-0.0000000000000000,0.0000000000000000,0.0000000000000000,0.0000000000000000,1.0000000000000000
O COMBINATION_LEVER_RIGHT
A COMBINATION_LEVER_RIGHT_COMBINATION_LEVER_RIGHT
M 0.9999999403953552,-0.0000000000000020,0.0000000000000000,-0.0000000298023188,-0.0000000000000020,0.9999999403953552,-0.0000000437113847,0.0000000596046341,-0.0000000000000018,0.0000000437113883,1.0000000000000000,-0.0000000000000142,0.0000000000000000,0.0000000000000000,0.0000000000000000,1.0000000000000000
M 0.9999942183494568,0.0033765435218811,-0.0000000001475934,-0.0058216154575348,-0.0033765435218811,0.9999942183494568,-0.0000000437111360,-0.0193600058555603,-0.0000000000000018,0.0000000437113883,1.0000000000000000,-0.0000000000000142,0.0000000000000000,0.0000000000000000,0.0000000000000000,1.0000000000000000
M 0.9999103546142578,0.0133940577507019,-0.0000000005854728,-0.0234767794609070,-0.0133940577507019,0.9999103546142578,-0.0000000437074696,-0.0766851902008057,-0.0000000000000018,0.0000000437113883,1.0000000000000000,-0.0000000000000142,0.0000000000000000,0.0000000000000000,0.0000000000000000,1.0000000000000000
M 0.9995577335357666,0.0297371745109558,-0.0000000012998532,-0.0535216927528381,-0.0297371745109558,0.9995577335357666,-0.0000000436920580,-0.1698534488677979,-0.0000000000000018,0.0000000437113883,1.0000000000000000,-0.0000000000000142,0.0000000000000000,0.0000000000000000,0.0000000000000000,1.0000000000000000
M 0.9986512064933777,0.0519177913665771,-0.0000000022693987,-0.0967625677585602,-0.0519177913665771,0.9986512064933777,-0.0000000436524310,-0.2955945432186127,-0.0000000000000018,0.0000000437113883,1.0000000000000000,-0.0000000000000142,0.0000000000000000,0.0000000000000000,0.0000000000000000,1.0000000000000000
M 0.9968485832214355,0.0793269872665405,-0.0000000034674927,-0.1541283428668976,-0.0793269872665405,0.9968485832214355,-0.0000000435736354,-0.4498426914215088,-0.0000000000000018,0.0000000437113883,1.0000000000000000,-0.0000000000000142,0.0000000000000000,0.0000000000000000,0.0000000000000000,1.0000000000000000
M 0.9937883019447327,0.1112863719463348,-0.0000000048644817,-0.2265385389328003,-0.1112863719463348,0.9937883019447327,-0.0000000434398650,-0.6281062960624695,-0.0000000000000018,0.0000000437113883,1.0000000000000000,-0.0000000000000142,0.0000000000000000,0.0000000000000000,0.0000000000000000,1.0000000000000000
M 0.9891244769096375,0.1470802277326584,-0.0000000064290808,-0.3147578239440918,-0.1470802277326584,0.9891244769096375,-0.0000000432360032,-0.8257120251655579,-0.0000000000000018,0.0000000437113883,1.0000000000000000,-0.0000000000000142,0.0000000000000000,0.0000000000000000,0.0000000000000000,1.0000000000000000
M 0.9825531840324402,0.1859810948371887,-0.0000000081294917,-0.4192884862422943,-0.1859810948371887,0.9825531840324402,-0.0000000429487628,-1.0379879474639893,-0.0000000000000018,0.0000000437113883,1.0000000000000000,-0.0000000000000142,0.0000000000000000,0.0000000000000000,0.0000000000000000,1.0000000000000000
M 0.9738352298736572,0.2272548973560333,-0.0000000099336273,-0.5402525663375854,-0.2272548973560333,0.9738352298736572,-0.0000000425676916,-1.2603144645690918,-0.0000000000000018,0.0000000437113883,1.0000000000000000,-0.0000000000000142,0.0000000000000000,0.0000000000000000,0.0000000000000000,1.0000000000000000
M 0.9628108739852905,0.2701759338378906,-0.0000000118097647,-0.6773258447647095,-0.2701759338378906,0.9628108739852905,-0.0000000420858015,-1.4882724285125732,-0.0000000000000018,0.0000000437113883,1.0000000000000000,-0.0000000000000142,0.0000000000000000,0.0000000000000000,0.0000000000000000,1.0000000000000000
M 0.9494153857231140,0.3140227794647217,-0.0000000137263720,-0.8296442627906799,-0.3140228092670441,0.9494153857231140,-0.0000000415002646,-1.7176084518432617,-0.0000000000000018,0.0000000437113883,1.0000000000000000,-0.0000000000000142,0.0000000000000000,0.0000000000000000,0.0000000000000000,1.0000000000000000
M 0.9336912631988525,0.3580789864063263,-0.0000000156521303,-0.9957343339920044,-0.3580789864063263,0.9336912631988525,-0.0000000408129424,-1.9442954063415527,-0.0000000000000018,0.0000000437113883,1.0000000000000000,-0.0000000000000142,0.0000000000000000,0.0000000000000000,0.0000000000000000,1.0000000000000000
M 0.9157976508140564,0.4016396999359131,-0.0000000175562285,-1.1734720468521118,-0.4016396999359131,0.9157976508140564,-0.0000000400307876,-2.1645450592041016,-0.0000000000000018,0.0000000437113883,1.0000000000000000,-0.0000000000000142,0.0000000000000000,0.0000000000000000,0.0000000000000000,1.0000000000000000
M 0.8960174322128296,0.4440188109874725,-0.0000000194086791,-1.3600516319274902,-0.4440188109874725,0.8960174322128296,-0.0000000391661672,-2.3748881816864014,-0.0000000000000018,0.0000000437113883,1.0000000000000000,-0.0000000000000142,0.0000000000000000,0.0000000000000000,0.0000000000000000,1.0000000000000000
M 0.8747578263282776,0.4845600426197052,-0.0000000211807922,-1.5520024299621582,-0.4845600426197052,0.8747578263282776,-0.0000000382368803,-2.5722460746765137,-0.0000000000000018,0.0000000437113883,1.0000000000000000,-0.0000000000000142,0.0000000000000000,0.0000000000000000,0.0000000000000000,1.0000000000000000
M 0.8525424003601074,0.5226579308509827,-0.0000000228461037,-1.7452702522277832,-0.5226579308509827,0.8525424599647522,-0.0000000372658135,-2.7539947032928467,-0.0000000000000018,0.0000000437113883,1.0000000000000000,-0.0000002384185791,0.0000000000000000,0.0000000000000000,0.0000000000000000,1.0000000000000000
M 0.8299939036369324,0.5577723979949951,-0.0000000243810057,-1.9353442192077637,-0.5577723979949951,0.8299939036369324,-0.0000000362801842,-2.9180858135223389,-0.0000000000000018,0.0000000437113883,1.0000000000000000,-0.0000002384185791,0.0000000000000000,0.0000000000000000,0.0000000000000000,1.0000000000000000
M 0.8078058362007141,0.5894487500190735,-0.0000000257656225,-2.1174483299255371,-0.5894487500190735,0.8078058362007141,-0.0000000353103147,-3.0630481243133545,-0.0000000000000018,0.0000000437113883,1.0000000000000000,-0.0000002384185791,0.0000000000000000,0.0000000000000000,0.0000000000000000,1.0000000000000000
M 0.7867042422294617,0.6173299551010132,-0.0000000269843490,-2.2867875099182129,-0.6173299551010132,0.7867042422294617,-0.0000000343879343,-3.1880364418029785,-0.0000000000000018,0.0000000437113883,1.0000000000000000,-0.0000002384185791,0.0000000000000000,0.0000000000000000,0.0000000000000000,1.0000000000000000
M 0.7674145102500916,0.6411513686180115,-0.0000000280256156,-2.4387326240539551,-0.6411513686180115,0.7674145102500916,-0.0000000335447545,-3.2927417755126953,-0.0000000000000018,0.0000000437113883,1.0000000000000000,-0.0000002384185791,0.0000000000000000,0.0000000000000000,0.0000000000000000,1.0000000000000000
M 0.7506077289581299,0.6607481241226196,-0.0000000288822175,-2.5691313743591309,-0.6607481241226196,0.7506077289581299,-0.0000000328101066,-3.3773169517517090,-0.0000000000000018,0.0000000437113883,1.0000000000000000,-0.0000002384185791,0.0000000000000000,0.0000000000000000,0.0000000000000000,1.0000000000000000
M 0.7368813157081604,0.6760221123695374,-0.0000000295498648,-2.6743781566619873,-0.6760221123695374,0.7368813753128052,-0.0000000322101066,-3.4422023296356201,-0.0000000000000018,0.0000000437113883,1.0000000000000000,-0.0000002384185791,0.0000000000000000,0.0000000000000000,0.0000000000000000,1.0000000000000000
M 0.7267200946807861,0.6869336962699890,-0.0000000300268255,-2.7516136169433594,-0.6869336962699890,0.7267201542854309,-0.0000000317659463,-3.4879710674285889,-0.0000000000000018,0.0000000437113883,1.0000000000000000,-0.0000002384185791,0.0000000000000000,0.0000000000000000,0.0000000000000000,1.0000000000000000
M 0.7204770445823669,0.6934787631034851,-0.0000000303129184,-2.7987930774688721,-0.6934787631034851,0.7204770445823669,-0.0000000314930517,-3.5151765346527100,-0.0000000000000018,0.0000000437113883,1.0000000000000000,-0.0000002384185791,0.0000000000000000,0.0000000000000000,0.0000000000000000,1.0000000000000000
M 0.7183703780174255,0.6956606507301331,-0.0000000304082945,-2.8146662712097168,-0.6956606507301331,0.7183703780174255,-0.0000000314009654,-3.5242004394531250,-0.0000000000000018,0.0000000437113883,1.0000000000000000,-0.0000002384185791,0.0000000000000000,0.0000000000000000,0.0000000000000000,1.0000000000000000
M 0.7204766273498535,0.6934790015220642,-0.0000000303129291,-2.7987959384918213,-0.6934790015220642,0.7204766273498535,-0.0000000314930340,-3.5151779651641846,-0.0000000000000018,0.0000000437113883,1.0000000000000000,-0.0000002384185791,0.0000000000000000,0.0000000000000000,0.0000000000000000,1.0000000000000000
M 0.7267200946807861,0.6869336962699890,-0.0000000300268255,-2.7516136169433594,-0.6869336962699890,0.7267201542854309,-0.0000000317659463,-3.4879710674285889,-0.0000000000000018,0.0000000437113883,1.0000000000000000,-0.0000002384185791,0.0000000000000000,0.0000000000000000,0.0000000000000000,1.0000000000000000
M 0.7368813157081604,0.6760221123695374,-0.0000000295498648,-2.6743781566619873,-0.6760221123695374,0.7368813753128052,-0.0000000322101066,-3.4422023296356201,-0.0000000000000018,0.0000000437113883,1.0000000000000000,-0.0000002384185791,0.0000000000000000,0.0000000000000000,0.0000000000000000,1.0000000000000000
M 0.7506077289581299,0.6607481241226196,-0.0000000288822175,-2.5691313743591309,-0.6607481241226196,0.7506077289581299,-0.0000000328101066,-3.3773169517517090,-0.0000000000000018,0.0000000437113883,1.0000000000000000,-0.0000002384185791,0.0000000000000000,0.0000000000000000,0.0000000000000000,1.0000000000000000
M 0.7674145102500916,0.6411513686180115,-0.0000000280256156,-2.4387326240539551,-0.6411513686180115,0.7674145102500916,-0.0000000335447545,-3.2927417755126953,-0.0000000000000018,0.0000000437113883,1.0000000000000000,-0.0000002384185791,0.0000000000000000,0.0000000000000000,0.0000000000000000,1.0000000000000000
M 0.7867042422294617,0.6173299551010132,-0.0000000269843490,-2.2867875099182129,-0.6173299551010132,0.7867042422294617,-0.0000000343879343,-3.1880364418029785,-0.0000000000000018,0.0000000437113883,1.0000000000000000,-0.0000002384185791,0.0000000000000000,0.0000000000000000,0.0000000000000000,1.0000000000000000
M 0.8078054189682007,0.5894491076469421,-0.0000000257656385,-2.1174511909484863,-0.5894491076469421,0.8078054189682007,-0.0000000353102969,-3.0630495548248291,-0.0000000000000018,0.0000000437113883,1.0000000000000000,-0.0000002384185791,0.0000000000000000,0.0000000000000000,0.0000000000000000,1.0000000000000000
M 0.8299936056137085,0.5577728152275085,-0.0000000243810234,-1.9353466033935547,-0.5577728152275085,0.8299936056137085,-0.0000000362801735,-2.9180874824523926,-0.0000000000000018,0.0000000437113883,1.0000000000000000,-0.0000002384185791,0.0000000000000000,0.0000000000000000,0.0000000000000000,1.0000000000000000
M 0.8525418043136597,0.5226587653160095,-0.0000000228461410,-1.7452751398086548,-0.5226587653160095,0.8525418043136597,-0.0000000372657851,-2.7539985179901123,-0.0000000000000018,0.0000000437113883,1.0000000000000000,-0.0000002384185791,0.0000000000000000,0.0000000000000000,0.0000000000000000,1.0000000000000000
M 0.8747578263282776,0.4845600426197052,-0.0000000211807922,-1.5520024299621582,-0.4845600426197052,0.8747578263282776,-0.0000000382368803,-2.5722460746765137,-0.0000000000000018,0.0000000437113883,1.0000000000000000,-0.0000000000000142,0.0000000000000000,0.0000000000000000,0.0000000000000000,1.0000000000000000
M 0.8960174322128296,0.4440188109874725,-0.0000000194086791,-1.3600516319274902,-0.4440188109874725,0.8960174322128296,-0.0000000391661672,-2.3748881816864014,-0.0000000000000018,0.0000000437113883,1.0000000000000000,-0.0000000000000142,0.0000000000000000,0.0000000000000000,0.0000000000000000,1.0000000000000000
M 0.9157976508140564,0.4016396999359131,-0.0000000175562285,-1.1734720468521118,-0.4016396999359131,0.9157976508140564,-0.0000000400307876,-2.1645450592041016,-0.0000000000000018,0.0000000437113883,1.0000000000000000,-0.0000000000000142,0.0000000000000000,0.0000000000000000,0.0000000000000000,1.0000000000000000
M 0.9336912631988525,0.3580789864063263,-0.0000000156521303,-0.9957343339920044,-0.3580789864063263,0.9336912631988525,-0.0000000408129424,-1.9442954063415527,-0.0000000000000018,0.0000000437113883,1.0000000000000000,-0.0000000000000142,0.0000000000000000,0.0000000000000000,0.0000000000000000,1.0000000000000000
M 0.9494156241416931,0.3140223324298859,-0.0000000137263525,-0.8296423554420471,-0.3140223324298859,0.9494156241416931,-0.0000000415002752,-1.7176060676574707,-0.0000000000000018,0.0000000437113883,1.0000000000000000,-0.0000000000000142,0.0000000000000000,0.0000000000000000,0.0000000000000000,1.0000000000000000
M 0.9628107547760010,0.2701764404773712,-0.0000000118097869,-0.6773273348808289,-0.2701764404773712,0.9628107547760010,-0.0000000420857944,-1.4882748126983643,-0.0000000000000018,0.0000000437113883,1.0000000000000000,-0.0000000000000142,0.0000000000000000,0.0000000000000000,0.0000000000000000,1.0000000000000000
M 0.9738352298736572,0.2272548973560333,-0.0000000099336273,-0.5402525663375854,-0.2272548973560333,0.9738352298736572,-0.0000000425676916,-1.2603144645690918,-0.0000000000000018,0.0000000437113883,1.0000000000000000,-0.0000000000000142,0.0000000000000000,0.0000000000000000,0.0000000000000000,1.0000000000000000
M 0.9825531840324402,0.1859816610813141,-0.0000000081295166,-0.4192895889282227,-0.1859816610813141,0.9825531840324402,-0.0000000429487628,-1.0379908084869385,-0.0000000000000018,0.0000000437113883,1.0000000000000000,-0.0000000000000142,0.0000000000000000,0.0000000000000000,0.0000000000000000,1.0000000000000000
M 0.9891244173049927,0.1470807045698166,-0.0000000064291017,-0.3147593140602112,-0.1470807045698166,0.9891244173049927,-0.0000000432360032,-0.8257147669792175,-0.0000000000000018,0.0000000437113883,1.0000000000000000,-0.0000000000000142,0.0000000000000000,0.0000000000000000,0.0000000000000000,1.0000000000000000
M 0.9937883019447327,0.1112863719463348,-0.0000000048644817,-0.2265385389328003,-0.1112863719463348,0.9937883019447327,-0.0000000434398650,-0.6281062960624695,-0.0000000000000018,0.0000000437113883,1.0000000000000000,-0.0000000000000142,0.0000000000000000,0.0000000000000000,0.0000000000000000,1.0000000000000000
M 0.9968485236167908,0.0793274939060211,-0.0000000034675149,-0.1541294008493423,-0.0793274939060211,0.9968485236167908,-0.0000000435736318,-0.4498453140258789,-0.0000000000000018,0.0000000437113883,1.0000000000000000,-0.0000000000000142,0.0000000000000000,0.0000000000000000,0.0000000000000000,1.0000000000000000
M 0.9986512064933777,0.0519177913665771,-0.0000000022693987,-0.0967625677585602,-0.0519177913665771,0.9986512064933777,-0.0000000436524310,-0.2955945432186127,-0.0000000000000018,0.0000000437113883,1.0000000000000000,-0.0000000000000142,0.0000000000000000,0.0000000000000000,0.0000000000000000,1.0000000000000000
M 0.9995577335357666,0.0297371745109558,-0.0000000012998532,-0.0535216927528381,-0.0297371745109558,0.9995577335357666,-0.0000000436920580,-0.1698534488677979,-0.0000000000000018,0.0000000437113883,1.0000000000000000,-0.0000000000000142,0.0000000000000000,0.0000000000000000,0.0000000000000000,1.0000000000000000
M 0.9999103546142578,0.0133940577507019,-0.0000000005854728,-0.0234767794609070,-0.0133940577507019,0.9999103546142578,-0.0000000437074696,-0.0766851902008057,-0.0000000000000018,0.0000000437113883,1.0000000000000000,-0.0000000000000142,0.0000000000000000,0.0000000000000000,0.0000000000000000,1.0000000000000000
M 0.9999942183494568,0.0033765435218811,-0.0000000001475934,-0.0058216154575348,-0.0033765435218811,0.9999942183494568,-0.0000000437111360,-0.0193600058555603,-0.0000000000000018,0.0000000437113883,1.0000000000000000,-0.0000000000000142,0.0000000000000000,0.0000000000000000,0.0000000000000000,1.0000000000000000
O ECCENTRIC_CRANK_LEFT
A ECCENTRIC_CRANK_LEFT_ECCENTRIC_CRANK_LEFT
M 1.0000001192092896,0.0000000000000020,0.0000000000000007,-0.0000000596046448,0.0000000000000020,1.0000001192092896,-0.0000000437113918,-0.0000001862645149,-0.0000000000000000,0.0000000437113883,1.0000000000000000,-0.0000000000000142,0.0000000000000000,0.0000000000000000,0.0000000000000000,1.0000000000000000
M 0.9921146631240845,-0.1253332495689392,0.0000000054784914,0.1063852310180664,0.1253332495689392,0.9921146631240845,-0.0000000433667076,0.2465552836656570,-0.0000000000000000,0.0000000437113883,1.0000000000000000,-0.0000000000000142,0.0000000000000000,0.0000000000000000,0.0000000000000000,1.0000000000000000
M 0.9685831665992737,-0.2486899197101593,0.0000000108705827,0.1810303479433060,0.2486899197101593,0.9685831665992737,-0.0000000423381152,0.5044999718666077,-0.0000000000000000,0.0000000437113883,1.0000000000000000,-0.0000000000000142,0.0000000000000000,0.0000000000000000,0.0000000000000000,1.0000000000000000
M 0.9297765493392944,-0.3681245446205139,0.0000000160912332,0.2227567881345749,0.3681245446205139,0.9297765493392944,-0.0000000406418259,0.7697663307189941,-0.0000000000000000,0.0000000437113883,1.0000000000000000,-0.0000000000000142,0.0000000000000000,0.0000000000000000,0.0000000000000000,1.0000000000000000
M 0.8763066530227661,-0.4817536771297455,0.0000000210581241,0.2309087961912155,0.4817537069320679,0.8763066530227661,-0.0000000383045808,1.0381708145141602,-0.0000000000000000,0.0000000437113883,1.0000000000000000,-0.0000000000000142,0.0000000000000000,0.0000000000000000,0.0000000000000000,1.0000000000000000
M 0.8090170621871948,-0.5877853631973267,0.0000000256929162,0.2053560018539429,0.5877853631973267,0.8090170621871948,-0.0000000353632501,1.3054804801940918,-0.0000000000000000,0.0000000437113883,1.0000000000000000,-0.0000000000000142,0.0000000000000000,0.0000000000000000,0.0000000000000000,1.0000000000000000
M 0.7289686203002930,-0.6845471858978271,0.0000000299225036,0.1465016603469849,0.6845471858978271,0.7289686203002930,-0.0000000318642321,1.5674794912338257,-0.0000000000000000,0.0000000437113883,1.0000000000000000,-0.0000000000000142,0.0000000000000000,0.0000000000000000,0.0000000000000000,1.0000000000000000
M 0.6374239325523376,-0.7705132961273193,0.0000000336802053,0.0552741810679436,0.7705132961273193,0.6374239325523376,-0.0000000278626846,1.8200366497039795,-0.0000000000000000,0.0000000437113883,1.0000000000000000,-0.0000000000000142,0.0000000000000000,0.0000000000000000,0.0000000000000000,1.0000000000000000
M 0.5358267426490784,-0.8443279862403870,0.0000000369067479,-0.0668871924281120,0.8443279862403870,0.5358267426490784,-0.0000000234217303,2.0591678619384766,-0.0000000000000000,0.0000000437113883,1.0000000000000000,-0.0000000000000142,0.0000000000000000,0.0000000000000000,0.0000000000000000,1.0000000000000000
M 0.4257793128490448,-0.9048270583152771,0.0000000395512458,-0.2180570513010025,0.9048270583152771,0.4257793128490448,-0.0000000186114129,2.2811028957366943,-0.0000000000000000,0.0000000437113883,1.0000000000000000,-0.0000000000000142,0.0000000000000000,0.0000000000000000,0.0000000000000000,1.0000000000000000
M 0.3090169727802277,-0.9510565996170044,0.0000000415720045,-0.3958501219749451,0.9510565996170044,0.3090170025825500,-0.0000000135075622,2.4823412895202637,-0.0000000000000000,0.0000000437113883,1.0000000000000000,-0.0000000000000142,0.0000000000000000,0.0000000000000000,0.0000000000000000,1.0000000000000000
M 0.1873812228441238,-0.9822872281074524,0.0000000429371383,-0.5974636673927307,0.9822872281074524,0.1873812228441238,-0.0000000081906935,2.6597094535827637,-0.0000000000000000,0.0000000437113883,1.0000000000000000,-0.0000000000000142,0.0000000000000000,0.0000000000000000,0.0000000000000000,1.0000000000000000
M 0.0627905130386353,-0.9980267286300659,0.0000000436251320,-0.8197172880172729,0.9980267286300659,0.0627905130386353,-0.0000000027446598,2.8104100227355957,-0.0000000000000000,0.0000000437113883,1.0000000000000000,-0.0000000000000142,0.0000000000000000,0.0000000000000000,0.0000000000000000,1.0000000000000000
M -0.0627905726432800,-0.9980267286300659,0.0000000436251355,-1.0591065883636475,0.9980267286300659,-0.0627905726432800,0.0000000027446569,2.9320669174194336,-0.0000000000000000,0.0000000437113883,1.0000000000000000,-0.0000000000000142,0.0000000000000000,0.0000000000000000,0.0000000000000000,1.0000000000000000
M -0.1873814761638641,-0.9822872877120972,0.0000000429371383,-1.3118549585342407,0.9822872877120972,-0.1873814761638641,0.0000000081907121,3.0227608680725098,-0.0000000000000000,0.0000000437113883,1.0000000000000000,-0.0000000000000142,0.0000000000000000,0.0000000000000000,0.0000000000000000,1.0000000000000000
M -0.3090170025825500,-0.9510565996170044,0.0000000415720081,-1.5739775896072388,0.9510565996170044,-0.3090170025825500,0.0000000135075595,3.0810618400573730,-0.0000000000000000,0.0000000437113883,1.0000000000000000,-0.0000000000000142,0.0000000000000000,0.0000000000000000,0.0000000000000000,1.0000000000000000
M -0.4257794320583344,-0.9048269987106323,0.0000000395512387,-1.8413411378860474,0.9048269987106323,-0.4257794320583344,0.0000000186114040,3.1060507297515869,-0.0000000000000000,0.0000000437113883,1.0000000000000000,-0.0000000000000142,0.0000000000000000,0.0000000000000000,0.0000000000000000,1.0000000000000000
M -0.5358269810676575,-0.8443278670310974,0.0000000369067372,-2.1097278594970703,0.8443278670310974,-0.5358269810676575,0.0000000234217428,3.0973324775695801,-0.0000000000000000,0.0000000437113883,1.0000000000000000,-0.0000000000000142,0.0000000000000000,0.0000000000000000,0.0000000000000000,1.0000000000000000
M -0.6374241113662720,-0.7705132961273193,0.0000000336801982,-2.3749051094055176,0.7705132961273193,-0.6374241113662720,0.0000000278626953,3.0550456047058105,-0.0000000000000000,0.0000000437113883,1.0000000000000000,-0.0000000000000142,0.0000000000000000,0.0000000000000000,0.0000000000000000,1.0000000000000000
M -0.7289686799049377,-0.6845470666885376,0.0000000299225036,-2.6326913833618164,0.6845470666885376,-0.7289686799049377,0.0000000318642286,2.9798562526702881,-0.0000000000000000,0.0000000437113883,1.0000000000000000,-0.0000000000000142,0.0000000000000000,0.0000000000000000,0.0000000000000000,1.0000000000000000
M -0.8090171217918396,-0.5877851843833923,0.0000000256929056,-2.8790218830108643,0.5877851843833923,-0.8090170621871948,0.0000000353632572,2.8729507923126221,-0.0000000000000000,0.0000000437113883,1.0000000000000000,-0.0000000000000142,0.0000000000000000,0.0000000000000000,0.0000000000000000,1.0000000000000000
M -0.8763067126274109,-0.4817536175251007,0.0000000210581117,-3.1100108623504639,0.4817536175251007,-0.8763067126274109,0.0000000383045879,2.7360150814056396,-0.0000000000000000,0.0000000437113883,1.0000000000000000,-0.0000000000000142,0.0000000000000000,0.0000000000000000,0.0000000000000000,1.0000000000000000
M -0.9297765493392944,-0.3681244254112244,0.0000000160912226,-3.3220157623291016,0.3681244254112244,-0.9297765493392944,0.0000000406418224,2.5712084770202637,-0.0000000000000000,0.0000000437113883,1.0000000000000000,-0.0000000000000142,0.0000000000000000,0.0000000000000000,0.0000000000000000,1.0000000000000000
M -0.9685832262039185,-0.2486899048089981,0.0000000108705738,-3.5116937160491943,0.2486899048089981,-0.9685832262039185,0.0000000423381188,2.3811302185058594,-0.0000000000000000,0.0000000437113883,1.0000000000000000,-0.0000000000000142,0.0000000000000000,0.0000000000000000,0.0000000000000000,1.0000000000000000
M -0.9921147227287292,-0.1253331750631332,0.0000000054784866,-3.6760518550872803,0.1253331750631332,-0.9921147227287292,0.0000000433667111,2.1687774658203125,-0.0000000000000000,0.0000000437113883,1.0000000000000000,-0.0000000000000142,0.0000000000000000,0.0000000000000000,0.0000000000000000,1.0000000000000000
M -1.0000000000000000,0.0000000894069672,0.0000000000000025,-3.8125000000000000,-0.0000000894069672,-1.0000000000000000,0.0000000437113883,1.9374998807907104,-0.0000000000000000,0.0000000437113883,1.0000000000000000,-0.0000000000000142,0.0000000000000000,0.0000000000000000,0.0000000000000000,1.0000000000000000
M -0.9921146631240845,0.1253333985805511,-0.0000000054784906,-3.9188852310180664,-0.1253333985805511,-0.9921146631240845,0.0000000433667076,1.6909441947937012,-0.0000000000000000,0.0000000437113883,1.0000000000000000,-0.0000000000000142,0.0000000000000000,0.0000000000000000,0.0000000000000000,1.0000000000000000
