O WIDGET_10_CG_hb
A WIDGET_10_CG_hb_WIDGET_10_CG_hb
M 1.0000000000000000,0.0000000000000000,0.0000000000000000,0.0000000000000000,0.0000000000000000,1.0000000000000000,-0.0000000437113883,-0.0000000292039815,-0.0000000000000000,0.0000000437113883,1.0000000000000000,0.0000000448268800,0.0000000000000000,0.0000000000000000,0.0000000000000000,1.0000000000000000
M 1.0000000000000000,0.0002364063257119,-0.0000000000103336,-0.0001403662754456,-0.0002364063257119,1.0000000000000000,-0.0000000437113954,-0.0004802295297850,-0.0000000000000000,0.0000000437113883,1.0000000000000000,0.0000000448268800,0.0000000000000000,0.0000000000000000,0.0000000000000000,1.0000000000000000
M 0.9999995827674866,0.0009440425201319,-0.0000000000412654,-0.0005614789552055,-0.0009440425201319,0.9999995827674866,-0.0000000437113776,-0.0019173771142960,-0.0000000000000000,0.0000000437113883,1.0000000000000000,0.0000000448268800,0.0000000000000000,0.0000000000000000,0.0000000000000000,1.0000000000000000
M 0.9999977350234985,0.0021205334924161,-0.0000000000926915,-0.0012635969324037,-0.0021205334924161,0.9999977350234985,-0.0000000437112888,-0.0043059922754765,-0.0000000000000000,0.0000000437113883,1.0000000000000000,0.0000000448268800,0.0000000000000000,0.0000000000000000,0.0000000000000000,1.0000000000000000
M 0.9999929070472717,0.0037635006010532,-0.0000000001645079,-0.0022488839458674,-0.0037635006010532,0.9999929070472717,-0.0000000437110792,-0.0076404078863561,-0.0000000000000000,0.0000000437113883,1.0000000000000000,0.0000000448268800,0.0000000000000000,0.0000000000000000,0.0000000000000000,1.0000000000000000
M 0.9999827742576599,0.0058705583214760,-0.0000000002566103,-0.0035206920001656,-0.0058705583214760,0.9999827742576599,-0.0000000437106351,-0.0119143482297659,-0.0000000000000000,0.0000000437113883,1.0000000000000000,0.0000000448268800,0.0000000000000000,0.0000000000000000,0.0000000000000000,1.0000000000000000
M 0.9999644160270691,0.0084393080323935,-0.0000000003688939,-0.0050830808468163,-0.0084393080323935,0.9999644160270691,-0.0000000437098393,-0.0171212740242481,-0.0000000000000000,0.0000000437113883,1.0000000000000000,0.0000000448268800,0.0000000000000000,0.0000000000000000,0.0000000000000000,1.0000000000000000
M 0.9999342560768127,0.0114673338830471,-0.0000000005012531,-0.0069422447122633,-0.0114673338830471,0.9999342560768127,-0.0000000437085141,-0.0232540108263493,-0.0000000000000000,0.0000000437113883,1.0000000000000000,0.0000000448268800,0.0000000000000000,0.0000000000000000,0.0000000000000000,1.0000000000000000
M 0.9998881816864014,0.0149521920830011,-0.0000000006535811,-0.0091050779446959,-0.0149521920830011,0.9998881816864014,-0.0000000437064998,-0.0303052701056004,-0.0000000000000000,0.0000000437113883,1.0000000000000000,0.0000000448268800,0.0000000000000000,0.0000000000000000,0.0000000000000000,1.0000000000000000
M 0.9998215436935425,0.0188914015889168,-0.0000000008257695,-0.0115791680291295,-0.0188914015889168,0.9998215436935425,-0.0000000437035865,-0.0382672138512135,-0.0000000000000000,0.0000000437113883,1.0000000000000000,0.0000000448268800,0.0000000000000000,0.0000000000000000,0.0000000000000000,1.0000000000000000
M 0.9997289180755615,0.0232824329286814,-0.0000000010177075,-0.0143746929243207,-0.0232824329286814,0.9997289180755615,-0.0000000436995400,-0.0471315383911133,-0.0000000000000000,0.0000000437113883,1.0000000000000000,0.0000000448268800,0.0000000000000000,0.0000000000000000,0.0000000000000000,1.0000000000000000
M 0.9996044635772705,0.0281227063387632,-0.0000000012292828,-0.0175013300031424,-0.0281227063387632,0.9996044635772705,-0.0000000436940972,-0.0568894334137440,-0.0000000000000000,0.0000000437113883,1.0000000000000000,0.0000000448268800,0.0000000000000000,0.0000000000000000,0.0000000000000000,1.0000000000000000
M 0.9994417428970337,0.0334095694124699,-0.0000000014603787,-0.0209708549082279,-0.0334095694124699,0.9994417428970337,-0.0000000436869847,-0.0675317570567131,-0.0000000000000000,0.0000000437113883,1.0000000000000000,0.0000000448268800,0.0000000000000000,0.0000000000000000,0.0000000000000000,1.0000000000000000
M 0.9992337226867676,0.0391402691602707,-0.0000000017108758,-0.0247959345579147,-0.0391402691602707,0.9992337226867676,-0.0000000436778933,-0.0790487378835678,-0.0000000000000000,0.0000000437113883,1.0000000000000000,0.0000000448268800,0.0000000000000000,0.0000000000000000,0.0000000000000000,1.0000000000000000
M 0.9989728927612305,0.0453119799494743,-0.0000000019806496,-0.0289903935045004,-0.0453119799494743,0.9989728927612305,-0.0000000436664997,-0.0914301127195358,-0.0000000000000000,0.0000000437113883,1.0000000000000000,0.0000000448268800,0.0000000000000000,0.0000000000000000,0.0000000000000000,1.0000000000000000
M 0.9986511468887329,0.0519217364490032,-0.0000000022695712,-0.0335684418678284,-0.0519217364490032,0.9986511468887329,-0.0000000436524275,-0.1046651527285576,-0.0000000000000000,0.0000000437113883,1.0000000000000000,0.0000000448268800,0.0000000000000000,0.0000000000000000,0.0000000000000000,1.0000000000000000
M 0.9982599616050720,0.0589664615690708,-0.0000000025775064,-0.0385458953678608,-0.0589664615690708,0.9982599616050720,-0.0000000436353282,-0.1187425255775452,-0.0000000000000000,0.0000000437113883,1.0000000000000000,0.0000000448268800,0.0000000000000000,0.0000000000000000,0.0000000000000000,1.0000000000000000
M 0.9977902173995972,0.0664429143071175,-0.0000000029043121,-0.0439391955733299,-0.0664429143071175,0.9977902173995972,-0.0000000436147971,-0.1336501240730286,-0.0000000000000000,0.0000000437113883,1.0000000000000000,0.0000000448268800,0.0000000000000000,0.0000000000000000,0.0000000000000000,1.0000000000000000
M 0.9972323775291443,0.0743476971983910,-0.0000000032498415,-0.0497656241059303,-0.0743476971983910,0.9972323775291443,-0.0000000435904113,-0.1493754833936691,-0.0000000000000000,0.0000000437113883,1.0000000000000000,0.0000000448268800,0.0000000000000000,0.0000000000000000,0.0000000000000000,1.0000000000000000
M 0.9965763688087463,0.0826772078871727,-0.0000000036139360,-0.0560437925159931,-0.0826772078871727,0.9965763688087463,-0.0000000435617444,-0.1659053564071655,-0.0000000000000000,0.0000000437113883,1.0000000000000000,0.0000000448268800,0.0000000000000000,0.0000000000000000,0.0000000000000000,1.0000000000000000
M 0.9958117008209229,0.0914276540279388,-0.0000000039964294,-0.0627926662564278,-0.0914276540279388,0.9958117008209229,-0.0000000435283134,-0.1832256317138672,-0.0000000000000000,0.0000000437113883,1.0000000000000000,0.0000000448268800,0.0000000000000000,0.0000000000000000,0.0000000000000000,1.0000000000000000
M 0.9949274659156799,0.1005950421094894,-0.0000000043971489,-0.0700318142771721,-0.1005950421094894,0.9949274659156799,-0.0000000434896599,-0.2013218849897385,-0.0000000000000000,0.0000000437113883,1.0000000000000000,0.0000000448268800,0.0000000000000000,0.0000000000000000,0.0000000000000000,1.0000000000000000
M 0.9939122200012207,0.1101750507950783,-0.0000000048159055,-0.0777822583913803,-0.1101750507950783,0.9939122200012207,-0.0000000434452829,-0.2201784998178482,-0.0000000000000000,0.0000000437113883,1.0000000000000000,0.0000000448268800,0.0000000000000000,0.0000000000000000,0.0000000000000000,1.0000000000000000
M 0.9927541613578796,0.1201631948351860,-0.0000000052525011,-0.0860649570822716,-0.1201631948351860,0.9927541613578796,-0.0000000433946639,-0.2397793084383011,-0.0000000000000000,0.0000000437113883,1.0000000000000000,0.0000000448268800,0.0000000000000000,0.0000000000000000,0.0000000000000000,1.0000000000000000
M 0.9914411306381226,0.1305546015501022,-0.0000000057067231,-0.0949020534753799,-0.1305546015501022,0.9914411306381226,-0.0000000433372769,-0.2601072192192078,-0.0000000000000000,0.0000000437113883,1.0000000000000000,0.0000000448268800,0.0000000000000000,0.0000000000000000,0.0000000000000000,1.0000000000000000
M 0.9899604916572571,0.1413441449403763,-0.0000000061783498,-0.1043157577514648,-0.1413441449403763,0.9899604916572571,-0.0000000432725464,-0.2811443805694580,-0.0000000000000000,0.0000000437113883,1.0000000000000000,0.0000000448268800,0.0000000000000000,0.0000000000000000,0.0000000000000000,1.0000000000000000
M 0.9882994294166565,0.1525263339281082,-0.0000000066671380,-0.1143292784690857,-0.1525263339281082,0.9882994294166565,-0.0000000431999467,-0.3028719127178192,-0.0000000000000000,0.0000000437113883,1.0000000000000000,0.0000000448268800,0.0000000000000000,0.0000000000000000,0.0000000000000000,1.0000000000000000
M 0.9864444732666016,0.1640954017639160,-0.0000000071728388,-0.1249663829803467,-0.1640954017639160,0.9864444732666016,-0.0000000431188560,-0.3252702057361603,-0.0000000000000000,0.0000000437113883,1.0000000000000000,0.0000000448268800,0.0000000000000000,0.0000000000000000,0.0000000000000000,1.0000000000000000
M 0.9843820929527283,0.1760449856519699,-0.0000000076951707,-0.1362505853176117,-0.1760449856519699,0.9843820929527283,-0.0000000430287095,-0.3483183085918427,-0.0000000000000000,0.0000000437113883,1.0000000000000000,0.0000000448268800,0.0000000000000000,0.0000000000000000,0.0000000000000000,1.0000000000000000
M 0.9820984005928040,0.1883685737848282,-0.0000000082338518,-0.1482065021991730,-0.1883685737848282,0.9820984005928040,-0.0000000429288924,-0.3719946444034576,-0.0000000000000000,0.0000000437113883,1.0000000000000000,0.0000000448268800,0.0000000000000000,0.0000000000000000,0.0000000000000000,1.0000000000000000
M 0.9795790910720825,0.2010591030120850,-0.0000000087885743,-0.1608588099479675,-0.2010591030120850,0.9795790910720825,-0.0000000428187619,-0.3962764441967010,-0.0000000000000000,0.0000000437113883,1.0000000000000000,0.0000000448268800,0.0000000000000000,0.0000000000000000,0.0000000000000000,1.0000000000000000
M 0.9768097400665283,0.2141090333461761,-0.0000000093590051,-0.1742324531078339,-0.2141090333461761,0.9768097400665283,-0.0000000426977103,-0.4211398065090179,-0.0000000000000000,0.0000000437113883,1.0000000000000000,0.0000000448268800,0.0000000000000000,0.0000000000000000,0.0000000000000000,1.0000000000000000
M 0.9737756252288818,0.2275103926658630,-0.0000000099447952,-0.1883526295423508,-0.2275103926658630,0.9737756252288818,-0.0000000425650839,-0.4465598165988922,-0.0000000000000000,0.0000000437113883,1.0000000000000000,0.0000000448268800,0.0000000000000000,0.0000000000000000,0.0000000000000000,1.0000000000000000
M 0.9704618453979492,0.2412547022104263,-0.0000000105455777,-0.2032443434000015,-0.2412547022104263,0.9704618453979492,-0.0000000424202433,-0.4725103378295898,-0.0000000000000000,0.0000000437113883,1.0000000000000000,0.0000000448268800,0.0000000000000000,0.0000000000000000,0.0000000000000000,1.0000000000000000
M 0.9668532013893127,0.2553329765796661,-0.0000000111609593,-0.2189333885908127,-0.2553329765796661,0.9668532013893127,-0.0000000422625028,-0.4989642202854156,-0.0000000000000000,0.0000000437113883,1.0000000000000000,0.0000000448268800,0.0000000000000000,0.0000000000000000,0.0000000000000000,1.0000000000000000
M 0.9629343748092651,0.2697356939315796,-0.0000000117905197,-0.2354452013969421,-0.2697356939315796,0.9629343748092651,-0.0000000420911981,-0.5258929133415222,-0.0000000000000000,0.0000000437113883,1.0000000000000000,0.0000000448268800,0.0000000000000000,0.0000000000000000,0.0000000000000000,1.0000000000000000
M 0.9586900472640991,0.2844527065753937,-0.0000000124338229,-0.2528046369552612,-0.2844527065753937,0.9586900472640991,-0.0000000419056718,-0.5532667636871338,-0.0000000000000000,0.0000000437113883,1.0000000000000000,0.0000000448268800,0.0000000000000000,0.0000000000000000,0.0000000000000000,1.0000000000000000
M 0.9541046619415283,0.2994732856750488,-0.0000000130903928,-0.2710371613502502,-0.2994732856750488,0.9541046619415283,-0.0000000417052384,-0.5810547471046448,-0.0000000000000000,0.0000000437113883,1.0000000000000000,0.0000000448268800,0.0000000000000000,0.0000000000000000,0.0000000000000000,1.0000000000000000
M 0.9491626024246216,0.3147862553596497,-0.0000000137597445,-0.2901678681373596,-0.3147862553596497,0.9491626024246216,-0.0000000414892156,-0.6092249155044556,-0.0000000000000000,0.0000000437113883,1.0000000000000000,0.0000000448268800,0.0000000000000000,0.0000000000000000,0.0000000000000000,1.0000000000000000
M 0.9438481330871582,0.3303795456886292,-0.0000000144413468,-0.3102213740348816,-0.3303795456886292,0.9438481330871582,-0.0000000412569108,-0.6377432942390442,-0.0000000000000000,0.0000000437113883,1.0000000000000000,0.0000000448268800,0.0000000000000000,0.0000000000000000,0.0000000000000000,1.0000000000000000
M 0.9381456971168518,0.3462407290935516,-0.0000000151346651,-0.3312220573425293,-0.3462407290935516,0.9381456971168518,-0.0000000410076524,-0.6665754914283752,-0.0000000000000000,0.0000000437113883,1.0000000000000000,0.0000000448268800,0.0000000000000000,0.0000000000000000,0.0000000000000000,1.0000000000000000
M 0.9320395588874817,0.3623564839363098,-0.0000000158391060,-0.3531937897205353,-0.3623564839363098,0.9320395588874817,-0.0000000407407441,-0.6956850886344910,-0.0000000000000000,0.0000000437113883,1.0000000000000000,0.0000000448268800,0.0000000000000000,0.0000000000000000,0.0000000000000000,1.0000000000000000
M 0.9255142211914062,0.3787128031253815,-0.0000000165540630,-0.3761599957942963,-0.3787128031253815,0.9255142211914062,-0.0000000404555109,-0.7250344753265381,-0.0000000000000000,0.0000000437113883,1.0000000000000000,0.0000000448268800,0.0000000000000000,0.0000000000000000,0.0000000000000000,1.0000000000000000
M 0.9185541272163391,0.3952951729297638,-0.0000000172789001,-0.4001435339450836,-0.3952951729297638,0.9185541272163391,-0.0000000401512779,-0.7545848488807678,-0.0000000000000000,0.0000000437113883,1.0000000000000000,0.0000000448268800,0.0000000000000000,0.0000000000000000,0.0000000000000000,1.0000000000000000
M 0.9111439585685730,0.4120882451534271,-0.0000000180129494,-0.4251662492752075,-0.4120882451534271,0.9111439585685730,-0.0000000398273663,-0.7842959761619568,-0.0000000000000000,0.0000000437113883,1.0000000000000000,0.0000000448268800,0.0000000000000000,0.0000000000000000,0.0000000000000000,1.0000000000000000
M 0.9032683968544006,0.4290760457515717,-0.0000000187555091,-0.4512500464916229,-0.4290760457515717,0.9032683968544006,-0.0000000394831154,-0.8141263127326965,-0.0000000000000000,0.0000000437113883,1.0000000000000000,0.0000000448268800,0.0000000000000000,0.0000000000000000,0.0000000000000000,1.0000000000000000
M 0.8949125409126282,0.4462415575981140,-0.0000000195058423,-0.4784148633480072,-0.4462415575981140,0.8949125409126282,-0.0000000391178681,-0.8440324664115906,-0.0000000000000000,0.0000000437113883,1.0000000000000000,0.0000000448268800,0.0000000000000000,0.0000000000000000,0.0000000000000000,1.0000000000000000
M 0.8860616683959961,0.4635673463344574,-0.0000000202631725,-0.5066803693771362,-0.4635673463344574,0.8860616683959961,-0.0000000387309846,-0.8739702701568604,-0.0000000000000000,0.0000000437113883,1.0000000000000000,0.0000000448268800,0.0000000000000000,0.0000000000000000,0.0000000000000000,1.0000000000000000
M 0.8767012953758240,0.4810351431369781,-0.0000000210267146,-0.5360651612281799,-0.4810351431369781,0.8767012953758240,-0.0000000383218293,-0.9038940072059631,-0.0000000000000000,0.0000000437113883,1.0000000000000000,0.0000000448268800,0.0000000000000000,0.0000000000000000,0.0000000000000000,1.0000000000000000
M 0.8668173551559448,0.4986257553100586,-0.0000000217956249,-0.5665863156318665,-0.4986257553100586,0.8668173551559448,-0.0000000378897909,-0.9337564110755920,-0.0000000000000000,0.0000000437113883,1.0000000000000000,0.0000000448268800,0.0000000000000000,0.0000000000000000,0.0000000000000000,1.0000000000000000
M 0.8563960790634155,0.5163193941116333,-0.0000000225690382,-0.5982601642608643,-0.5163193941116333,0.8563960790634155,-0.0000000374342619,-0.9635089635848999,-0.0000000000000000,0.0000000437113883,1.0000000000000000,0.0000000448268800,0.0000000000000000,0.0000000000000000,0.0000000000000000,1.0000000000000000
M 0.8454242348670959,0.5340954065322876,-0.0000000233460558,-0.6311011910438538,-0.5340954065322876,0.8454242348670959,-0.0000000369546740,-0.9931019544601440,-0.0000000000000000,0.0000000437113883,1.0000000000000000,0.0000000448268800,0.0000000000000000,0.0000000000000000,0.0000000000000000,1.0000000000000000
M 0.8338889479637146,0.5519322752952576,-0.0000000241257254,-0.6651229262351990,-0.5519322752952576,0.8338889479637146,-0.0000000364504444,-1.0224840641021729,-0.0000000000000000,0.0000000437113883,1.0000000000000000,0.0000000448268800,0.0000000000000000,0.0000000000000000,0.0000000000000000,1.0000000000000000
M 0.8217778205871582,0.5698080062866211,-0.0000000249070986,-0.7003373503684998,-0.5698080062866211,0.8217778205871582,-0.0000000359210510,-1.0516031980514526,-0.0000000000000000,0.0000000437113883,1.0000000000000000,0.0000000448268800,0.0000000000000000,0.0000000000000000,0.0000000000000000,1.0000000000000000
M 0.8090792298316956,0.5876995921134949,-0.0000000256891681,-0.7367545366287231,-0.5876995921134949,0.8090792298316956,-0.0000000353659750,-1.0804055929183960,-0.0000000000000000,0.0000000437113883,1.0000000000000000,0.0000000448268800,0.0000000000000000,0.0000000000000000,0.0000000000000000,1.0000000000000000
M 0.7957822084426880,0.6055828928947449,-0.0000000264708682,-0.7743822336196899,-0.6055828928947449,0.7957822084426880,-0.0000000347847440,-1.1088359355926514,-0.0000000000000000,0.0000000437113883,1.0000000000000000,0.0000000448268800,0.0000000000000000,0.0000000000000000,0.0000000000000000,1.0000000000000000
M 0.7818760275840759,0.6234338879585266,-0.0000000272511613,-0.8132282495498657,-0.6234338879585266,0.7818760275840759,-0.0000000341768853,-1.1368389129638672,-0.0000000000000000,0.0000000437113883,1.0000000000000000,0.0000000448268800,0.0000000000000000,0.0000000000000000,0.0000000000000000,1.0000000000000000
M 0.7673511505126953,0.6412271261215210,-0.0000000280289285,-0.8532966971397400,-0.6412271261215210,0.7673511505126953,-0.0000000335419870,-1.1643574237823486,-0.0000000000000000,0.0000000437113883,1.0000000000000000,0.0000000448268800,0.0000000000000000,0.0000000000000000,0.0000000000000000,1.0000000000000000
M 0.7521986365318298,0.6589364409446716,-0.0000000288030293,-0.8945901393890381,-0.6589364409446716,0.7521986365318298,-0.0000000328796474,-1.1913325786590576,-0.0000000000000000,0.0000000437113883,1.0000000000000000,0.0000000448268800,0.0000000000000000,0.0000000000000000,0.0000000000000000,1.0000000000000000
M 0.7364102005958557,0.6765353083610535,-0.0000000295722984,-0.9371096491813660,-0.6765353083610535,0.7364102005958557,-0.0000000321895151,-1.2177059650421143,-0.0000000000000000,0.0000000437113883,1.0000000000000000,0.0000000448268800,0.0000000000000000,0.0000000000000000,0.0000000000000000,1.0000000000000000
M 0.7199786901473999,0.6939961910247803,-0.0000000303355385,-0.9808536171913147,-0.6939961910247803,0.7199786901473999,-0.0000000314712700,-1.2434171438217163,-0.0000000000000000,0.0000000437113883,1.0000000000000000,0.0000000448268800,0.0000000000000000,0.0000000000000000,0.0000000000000000,1.0000000000000000
M 0.7028977274894714,0.7112908959388733,-0.0000000310915134,-1.0258181095123291,-0.7112908959388733,0.7028977274894714,-0.0000000307246353,-1.2684051990509033,-0.0000000000000000,0.0000000437113883,1.0000000000000000,0.0000000448268800,0.0000000000000000,0.0000000000000000,0.0000000000000000,1.0000000000000000
M 0.6851620674133301,0.7283906936645508,-0.0000000318389723,-1.0719965696334839,-0.7283906936645508,0.6851620674133301,-0.0000000299493870,-1.2926086187362671,-0.0000000000000000,0.0000000437113883,1.0000000000000000,0.0000000448268800,0.0000000000000000,0.0000000000000000,0.0000000000000000,1.0000000000000000
M 0.6667672991752625,0.7452659606933594,-0.0000000325766116,-1.1193807125091553,-0.7452659606933594,0.6667672991752625,-0.0000000291453244,-1.3159645795822144,-0.0000000000000000,0.0000000437113883,1.0000000000000000,0.0000000448268800,0.0000000000000000,0.0000000000000000,0.0000000000000000,1.0000000000000000
M 0.6477101445198059,0.7618868350982666,-0.0000000333031309,-1.1679592132568359,-0.7618868350982666,0.6477101445198059,-0.0000000283123089,-1.3384104967117310,-0.0000000000000000,0.0000000437113883,1.0000000000000000,0.0000000448268800,0.0000000000000000,0.0000000000000000,0.0000000000000000,1.0000000000000000
M 0.6279885172843933,0.7782225608825684,-0.0000000340171873,-1.2177181243896484,-0.7782225608825684,0.6279885172843933,-0.0000000274502501,-1.3598827123641968,-0.0000000000000000,0.0000000437113883,1.0000000000000000,0.0000000448268800,0.0000000000000000,0.0000000000000000,0.0000000000000000,1.0000000000000000
M 0.6076015830039978,0.7942419648170471,-0.0000000347174200,-1.2686405181884766,-0.7942419648170471,0.6076015830039978,-0.0000000265591087,-1.3803174495697021,-0.0000000000000000,0.0000000437113883,1.0000000000000000,0.0000000448268800,0.0000000000000000,0.0000000000000000,0.0000000000000000,1.0000000000000000
M 0.5865494012832642,0.8099134564399719,-0.0000000354024401,-1.3207077980041504,-0.8099134564399719,0.5865494012832642,-0.0000000256388883,-1.3996504545211792,-0.0000000000000000,0.0000000437113883,1.0000000000000000,0.0000000448268800,0.0000000000000000,0.0000000000000000,0.0000000000000000,1.0000000000000000
M 0.5648338198661804,0.8252046704292297,-0.0000000360708405,-1.3738965988159180,-0.8252046704292297,0.5648338198661804,-0.0000000246896743,-1.4178169965744019,-0.0000000000000000,0.0000000437113883,1.0000000000000000,0.0000000448268800,0.0000000000000000,0.0000000000000000,0.0000000000000000,1.0000000000000000
M 0.5424576401710510,0.8400831818580627,-0.0000000367212039,-1.4281823635101318,-0.8400831818580627,0.5424576401710510,-0.0000000237115803,-1.4347531795501709,-0.0000000000000000,0.0000000437113883,1.0000000000000000,0.0000000448268800,0.0000000000000000,0.0000000000000000,0.0000000000000000,1.0000000000000000
M 0.5194247961044312,0.8545161485671997,-0.0000000373520876,-1.4835374355316162,-0.8545161485671997,0.5194247961044312,-0.0000000227047785,-1.4503943920135498,-0.0000000000000000,0.0000000437113883,1.0000000000000000,0.0000000448268800,0.0000000000000000,0.0000000000000000,0.0000000000000000,1.0000000000000000
M 0.4957413673400879,0.8684701919555664,-0.0000000379620388,-1.5399296283721924,-0.8684701919555664,0.4957413673400879,-0.0000000216695426,-1.4646764993667603,-0.0000000000000000,0.0000000437113883,1.0000000000000000,0.0000000448268800,0.0000000000000000,0.0000000000000000,0.0000000000000000,1.0000000000000000
M 0.4714143276214600,0.8819118738174438,-0.0000000385495937,-1.5973248481750488,-0.8819118738174438,0.4714143276214600,-0.0000000206061745,-1.4775357246398926,-0.0000000000000000,0.0000000437113883,1.0000000000000000,0.0000000448268800,0.0000000000000000,0.0000000000000000,0.0000000000000000,1.0000000000000000
M 0.4464523196220398,0.8948074579238892,-0.0000000391132851,-1.6556856632232666,-0.8948074579238892,0.4464523196220398,-0.0000000195150545,-1.4889086484909058,-0.0000000000000000,0.0000000437113883,1.0000000000000000,0.0000000448268800,0.0000000000000000,0.0000000000000000,0.0000000000000000,1.0000000000000000
M 0.4208655953407288,0.9071230292320251,-0.0000000396516064,-1.7149711847305298,-0.9071230292320251,0.4208655953407288,-0.0000000183966193,-1.4987325668334961,-0.0000000000000000,0.0000000437113883,1.0000000000000000,0.0000000448268800,0.0000000000000000,0.0000000000000000,0.0000000000000000,1.0000000000000000
M 0.3946655690670013,0.9188248515129089,-0.0000000401631155,-1.7751379013061523,-0.9188248515129089,0.3946655690670013,-0.0000000172513790,-1.5069456100463867,-0.0000000000000000,0.0000000437113883,1.0000000000000000,0.0000000448268800,0.0000000000000000,0.0000000000000000,0.0000000000000000,1.0000000000000000
M 0.3678658306598663,0.9298788905143738,-0.0000000406462988,-1.8361382484436035,-0.9298788905143738,0.3678658306598663,-0.0000000160799267,-1.5134867429733276,-0.0000000000000000,0.0000000437113883,1.0000000000000000,0.0000000448268800,0.0000000000000000,0.0000000000000000,0.0000000000000000,1.0000000000000000
M 0.3404814302921295,0.9402512311935425,-0.0000000410996854,-1.8979213237762451,-0.9402512311935425,0.3404814302921295,-0.0000000148829162,-1.5182961225509644,-0.0000000000000000,0.0000000437113883,1.0000000000000000,0.0000000448268800,0.0000000000000000,0.0000000000000000,0.0000000000000000,1.0000000000000000
M 0.3125287890434265,0.9499083161354065,-0.0000000415218189,-1.9604340791702271,-0.9499083161354065,0.3125287890434265,-0.0000000136610687,-1.5213152170181274,-0.0000000000000000,0.0000000437113883,1.0000000000000000,0.0000000448268800,0.0000000000000000,0.0000000000000000,0.0000000000000000,1.0000000000000000
M 0.2840260863304138,0.9588165283203125,-0.0000000419111998,-2.0236194133758545,-0.9588165283203125,0.2840260863304138,-0.0000000124151747,-1.5224865674972534,-0.0000000000000000,0.0000000437113883,1.0000000000000000,0.0000000448268800,0.0000000000000000,0.0000000000000000,0.0000000000000000,1.0000000000000000
M 0.2549937069416046,0.9669427275657654,-0.0000000422664144,-2.0874164104461670,-0.9669427275657654,0.2549937069416046,-0.0000000111461294,-1.5217548608779907,-0.0000000000000000,0.0000000437113883,1.0000000000000000,0.0000000448268800,0.0000000000000000,0.0000000000000000,0.0000000000000000,1.0000000000000000
M 0.2254530191421509,0.9742540121078491,-0.0000000425859952,-2.1517620086669922,-0.9742540121078491,0.2254530191421509,-0.0000000098548645,-1.5190662145614624,-0.0000000000000000,0.0000000437113883,1.0000000000000000,0.0000000448268800,0.0000000000000000,0.0000000000000000,0.0000000000000000,1.0000000000000000
M 0.1954276561737061,0.9807181358337402,-0.0000000428685567,-2.2165889739990234,-0.9807181358337402,0.1954276561737061,-0.0000000085424148,-1.5143687725067139,-0.0000000000000000,0.0000000437113883,1.0000000000000000,0.0000000448268800,0.0000000000000000,0.0000000000000000,0.0000000000000000,1.0000000000000000
M 0.1649430543184280,0.9863030910491943,-0.0000000431126779,-2.2818269729614258,-0.9863030910491943,0.1649430543184280,-0.0000000072098909,-1.5076130628585815,-0.0000000000000000,0.0000000437113883,1.0000000000000000,0.0000000448268800,0.0000000000000000,0.0000000000000000,0.0000000000000000,1.0000000000000000
M 0.1340257227420807,0.9909778833389282,-0.0000000433170264,-2.3474035263061523,-0.9909778833389282,0.1340257227420807,-0.0000000058584506,-1.4987514019012451,-0.0000000000000000,0.0000000437113883,1.0000000000000000,0.0000000448268800,0.0000000000000000,0.0000000000000000,0.0000000000000000,1.0000000000000000
M 0.1027047336101532,0.9947118759155273,-0.0000000434802381,-2.4132411479949951,-0.9947118759155273,0.1027047336101532,-0.0000000044893667,-1.4877394437789917,-0.0000000000000000,0.0000000437113883,1.0000000000000000,0.0000000448268800,0.0000000000000000,0.0000000000000000,0.0000000000000000,1.0000000000000000
M 0.0710104554891586,0.9974755644798279,-0.0000000436010410,-2.4792611598968506,-0.9974755644798279,0.0710104554891586,-0.0000000031039655,-1.4745347499847412,-0.0000000000000000,0.0000000437113883,1.0000000000000000,0.0000000448268800,0.0000000000000000,0.0000000000000000,0.0000000000000000,1.0000000000000000
M 0.0389749780297279,0.9992401599884033,-0.0000000436781740,-2.5453810691833496,-0.9992401599884033,0.0389749780297279,-0.0000000017036507,-1.4590978622436523,-0.0000000000000000,0.0000000437113883,1.0000000000000000,0.0000000448268800,0.0000000000000000,0.0000000000000000,0.0000000000000000,1.0000000000000000
M 0.0066324742510915,0.9999780058860779,-0.0000000437104255,-2.6115148067474365,-0.9999780058860779,0.0066324742510915,-0.0000000002899147,-1.4413933753967285,-0.0000000000000000,0.0000000437113883,1.0000000000000000,0.0000000448268800,0.0000000000000000,0.0000000000000000,0.0000000000000000,1.0000000000000000
M -0.0259817652404308,0.9996623992919922,-0.0000000436966303,-2.6775751113891602,-0.9996623992919922,-0.0259817652404308,0.0000000011356990,-1.4213875532150269,-0.0000000000000000,0.0000000437113883,1.0000000000000000,0.0000000448268800,0.0000000000000000,0.0000000000000000,0.0000000000000000,1.0000000000000000
M -0.0588304102420807,0.9982680082321167,-0.0000000436356800,-2.7434709072113037,-0.9982680082321167,-0.0588304102420807,0.0000000025715590,-1.3990513086318970,-0.0000000000000000,0.0000000437113883,1.0000000000000000,0.0000000448268800,0.0000000000000000,0.0000000000000000,0.0000000000000000,1.0000000000000000
M -0.0918737649917603,0.9957706332206726,-0.0000000435265157,-2.8091075420379639,-0.9957706332206726,-0.0918737649917603,0.0000000040159298,-1.3743588924407959,-0.0000000000000000,0.0000000437113883,1.0000000000000000,0.0000000448268800,0.0000000000000000,0.0000000000000000,0.0000000000000000,1.0000000000000000
M -0.1250723004341125,0.9921476244926453,-0.0000000433681500,-2.8743908405303955,-0.9921476244926453,-0.1250723004341125,0.0000000054670837,-1.3472880125045776,-0.0000000000000000,0.0000000437113883,1.0000000000000000,0.0000000448268800,0.0000000000000000,0.0000000000000000,0.0000000000000000,1.0000000000000000
M -0.1583832353353500,0.9873777031898499,-0.0000000431596519,-2.9392216205596924,-0.9873777031898499,-0.1583832353353500,0.0000000069231509,-1.3178207874298096,-0.0000000000000000,0.0000000437113883,1.0000000000000000,0.0000000448268800,0.0000000000000000,0.0000000000000000,0.0000000000000000,1.0000000000000000
M -0.1917626410722733,0.9814413189888000,-0.0000000429001616,-3.0034987926483154,-0.9814413189888000,-0.1917626410722733,0.0000000083822114,-1.2859435081481934,-0.0000000000000000,0.0000000437113883,1.0000000000000000,0.0000000448268800,0.0000000000000000,0.0000000000000000,0.0000000000000000,1.0000000000000000
M -0.2251658886671066,0.9743204712867737,-0.0000000425889013,-3.0671210289001465,-0.9743204712867737,-0.2251658886671066,0.0000000098423136,-1.2516460418701172,-0.0000000000000000,0.0000000437113883,1.0000000000000000,0.0000000448268800,0.0000000000000000,0.0000000000000000,0.0000000000000000,1.0000000000000000
M -0.2585462331771851,0.9659988880157471,-0.0000000422251532,-3.1299839019775391,-0.9659988880157471,-0.2585462331771851,0.0000000113014149,-1.2149233818054199,-0.0000000000000000,0.0000000437113883,1.0000000000000000,0.0000000448268800,0.0000000000000000,0.0000000000000000,0.0000000000000000,1.0000000000000000
M -0.2918553948402405,0.9564624428749084,-0.0000000418083026,-3.1919808387756348,-0.9564624428749084,-0.2918553948402405,0.0000000127574067,-1.1757751703262329,-0.0000000000000000,0.0000000437113883,1.0000000000000000,0.0000000448268800,0.0000000000000000,0.0000000000000000,0.0000000000000000,1.0000000000000000
M -0.3250443935394287,0.9456987380981445,-0.0000000413378061,-3.2530052661895752,-0.9456987380981445,-0.3250443935394287,0.0000000142081413,-1.1342053413391113,-0.0000000000000000,0.0000000437113883,1.0000000000000000,0.0000000448268800,0.0000000000000000,0.0000000000000000,0.0000000000000000,1.0000000000000000
M -0.3580628633499146,0.9336974620819092,-0.0000000408132124,-3.3129482269287109,-0.9336974620819092,-0.3580628633499146,0.0000000156514250,-1.0902230739593506,-0.0000000000000000,0.0000000437113883,1.0000000000000000,0.0000000448268800,0.0000000000000000,0.0000000000000000,0.0000000000000000,1.0000000000000000
M -0.3908587694168091,0.9204506874084473,-0.0000000402341840,-3.3716995716094971,-0.9204506874084473,-0.3908587694168091,0.0000000170849788,-1.0438430309295654,-0.0000000000000000,0.0000000437113883,1.0000000000000000,0.0000000448268800,0.0000000000000000,0.0000000000000000,0.0000000000000000,1.0000000000000000
M -0.4233796596527100,0.9059523344039917,-0.0000000396004332,-3.4291491508483887,-0.9059523344039917,-0.4233796596527100,0.0000000185065154,-0.9950839281082153,-0.0000000000000000,0.0000000437113883,1.0000000000000000,0.0000000448268800,0.0000000000000000,0.0000000000000000,0.0000000000000000,1.0000000000000000
M -0.4555723071098328,0.8901987671852112,-0.0000000389118249,-3.4851868152618408,-0.8901987671852112,-0.4555723071098328,0.0000000199136974,-0.9439700245857239,-0.0000000000000000,0.0000000437113883,1.0000000000000000,0.0000000448268800,0.0000000000000000,0.0000000000000000,0.0000000000000000,1.0000000000000000
M -0.4873816967010498,0.8731890320777893,-0.0000000381683130,-3.5397000312805176,-0.8731890320777893,-0.4873816967010498,0.0000000213041300,-0.8905321955680847,-0.0000000000000000,0.0000000437113883,1.0000000000000000,0.0000000448268800,0.0000000000000000,0.0000000000000000,0.0000000000000000,1.0000000000000000
M -0.5187523961067200,0.8549244999885559,-0.0000000373699365,-3.5925772190093994,-0.8549244999885559,-0.5187523961067200,0.0000000226753869,-0.8348060250282288,-0.0000000000000000,0.0000000437113883,1.0000000000000000,0.0000000448268800,0.0000000000000000,0.0000000000000000,0.0000000000000000,1.0000000000000000
M -0.5496293902397156,0.8354086279869080,-0.0000000365168695,-3.6437087059020996,-0.8354086279869080,-0.5496293902397156,0.0000000240250628,-0.7768311500549316,-0.0000000000000000,0.0000000437113883,1.0000000000000000,0.0000000448268800,0.0000000000000000,0.0000000000000000,0.0000000000000000,1.0000000000000000
M -0.5799558162689209,0.8146479129791260,-0.0000000356093928,-3.6929824352264404,-0.8146479129791260,-0.5799558162689209,0.0000000253506780,-0.7166547179222107,-0.0000000000000000,0.0000000437113883,1.0000000000000000,0.0000000448268800,0.0000000000000000,0.0000000000000000,0.0000000000000000,1.0000000000000000
M -0.6096744537353516,0.7926518917083740,-0.0000000346479148,-3.7402882575988770,-0.7926518917083740,-0.6096744537353516,0.0000000266497207,-0.6543298363685608,-0.0000000000000000,0.0000000437113883,1.0000000000000000,0.0000000448268800,0.0000000000000000,0.0000000000000000,0.0000000000000000,1.0000000000000000
M -0.6387293934822083,0.7694314718246460,-0.0000000336329187,-3.7855191230773926,-0.7694314718246460,-0.6387293934822083,0.0000000279197483,-0.5899119973182678,-0.0000000000000000,0.0000000437113883,1.0000000000000000,0.0000000448268800,0.0000000000000000,0.0000000000000000,0.0000000000000000,1.0000000000000000
M -0.6670619845390320,0.7450022101402283,-0.0000000325650795,-3.8285646438598633,-0.7450022101402283,-0.6670619845390320,0.0000000291582083,-0.5234676003456116,-0.0000000000000000,0.0000000437113883,1.0000000000000000,0.0000000448268800,0.0000000000000000,0.0000000000000000,0.0000000000000000,1.0000000000000000
M -0.6946154236793518,0.7193812727928162,-0.0000000314451540,-3.8693201541900635,-0.7193812727928162,-0.6946154236793518,0.0000000303626067,-0.4550651311874390,-0.0000000000000000,0.0000000437113883,1.0000000000000000,0.0000000448268800,0.0000000000000000,0.0000000000000000,0.0000000000000000,1.0000000000000000
M -0.7213331460952759,0.6925882697105408,-0.0000000302739949,-3.9076821804046631,-0.6925882697105408,-0.7213331460952759,0.0000000315304760,-0.3847782611846924,-0.0000000000000000,0.0000000437113883,1.0000000000000000,0.0000000448268800,0.0000000000000000,0.0000000000000000,0.0000000000000000,1.0000000000000000
M -0.7471576333045959,0.6646469235420227,-0.0000000290526430,-3.9435482025146484,-0.6646469235420227,-0.7471576333045959,0.0000000326593010,-0.3126890659332275,-0.0000000000000000,0.0000000437113883,1.0000000000000000,0.0000000448268800,0.0000000000000000,0.0000000000000000,0.0000000000000000,1.0000000000000000
M -0.7720326185226440,0.6355828642845154,-0.0000000277822050,-3.9768185615539551,-0.6355828642845154,-0.7720326185226440,0.0000000337466162,-0.2388831526041031,-0.0000000000000000,0.0000000437113883,1.0000000000000000,0.0000000448268800,0.0000000000000000,0.0000000000000000,0.0000000000000000,1.0000000000000000
M -0.7959019541740417,0.6054255366325378,-0.0000000264639937,-4.0073971748352051,-0.6054255366325378,-0.7959019541740417,0.0000000347899807,-0.1634537428617477,-0.0000000000000000,0.0000000437113883,1.0000000000000000,0.0000000448268800,0.0000000000000000,0.0000000000000000,0.0000000000000000,1.0000000000000000
M -0.8187106251716614,0.5742063522338867,-0.0000000250993608,-4.0351910591125488,-0.5742063522338867,-0.8187106251716614,0.0000000357869858,-0.0864971131086349,-0.0000000000000000,0.0000000437113883,1.0000000000000000,0.0000000448268800,0.0000000000000000,0.0000000000000000,0.0000000000000000,1.0000000000000000
M -0.8404038548469543,0.5419606566429138,-0.0000000236898519,-4.0601096153259277,-0.5419606566429138,-0.8404038548469543,0.0000000367352264,-0.0081176906824112,-0.0000000000000000,0.0000000437113883,1.0000000000000000,0.0000000448268800,0.0000000000000000,0.0000000000000000,0.0000000000000000,1.0000000000000000
M -0.8609291911125183,0.5087248682975769,-0.0000000222370744,-4.0820679664611816,-0.5087248682975769,-0.8609291911125183,0.0000000376324110,0.0715794712305069,-0.0000000000000000,0.0000000437113883,1.0000000000000000,0.0000000448268800,0.0000000000000000,0.0000000000000000,0.0000000000000000,1.0000000000000000
M -0.8802333474159241,0.4745410978794098,-0.0000000207428545,-4.1009826660156250,-0.4745410978794098,-0.8802333474159241,0.0000000384762231,0.1524771004915237,-0.0000000000000000,0.0000000437113883,1.0000000000000000,0.0000000448268800,0.0000000000000000,0.0000000000000000,0.0000000000000000,1.0000000000000000
M -0.8982660174369812,0.4394521117210388,-0.0000000192090646,-4.1167774200439453,-0.4394521117210388,-0.8982660174369812,0.0000000392644530,0.2344585210084915,-0.0000000000000000,0.0000000437113883,1.0000000000000000,0.0000000448268800,0.0000000000000000,0.0000000000000000,0.0000000000000000,1.0000000000000000
M -0.9149779081344604,0.4035039842128754,-0.0000000176377188,-4.1293792724609375,-0.4035039842128754,-0.9149779081344604,0.0000000399949620,0.3174008429050446,-0.0000000000000000,0.0000000437113883,1.0000000000000000,0.0000000448268800,0.0000000000000000,0.0000000000000000,0.0000000000000000,1.0000000000000000
M -0.9303210973739624,0.3667460381984711,-0.0000000160309774,-4.1387200355529785,-0.3667460381984711,-0.9303210973739624,0.0000000406656255,0.4011754095554352,-0.0000000000000000,0.0000000437113883,1.0000000000000000,0.0000000448268800,0.0000000000000000,0.0000000000000000,0.0000000000000000,1.0000000000000000
M -0.9442495107650757,0.3292306661605835,-0.0000000143911292,-4.1447377204895020,-0.3292306661605835,-0.9442495107650757,0.0000000412744576,0.4856484830379486,-0.0000000000000000,0.0000000437113883,1.0000000000000000,0.0000000448268800,0.0000000000000000,0.0000000000000000,0.0000000000000000,1.0000000000000000
M -0.9567193388938904,0.2910121977329254,-0.0000000127205491,-4.1473746299743652,-0.2910121977329254,-0.9567193388938904,0.0000000418195292,0.5706837177276611,-0.0000000000000000,0.0000000437113883,1.0000000000000000,0.0000000448268800,0.0000000000000000,0.0000000000000000,0.0000000000000000,1.0000000000000000
M -0.9676889181137085,0.2521471381187439,-0.0000000110217018,-4.1465806961059570,-0.2521471381187439,-0.9676889181137085,0.0000000422990247,0.6561415195465088,-0.0000000000000000,0.0000000437113883,1.0000000000000000,0.0000000448268800,0.0000000000000000,0.0000000000000000,0.0000000000000000,1.0000000000000000
M -0.9771183729171753,0.2126961797475815,-0.0000000092972456,-4.1423101425170898,-0.2126961797475815,-0.9771183729171753,0.0000000427111999,0.7418750524520874,-0.0000000000000000,0.0000000437113883,1.0000000000000000,0.0000000448268800,0.0000000000000000,0.0000000000000000,0.0000000000000000,1.0000000000000000
M -0.9849707484245300,0.1727212369441986,-0.0000000075498852,-4.1345252990722656,-0.1727212369441986,-0.9849707484245300,0.0000000430544382,0.8277365565299988,-0.0000000000000000,0.0000000437113883,1.0000000000000000,0.0000000448268800,0.0000000000000000,0.0000000000000000,0.0000000000000000,1.0000000000000000
