O thing_CG_fan
A thing_CG_fan_thing_CG_fan
M 1.0000000000000000,0.0000000000000000,0.0000000000000000,0.0000000000000000,0.0000000000000000,1.0000000000000000,-0.0000000437113883,-0.0000000212337845,-0.0000000000000000,0.0000000437113883,1.0000000000000000,0.0000000026061002,0.0000000000000000,0.0000000000000000,0.0000000000000000,1.0000000000000000
M 0.9994938969612122,0.0000000013904824,0.0318105295300484,-0.0097532784566283,0.0000000000000000,1.0000000000000000,-0.0000000437113883,-0.0000000212337845,-0.0318105295300484,0.0000000436892655,0.9994938969612122,-0.0505556911230087,0.0000000000000000,0.0000000000000000,0.0000000000000000,1.0000000000000000
M 0.9923678636550903,0.0000000053901745,0.1233128160238266,-0.0468454770743847,0.0000000000000000,1.0000000000000000,-0.0000000437113883,-0.0000000212337845,-0.1233128160238266,0.0000000433777849,0.9923678636550903,-0.1943832635879517,0.0000000000000000,0.0000000000000000,0.0000000000000000,1.0000000000000000
M 0.9637760519981384,0.0000000116583863,0.2667127549648285,-0.1327448040246964,0.0000000000000000,1.0000000000000000,-0.0000000437113883,-0.0000000212337845,-0.2667127549648285,0.0000000421279900,0.9637760519981384,-0.4148854613304138,0.0000000000000000,0.0000000000000000,0.0000000000000000,1.0000000000000000
M 0.8936326503753662,0.0000000196176355,0.4487991929054260,-0.2957477271556854,0.0000000000000000,1.0000000000000000,-0.0000000437113883,-0.0000000212337845,-0.4487991929054260,0.0000000390619235,0.8936326503753662,-0.6853579282760620,0.0000000000000000,0.0000000000000000,0.0000000000000000,1.0000000000000000
M 0.7619388103485107,0.0000000283096373,0.6476489901542664,-0.5615612268447876,0.0000000000000000,1.0000000000000000,-0.0000000437113883,-0.0000000212337845,-0.6476489901542664,0.0000000333054047,0.7619388103485107,-0.9652358889579773,0.0000000000000000,0.0000000000000000,0.0000000000000000,1.0000000000000000
M 0.5555701851844788,0.0000000363446944,0.8314696550369263,-0.9421607851982117,0.0000000000000000,1.0000000000000000,-0.0000000437113883,-0.0000000212337845,-0.8314696550369263,0.0000000242847449,0.5555701851844788,-1.2001589536666870,0.0000000000000000,0.0000000000000000,0.0000000000000000,1.0000000000000000
M 0.2754626274108887,0.0000000420202717,0.9613117575645447,-1.4251003265380859,0.0000000000000000,1.0000000000000000,-0.0000000437113883,-0.0000000212337845,-0.9613117575645447,0.0000000120408536,0.2754626274108887,-1.3283145427703857,0.0000000000000000,0.0000000000000000,0.0000000000000000,1.0000000000000000
M -0.0581448227167130,0.0000000436374421,0.9983081817626953,-1.9671924114227295,0.0000000000000000,1.0000000000000000,-0.0000000437113883,-0.0000000212337845,-0.9983081817626953,-0.0000000025415909,-0.0581448227167130,-1.2934505939483643,0.0000000000000000,0.0000000000000000,0.0000000000000000,1.0000000000000000
M -0.4052412509918213,0.0000000399613782,0.9142097830772400,-2.4967246055603027,0.0000000000000000,1.0000000000000000,-0.0000000437113883,-0.0000000212337845,-0.9142097830772400,-0.0000000177136616,-0.4052412509918213,-1.0617978572845459,0.0000000000000000,0.0000000000000000,0.0000000000000000,1.0000000000000000
M -0.7122303247451782,0.0000000306830330,0.7019459009170532,-2.9262893199920654,0.0000000000000000,1.0000000000000000,-0.0000000437113883,-0.0000000212337845,-0.7019459009170532,-0.0000000311325792,-0.7122303247451782,-0.6371616125106812,0.0000000000000000,0.0000000000000000,0.0000000000000000,1.0000000000000000
M -0.9242269992828369,0.0000000166909082,0.3818434476852417,-3.1741302013397217,0.0000000000000000,1.0000000000000000,-0.0000000437113883,-0.0000000212337845,-0.3818434476852417,-0.0000000403992466,-0.9242269992828369,-0.0673743411898613,0.0000000000000000,0.0000000000000000,0.0000000000000000,1.0000000000000000
M -1.0000000000000000,-0.0000000000000038,-0.0000000874227766,-3.1875000000000000,0.0000000000000000,1.0000000000000000,-0.0000000437113883,-0.0000000212337845,0.0000000874227766,-0.0000000437113883,-1.0000000000000000,0.5624999403953552,0.0000000000000000,0.0000000000000000,0.0000000000000000,1.0000000000000000
M -0.9242269396781921,-0.0000000166909171,-0.3818436264991760,-2.9593431949615479,0.0000000000000000,1.0000000000000000,-0.0000000437113883,-0.0000000212337845,0.3818436264991760,-0.0000000403992431,-0.9242269396781921,1.1497520208358765,0.0000000000000000,0.0000000000000000,0.0000000000000000,1.0000000000000000
M -0.7122301459312439,-0.0000000306830366,-0.7019460201263428,-2.5314445495605469,0.0000000000000000,1.0000000000000000,-0.0000000437113883,-0.0000000212337845,0.7019460201263428,-0.0000000311325685,-0.7122301459312439,1.6002910137176514,0.0000000000000000,0.0000000000000000,0.0000000000000000,1.0000000000000000
M -0.4052415192127228,-0.0000000399613818,-0.9142096638679504,-1.9824823141098022,0.0000000000000000,1.0000000000000000,-0.0000000437113883,-0.0000000212337845,0.9142096638679504,-0.0000000177136688,-0.4052415192127228,1.8522456884384155,0.0000000000000000,0.0000000000000000,0.0000000000000000,1.0000000000000000
M -0.0581451244652271,-0.0000000436374350,-0.9983081221580505,-1.4056447744369507,0.0000000000000000,1.0000000000000000,-0.0000000437113883,-0.0000000212337845,0.9983081221580505,-0.0000000025416040,-0.0581451244652271,1.8886568546295166,0.0000000000000000,0.0000000000000000,0.0000000000000000,1.0000000000000000
M 0.2754625678062439,-0.0000000420202753,-0.9613118171691895,-0.8843626976013184,0.0000000000000000,1.0000000000000000,-0.0000000437113883,-0.0000000212337845,0.9613118171691895,0.0000000120408492,0.2754625678062439,1.7358667850494385,0.0000000000000000,0.0000000000000000,0.0000000000000000,1.0000000000000000
M 0.5555700659751892,-0.0000000363446944,-0.8314697146415710,-0.4744594097137451,0.0000000000000000,1.0000000000000000,-0.0000000437113883,-0.0000000212337845,0.8314697146415710,0.0000000242847431,0.5555700659751892,1.4501507282257080,0.0000000000000000,0.0000000000000000,0.0000000000000000,1.0000000000000000
M 0.7619394659996033,-0.0000000283096018,-0.6476482152938843,-0.1972579509019852,0.0000000000000000,1.0000000000000000,-0.0000000437113883,-0.0000000212337845,0.6476482152938843,0.0000000333054331,0.7619394659996033,1.0991438627243042,0.0000000000000000,0.0000000000000000,0.0000000000000000,1.0000000000000000
M 0.8936328887939453,-0.0000000196176124,-0.4487986564636230,-0.0432979427278042,0.0000000000000000,1.0000000000000000,-0.0000000437113883,-0.0000000212337845,0.4487986564636230,0.0000000390619341,0.8936328887939453,0.7451885938644409,0.0000000000000000,0.0000000000000000,0.0000000000000000,1.0000000000000000
M 0.9637760519981384,-0.0000000116583916,-0.2667128741741180,0.0172811057418585,0.0000000000000000,1.0000000000000000,-0.0000000437113883,-0.0000000212337845,0.2667128741741180,0.0000000421279971,0.9637760519981384,0.4352616369724274,0.0000000000000000,0.0000000000000000,0.0000000000000000,1.0000000000000000
M 0.9923679232597351,-0.0000000053901545,-0.1233123391866684,0.0225179456174374,0.0000000000000000,1.0000000000000000,-0.0000000437113883,-0.0000000212337845,0.1233123391866684,0.0000000433777814,0.9923679232597351,0.1986755579710007,0.0000000000000000,0.0000000000000000,0.0000000000000000,1.0000000000000000
M 0.9994938969612122,-0.0000000013904795,-0.0318104624748230,0.0081401197239757,0.0000000000000000,1.0000000000000000,-0.0000000437113883,-0.0000000212337845,0.0318104624748230,0.0000000436892655,0.9994938969612122,0.0508402623236179,0.0000000000000000,0.0000000000000000,0.0000000000000000,1.0000000000000000
M 1.0000000000000000,0.0000000000000076,0.0000001748455531,-0.0000000491752985,0.0000000000000000,1.0000000000000000,-0.0000000437113883,-0.0000000212337845,-0.0000001748455531,0.0000000437113883,1.0000000000000000,-0.0000002760540099,0.0000000000000000,0.0000000000000000,0.0000000000000000,1.0000000000000000
