O Idle
A Idle_Idle
M 1.0000000000000000,0.0000000000000000,0.0000000000000000,0.0000000000000000,0.0000000000000000,1.0000000000000000,-0.0000000437113883,-0.0000000276898007,-0.0000000000000000,0.0000000437113883,1.0000000000000000,-0.0000000578672399,0.0000000000000000,0.0000000000000000,0.0000000000000000,1.0000000000000000
M 0.9700312614440918,0.0000000106210001,0.2429801672697067,-0.2575327157974243,0.0000000000000000,1.0000000000000000,-0.0000000437113883,-0.0000000276898007,-0.2429801672697067,0.0000000424014210,0.9700312614440918,0.2244796007871628,0.0000000000000000,0.0000000000000000,0.0000000000000000,1.0000000000000000
M 0.7071067690849304,0.0000000309086161,0.7071067690849304,-0.5887693166732788,0.0000000000000000,1.0000000000000000,-0.0000000437113883,-0.0000000276898007,-0.7071067690849304,0.0000000309086197,0.7071067690849304,0.8910849094390869,0.0000000000000000,0.0000000000000000,0.0000000000000000,1.0000000000000000
M 0.2429802417755127,0.0000000424014210,0.9700312614440918,-0.5301768779754639,0.0000000000000000,1.0000000000000000,-0.0000000437113883,-0.0000000276898007,-0.9700312614440918,0.0000000106210036,0.2429802417755127,1.6331409215927124,0.0000000000000000,0.0000000000000000,0.0000000000000000,1.0000000000000000
M -0.0000000437113883,0.0000000437113883,1.0000000000000000,-0.3749999105930328,0.0000000000000000,1.0000000000000000,-0.0000000437113883,-0.0000000276898007,-1.0000000000000000,-0.0000000000000019,-0.0000000437113883,1.9374998807907104,0.0000000000000000,0.0000000000000000,0.0000000000000000,1.0000000000000000
