O DOOR_1_CG_d1_LCG_cab1_INTERIOR
A DOOR_1_CG_d1_LCG_cab1_INTERIOR_DOOR_1_CG_d1_LCG_cab1_INTERIOR
M 1.0000000000000000,0.0000000000000000,0.0000000000000000,0.0000000000000000,0.0000000000000000,1.0000000000000000,-0.0000000437113883,0.0000000177589854,-0.0000000000000000,0.0000000437113883,1.0000000000000000,-0.0000000012438193,0.0000000000000000,0.0000000000000000,0.0000000000000000,1.0000000000000000
M 0.9965844750404358,-0.0000000036096577,-0.0825793445110321,0.0835354551672935,0.0000000000000000,1.0000000000000000,-0.0000000437113883,0.0000000177589854,0.0825793445110321,0.0000000435620926,0.9965844750404358,0.6678048968315125,0.0000000000000000,0.0000000000000000,0.0000000000000000,1.0000000000000000
M 0.9863613247871399,-0.0000000071946582,-0.1645945906639099,0.1116382703185081,0.0000000000000000,1.0000000000000000,-0.0000000437113883,0.0000000177589854,0.1645945906639099,0.0000000431152287,0.9863613247871399,1.3402272462844849,0.0000000000000000,0.0000000000000000,0.0000000000000000,1.0000000000000000
M 0.9694002866744995,-0.0000000107305116,-0.2454854846000671,0.0841173231601715,0.0000000000000000,1.0000000000000000,-0.0000000437113883,0.0000000177589854,0.2454854846000671,0.0000000423738307,0.9694002866744995,2.0126736164093018,0.0000000000000000,0.0000000000000000,0.0000000000000000,1.0000000000000000
M 0.9458172321319580,-0.0000000141930645,-0.3246994614601135,0.0011594806564972,0.0000000000000000,1.0000000000000000,-0.0000000437113883,0.0000000177589854,0.3246994614601135,0.0000000413429859,0.9458172321319580,2.6805505752563477,0.0000000000000000,0.0000000000000000,0.0000000000000000,1.0000000000000000
M 0.9157733321189880,-0.0000000175586674,-0.4016954004764557,-0.1366673558950424,0.0000000000000000,1.0000000000000000,-0.0000000437113883,0.0000000177589854,0.4016954004764557,0.0000000400297253,0.9157733321189880,3.3392956256866455,0.0000000000000000,0.0000000000000000,0.0000000000000000,1.0000000000000000
M 0.8794737458229065,-0.0000000208043200,-0.4759473800659180,-0.3284223675727844,0.0000000000000000,1.0000000000000000,-0.0000000437113883,0.0000000177589854,0.4759473800659180,0.0000000384430194,0.8794737458229065,3.9844093322753906,0.0000000000000000,0.0000000000000000,0.0000000000000000,1.0000000000000000
M 0.8371664881706238,-0.0000000239078624,-0.5469481348991394,-0.5727949142456055,0.0000000000000000,1.0000000000000000,-0.0000000437113883,0.0000000177589854,0.5469481348991394,0.0000000365937112,0.8371664881706238,4.6114850044250488,0.0000000000000000,0.0000000000000000,0.0000000000000000,1.0000000000000000
M 0.7891405224800110,-0.0000000268480900,-0.6142126917839050,-0.8681169748306274,0.0000000000000000,1.0000000000000000,-0.0000000437113883,0.0000000177589854,0.6142126917839050,0.0000000344944304,0.7891405224800110,5.2162380218505859,0.0000000000000000,0.0000000000000000,0.0000000000000000,1.0000000000000000
M 0.7357239723205566,-0.0000000296049105,-0.6772814989089966,-1.2123701572418213,0.0000000000000000,1.0000000000000000,-0.0000000437113883,0.0000000177589854,0.6772814989089966,0.0000000321595195,0.7357239723205566,5.7945375442504883,0.0000000000000000,0.0000000000000000,0.0000000000000000,1.0000000000000000
M 0.6772816181182861,-0.0000000321595124,-0.7357238531112671,-1.6032032966613770,0.0000000000000000,1.0000000000000000,-0.0000000437113883,0.0000000177589854,0.7357238531112671,0.0000000296049194,0.6772816181182861,6.3424348831176758,0.0000000000000000,0.0000000000000000,0.0000000000000000,1.0000000000000000
M 0.6142126917839050,-0.0000000344944304,-0.7891405224800110,-2.0379469394683838,0.0000000000000000,1.0000000000000000,-0.0000000437113883,0.0000000177589854,0.7891405224800110,0.0000000268480900,0.6142126917839050,6.8561863899230957,0.0000000000000000,0.0000000000000000,0.0000000000000000,1.0000000000000000
M 0.5469481945037842,-0.0000000365937112,-0.8371664881706238,-2.5136299133300781,0.0000000000000000,1.0000000000000000,-0.0000000437113883,0.0000000177589854,0.8371664881706238,0.0000000239078677,0.5469481945037842,7.3322820663452148,0.0000000000000000,0.0000000000000000,0.0000000000000000,1.0000000000000000
M 0.4759474694728851,-0.0000000384430194,-0.8794737458229065,-3.0270042419433594,0.0000000000000000,1.0000000000000000,-0.0000000437113883,0.0000000177589854,0.8794737458229065,0.0000000208043254,0.4759474694728851,7.7674689292907715,0.0000000000000000,0.0000000000000000,0.0000000000000000,1.0000000000000000
M 0.4016954302787781,-0.0000000400297253,-0.9157733321189880,-3.5745632648468018,0.0000000000000000,1.0000000000000000,-0.0000000437113883,0.0000000177589854,0.9157733321189880,0.0000000175586656,0.4016954302787781,8.1587762832641602,0.0000000000000000,0.0000000000000000,0.0000000000000000,1.0000000000000000
M 0.3246995508670807,-0.0000000413429859,-0.9458172321319580,-4.1525650024414062,0.0000000000000000,1.0000000000000000,-0.0000000437113883,0.0000000177589854,0.9458172321319580,0.0000000141930698,0.3246995508670807,8.5035295486450195,0.0000000000000000,0.0000000000000000,0.0000000000000000,1.0000000000000000
M 0.2454854995012283,-0.0000000423738307,-0.9694002866744995,-4.7570629119873047,0.0000000000000000,1.0000000000000000,-0.0000000437113883,0.0000000177589854,0.9694002866744995,0.0000000107305116,0.2454854995012283,8.7993745803833008,0.0000000000000000,0.0000000000000000,0.0000000000000000,1.0000000000000000
M 0.1645946651697159,-0.0000000431152216,-0.9863612651824951,-5.3839259147644043,0.0000000000000000,1.0000000000000000,-0.0000000437113883,0.0000000177589854,0.9863612651824951,0.0000000071946613,0.1645946651697159,9.0442895889282227,0.0000000000000000,0.0000000000000000,0.0000000000000000,1.0000000000000000
M 0.0825794786214828,-0.0000000435620926,-0.9965844750404358,-6.0288734436035156,0.0000000000000000,1.0000000000000000,-0.0000000437113883,0.0000000177589854,0.9965844750404358,0.0000000036096637,0.0825794786214828,9.2366027832031250,0.0000000000000000,0.0000000000000000,0.0000000000000000,1.0000000000000000
M 0.0000000754979013,-0.0000000437113883,-1.0000000000000000,-6.6874995231628418,0.0000000000000000,1.0000000000000000,-0.0000000437113883,0.0000000177589854,1.0000000000000000,0.0000000000000033,0.0000000754979013,9.3750000000000000,0.0000000000000000,0.0000000000000000,0.0000000000000000,1.0000000000000000
O DOOR_1_EXTERNAL
A DOOR_1_EXTERNAL_DOOR_1_EXTERNAL
M 1.0000000000000000,0.0000000000000000,0.0000000000000000,0.0000000000000000,0.0000000000000000,1.0000000000000000,-0.0000000437113883,0.0000000177589854,-0.0000000000000000,0.0000000437113883,1.0000000000000000,-0.0000000012438193,0.0000000000000000,0.0000000000000000,0.0000000000000000,1.0000000000000000
M 0.9965844750404358,-0.0000000036096577,-0.0825793445110321,0.0835354551672935,0.0000000000000000,1.0000000000000000,-0.0000000437113883,0.0000000177589854,0.0825793445110321,0.0000000435620926,0.9965844750404358,0.6678048968315125,0.0000000000000000,0.0000000000000000,0.0000000000000000,1.0000000000000000
M 0.9863613247871399,-0.0000000071946582,-0.1645945906639099,0.1116382703185081,0.0000000000000000,1.0000000000000000,-0.0000000437113883,0.0000000177589854,0.1645945906639099,0.0000000431152287,0.9863613247871399,1.3402272462844849,0.0000000000000000,0.0000000000000000,0.0000000000000000,1.0000000000000000
M 0.9694002866744995,-0.0000000107305116,-0.2454854846000671,0.0841173231601715,0.0000000000000000,1.0000000000000000,-0.0000000437113883,0.0000000177589854,0.2454854846000671,0.0000000423738307,0.9694002866744995,2.0126736164093018,0.0000000000000000,0.0000000000000000,0.0000000000000000,1.0000000000000000
M 0.9458172321319580,-0.0000000141930645,-0.3246994614601135,0.0011594806564972,0.0000000000000000,1.0000000000000000,-0.0000000437113883,0.0000000177589854,0.3246994614601135,0.0000000413429859,0.9458172321319580,2.6805505752563477,0.0000000000000000,0.0000000000000000,0.0000000000000000,1.0000000000000000
M 0.9157733321189880,-0.0000000175586674,-0.4016954004764557,-0.1366673558950424,0.0000000000000000,1.0000000000000000,-0.0000000437113883,0.0000000177589854,0.4016954004764557,0.0000000400297253,0.9157733321189880,3.3392956256866455,0.0000000000000000,0.0000000000000000,0.0000000000000000,1.0000000000000000
M 0.8794737458229065,-0.0000000208043200,-0.4759473800659180,-0.3284223675727844,0.0000000000000000,1.0000000000000000,-0.0000000437113883,0.0000000177589854,0.4759473800659180,0.0000000384430194,0.8794737458229065,3.9844093322753906,0.0000000000000000,0.0000000000000000,0.0000000000000000,1.0000000000000000
M 0.8371664881706238,-0.0000000239078624,-0.5469481348991394,-0.5727949142456055,0.0000000000000000,1.0000000000000000,-0.0000000437113883,0.0000000177589854,0.5469481348991394,0.0000000365937112,0.8371664881706238,4.6114850044250488,0.0000000000000000,0.0000000000000000,0.0000000000000000,1.0000000000000000
M 0.7891405224800110,-0.0000000268480900,-0.6142126917839050,-0.8681169748306274,0.0000000000000000,1.0000000000000000,-0.0000000437113883,0.0000000177589854,0.6142126917839050,0.0000000344944304,0.7891405224800110,5.2162380218505859,0.0000000000000000,0.0000000000000000,0.0000000000000000,1.0000000000000000
M 0.7357239723205566,-0.0000000296049105,-0.6772814989089966,-1.2123701572418213,0.0000000000000000,1.0000000000000000,-0.0000000437113883,0.0000000177589854,0.6772814989089966,0.0000000321595195,0.7357239723205566,5.7945375442504883,0.0000000000000000,0.0000000000000000,0.0000000000000000,1.0000000000000000
M 0.6772816181182861,-0.0000000321595124,-0.7357238531112671,-1.6032032966613770,0.0000000000000000,1.0000000000000000,-0.0000000437113883,0.0000000177589854,0.7357238531112671,0.0000000296049194,0.6772816181182861,6.3424348831176758,0.0000000000000000,0.0000000000000000,0.0000000000000000,1.0000000000000000
M 0.6142126917839050,-0.0000000344944304,-0.7891405224800110,-2.0379469394683838,0.0000000000000000,1.0000000000000000,-0.0000000437113883,0.0000000177589854,0.7891405224800110,0.0000000268480900,0.6142126917839050,6.8561863899230957,0.0000000000000000,0.0000000000000000,0.0000000000000000,1.0000000000000000
M 0.5469481945037842,-0.0000000365937112,-0.8371664881706238,-2.5136299133300781,0.0000000000000000,1.0000000000000000,-0.0000000437113883,0.0000000177589854,0.8371664881706238,0.0000000239078677,0.5469481945037842,7.3322820663452148,0.0000000000000000,0.0000000000000000,0.0000000000000000,1.0000000000000000
M 0.4759474694728851,-0.0000000384430194,-0.8794737458229065,-3.0270042419433594,0.0000000000000000,1.0000000000000000,-0.0000000437113883,0.0000000177589854,0.8794737458229065,0.0000000208043254,0.4759474694728851,7.7674689292907715,0.0000000000000000,0.0000000000000000,0.0000000000000000,1.0000000000000000
M 0.4016954302787781,-0.0000000400297253,-0.9157733321189880,-3.5745632648468018,0.0000000000000000,1.0000000000000000,-0.0000000437113883,0.0000000177589854,0.9157733321189880,0.0000000175586656,0.4016954302787781,8.1587762832641602,0.0000000000000000,0.0000000000000000,0.0000000000000000,1.0000000000000000
M 0.3246995508670807,-0.0000000413429859,-0.9458172321319580,-4.1525650024414062,0.0000000000000000,1.0000000000000000,-0.0000000437113883,0.0000000177589854,0.9458172321319580,0.0000000141930698,0.3246995508670807,8.5035295486450195,0.0000000000000000,0.0000000000000000,0.0000000000000000,1.0000000000000000
M 0.2454854995012283,-0.0000000423738307,-0.9694002866744995,-4.7570629119873047,0.0000000000000000,1.0000000000000000,-0.0000000437113883,0.0000000177589854,0.9694002866744995,0.0000000107305116,0.2454854995012283,8.7993745803833008,0.0000000000000000,0.0000000000000000,0.0000000000000000,1.0000000000000000
M 0.1645946651697159,-0.0000000431152216,-0.9863612651824951,-5.3839259147644043,0.0000000000000000,1.0000000000000000,-0.0000000437113883,0.0000000177589854,0.9863612651824951,0.0000000071946613,0.1645946651697159,9.0442895889282227,0.0000000000000000,0.0000000000000000,0.0000000000000000,1.0000000000000000
M 0.0825794786214828,-0.0000000435620926,-0.9965844750404358,-6.0288734436035156,0.0000000000000000,1.0000000000000000,-0.0000000437113883,0.0000000177589854,0.9965844750404358,0.0000000036096637,0.0825794786214828,9.2366027832031250,0.0000000000000000,0.0000000000000000,0.0000000000000000,1.0000000000000000
M 0.0000000754979013,-0.0000000437113883,-1.0000000000000000,-6.6874995231628418,0.0000000000000000,1.0000000000000000,-0.0000000437113883,0.0000000177589854,1.0000000000000000,0.0000000000000033,0.0000000754979013,9.3750000000000000,0.0000000000000000,0.0000000000000000,0.0000000000000000,1.0000000000000000
O WINDOW_1
A WINDOW_1_WINDOW_1
M 1.0000000000000000,0.0000000000000000,0.0000000000000000,0.0000000000000000,0.0000000000000000,1.0000000000000000,-0.0000000437113883,0.0000000177589854,-0.0000000000000000,0.0000000437113883,1.0000000000000000,-0.0000000012438193,0.0000000000000000,0.0000000000000000,0.0000000000000000,1.0000000000000000
M 0.9965844750404358,-0.0000000036096577,-0.0825793445110321,0.0835354551672935,0.0000000000000000,1.0000000000000000,-0.0000000437113883,0.0000000177589854,0.0825793445110321,0.0000000435620926,0.9965844750404358,0.6678048968315125,0.0000000000000000,0.0000000000000000,0.0000000000000000,1.0000000000000000
M 0.9863613247871399,-0.0000000071946582,-0.1645945906639099,0.1116382703185081,0.0000000000000000,1.0000000000000000,-0.0000000437113883,0.0000000177589854,0.1645945906639099,0.0000000431152287,0.9863613247871399,1.3402272462844849,0.0000000000000000,0.0000000000000000,0.0000000000000000,1.0000000000000000
M 0.9694002866744995,-0.0000000107305116,-0.2454854846000671,0.0841173231601715,0.0000000000000000,1.0000000000000000,-0.0000000437113883,0.0000000177589854,0.2454854846000671,0.0000000423738307,0.9694002866744995,2.0126736164093018,0.0000000000000000,0.0000000000000000,0.0000000000000000,1.0000000000000000
M 0.9458172321319580,-0.0000000141930645,-0.3246994614601135,0.0011594806564972,0.0000000000000000,1.0000000000000000,-0.0000000437113883,0.0000000177589854,0.3246994614601135,0.0000000413429859,0.9458172321319580,2.6805505752563477,0.0000000000000000,0.0000000000000000,0.0000000000000000,1.0000000000000000
M 0.9157733321189880,-0.0000000175586674,-0.4016954004764557,-0.1366673558950424,0.0000000000000000,1.0000000000000000,-0.0000000437113883,0.0000000177589854,0.4016954004764557,0.0000000400297253,0.9157733321189880,3.3392956256866455,0.0000000000000000,0.0000000000000000,0.0000000000000000,1.0000000000000000
M 0.8794737458229065,-0.0000000208043200,-0.4759473800659180,-0.3284223675727844,0.0000000000000000,1.0000000000000000,-0.0000000437113883,0.0000000177589854,0.4759473800659180,0.0000000384430194,0.8794737458229065,3.9844093322753906,0.0000000000000000,0.0000000000000000,0.0000000000000000,1.0000000000000000
M 0.8371664881706238,-0.0000000239078624,-0.5469481348991394,-0.5727949142456055,0.0000000000000000,1.0000000000000000,-0.0000000437113883,0.0000000177589854,0.5469481348991394,0.0000000365937112,0.8371664881706238,4.6114850044250488,0.0000000000000000,0.0000000000000000,0.0000000000000000,1.0000000000000000
M 0.7891405224800110,-0.0000000268480900,-0.6142126917839050,-0.8681169748306274,0.0000000000000000,1.0000000000000000,-0.0000000437113883,0.0000000177589854,0.6142126917839050,0.0000000344944304,0.7891405224800110,5.2162380218505859,0.0000000000000000,0.0000000000000000,0.0000000000000000,1.0000000000000000
M 0.7357239723205566,-0.0000000296049105,-0.6772814989089966,-1.2123701572418213,0.0000000000000000,1.0000000000000000,-0.0000000437113883,0.0000000177589854,0.6772814989089966,0.0000000321595195,0.7357239723205566,5.7945375442504883,0.0000000000000000,0.0000000000000000,0.0000000000000000,1.0000000000000000
M 0.6772816181182861,-0.0000000321595124,-0.7357238531112671,-1.6032032966613770,0.0000000000000000,1.0000000000000000,-0.0000000437113883,0.0000000177589854,0.7357238531112671,0.0000000296049194,0.6772816181182861,6.3424348831176758,0.0000000000000000,0.0000000000000000,0.0000000000000000,1.0000000000000000
M 0.6142126917839050,-0.0000000344944304,-0.7891405224800110,-2.0379469394683838,0.0000000000000000,1.0000000000000000,-0.0000000437113883,0.0000000177589854,0.7891405224800110,0.0000000268480900,0.6142126917839050,6.8561863899230957,0.0000000000000000,0.0000000000000000,0.0000000000000000,1.0000000000000000
M 0.5469481945037842,-0.0000000365937112,-0.8371664881706238,-2.5136299133300781,0.0000000000000000,1.0000000000000000,-0.0000000437113883,0.0000000177589854,0.8371664881706238,0.0000000239078677,0.5469481945037842,7.3322820663452148,0.0000000000000000,0.0000000000000000,0.0000000000000000,1.0000000000000000
M 0.4759474694728851,-0.0000000384430194,-0.8794737458229065,-3.0270042419433594,0.0000000000000000,1.0000000000000000,-0.0000000437113883,0.0000000177589854,0.8794737458229065,0.0000000208043254,0.4759474694728851,7.7674689292907715,0.0000000000000000,0.0000000000000000,0.0000000000000000,1.0000000000000000
M 0.4016954302787781,-0.0000000400297253,-0.9157733321189880,-3.5745632648468018,0.0000000000000000,1.0000000000000000,-0.0000000437113883,0.0000000177589854,0.9157733321189880,0.0000000175586656,0.4016954302787781,8.1587762832641602,0.0000000000000000,0.0000000000000000,0.0000000000000000,1.0000000000000000
M 0.3246995508670807,-0.0000000413429859,-0.9458172321319580,-4.1525650024414062,0.0000000000000000,1.0000000000000000,-0.0000000437113883,0.0000000177589854,0.9458172321319580,0.0000000141930698,0.3246995508670807,8.5035295486450195,0.0000000000000000,0.0000000000000000,0.0000000000000000,1.0000000000000000
M 0.2454854995012283,-0.0000000423738307,-0.9694002866744995,-4.7570629119873047,0.0000000000000000,1.0000000000000000,-0.0000000437113883,0.0000000177589854,0.9694002866744995,0.0000000107305116,0.2454854995012283,8.7993745803833008,0.0000000000000000,0.0000000000000000,0.0000000000000000,1.0000000000000000
M 0.1645946651697159,-0.0000000431152216,-0.9863612651824951,-5.3839259147644043,0.0000000000000000,1.0000000000000000,-0.0000000437113883,0.0000000177589854,0.9863612651824951,0.0000000071946613,0.1645946651697159,9.0442895889282227,0.0000000000000000,0.0000000000000000,0.0000000000000000,1.0000000000000000
M 0.0825794786214828,-0.0000000435620926,-0.9965844750404358,-6.0288734436035156,0.0000000000000000,1.0000000000000000,-0.0000000437113883,0.0000000177589854,0.9965844750404358,0.0000000036096637,0.0825794786214828,9.2366027832031250,0.0000000000000000,0.0000000000000000,0.0000000000000000,1.0000000000000000
M 0.0000000754979013,-0.0000000437113883,-1.0000000000000000,-6.6874995231628418,0.0000000000000000,1.0000000000000000,-0.0000000437113883,0.0000000177589854,1.0000000000000000,0.0000000000000033,0.0000000754979013,9.3750000000000000,0.0000000000000000,0.0000000000000000,0.0000000000000000,1.0000000000000000
O WINDOW_1_INTERIOR_LCG_cab1
A WINDOW_1_INTERIOR_LCG_cab1_WINDOW_1_INTERIOR_LCG_cab1
M 1.0000000000000000,0.0000000000000000,0.0000000000000000,0.0000000000000000,0.0000000000000000,1.0000000000000000,-0.0000000437113883,0.0000000177589854,-0.0000000000000000,0.0000000437113883,1.0000000000000000,-0.0000000012438193,0.0000000000000000,0.0000000000000000,0.0000000000000000,1.0000000000000000
M 0.9965844750404358,-0.0000000036096577,-0.0825793445110321,0.0835354551672935,0.0000000000000000,1.0000000000000000,-0.0000000437113883,0.0000000177589854,0.0825793445110321,0.0000000435620926,0.9965844750404358,0.6678048968315125,0.0000000000000000,0.0000000000000000,0.0000000000000000,1.0000000000000000
M 0.9863613247871399,-0.0000000071946582,-0.1645945906639099,0.1116382703185081,0.0000000000000000,1.0000000000000000,-0.0000000437113883,0.0000000177589854,0.1645945906639099,0.0000000431152287,0.9863613247871399,1.3402272462844849,0.0000000000000000,0.0000000000000000,0.0000000000000000,1.0000000000000000
M 0.9694002866744995,-0.0000000107305116,-0.2454854846000671,0.0841173231601715,0.0000000000000000,1.0000000000000000,-0.0000000437113883,0.0000000177589854,0.2454854846000671,0.0000000423738307,0.9694002866744995,2.0126736164093018,0.0000000000000000,0.0000000000000000,0.0000000000000000,1.0000000000000000
M 0.9458172321319580,-0.0000000141930645,-0.3246994614601135,0.0011594806564972,0.0000000000000000,1.0000000000000000,-0.0000000437113883,0.0000000177589854,0.3246994614601135,0.0000000413429859,0.9458172321319580,2.6805505752563477,0.0000000000000000,0.0000000000000000,0.0000000000000000,1.0000000000000000
M 0.9157733321189880,-0.0000000175586674,-0.4016954004764557,-0.1366673558950424,0.0000000000000000,1.0000000000000000,-0.0000000437113883,0.0000000177589854,0.4016954004764557,0.0000000400297253,0.9157733321189880,3.3392956256866455,0.0000000000000000,0.0000000000000000,0.0000000000000000,1.0000000000000000
M 0.8794737458229065,-0.0000000208043200,-0.4759473800659180,-0.3284223675727844,0.0000000000000000,1.0000000000000000,-0.0000000437113883,0.0000000177589854,0.4759473800659180,0.0000000384430194,0.8794737458229065,3.9844093322753906,0.0000000000000000,0.0000000000000000,0.0000000000000000,1.0000000000000000
M 0.8371664881706238,-0.0000000239078624,-0.5469481348991394,-0.5727949142456055,0.0000000000000000,1.0000000000000000,-0.0000000437113883,0.0000000177589854,0.5469481348991394,0.0000000365937112,0.8371664881706238,4.6114850044250488,0.0000000000000000,0.0000000000000000,0.0000000000000000,1.0000000000000000
M 0.7891405224800110,-0.0000000268480900,-0.6142126917839050,-0.8681169748306274,0.0000000000000000,1.0000000000000000,-0.0000000437113883,0.0000000177589854,0.6142126917839050,0.0000000344944304,0.7891405224800110,5.2162380218505859,0.0000000000000000,0.0000000000000000,0.0000000000000000,1.0000000000000000
M 0.7357239723205566,-0.0000000296049105,-0.6772814989089966,-1.2123701572418213,0.0000000000000000,1.0000000000000000,-0.0000000437113883,0.0000000177589854,0.6772814989089966,0.0000000321595195,0.7357239723205566,5.7945375442504883,0.0000000000000000,0.0000000000000000,0.0000000000000000,1.0000000000000000
M 0.6772816181182861,-0.0000000321595124,-0.7357238531112671,-1.6032032966613770,0.0000000000000000,1.0000000000000000,-0.0000000437113883,0.0000000177589854,0.7357238531112671,0.0000000296049194,0.6772816181182861,6.3424348831176758,0.0000000000000000,0.0000000000000000,0.0000000000000000,1.0000000000000000
M 0.6142126917839050,-0.0000000344944304,-0.7891405224800110,-2.0379469394683838,0.0000000000000000,1.0000000000000000,-0.0000000437113883,0.0000000177589854,0.7891405224800110,0.0000000268480900,0.6142126917839050,6.8561863899230957,0.0000000000000000,0.0000000000000000,0.0000000000000000,1.0000000000000000
M 0.5469481945037842,-0.0000000365937112,-0.8371664881706238,-2.5136299133300781,0.0000000000000000,1.0000000000000000,-0.0000000437113883,0.0000000177589854,0.8371664881706238,0.0000000239078677,0.5469481945037842,7.3322820663452148,0.0000000000000000,0.0000000000000000,0.0000000000000000,1.0000000000000000
M 0.4759474694728851,-0.0000000384430194,-0.8794737458229065,-3.0270042419433594,0.0000000000000000,1.0000000000000000,-0.0000000437113883,0.0000000177589854,0.8794737458229065,0.0000000208043254,0.4759474694728851,7.7674689292907715,0.0000000000000000,0.0000000000000000,0.0000000000000000,1.0000000000000000
M 0.4016954302787781,-0.0000000400297253,-0.9157733321189880,-3.5745632648468018,0.0000000000000000,1.0000000000000000,-0.0000000437113883,0.0000000177589854,0.9157733321189880,0.0000000175586656,0.4016954302787781,8.1587762832641602,0.0000000000000000,0.0000000000000000,0.0000000000000000,1.0000000000000000
M 0.3246995508670807,-0.0000000413429859,-0.9458172321319580,-4.1525650024414062,0.0000000000000000,1.0000000000000000,-0.0000000437113883,0.0000000177589854,0.9458172321319580,0.0000000141930698,0.3246995508670807,8.5035295486450195,0.0000000000000000,0.0000000000000000,0.0000000000000000,1.0000000000000000
M 0.2454854995012283,-0.0000000423738307,-0.9694002866744995,-4.7570629119873047,0.0000000000000000,1.0000000000000000,-0.0000000437113883,0.0000000177589854,0.9694002866744995,0.0000000107305116,0.2454854995012283,8.7993745803833008,0.0000000000000000,0.0000000000000000,0.0000000000000000,1.0000000000000000
M 0.1645946651697159,-0.0000000431152216,-0.9863612651824951,-5.3839259147644043,0.0000000000000000,1.0000000000000000,-0.0000000437113883,0.0000000177589854,0.9863612651824951,0.0000000071946613,0.1645946651697159,9.0442895889282227,0.0000000000000000,0.0000000000000000,0.0000000000000000,1.0000000000000000
M 0.0825794786214828,-0.0000000435620926,-0.9965844750404358,-6.0288734436035156,0.0000000000000000,1.0000000000000000,-0.0000000437113883,0.0000000177589854,0.9965844750404358,0.0000000036096637,0.0825794786214828,9.2366027832031250,0.0000000000000000,0.0000000000000000,0.0000000000000000,1.0000000000000000
M 0.0000000754979013,-0.0000000437113883,-1.0000000000000000,-6.6874995231628418,0.0000000000000000,1.0000000000000000,-0.0000000437113883,0.0000000177589854,1.0000000000000000,0.0000000000000033,0.0000000754979013,9.3750000000000000,0.0000000000000000,0.0000000000000000,0.0000000000000000,1.0000000000000000
O WINDOW_1_ROT_-105_INTERIOR_LCG_cab1
A WINDOW_1_ROT_-105_INTERIOR_LCG_cab1_WINDOW_1_ROT_-105_INTERIOR_LCG_cab1
M 1.0000000000000000,0.0000000000000000,0.0000000000000000,0.0000000000000000,0.0000000000000000,1.0000000000000000,-0.0000000437113883,0.0000000177589854,-0.0000000000000000,0.0000000437113883,1.0000000000000000,-0.0000000012438193,0.0000000000000000,0.0000000000000000,0.0000000000000000,1.0000000000000000
M 0.9965844750404358,-0.0000000036096577,-0.0825793445110321,0.0835354551672935,0.0000000000000000,1.0000000000000000,-0.0000000437113883,0.0000000177589854,0.0825793445110321,0.0000000435620926,0.9965844750404358,0.6678048968315125,0.0000000000000000,0.0000000000000000,0.0000000000000000,1.0000000000000000
M 0.9863613247871399,-0.0000000071946582,-0.1645945906639099,0.1116382703185081,0.0000000000000000,1.0000000000000000,-0.0000000437113883,0.0000000177589854,0.1645945906639099,0.0000000431152287,0.9863613247871399,1.3402272462844849,0.0000000000000000,0.0000000000000000,0.0000000000000000,1.0000000000000000
M 0.9694002866744995,-0.0000000107305116,-0.2454854846000671,0.0841173231601715,0.0000000000000000,1.0000000000000000,-0.0000000437113883,0.0000000177589854,0.2454854846000671,0.0000000423738307,0.9694002866744995,2.0126736164093018,0.0000000000000000,0.0000000000000000,0.0000000000000000,1.0000000000000000
M 0.9458172321319580,-0.0000000141930645,-0.3246994614601135,0.0011594806564972,0.0000000000000000,1.0000000000000000,-0.0000000437113883,0.0000000177589854,0.3246994614601135,0.0000000413429859,0.9458172321319580,2.6805505752563477,0.0000000000000000,0.0000000000000000,0.0000000000000000,1.0000000000000000
M 0.9157733321189880,-0.0000000175586674,-0.4016954004764557,-0.1366673558950424,0.0000000000000000,1.0000000000000000,-0.0000000437113883,0.0000000177589854,0.4016954004764557,0.0000000400297253,0.9157733321189880,3.3392956256866455,0.0000000000000000,0.0000000000000000,0.0000000000000000,1.0000000000000000
M 0.8794737458229065,-0.0000000208043200,-0.4759473800659180,-0.3284223675727844,0.0000000000000000,1.0000000000000000,-0.0000000437113883,0.0000000177589854,0.4759473800659180,0.0000000384430194,0.8794737458229065,3.9844093322753906,0.0000000000000000,0.0000000000000000,0.0000000000000000,1.0000000000000000
M 0.8371664881706238,-0.0000000239078624,-0.5469481348991394,-0.5727949142456055,0.0000000000000000,1.0000000000000000,-0.0000000437113883,0.0000000177589854,0.5469481348991394,0.0000000365937112,0.8371664881706238,4.6114850044250488,0.0000000000000000,0.0000000000000000,0.0000000000000000,1.0000000000000000
M 0.7891405224800110,-0.0000000268480900,-0.6142126917839050,-0.8681169748306274,0.0000000000000000,1.0000000000000000,-0.0000000437113883,0.0000000177589854,0.6142126917839050,0.0000000344944304,0.7891405224800110,5.2162380218505859,0.0000000000000000,0.0000000000000000,0.0000000000000000,1.0000000000000000
M 0.7357239723205566,-0.0000000296049105,-0.6772814989089966,-1.2123701572418213,0.0000000000000000,1.0000000000000000,-0.0000000437113883,0.0000000177589854,0.6772814989089966,0.0000000321595195,0.7357239723205566,5.7945375442504883,0.0000000000000000,0.0000000000000000,0.0000000000000000,1.0000000000000000
M 0.6772816181182861,-0.0000000321595124,-0.7357238531112671,-1.6032032966613770,0.0000000000000000,1.0000000000000000,-0.0000000437113883,0.0000000177589854,0.7357238531112671,0.0000000296049194,0.6772816181182861,6.3424348831176758,0.0000000000000000,0.0000000000000000,0.0000000000000000,1.0000000000000000
M 0.6142126917839050,-0.0000000344944304,-0.7891405224800110,-2.0379469394683838,0.0000000000000000,1.0000000000000000,-0.0000000437113883,0.0000000177589854,0.7891405224800110,0.0000000268480900,0.6142126917839050,6.8561863899230957,0.0000000000000000,0.0000000000000000,0.0000000000000000,1.0000000000000000
M 0.5469481945037842,-0.0000000365937112,-0.8371664881706238,-2.5136299133300781,0.0000000000000000,1.0000000000000000,-0.0000000437113883,0.0000000177589854,0.8371664881706238,0.0000000239078677,0.5469481945037842,7.3322820663452148,0.0000000000000000,0.0000000000000000,0.0000000000000000,1.0000000000000000
M 0.4759474694728851,-0.0000000384430194,-0.8794737458229065,-3.0270042419433594,0.0000000000000000,1.0000000000000000,-0.0000000437113883,0.0000000177589854,0.8794737458229065,0.0000000208043254,0.4759474694728851,7.7674689292907715,0.0000000000000000,0.0000000000000000,0.0000000000000000,1.0000000000000000
M 0.4016954302787781,-0.0000000400297253,-0.9157733321189880,-3.5745632648468018,0.0000000000000000,1.0000000000000000,-0.0000000437113883,0.0000000177589854,0.9157733321189880,0.0000000175586656,0.4016954302787781,8.1587762832641602,0.0000000000000000,0.0000000000000000,0.0000000000000000,1.0000000000000000
M 0.3246995508670807,-0.0000000413429859,-0.9458172321319580,-4.1525650024414062,0.0000000000000000,1.0000000000000000,-0.0000000437113883,0.0000000177589854,0.9458172321319580,0.0000000141930698,0.3246995508670807,8.5035295486450195,0.0000000000000000,0.0000000000000000,0.0000000000000000,1.0000000000000000
M 0.2454854995012283,-0.0000000423738307,-0.9694002866744995,-4.7570629119873047,0.0000000000000000,1.0000000000000000,-0.0000000437113883,0.0000000177589854,0.9694002866744995,0.0000000107305116,0.2454854995012283,8.7993745803833008,0.0000000000000000,0.0000000000000000,0.0000000000000000,1.0000000000000000
M 0.1645946651697159,-0.0000000431152216,-0.9863612651824951,-5.3839259147644043,0.0000000000000000,1.0000000000000000,-0.0000000437113883,0.0000000177589854,0.9863612651824951,0.0000000071946613,0.1645946651697159,9.0442895889282227,0.0000000000000000,0.0000000000000000,0.0000000000000000,1.0000000000000000
M 0.0825794786214828,-0.0000000435620926,-0.9965844750404358,-6.0288734436035156,0.0000000000000000,1.0000000000000000,-0.0000000437113883,0.0000000177589854,0.9965844750404358,0.0000000036096637,0.0825794786214828,9.2366027832031250,0.0000000000000000,0.0000000000000000,0.0000000000000000,1.0000000000000000
M 0.0000000754979013,-0.0000000437113883,-1.0000000000000000,-6.6874995231628418,0.0000000000000000,1.0000000000000000,-0.0000000437113883,0.0000000177589854,1.0000000000000000,0.0000000000000033,0.0000000754979013,9.3750000000000000,0.0000000000000000,0.0000000000000000,0.0000000000000000,1.0000000000000000
