O DOOR_21_LCG_il_LINVERT_INTERIOR
A DOOR_21_LCG_il_LINVERT_INTERIOR_DOOR_21_LCG_il_LINVERT_INTERIOR
M 1.0000000000000000,0.0000000000000000,0.0000000000000000,0.0000000000000000,0.0000000000000000,1.0000000000000000,-0.0000000437113883,0.0000000000000000,-0.0000000000000000,0.0000000437113883,1.0000000000000000,-0.0000000000000000,0.0000000000000000,0.0000000000000000,0.0000000000000000,1.0000000000000000
M 0.9999526143074036,0.0000000485687259,0.0097337942570448,-0.0123900407925248,-0.0000000481432494,1.0000000000000000,-0.0000000439457573,0.0000000830464941,-0.0097337942570448,0.0000000434749516,0.9999526739120483,0.0288417413830757,0.0000000000000000,0.0000000000000000,0.0000000000000000,1.0000000000000000
M 0.9998068213462830,0.0000000494661450,0.0196550171822309,-0.0248510278761387,-0.0000000486069958,1.0000000000000000,-0.0000000441891217,0.0000000841553742,-0.0196550171822309,0.0000000432252136,0.9998068809509277,0.0581316314637661,0.0000000000000000,0.0000000000000000,0.0000000000000000,1.0000000000000000
M 0.9995568990707397,0.0000000503759168,0.0297663155943155,-0.0373764969408512,-0.0000000490747887,1.0000000000000000,-0.0000000444419150,0.0000000852832756,-0.0297663137316704,0.0000000429614957,0.9995569586753845,0.0878817290067673,0.0000000000000000,0.0000000000000000,0.0000000000000000,1.0000000000000000
M 0.9991968870162964,0.0000000512979703,0.0400699041783810,-0.0499592721462250,-0.0000000495464576,1.0000000000000000,-0.0000000447044393,0.0000000864303189,-0.0400699041783810,0.0000000426832365,0.9991969466209412,0.1181033477187157,0.0000000000000000,0.0000000000000000,0.0000000000000000,1.0000000000000000
M 0.9987520575523376,0.0000000521743395,0.0499436445534229,-0.0624388121068478,-0.0000000499912325,1.0000000000000000,-0.0000000449605189,0.0000000875228778,-0.0499436408281326,0.0000000424077093,0.9987521171569824,0.1475548148155212,0.0000000000000000,0.0000000000000000,0.0000000000000000,1.0000000000000000
M 0.9987792968750000,0.0000000521187644,0.0493958629667759,-0.0700164064764977,-0.0000000499596027,1.0000000000000000,-0.0000000449460238,0.0000000874499406,-0.0493958592414856,0.0000000424233981,0.9987793564796448,0.1548472195863724,0.0000000000000000,0.0000000000000000,0.0000000000000000,1.0000000000000000
M 0.9989488720893860,0.0000000517768939,0.0458382666110992,-0.0757768750190735,-0.0000000497732380,1.0000000000000000,-0.0000000448527508,0.0000000870101218,-0.0458382666110992,0.0000000425240820,0.9989489316940308,0.1552000641822815,0.0000000000000000,0.0000000000000000,0.0000000000000000,1.0000000000000000
M 0.9991046786308289,0.0000000514369027,0.0423063822090626,-0.0815463289618492,-0.0000000495876336,1.0000000000000000,-0.0000000447608031,0.0000000865733085,-0.0423063822090626,0.0000000426228439,0.9991047382354736,0.1556146293878555,0.0000000000000000,0.0000000000000000,0.0000000000000000,1.0000000000000000
M 0.9992469549179077,0.0000000510988265,0.0388004668056965,-0.0873261615633965,-0.0000000494028036,1.0000000000000000,-0.0000000446702053,0.0000000861395577,-0.0388004668056965,0.0000000427196589,0.9992470145225525,0.1560913324356079,0.0000000000000000,0.0000000000000000,0.0000000000000000,1.0000000000000000
M 0.9993760585784912,0.0000000507626332,0.0353201553225517,-0.0931160300970078,-0.0000000492187411,1.0000000000000000,-0.0000000445808510,0.0000000857087130,-0.0353201553225517,0.0000000428146549,0.9993761181831360,0.1566288769245148,0.0000000000000000,0.0000000000000000,0.0000000000000000,1.0000000000000000
M 0.9994921684265137,0.0000000504283157,0.0318651907145977,-0.0989160835742950,-0.0000000490354424,1.0000000000000000,-0.0000000444928610,0.0000000852809308,-0.0318651907145977,0.0000000429077218,0.9994922280311584,0.1572265326976776,0.0000000000000000,0.0000000000000000,0.0000000000000000,1.0000000000000000
M 0.9995956420898438,0.0000000500959025,0.0284356381744146,-0.1047267615795135,-0.0000000488529430,1.0000000000000000,-0.0000000444060824,0.0000000848560688,-0.0284356363117695,0.0000000429990230,0.9995957016944885,0.1578843295574188,0.0000000000000000,0.0000000000000000,0.0000000000000000,1.0000000000000000
M 0.9996866583824158,0.0000000497653687,0.0250311251729727,-0.1105483099818230,-0.0000000486712217,1.0000000000000000,-0.0000000443206574,0.0000000844342907,-0.0250311233103275,0.0000000430884235,0.9996867179870605,0.1586007773876190,0.0000000000000000,0.0000000000000000,0.0000000000000000,1.0000000000000000
M 0.9997655749320984,0.0000000494367285,0.0216516014188528,-0.1163811236619949,-0.0000000484903069,1.0000000000000000,-0.0000000442364012,0.0000000840153831,-0.0216516014188528,0.0000000431761293,0.9997656345367432,0.1593759208917618,0.0000000000000000,0.0000000000000000,0.0000000000000000,1.0000000000000000
M 0.9998993873596191,0.0000000488703833,0.0141832102090120,-0.1186796501278877,-0.0000000482504170,1.0000000000000000,-0.0000000440536674,0.0000000833689526,-0.0141832092776895,0.0000000433647145,0.9998994469642639,0.1479990929365158,0.0000000000000000,0.0000000000000000,0.0000000000000000,1.0000000000000000
M 0.9999834299087524,0.0000000482462639,0.0057537076063454,-0.1200699359178543,-0.0000000479947602,1.0000000000000000,-0.0000000438496066,0.0000000826680875,-0.0057537076063454,0.0000000435724488,0.9999834895133972,0.1337524056434631,0.0000000000000000,0.0000000000000000,0.0000000000000000,1.0000000000000000
M 0.9999982118606567,0.0000000479628604,0.0018935617990792,-0.1271956115961075,-0.0000000478800892,1.0000000000000000,-0.0000000437566037,0.0000000823518320,-0.0018935616826639,0.0000000436660983,0.9999982714653015,0.1274479925632477,0.0000000000000000,0.0000000000000000,0.0000000000000000,1.0000000000000000
M 0.9999987483024597,0.0000000479466848,0.0015912443632260,-0.1388550847768784,-0.0000000478771298,1.0000000000000000,-0.0000000437490506,0.0000000823370669,-0.0015912442468107,0.0000000436736727,0.9999988079071045,0.1272768229246140,0.0000000000000000,0.0000000000000000,0.0000000000000000,1.0000000000000000
M 0.9999991655349731,0.0000000479304916,0.0012889637146145,-0.1505146026611328,-0.0000000478741491,1.0000000000000000,-0.0000000437423822,0.0000000823234032,-0.0012889637146145,0.0000000436803589,0.9999992251396179,0.1271058470010757,0.0000000000000000,0.0000000000000000,0.0000000000000000,1.0000000000000000
M 0.9999997019767761,0.0000000479058144,0.0007951383595355,-0.1619322746992111,-0.0000000478710582,1.0000000000000000,-0.0000000437293295,0.0000000823013693,-0.0007951383013278,0.0000000436934364,0.9999997615814209,0.1263670027256012,0.0000000000000000,0.0000000000000000,0.0000000000000000,1.0000000000000000
M 1.0000000000000000,0.0000000478771902,0.0002126292092726,-0.1732375174760818,-0.0000000478678963,1.0000000000000000,-0.0000000437113883,0.0000000822729476,-0.0002126291947206,0.0000000437113883,1.0000000000000000,0.1253654509782791,0.0000000000000000,0.0000000000000000,0.0000000000000000,1.0000000000000000
M 1.0000000000000000,0.0000000000000000,0.0000000000000000,-0.1850161552429199,0.0000000000000000,1.0000000000000000,-0.0000000437113883,0.0000000000000000,-0.0000000000000000,0.0000000437113883,1.0000000000000000,0.1250000000000000,0.0000000000000000,0.0000000000000000,0.0000000000000000,1.0000000000000000
M 1.0000000000000000,0.0000000000000000,0.0000000000000000,-0.1970672607421875,0.0000000000000000,1.0000000000000000,-0.0000000437113883,0.0000000000000000,-0.0000000000000000,0.0000000437113883,1.0000000000000000,0.1250000000000000,0.0000000000000000,0.0000000000000000,0.0000000000000000,1.0000000000000000
M 1.0000000000000000,0.0000000000000000,0.0000000000000000,-0.2091183662414551,0.0000000000000000,1.0000000000000000,-0.0000000437113883,0.0000000000000000,-0.0000000000000000,0.0000000437113883,1.0000000000000000,0.1250000000000000,0.0000000000000000,0.0000000000000000,0.0000000000000000,1.0000000000000000
M 1.0000000000000000,0.0000000000000000,0.0000000000000000,-0.2211693525314331,0.0000000000000000,1.0000000000000000,-0.0000000437113883,0.0000000000000000,-0.0000000000000000,0.0000000437113883,1.0000000000000000,0.1250000000000000,0.0000000000000000,0.0000000000000000,0.0000000000000000,1.0000000000000000
M 1.0000000000000000,0.0000000000000000,0.0000000000000000,-0.2332204580307007,0.0000000000000000,1.0000000000000000,-0.0000000437113883,0.0000000000000000,-0.0000000000000000,0.0000000437113883,1.0000000000000000,0.1250000000000000,0.0000000000000000,0.0000000000000000,0.0000000000000000,1.0000000000000000
M 1.0000000000000000,0.0000000000000000,0.0000000000000000,-0.2452715635299683,0.0000000000000000,1.0000000000000000,-0.0000000437113883,0.0000000000000000,-0.0000000000000000,0.0000000437113883,1.0000000000000000,0.1250000000000000,0.0000000000000000,0.0000000000000000,0.0000000000000000,1.0000000000000000
M 1.0000000000000000,0.0000000000000000,0.0000000000000000,-0.2573225498199463,0.0000000000000000,1.0000000000000000,-0.0000000437113883,0.0000000000000000,-0.0000000000000000,0.0000000437113883,1.0000000000000000,0.1250000000000000,0.0000000000000000,0.0000000000000000,0.0000000000000000,1.0000000000000000
M 1.0000000000000000,0.0000000000000000,0.0000000000000000,-0.2693736553192139,0.0000000000000000,1.0000000000000000,-0.0000000437113883,0.0000000000000000,-0.0000000000000000,0.0000000437113883,1.0000000000000000,0.1250000000000000,0.0000000000000000,0.0000000000000000,0.0000000000000000,1.0000000000000000
M 1.0000000000000000,0.0000000000000000,0.0000000000000000,-0.2814247608184814,0.0000000000000000,1.0000000000000000,-0.0000000437113883,0.0000000000000000,-0.0000000000000000,0.0000000437113883,1.0000000000000000,0.1250000000000000,0.0000000000000000,0.0000000000000000,0.0000000000000000,1.0000000000000000
M 1.0000000000000000,0.0000000000000000,0.0000000000000000,-0.2934758663177490,0.0000000000000000,1.0000000000000000,-0.0000000437113883,0.0000000000000000,-0.0000000000000000,0.0000000437113883,1.0000000000000000,0.1250000000000000,0.0000000000000000,0.0000000000000000,0.0000000000000000,1.0000000000000000
M 1.0000000000000000,0.0000000000000000,0.0000000000000000,-0.3055268526077271,0.0000000000000000,1.0000000000000000,-0.0000000437113883,0.0000000000000000,-0.0000000000000000,0.0000000437113883,1.0000000000000000,0.1250000000000000,0.0000000000000000,0.0000000000000000,0.0000000000000000,1.0000000000000000
M 1.0000000000000000,0.0000000000000000,0.0000000000000000,-0.3175779581069946,0.0000000000000000,1.0000000000000000,-0.0000000437113883,0.0000000000000000,-0.0000000000000000,0.0000000437113883,1.0000000000000000,0.1250000000000000,0.0000000000000000,0.0000000000000000,0.0000000000000000,1.0000000000000000
M 1.0000000000000000,0.0000000000000000,0.0000000000000000,-0.3296290636062622,0.0000000000000000,1.0000000000000000,-0.0000000437113883,0.0000000000000000,-0.0000000000000000,0.0000000437113883,1.0000000000000000,0.1250000000000000,0.0000000000000000,0.0000000000000000,0.0000000000000000,1.0000000000000000
M 1.0000000000000000,0.0000000000000000,0.0000000000000000,-0.3416800498962402,0.0000000000000000,1.0000000000000000,-0.0000000437113883,0.0000000000000000,-0.0000000000000000,0.0000000437113883,1.0000000000000000,0.1250000000000000,0.0000000000000000,0.0000000000000000,0.0000000000000000,1.0000000000000000
M 1.0000000000000000,0.0000000000000000,0.0000000000000000,-0.3537311553955078,0.0000000000000000,1.0000000000000000,-0.0000000437113883,0.0000000000000000,-0.0000000000000000,0.0000000437113883,1.0000000000000000,0.1250000000000000,0.0000000000000000,0.0000000000000000,0.0000000000000000,1.0000000000000000
M 1.0000000000000000,0.0000000000000000,0.0000000000000000,-0.3657822608947754,0.0000000000000000,1.0000000000000000,-0.0000000437113883,0.0000000000000000,-0.0000000000000000,0.0000000437113883,1.0000000000000000,0.1250000000000000,0.0000000000000000,0.0000000000000000,0.0000000000000000,1.0000000000000000
M 1.0000000000000000,0.0000000000000000,0.0000000000000000,-0.3778333663940430,0.0000000000000000,1.0000000000000000,-0.0000000437113883,0.0000000000000000,-0.0000000000000000,0.0000000437113883,1.0000000000000000,0.1250000000000000,0.0000000000000000,0.0000000000000000,0.0000000000000000,1.0000000000000000
M 1.0000000000000000,0.0000000000000000,0.0000000000000000,-0.3898844718933105,0.0000000000000000,1.0000000000000000,-0.0000000437113883,0.0000000000000000,-0.0000000000000000,0.0000000437113883,1.0000000000000000,0.1250000000000000,0.0000000000000000,0.0000000000000000,0.0000000000000000,1.0000000000000000
M 1.0000000000000000,0.0000000000000000,0.0000000000000000,-0.4019355773925781,0.0000000000000000,1.0000000000000000,-0.0000000437113883,0.0000000000000000,-0.0000000000000000,0.0000000437113883,1.0000000000000000,0.1250000000000000,0.0000000000000000,0.0000000000000000,0.0000000000000000,1.0000000000000000
M 1.0000000000000000,0.0000000000000000,0.0000000000000000,-0.4139865636825562,0.0000000000000000,1.0000000000000000,-0.0000000437113883,0.0000000000000000,-0.0000000000000000,0.0000000437113883,1.0000000000000000,0.1250000000000000,0.0000000000000000,0.0000000000000000,0.0000000000000000,1.0000000000000000
M 1.0000000000000000,0.0000000000000000,0.0000000000000000,-0.4260376691818237,0.0000000000000000,1.0000000000000000,-0.0000000437113883,0.0000000000000000,-0.0000000000000000,0.0000000437113883,1.0000000000000000,0.1250000000000000,0.0000000000000000,0.0000000000000000,0.0000000000000000,1.0000000000000000
M 1.0000000000000000,0.0000000000000000,0.0000000000000000,-0.4380887746810913,0.0000000000000000,1.0000000000000000,-0.0000000437113883,0.0000000000000000,-0.0000000000000000,0.0000000437113883,1.0000000000000000,0.1250000000000000,0.0000000000000000,0.0000000000000000,0.0000000000000000,1.0000000000000000
M 1.0000000000000000,0.0000000000000000,0.0000000000000000,-0.4501397609710693,0.0000000000000000,1.0000000000000000,-0.0000000437113883,0.0000000000000000,-0.0000000000000000,0.0000000437113883,1.0000000000000000,0.1250000000000000,0.0000000000000000,0.0000000000000000,0.0000000000000000,1.0000000000000000
M 1.0000000000000000,0.0000000000000000,0.0000000000000000,-0.4621908664703369,0.0000000000000000,1.0000000000000000,-0.0000000437113883,0.0000000000000000,-0.0000000000000000,0.0000000437113883,1.0000000000000000,0.1250000000000000,0.0000000000000000,0.0000000000000000,0.0000000000000000,1.0000000000000000
M 1.0000000000000000,0.0000000000000000,0.0000000000000000,-0.4742419719696045,0.0000000000000000,1.0000000000000000,-0.0000000437113883,0.0000000000000000,-0.0000000000000000,0.0000000437113883,1.0000000000000000,0.1250000000000000,0.0000000000000000,0.0000000000000000,0.0000000000000000,1.0000000000000000
M 1.0000000000000000,0.0000000000000000,0.0000000000000000,-0.4862930774688721,0.0000000000000000,1.0000000000000000,-0.0000000437113883,0.0000000000000000,-0.0000000000000000,0.0000000437113883,1.0000000000000000,0.1250000000000000,0.0000000000000000,0.0000000000000000,0.0000000000000000,1.0000000000000000
M 1.0000000000000000,0.0000000000000000,0.0000000000000000,-0.4983441829681396,0.0000000000000000,1.0000000000000000,-0.0000000437113883,0.0000000000000000,-0.0000000000000000,0.0000000437113883,1.0000000000000000,0.1250000000000000,0.0000000000000000,0.0000000000000000,0.0000000000000000,1.0000000000000000
M 1.0000000000000000,0.0000000000000000,0.0000000000000000,-0.5103952884674072,0.0000000000000000,1.0000000000000000,-0.0000000437113883,0.0000000000000000,-0.0000000000000000,0.0000000437113883,1.0000000000000000,0.1250000000000000,0.0000000000000000,0.0000000000000000,0.0000000000000000,1.0000000000000000
M 1.0000000000000000,0.0000000000000000,0.0000000000000000,-0.5224462747573853,0.0000000000000000,1.0000000000000000,-0.0000000437113883,0.0000000000000000,-0.0000000000000000,0.0000000437113883,1.0000000000000000,0.1250000000000000,0.0000000000000000,0.0000000000000000,0.0000000000000000,1.0000000000000000
M 1.0000000000000000,0.0000000000000000,0.0000000000000000,-0.5344972610473633,0.0000000000000000,1.0000000000000000,-0.0000000437113883,0.0000000000000000,-0.0000000000000000,0.0000000437113883,1.0000000000000000,0.1250000000000000,0.0000000000000000,0.0000000000000000,0.0000000000000000,1.0000000000000000
M 1.0000000000000000,0.0000000000000000,0.0000000000000000,-0.5465483665466309,0.0000000000000000,1.0000000000000000,-0.0000000437113883,0.0000000000000000,-0.0000000000000000,0.0000000437113883,1.0000000000000000,0.1250000000000000,0.0000000000000000,0.0000000000000000,0.0000000000000000,1.0000000000000000
M 1.0000000000000000,0.0000000000000000,0.0000000000000000,-0.5585994720458984,0.0000000000000000,1.0000000000000000,-0.0000000437113883,0.0000000000000000,-0.0000000000000000,0.0000000437113883,1.0000000000000000,0.1250000000000000,0.0000000000000000,0.0000000000000000,0.0000000000000000,1.0000000000000000
M 1.0000000000000000,0.0000000000000000,0.0000000000000000,-0.5706505775451660,0.0000000000000000,1.0000000000000000,-0.0000000437113883,0.0000000000000000,-0.0000000000000000,0.0000000437113883,1.0000000000000000,0.1250000000000000,0.0000000000000000,0.0000000000000000,0.0000000000000000,1.0000000000000000
M 1.0000000000000000,0.0000000000000000,0.0000000000000000,-0.5827016830444336,0.0000000000000000,1.0000000000000000,-0.0000000437113883,0.0000000000000000,-0.0000000000000000,0.0000000437113883,1.0000000000000000,0.1250000000000000,0.0000000000000000,0.0000000000000000,0.0000000000000000,1.0000000000000000
M 1.0000000000000000,0.0000000000000000,0.0000000000000000,-0.5947527885437012,0.0000000000000000,1.0000000000000000,-0.0000000437113883,0.0000000000000000,-0.0000000000000000,0.0000000437113883,1.0000000000000000,0.1250000000000000,0.0000000000000000,0.0000000000000000,0.0000000000000000,1.0000000000000000
M 1.0000000000000000,0.0000000000000000,0.0000000000000000,-0.6068037748336792,0.0000000000000000,1.0000000000000000,-0.0000000437113883,0.0000000000000000,-0.0000000000000000,0.0000000437113883,1.0000000000000000,0.1250000000000000,0.0000000000000000,0.0000000000000000,0.0000000000000000,1.0000000000000000
M 1.0000000000000000,0.0000000000000000,0.0000000000000000,-0.6188548803329468,0.0000000000000000,1.0000000000000000,-0.0000000437113883,0.0000000000000000,-0.0000000000000000,0.0000000437113883,1.0000000000000000,0.1250000000000000,0.0000000000000000,0.0000000000000000,0.0000000000000000,1.0000000000000000
M 1.0000000000000000,0.0000000000000000,0.0000000000000000,-0.6309058666229248,0.0000000000000000,1.0000000000000000,-0.0000000437113883,0.0000000000000000,-0.0000000000000000,0.0000000437113883,1.0000000000000000,0.1250000000000000,0.0000000000000000,0.0000000000000000,0.0000000000000000,1.0000000000000000
M 1.0000000000000000,0.0000000000000000,0.0000000000000000,-0.6429569721221924,0.0000000000000000,1.0000000000000000,-0.0000000437113883,0.0000000000000000,-0.0000000000000000,0.0000000437113883,1.0000000000000000,0.1250000000000000,0.0000000000000000,0.0000000000000000,0.0000000000000000,1.0000000000000000
M 1.0000000000000000,0.0000000000000000,0.0000000000000000,-0.6550080776214600,0.0000000000000000,1.0000000000000000,-0.0000000437113883,0.0000000000000000,-0.0000000000000000,0.0000000437113883,1.0000000000000000,0.1250000000000000,0.0000000000000000,0.0000000000000000,0.0000000000000000,1.0000000000000000
M 1.0000000000000000,0.0000000000000000,0.0000000000000000,-0.6670591831207275,0.0000000000000000,1.0000000000000000,-0.0000000437113883,0.0000000000000000,-0.0000000000000000,0.0000000437113883,1.0000000000000000,0.1250000000000000,0.0000000000000000,0.0000000000000000,0.0000000000000000,1.0000000000000000
M 1.0000000000000000,0.0000000000000000,0.0000000000000000,-0.6791102886199951,0.0000000000000000,1.0000000000000000,-0.0000000437113883,0.0000000000000000,-0.0000000000000000,0.0000000437113883,1.0000000000000000,0.1250000000000000,0.0000000000000000,0.0000000000000000,0.0000000000000000,1.0000000000000000
M 1.0000000000000000,0.0000000000000000,0.0000000000000000,-0.6911612749099731,0.0000000000000000,1.0000000000000000,-0.0000000437113883,0.0000000000000000,-0.0000000000000000,0.0000000437113883,1.0000000000000000,0.1250000000000000,0.0000000000000000,0.0000000000000000,0.0000000000000000,1.0000000000000000
M 1.0000000000000000,0.0000000000000000,0.0000000000000000,-0.7032123804092407,0.0000000000000000,1.0000000000000000,-0.0000000437113883,0.0000000000000000,-0.0000000000000000,0.0000000437113883,1.0000000000000000,0.1250000000000000,0.0000000000000000,0.0000000000000000,0.0000000000000000,1.0000000000000000
M 1.0000000000000000,0.0000000000000000,0.0000000000000000,-0.7152634859085083,0.0000000000000000,1.0000000000000000,-0.0000000437113883,0.0000000000000000,-0.0000000000000000,0.0000000437113883,1.0000000000000000,0.1250000000000000,0.0000000000000000,0.0000000000000000,0.0000000000000000,1.0000000000000000
M 1.0000000000000000,0.0000000000000000,0.0000000000000000,-0.7273144721984863,0.0000000000000000,1.0000000000000000,-0.0000000437113883,0.0000000000000000,-0.0000000000000000,0.0000000437113883,1.0000000000000000,0.1250000000000000,0.0000000000000000,0.0000000000000000,0.0000000000000000,1.0000000000000000
M 1.0000000000000000,0.0000000000000000,0.0000000000000000,-0.7393655776977539,0.0000000000000000,1.0000000000000000,-0.0000000437113883,0.0000000000000000,-0.0000000000000000,0.0000000437113883,1.0000000000000000,0.1250000000000000,0.0000000000000000,0.0000000000000000,0.0000000000000000,1.0000000000000000
M 1.0000000000000000,0.0000000000000000,0.0000000000000000,-0.7514166831970215,0.0000000000000000,1.0000000000000000,-0.0000000437113883,0.0000000000000000,-0.0000000000000000,0.0000000437113883,1.0000000000000000,0.1250000000000000,0.0000000000000000,0.0000000000000000,0.0000000000000000,1.0000000000000000
M 1.0000000000000000,0.0000000000000000,0.0000000000000000,-0.7634677886962891,0.0000000000000000,1.0000000000000000,-0.0000000437113883,0.0000000000000000,-0.0000000000000000,0.0000000437113883,1.0000000000000000,0.1250000000000000,0.0000000000000000,0.0000000000000000,0.0000000000000000,1.0000000000000000
M 1.0000000000000000,0.0000000000000000,0.0000000000000000,-0.7755187749862671,0.0000000000000000,1.0000000000000000,-0.0000000437113883,0.0000000000000000,-0.0000000000000000,0.0000000437113883,1.0000000000000000,0.1250000000000000,0.0000000000000000,0.0000000000000000,0.0000000000000000,1.0000000000000000
M 1.0000000000000000,0.0000000000000000,0.0000000000000000,-0.7875699996948242,0.0000000000000000,1.0000000000000000,-0.0000000437113883,0.0000000000000000,-0.0000000000000000,0.0000000437113883,1.0000000000000000,0.1250000000000000,0.0000000000000000,0.0000000000000000,0.0000000000000000,1.0000000000000000
M 1.0000000000000000,0.0000000000000000,0.0000000000000000,-0.7996209859848022,0.0000000000000000,1.0000000000000000,-0.0000000437113883,0.0000000000000000,-0.0000000000000000,0.0000000437113883,1.0000000000000000,0.1250000000000000,0.0000000000000000,0.0000000000000000,0.0000000000000000,1.0000000000000000
M 1.0000000000000000,0.0000000000000000,0.0000000000000000,-0.8116720914840698,0.0000000000000000,1.0000000000000000,-0.0000000437113883,0.0000000000000000,-0.0000000000000000,0.0000000437113883,1.0000000000000000,0.1250000000000000,0.0000000000000000,0.0000000000000000,0.0000000000000000,1.0000000000000000
M 1.0000000000000000,0.0000000000000000,0.0000000000000000,-0.8237230777740479,0.0000000000000000,1.0000000000000000,-0.0000000437113883,0.0000000000000000,-0.0000000000000000,0.0000000437113883,1.0000000000000000,0.1250000000000000,0.0000000000000000,0.0000000000000000,0.0000000000000000,1.0000000000000000
M 1.0000000000000000,0.0000000000000000,0.0000000000000000,-0.8357741832733154,0.0000000000000000,1.0000000000000000,-0.0000000437113883,0.0000000000000000,-0.0000000000000000,0.0000000437113883,1.0000000000000000,0.1250000000000000,0.0000000000000000,0.0000000000000000,0.0000000000000000,1.0000000000000000
M 1.0000000000000000,0.0000000000000000,0.0000000000000000,-0.8478252887725830,0.0000000000000000,1.0000000000000000,-0.0000000437113883,0.0000000000000000,-0.0000000000000000,0.0000000437113883,1.0000000000000000,0.1250000000000000,0.0000000000000000,0.0000000000000000,0.0000000000000000,1.0000000000000000
M 1.0000000000000000,0.0000000000000000,0.0000000000000000,-0.8598763942718506,0.0000000000000000,1.0000000000000000,-0.0000000437113883,0.0000000000000000,-0.0000000000000000,0.0000000437113883,1.0000000000000000,0.1250000000000000,0.0000000000000000,0.0000000000000000,0.0000000000000000,1.0000000000000000
M 1.0000000000000000,0.0000000000000000,0.0000000000000000,-0.8719273805618286,0.0000000000000000,1.0000000000000000,-0.0000000437113883,0.0000000000000000,-0.0000000000000000,0.0000000437113883,1.0000000000000000,0.1250000000000000,0.0000000000000000,0.0000000000000000,0.0000000000000000,1.0000000000000000
M 1.0000000000000000,0.0000000000000000,0.0000000000000000,-0.8839786052703857,0.0000000000000000,1.0000000000000000,-0.0000000437113883,0.0000000000000000,-0.0000000000000000,0.0000000437113883,1.0000000000000000,0.1250000000000000,0.0000000000000000,0.0000000000000000,0.0000000000000000,1.0000000000000000
M 1.0000000000000000,0.0000000000000000,0.0000000000000000,-0.8960295915603638,0.0000000000000000,1.0000000000000000,-0.0000000437113883,0.0000000000000000,-0.0000000000000000,0.0000000437113883,1.0000000000000000,0.1250000000000000,0.0000000000000000,0.0000000000000000,0.0000000000000000,1.0000000000000000
M 1.0000000000000000,0.0000000000000000,0.0000000000000000,-0.9080805778503418,0.0000000000000000,1.0000000000000000,-0.0000000437113883,0.0000000000000000,-0.0000000000000000,0.0000000437113883,1.0000000000000000,0.1250000000000000,0.0000000000000000,0.0000000000000000,0.0000000000000000,1.0000000000000000
M 1.0000000000000000,0.0000000000000000,0.0000000000000000,-0.9201316833496094,0.0000000000000000,1.0000000000000000,-0.0000000437113883,0.0000000000000000,-0.0000000000000000,0.0000000437113883,1.0000000000000000,0.1250000000000000,0.0000000000000000,0.0000000000000000,0.0000000000000000,1.0000000000000000
M 1.0000000000000000,0.0000000000000000,0.0000000000000000,-0.9321827888488770,0.0000000000000000,1.0000000000000000,-0.0000000437113883,0.0000000000000000,-0.0000000000000000,0.0000000437113883,1.0000000000000000,0.1250000000000000,0.0000000000000000,0.0000000000000000,0.0000000000000000,1.0000000000000000
M 1.0000000000000000,0.0000000000000000,0.0000000000000000,-0.9442338943481445,0.0000000000000000,1.0000000000000000,-0.0000000437113883,0.0000000000000000,-0.0000000000000000,0.0000000437113883,1.0000000000000000,0.1250000000000000,0.0000000000000000,0.0000000000000000,0.0000000000000000,1.0000000000000000
M 1.0000000000000000,0.0000000000000000,0.0000000000000000,-0.9562849998474121,0.0000000000000000,1.0000000000000000,-0.0000000437113883,0.0000000000000000,-0.0000000000000000,0.0000000437113883,1.0000000000000000,0.1250000000000000,0.0000000000000000,0.0000000000000000,0.0000000000000000,1.0000000000000000
M 1.0000000000000000,0.0000000000000000,0.0000000000000000,-0.9683359861373901,0.0000000000000000,1.0000000000000000,-0.0000000437113883,0.0000000000000000,-0.0000000000000000,0.0000000437113883,1.0000000000000000,0.1250000000000000,0.0000000000000000,0.0000000000000000,0.0000000000000000,1.0000000000000000
M 1.0000000000000000,0.0000000000000000,0.0000000000000000,-0.9803869724273682,0.0000000000000000,1.0000000000000000,-0.0000000437113883,0.0000000000000000,-0.0000000000000000,0.0000000437113883,1.0000000000000000,0.1250000000000000,0.0000000000000000,0.0000000000000000,0.0000000000000000,1.0000000000000000
M 1.0000000000000000,0.0000000000000000,0.0000000000000000,-0.9924381971359253,0.0000000000000000,1.0000000000000000,-0.0000000437113883,0.0000000000000000,-0.0000000000000000,0.0000000437113883,1.0000000000000000,0.1250000000000000,0.0000000000000000,0.0000000000000000,0.0000000000000000,1.0000000000000000
M 1.0000000000000000,0.0000000000000000,0.0000000000000000,-1.0044891834259033,0.0000000000000000,1.0000000000000000,-0.0000000437113883,0.0000000000000000,-0.0000000000000000,0.0000000437113883,1.0000000000000000,0.1250000000000000,0.0000000000000000,0.0000000000000000,0.0000000000000000,1.0000000000000000
M 1.0000000000000000,0.0000000000000000,0.0000000000000000,-1.0165404081344604,0.0000000000000000,1.0000000000000000,-0.0000000437113883,0.0000000000000000,-0.0000000000000000,0.0000000437113883,1.0000000000000000,0.1250000000000000,0.0000000000000000,0.0000000000000000,0.0000000000000000,1.0000000000000000
M 1.0000000000000000,0.0000000000000000,0.0000000000000000,-1.0285913944244385,0.0000000000000000,1.0000000000000000,-0.0000000437113883,0.0000000000000000,-0.0000000000000000,0.0000000437113883,1.0000000000000000,0.1250000000000000,0.0000000000000000,0.0000000000000000,0.0000000000000000,1.0000000000000000
M 1.0000000000000000,0.0000000000000000,0.0000000000000000,-1.0406424999237061,0.0000000000000000,1.0000000000000000,-0.0000000437113883,0.0000000000000000,-0.0000000000000000,0.0000000437113883,1.0000000000000000,0.1250000000000000,0.0000000000000000,0.0000000000000000,0.0000000000000000,1.0000000000000000
M 1.0000000000000000,0.0000000000000000,0.0000000000000000,-1.0526936054229736,0.0000000000000000,1.0000000000000000,-0.0000000437113883,0.0000000000000000,-0.0000000000000000,0.0000000437113883,1.0000000000000000,0.1250000000000000,0.0000000000000000,0.0000000000000000,0.0000000000000000,1.0000000000000000
M 1.0000000000000000,0.0000000000000000,0.0000000000000000,-1.0647445917129517,0.0000000000000000,1.0000000000000000,-0.0000000437113883,0.0000000000000000,-0.0000000000000000,0.0000000437113883,1.0000000000000000,0.1250000000000000,0.0000000000000000,0.0000000000000000,0.0000000000000000,1.0000000000000000
M 1.0000000000000000,0.0000000000000000,0.0000000000000000,-1.0767958164215088,0.0000000000000000,1.0000000000000000,-0.0000000437113883,0.0000000000000000,-0.0000000000000000,0.0000000437113883,1.0000000000000000,0.1250000000000000,0.0000000000000000,0.0000000000000000,0.0000000000000000,1.0000000000000000
M 1.0000000000000000,0.0000000000000000,0.0000000000000000,-1.0888468027114868,0.0000000000000000,1.0000000000000000,-0.0000000437113883,0.0000000000000000,-0.0000000000000000,0.0000000437113883,1.0000000000000000,0.1250000000000000,0.0000000000000000,0.0000000000000000,0.0000000000000000,1.0000000000000000
M 1.0000000000000000,0.0000000000000000,0.0000000000000000,-1.1008979082107544,0.0000000000000000,1.0000000000000000,-0.0000000437113883,0.0000000000000000,-0.0000000000000000,0.0000000437113883,1.0000000000000000,0.1250000000000000,0.0000000000000000,0.0000000000000000,0.0000000000000000,1.0000000000000000
M 1.0000000000000000,0.0000000000000000,0.0000000000000000,-1.1129488945007324,0.0000000000000000,1.0000000000000000,-0.0000000437113883,0.0000000000000000,-0.0000000000000000,0.0000000437113883,1.0000000000000000,0.1250000000000000,0.0000000000000000,0.0000000000000000,0.0000000000000000,1.0000000000000000
M 1.0000000000000000,0.0000000000000000,0.0000000000000000,-1.1250000000000000,0.0000000000000000,1.0000000000000000,-0.0000000437113883,0.0000000000000000,-0.0000000000000000,0.0000000437113883,1.0000000000000000,0.1250000000000000,0.0000000000000000,0.0000000000000000,0.0000000000000000,1.0000000000000000
O WIDGET_25_CG_displays_HIDE
A WIDGET_25_CG_displays_HIDE_WIDGET_25_CG_displays_HIDE
M 1.0000000000000000,0.0000000000000000,0.0000000000000000,0.0000000000000000,0.0000000000000000,1.0000000000000000,-0.0000000437113883,0.0000000000000000,-0.0000000000000000,0.0000000437113883,1.0000000000000000,-0.0000000000000000,0.0000000000000000,0.0000000000000000,0.0000000000000000,1.0000000000000000
M 0.9999526143074036,0.0000000485687259,0.0097337942570448,-0.0123900407925248,-0.0000000481432494,1.0000000000000000,-0.0000000439457573,0.0000000830464941,-0.0097337942570448,0.0000000434749516,0.9999526739120483,0.0288417413830757,0.0000000000000000,0.0000000000000000,0.0000000000000000,1.0000000000000000
M 0.9998068213462830,0.0000000494661450,0.0196550171822309,-0.0248510278761387,-0.0000000486069958,1.0000000000000000,-0.0000000441891217,0.0000000841553742,-0.0196550171822309,0.0000000432252136,0.9998068809509277,0.0581316314637661,0.0000000000000000,0.0000000000000000,0.0000000000000000,1.0000000000000000
M 0.9995568990707397,0.0000000503759168,0.0297663155943155,-0.0373764969408512,-0.0000000490747887,1.0000000000000000,-0.0000000444419150,0.0000000852832756,-0.0297663137316704,0.0000000429614957,0.9995569586753845,0.0878817290067673,0.0000000000000000,0.0000000000000000,0.0000000000000000,1.0000000000000000
M 0.9991968870162964,0.0000000512979703,0.0400699041783810,-0.0499592721462250,-0.0000000495464576,1.0000000000000000,-0.0000000447044393,0.0000000864303189,-0.0400699041783810,0.0000000426832365,0.9991969466209412,0.1181033477187157,0.0000000000000000,0.0000000000000000,0.0000000000000000,1.0000000000000000
M 0.9987520575523376,0.0000000521743395,0.0499436445534229,-0.0624388121068478,-0.0000000499912325,1.0000000000000000,-0.0000000449605189,0.0000000875228778,-0.0499436408281326,0.0000000424077093,0.9987521171569824,0.1475548148155212,0.0000000000000000,0.0000000000000000,0.0000000000000000,1.0000000000000000
M 0.9987792968750000,0.0000000521187644,0.0493958629667759,-0.0700164064764977,-0.0000000499596027,1.0000000000000000,-0.0000000449460238,0.0000000874499406,-0.0493958592414856,0.0000000424233981,0.9987793564796448,0.1548472195863724,0.0000000000000000,0.0000000000000000,0.0000000000000000,1.0000000000000000
M 0.9989488720893860,0.0000000517768939,0.0458382666110992,-0.0757768750190735,-0.0000000497732380,1.0000000000000000,-0.0000000448527508,0.0000000870101218,-0.0458382666110992,0.0000000425240820,0.9989489316940308,0.1552000641822815,0.0000000000000000,0.0000000000000000,0.0000000000000000,1.0000000000000000
M 0.9991046786308289,0.0000000514369027,0.0423063822090626,-0.0815463289618492,-0.0000000495876336,1.0000000000000000,-0.0000000447608031,0.0000000865733085,-0.0423063822090626,0.0000000426228439,0.9991047382354736,0.1556146293878555,0.0000000000000000,0.0000000000000000,0.0000000000000000,1.0000000000000000
M 0.9992469549179077,0.0000000510988265,0.0388004668056965,-0.0873261615633965,-0.0000000494028036,1.0000000000000000,-0.0000000446702053,0.0000000861395577,-0.0388004668056965,0.0000000427196589,0.9992470145225525,0.1560913324356079,0.0000000000000000,0.0000000000000000,0.0000000000000000,1.0000000000000000
M 0.9993760585784912,0.0000000507626332,0.0353201553225517,-0.0931160300970078,-0.0000000492187411,1.0000000000000000,-0.0000000445808510,0.0000000857087130,-0.0353201553225517,0.0000000428146549,0.9993761181831360,0.1566288769245148,0.0000000000000000,0.0000000000000000,0.0000000000000000,1.0000000000000000
M 0.9994921684265137,0.0000000504283157,0.0318651907145977,-0.0989160835742950,-0.0000000490354424,1.0000000000000000,-0.0000000444928610,0.0000000852809308,-0.0318651907145977,0.0000000429077218,0.9994922280311584,0.1572265326976776,0.0000000000000000,0.0000000000000000,0.0000000000000000,1.0000000000000000
M 0.9995956420898438,0.0000000500959025,0.0284356381744146,-0.1047267615795135,-0.0000000488529430,1.0000000000000000,-0.0000000444060824,0.0000000848560688,-0.0284356363117695,0.0000000429990230,0.9995957016944885,0.1578843295574188,0.0000000000000000,0.0000000000000000,0.0000000000000000,1.0000000000000000
M 0.9996866583824158,0.0000000497653687,0.0250311251729727,-0.1105483099818230,-0.0000000486712217,1.0000000000000000,-0.0000000443206574,0.0000000844342907,-0.0250311233103275,0.0000000430884235,0.9996867179870605,0.1586007773876190,0.0000000000000000,0.0000000000000000,0.0000000000000000,1.0000000000000000
M 0.9997655749320984,0.0000000494367285,0.0216516014188528,-0.1163811236619949,-0.0000000484903069,1.0000000000000000,-0.0000000442364012,0.0000000840153831,-0.0216516014188528,0.0000000431761293,0.9997656345367432,0.1593759208917618,0.0000000000000000,0.0000000000000000,0.0000000000000000,1.0000000000000000
M 0.9998993873596191,0.0000000488703833,0.0141832102090120,-0.1186796501278877,-0.0000000482504170,1.0000000000000000,-0.0000000440536674,0.0000000833689526,-0.0141832092776895,0.0000000433647145,0.9998994469642639,0.1479990929365158,0.0000000000000000,0.0000000000000000,0.0000000000000000,1.0000000000000000
M 0.9999834299087524,0.0000000482462639,0.0057537076063454,-0.1200699359178543,-0.0000000479947602,1.0000000000000000,-0.0000000438496066,0.0000000826680875,-0.0057537076063454,0.0000000435724488,0.9999834895133972,0.1337524056434631,0.0000000000000000,0.0000000000000000,0.0000000000000000,1.0000000000000000
M 0.9999982118606567,0.0000000479628604,0.0018935617990792,-0.1271956115961075,-0.0000000478800892,1.0000000000000000,-0.0000000437566037,0.0000000823518320,-0.0018935616826639,0.0000000436660983,0.9999982714653015,0.1274479925632477,0.0000000000000000,0.0000000000000000,0.0000000000000000,1.0000000000000000
M 0.9999987483024597,0.0000000479466848,0.0015912443632260,-0.1388550847768784,-0.0000000478771298,1.0000000000000000,-0.0000000437490506,0.0000000823370669,-0.0015912442468107,0.0000000436736727,0.9999988079071045,0.1272768229246140,0.0000000000000000,0.0000000000000000,0.0000000000000000,1.0000000000000000
M 0.9999991655349731,0.0000000479304916,0.0012889637146145,-0.1505146026611328,-0.0000000478741491,1.0000000000000000,-0.0000000437423822,0.0000000823234032,-0.0012889637146145,0.0000000436803589,0.9999992251396179,0.1271058470010757,0.0000000000000000,0.0000000000000000,0.0000000000000000,1.0000000000000000
M 0.9999997019767761,0.0000000479058144,0.0007951383595355,-0.1619322746992111,-0.0000000478710582,1.0000000000000000,-0.0000000437293295,0.0000000823013693,-0.0007951383013278,0.0000000436934364,0.9999997615814209,0.1263670027256012,0.0000000000000000,0.0000000000000000,0.0000000000000000,1.0000000000000000
M 1.0000000000000000,0.0000000478771902,0.0002126292092726,-0.1732375174760818,-0.0000000478678963,1.0000000000000000,-0.0000000437113883,0.0000000822729476,-0.0002126291947206,0.0000000437113883,1.0000000000000000,0.1253654509782791,0.0000000000000000,0.0000000000000000,0.0000000000000000,1.0000000000000000
M 1.0000000000000000,0.0000000000000000,0.0000000000000000,-0.1850161552429199,0.0000000000000000,1.0000000000000000,-0.0000000437113883,0.0000000000000000,-0.0000000000000000,0.0000000437113883,1.0000000000000000,0.1250000000000000,0.0000000000000000,0.0000000000000000,0.0000000000000000,1.0000000000000000
M 1.0000000000000000,0.0000000000000000,0.0000000000000000,-0.1970672607421875,0.0000000000000000,1.0000000000000000,-0.0000000437113883,0.0000000000000000,-0.0000000000000000,0.0000000437113883,1.0000000000000000,0.1250000000000000,0.0000000000000000,0.0000000000000000,0.0000000000000000,1.0000000000000000
M 1.0000000000000000,0.0000000000000000,0.0000000000000000,-0.2091183662414551,0.0000000000000000,1.0000000000000000,-0.0000000437113883,0.0000000000000000,-0.0000000000000000,0.0000000437113883,1.0000000000000000,0.1250000000000000,0.0000000000000000,0.0000000000000000,0.0000000000000000,1.0000000000000000
M 1.0000000000000000,0.0000000000000000,0.0000000000000000,-0.2211693525314331,0.0000000000000000,1.0000000000000000,-0.0000000437113883,0.0000000000000000,-0.0000000000000000,0.0000000437113883,1.0000000000000000,0.1250000000000000,0.0000000000000000,0.0000000000000000,0.0000000000000000,1.0000000000000000
M 1.0000000000000000,0.0000000000000000,0.0000000000000000,-0.2332204580307007,0.0000000000000000,1.0000000000000000,-0.0000000437113883,0.0000000000000000,-0.0000000000000000,0.0000000437113883,1.0000000000000000,0.1250000000000000,0.0000000000000000,0.0000000000000000,0.0000000000000000,1.0000000000000000
