O DOOR_31_LCG_il_LINVERT_INTERIOR
A DOOR_31_LCG_il_LINVERT_INTERIOR_DOOR_31_LCG_il_LINVERT_INTERIOR
M 1.0000000000000000,-0.0000000000000070,0.0000000000000002,0.0000000387429253,-0.0000000000000070,1.0000000000000000,-0.0000000437113847,0.0000000073246937,0.0000000000000002,0.0000000437113918,1.0000000000000000,-0.0000000131637705,0.0000000000000000,0.0000000000000000,0.0000000000000000,1.0000000000000000
M 0.9999526143074036,-0.0000000022727065,-0.0097337951883674,-0.0123899662867188,0.0000000018381812,1.0000000000000000,-0.0000000446488677,0.0000000029641569,0.0097337951883674,0.0000000446284112,0.9999526143074036,-0.0288417600095272,0.0000000000000000,0.0000000000000000,0.0000000000000000,1.0000000000000000
M 0.9998068213462830,-0.0000000045891646,-0.0196550171822309,-0.0248507149517536,0.0000000036931667,1.0000000000000000,-0.0000000456223255,-0.0000000014713493,0.0196550171822309,0.0000000455409008,0.9998068213462830,-0.0581315271556377,0.0000000000000000,0.0000000000000000,0.0000000000000000,1.0000000000000000
M 0.9995568990707397,-0.0000000069499815,-0.0297663137316704,-0.0373764224350452,0.0000000055643383,1.0000000000000000,-0.0000000466334988,-0.0000000059829759,0.0297663137316704,0.0000000464473828,0.9995568990707397,-0.0878816246986389,0.0000000000000000,0.0000000000000000,0.0000000000000000,1.0000000000000000
M 0.9991968870162964,-0.0000000093557073,-0.0400699116289616,-0.0499592050909996,0.0000000074510140,1.0000000000000000,-0.0000000476835957,-0.0000000105711564,0.0400699116289616,0.0000000473468056,0.9991968870162964,-0.1181033700704575,0.0000000000000000,0.0000000000000000,0.0000000000000000,1.0000000000000000
M 0.9987520575523376,-0.0000000116512844,-0.0499436520040035,-0.0624387525022030,0.0000000092301420,1.0000000000000000,-0.0000000487079213,-0.0000000149414348,0.0499436520040035,0.0000000481863012,0.9987520575523376,-0.1475549638271332,0.0000000000000000,0.0000000000000000,0.0000000000000000,1.0000000000000000
M 0.9987792968750000,-0.0000000114955885,-0.0493958666920662,-0.0700163468718529,0.0000000091035943,1.0000000000000000,-0.0000000486499339,-0.0000000146496291,0.0493958666920662,0.0000000481409970,0.9987792968750000,-0.1548471301794052,0.0000000000000000,0.0000000000000000,0.0000000000000000,1.0000000000000000
M 0.9989488720893860,-0.0000000105622728,-0.0458382740616798,-0.0757768154144287,0.0000000083581213,1.0000000000000000,-0.0000000482768421,-0.0000000128903253,0.0458382740616798,0.0000000478429421,0.9989488720893860,-0.1551999747753143,0.0000000000000000,0.0000000000000000,0.0000000000000000,1.0000000000000000
M 0.9991046786308289,-0.0000000096357731,-0.0423063896596432,-0.0815462619066238,0.0000000076157178,1.0000000000000000,-0.0000000479090438,-0.0000000111430936,0.0423063896596432,0.0000000475438995,0.9991046786308289,-0.1556146442890167,0.0000000000000000,0.0000000000000000,0.0000000000000000,1.0000000000000000
M 0.9992469549179077,-0.0000000087160501,-0.0388004705309868,-0.0873263329267502,0.0000000068763835,1.0000000000000000,-0.0000000475466599,-0.0000000094080548,0.0388004705309868,0.0000000472438018,0.9992469549179077,-0.1560913622379303,0.0000000000000000,0.0000000000000000,0.0000000000000000,1.0000000000000000
M 0.9993760585784912,-0.0000000078030453,-0.0353201627731323,-0.0931159704923630,0.0000000061401475,1.0000000000000000,-0.0000000471892498,-0.0000000076847044,0.0353201627731323,0.0000000469430361,0.9993760585784912,-0.1566288918256760,0.0000000000000000,0.0000000000000000,0.0000000000000000,1.0000000000000000
M 0.9994921684265137,-0.0000000068967010,-0.0318651981651783,-0.0989157855510712,0.0000000054069531,1.0000000000000000,-0.0000000468372825,-0.0000000059735825,0.0318651981651783,0.0000000466410981,0.9994921684265137,-0.1572265625000000,0.0000000000000000,0.0000000000000000,0.0000000000000000,1.0000000000000000
M 0.9995956420898438,-0.0000000059970513,-0.0284356381744146,-0.1047269329428673,0.0000000046769557,1.0000000000000000,-0.0000000464901682,0.0000000553304815,0.0284356381744146,0.0000000463385987,0.9995956420898438,-0.1578842252492905,0.0000000000000000,0.0000000000000000,0.0000000000000000,1.0000000000000000
M 0.9996866583824158,-0.0000000051040105,-0.0250311251729727,-0.1105482354760170,0.0000000039500847,1.0000000000000000,-0.0000000461484753,0.0000000570176084,0.0250311251729727,0.0000000460349128,0.9996866583824158,-0.1586007922887802,0.0000000000000000,0.0000000000000000,0.0000000000000000,1.0000000000000000
M 0.9997655749320984,-0.0000000042175303,-0.0216516014188528,-0.1163810491561890,0.0000000032263969,1.0000000000000000,-0.0000000458114435,-0.0000000009113990,0.0216516014188528,0.0000000457308005,0.9997655749320984,-0.1593760550022125,0.0000000000000000,0.0000000000000000,0.0000000000000000,1.0000000000000000
M 0.9998993873596191,-0.0000000029059766,-0.0141832102090120,-0.1186798140406609,0.0000000022668232,1.0000000000000000,-0.0000000450805082,0.0000000016743940,0.0141832102090120,0.0000000450431017,0.9998993873596191,-0.1479991078376770,0.0000000000000000,0.0000000000000000,0.0000000000000000,1.0000000000000000
M 0.9999834299087524,-0.0000000014988772,-0.0057537080720067,-0.1200696229934692,0.0000000012442101,1.0000000000000000,-0.0000000442642722,0.0000000044777977,0.0057537080720067,0.0000000442552128,0.9999834299087524,-0.1337524205446243,0.0000000000000000,0.0000000000000000,0.0000000000000000,1.0000000000000000
M 0.9999982118606567,-0.0000000008686220,-0.0018935613334179,-0.1271955370903015,0.0000000007854979,1.0000000000000000,-0.0000000438922534,0.0000000057428622,0.0018935613334179,0.0000000438916139,0.9999982118606567,-0.1274480074644089,0.0000000000000000,0.0000000000000000,0.0000000000000000,1.0000000000000000
M 0.9999987483024597,-0.0000000008434969,-0.0015912441303954,-0.1388550102710724,0.0000000007736887,1.0000000000000000,-0.0000000438620340,0.0000000058018728,0.0015912441303954,0.0000000438641941,0.9999987483024597,-0.1272768378257751,0.0000000000000000,0.0000000000000000,0.0000000000000000,1.0000000000000000
M 0.9999991655349731,-0.0000000008183051,-0.0012889635981992,-0.1505145281553268,0.0000000007617942,1.0000000000000000,-0.0000000438353673,0.0000000058565064,0.0012889635981992,0.0000000438332250,0.9999991655349731,-0.1271058619022369,0.0000000000000000,0.0000000000000000,0.0000000000000000,1.0000000000000000
M 0.9999997019767761,-0.0000000007842345,-0.0007951380684972,-0.1619322001934052,0.0000000007494166,1.0000000000000000,-0.0000000437831638,0.0000000059446492,0.0007951380684972,0.0000000437912604,0.9999997019767761,-0.1263670176267624,0.0000000000000000,0.0000000000000000,0.0000000000000000,1.0000000000000000
M 1.0000000000000000,-0.0000000007460720,-0.0002126288745785,-0.1732374429702759,0.0000000007367690,1.0000000000000000,-0.0000000437113847,0.0000000060583645,0.0002126288745785,0.0000000437519461,1.0000000000000000,-0.1253654658794403,0.0000000000000000,0.0000000000000000,0.0000000000000000,1.0000000000000000
M 1.0000000000000000,-0.0000000007262385,0.0000000003631160,-0.1850161105394363,0.0000000007262245,1.0000000000000000,-0.0000000437113847,0.0000000060764975,-0.0000000003631156,0.0000000437113918,1.0000000000000000,-0.1250000149011612,0.0000000000000000,0.0000000000000000,0.0000000000000000,1.0000000000000000
M 1.0000000000000000,-0.0000000007168309,0.0000000003584122,-0.1970672160387039,0.0000000007168169,1.0000000000000000,-0.0000000437113847,0.0000000060926411,-0.0000000003584118,0.0000000437113918,1.0000000000000000,-0.1250000149011612,0.0000000000000000,0.0000000000000000,0.0000000000000000,1.0000000000000000
M 1.0000000000000000,-0.0000000007074802,0.0000000003537369,-0.2091183215379715,0.0000000007074662,1.0000000000000000,-0.0000000437113847,0.0000000061087277,-0.0000000003537364,0.0000000437113918,1.0000000000000000,-0.1250000149011612,0.0000000000000000,0.0000000000000000,0.0000000000000000,1.0000000000000000
M 1.0000000000000000,-0.0000000006981721,0.0000000003490828,-0.2211694270372391,0.0000000006981581,1.0000000000000000,-0.0000000437113847,0.0000000061247292,-0.0000000003490823,0.0000000437113918,1.0000000000000000,-0.1250000149011612,0.0000000000000000,0.0000000000000000,0.0000000000000000,1.0000000000000000
M 1.0000000000000000,-0.0000000006888213,0.0000000003444074,-0.2332205325365067,0.0000000006888073,1.0000000000000000,-0.0000000437113847,0.0000000061407874,-0.0000000003444070,0.0000000437113918,1.0000000000000000,-0.1250000149011612,0.0000000000000000,0.0000000000000000,0.0000000000000000,1.0000000000000000
M 1.0000000000000000,-0.0000000006794848,0.0000000003397392,-0.2452716380357742,0.0000000006794708,1.0000000000000000,-0.0000000437113847,0.0000000061568457,-0.0000000003397387,0.0000000437113918,1.0000000000000000,-0.1250000149011612,0.0000000000000000,0.0000000000000000,0.0000000000000000,1.0000000000000000
M 1.0000000000000000,-0.0000000006701341,0.0000000003350638,-0.2573225200176239,0.0000000006701201,1.0000000000000000,-0.0000000437113847,0.0000000061729040,-0.0000000003350633,0.0000000437113918,1.0000000000000000,-0.1250000149011612,0.0000000000000000,0.0000000000000000,0.0000000000000000,1.0000000000000000
M 1.0000000000000000,-0.0000000006608259,0.0000000003304098,-0.2693736255168915,0.0000000006608120,1.0000000000000000,-0.0000000437113847,0.0000000061889054,-0.0000000003304093,0.0000000437113918,1.0000000000000000,-0.1250000149011612,0.0000000000000000,0.0000000000000000,0.0000000000000000,1.0000000000000000
M 1.0000000000000000,-0.0000000006514752,0.0000000003257344,-0.2814247310161591,0.0000000006514612,1.0000000000000000,-0.0000000437113847,0.0000000062049921,-0.0000000003257339,0.0000000437113918,1.0000000000000000,-0.1250000149011612,0.0000000000000000,0.0000000000000000,0.0000000000000000,1.0000000000000000
M 1.0000000000000000,-0.0000000006421245,0.0000000003210590,-0.2934758365154266,0.0000000006421105,1.0000000000000000,-0.0000000437113847,0.0000000062210503,-0.0000000003210585,0.0000000437113918,1.0000000000000000,-0.1250000149011612,0.0000000000000000,0.0000000000000000,0.0000000000000000,1.0000000000000000
M 1.0000000000000000,-0.0000000006328021,0.0000000003163979,-0.3055269420146942,0.0000000006327882,1.0000000000000000,-0.0000000437113847,0.0000000062370802,-0.0000000003163974,0.0000000437113918,1.0000000000000000,-0.1250000149011612,0.0000000000000000,0.0000000000000000,0.0000000000000000,1.0000000000000000
M 1.0000000000000000,-0.0000000006234656,0.0000000003117296,-0.3175780475139618,0.0000000006234516,1.0000000000000000,-0.0000000437113847,0.0000000062531385,-0.0000000003117291,0.0000000437113918,1.0000000000000000,-0.1250000149011612,0.0000000000000000,0.0000000000000000,0.0000000000000000,1.0000000000000000
M 1.0000000000000000,-0.0000000006141291,0.0000000003070613,-0.3296291530132294,0.0000000006141151,1.0000000000000000,-0.0000000437113847,0.0000000062691683,-0.0000000003070608,0.0000000437113918,1.0000000000000000,-0.1250000149011612,0.0000000000000000,0.0000000000000000,0.0000000000000000,1.0000000000000000
M 1.0000000000000000,-0.0000000006048352,0.0000000003024143,-0.3416800200939178,0.0000000006048212,1.0000000000000000,-0.0000000437113847,0.0000000062851413,-0.0000000003024139,0.0000000437113918,1.0000000000000000,-0.1250000149011612,0.0000000000000000,0.0000000000000000,0.0000000000000000,1.0000000000000000
M 1.0000000000000000,-0.0000000005954418,0.0000000002977177,-0.3537311255931854,0.0000000005954278,1.0000000000000000,-0.0000000437113847,0.0000000063012848,-0.0000000002977172,0.0000000437113918,1.0000000000000000,-0.1250000149011612,0.0000000000000000,0.0000000000000000,0.0000000000000000,1.0000000000000000
M 1.0000000000000000,-0.0000000005861053,0.0000000002930494,-0.3657822310924530,0.0000000005860913,1.0000000000000000,-0.0000000437113847,0.0000000063173431,-0.0000000002930489,0.0000000437113918,1.0000000000000000,-0.1250000149011612,0.0000000000000000,0.0000000000000000,0.0000000000000000,1.0000000000000000
M 1.0000000000000000,-0.0000000005767830,0.0000000002883882,-0.3778333365917206,0.0000000005767690,1.0000000000000000,-0.0000000437113847,0.0000000063333729,-0.0000000002883878,0.0000000437113918,1.0000000000000000,-0.1250000149011612,0.0000000000000000,0.0000000000000000,0.0000000000000000,1.0000000000000000
M 1.0000000000000000,-0.0000000005674322,0.0000000002837129,-0.3898844420909882,0.0000000005674182,1.0000000000000000,-0.0000000437113847,0.0000000063494312,-0.0000000002837124,0.0000000437113918,1.0000000000000000,-0.1250000149011612,0.0000000000000000,0.0000000000000000,0.0000000000000000,1.0000000000000000
M 1.0000000000000000,-0.0000000005581241,0.0000000002790588,-0.4019355475902557,0.0000000005581101,1.0000000000000000,-0.0000000437113847,0.0000000063654326,-0.0000000002790584,0.0000000437113918,1.0000000000000000,-0.1250000149011612,0.0000000000000000,0.0000000000000000,0.0000000000000000,1.0000000000000000
M 1.0000000000000000,-0.0000000005487876,0.0000000002743905,-0.4139866530895233,0.0000000005487736,1.0000000000000000,-0.0000000437113847,0.0000000063814909,-0.0000000002743901,0.0000000437113918,1.0000000000000000,-0.1250000149011612,0.0000000000000000,0.0000000000000000,0.0000000000000000,1.0000000000000000
M 1.0000000000000000,-0.0000000005394653,0.0000000002697294,-0.4260377585887909,0.0000000005394513,1.0000000000000000,-0.0000000437113847,0.0000000063974923,-0.0000000002697289,0.0000000437113918,1.0000000000000000,-0.1250000149011612,0.0000000000000000,0.0000000000000000,0.0000000000000000,1.0000000000000000
M 1.0000000000000000,-0.0000000005301429,0.0000000002650682,-0.4380887448787689,0.0000000005301289,1.0000000000000000,-0.0000000437113847,0.0000000064135222,-0.0000000002650678,0.0000000437113918,1.0000000000000000,-0.1250000149011612,0.0000000000000000,0.0000000000000000,0.0000000000000000,1.0000000000000000
M 1.0000000000000000,-0.0000000005208348,0.0000000002604142,-0.4501397311687469,0.0000000005208208,1.0000000000000000,-0.0000000437113847,0.0000000064295236,-0.0000000002604137,0.0000000437113918,1.0000000000000000,-0.1250000149011612,0.0000000000000000,0.0000000000000000,0.0000000000000000,1.0000000000000000
M 1.0000000000000000,-0.0000000005114983,0.0000000002557459,-0.4621908366680145,0.0000000005114843,1.0000000000000000,-0.0000000437113847,0.0000000064455818,-0.0000000002557455,0.0000000437113918,1.0000000000000000,-0.1250000149011612,0.0000000000000000,0.0000000000000000,0.0000000000000000,1.0000000000000000
M 1.0000000000000000,-0.0000000005021760,0.0000000002510847,-0.4742419421672821,0.0000000005021620,1.0000000000000000,-0.0000000437113847,0.0000000064615833,-0.0000000002510843,0.0000000437113918,1.0000000000000000,-0.1250000149011612,0.0000000000000000,0.0000000000000000,0.0000000000000000,1.0000000000000000
M 1.0000000000000000,-0.0000000004928536,0.0000000002464236,-0.4862930476665497,0.0000000004928397,1.0000000000000000,-0.0000000437113847,0.0000000064776131,-0.0000000002464231,0.0000000437113918,1.0000000000000000,-0.1250000149011612,0.0000000000000000,0.0000000000000000,0.0000000000000000,1.0000000000000000
M 1.0000000000000000,-0.0000000004835171,0.0000000002417553,-0.4983441531658173,0.0000000004835031,1.0000000000000000,-0.0000000437113847,0.0000000064936714,-0.0000000002417549,0.0000000437113918,1.0000000000000000,-0.1250000149011612,0.0000000000000000,0.0000000000000000,0.0000000000000000,1.0000000000000000
M 1.0000000000000000,-0.0000000004741664,0.0000000002370799,-0.5103952288627625,0.0000000004741524,1.0000000000000000,-0.0000000437113847,0.0000000065097296,-0.0000000002370795,0.0000000437113918,1.0000000000000000,-0.1250000149011612,0.0000000000000000,0.0000000000000000,0.0000000000000000,1.0000000000000000
M 1.0000000000000000,-0.0000000004649009,0.0000000002324472,-0.5224462151527405,0.0000000004648869,1.0000000000000000,-0.0000000437113847,0.0000000065256458,-0.0000000002324468,0.0000000437113918,1.0000000000000000,-0.1250000149011612,0.0000000000000000,0.0000000000000000,0.0000000000000000,1.0000000000000000
M 1.0000000000000000,-0.0000000004555644,0.0000000002277789,-0.5344972014427185,0.0000000004555503,1.0000000000000000,-0.0000000437113847,0.0000000065417041,-0.0000000002277785,0.0000000437113918,1.0000000000000000,-0.1250000149011612,0.0000000000000000,0.0000000000000000,0.0000000000000000,1.0000000000000000
M 1.0000000000000000,-0.0000000004462420,0.0000000002231178,-0.5465483069419861,0.0000000004462280,1.0000000000000000,-0.0000000437113847,0.0000000065577339,-0.0000000002231173,0.0000000437113918,1.0000000000000000,-0.1250000149011612,0.0000000000000000,0.0000000000000000,0.0000000000000000,1.0000000000000000
M 1.0000000000000000,-0.0000000004369339,0.0000000002184637,-0.5585994124412537,0.0000000004369199,1.0000000000000000,-0.0000000437113847,0.0000000065737353,-0.0000000002184633,0.0000000437113918,1.0000000000000000,-0.1250000149011612,0.0000000000000000,0.0000000000000000,0.0000000000000000,1.0000000000000000
M 1.0000000000000000,-0.0000000004276116,0.0000000002138025,-0.5706505179405212,0.0000000004275976,1.0000000000000000,-0.0000000437113847,0.0000000065897368,-0.0000000002138021,0.0000000437113918,1.0000000000000000,-0.1250000149011612,0.0000000000000000,0.0000000000000000,0.0000000000000000,1.0000000000000000
M 1.0000000000000000,-0.0000000004182751,0.0000000002091343,-0.5827016234397888,0.0000000004182611,1.0000000000000000,-0.0000000437113847,0.0000000066057950,-0.0000000002091338,0.0000000437113918,1.0000000000000000,-0.1250000149011612,0.0000000000000000,0.0000000000000000,0.0000000000000000,1.0000000000000000
M 1.0000000000000000,-0.0000000004089670,0.0000000002044802,-0.5947527289390564,0.0000000004089530,1.0000000000000000,-0.0000000437113847,0.0000000066217964,-0.0000000002044798,0.0000000437113918,1.0000000000000000,-0.1250000149011612,0.0000000000000000,0.0000000000000000,0.0000000000000000,1.0000000000000000
M 1.0000000000000000,-0.0000000003996731,0.0000000001998333,-0.6068037152290344,0.0000000003996591,1.0000000000000000,-0.0000000437113847,0.0000000066377694,-0.0000000001998328,0.0000000437113918,1.0000000000000000,-0.1250000149011612,0.0000000000000000,0.0000000000000000,0.0000000000000000,1.0000000000000000
M 1.0000000000000000,-0.0000000003903365,0.0000000001951650,-0.6188548207283020,0.0000000003903225,1.0000000000000000,-0.0000000437113847,0.0000000066538277,-0.0000000001951646,0.0000000437113918,1.0000000000000000,-0.1250000149011612,0.0000000000000000,0.0000000000000000,0.0000000000000000,1.0000000000000000
M 1.0000000000000000,-0.0000000003810569,0.0000000001905252,-0.6309058070182800,0.0000000003810428,1.0000000000000000,-0.0000000437113847,0.0000000066697723,-0.0000000001905247,0.0000000437113918,1.0000000000000000,-0.1250000149011612,0.0000000000000000,0.0000000000000000,0.0000000000000000,1.0000000000000000
M 1.0000000000000000,-0.0000000003717487,0.0000000001858711,-0.6429569125175476,0.0000000003717347,1.0000000000000000,-0.0000000437113847,0.0000000066857737,-0.0000000001858707,0.0000000437113918,1.0000000000000000,-0.1250000149011612,0.0000000000000000,0.0000000000000000,0.0000000000000000,1.0000000000000000
M 1.0000000000000000,-0.0000000003624122,0.0000000001812028,-0.6550080180168152,0.0000000003623982,1.0000000000000000,-0.0000000437113847,0.0000000067018036,-0.0000000001812024,0.0000000437113918,1.0000000000000000,-0.1250000149011612,0.0000000000000000,0.0000000000000000,0.0000000000000000,1.0000000000000000
M 1.0000000000000000,-0.0000000003531183,0.0000000001765559,-0.6670591235160828,0.0000000003531043,1.0000000000000000,-0.0000000437113847,0.0000000067177766,-0.0000000001765555,0.0000000437113918,1.0000000000000000,-0.1250000149011612,0.0000000000000000,0.0000000000000000,0.0000000000000000,1.0000000000000000
M 1.0000000000000000,-0.0000000003437960,0.0000000001718947,-0.6791102290153503,0.0000000003437820,1.0000000000000000,-0.0000000437113847,0.0000000067338064,-0.0000000001718943,0.0000000437113918,1.0000000000000000,-0.1250000149011612,0.0000000000000000,0.0000000000000000,0.0000000000000000,1.0000000000000000
M 1.0000000000000000,-0.0000000003344737,0.0000000001672336,-0.6911612153053284,0.0000000003344597,1.0000000000000000,-0.0000000437113847,0.0000000067498362,-0.0000000001672331,0.0000000437113918,1.0000000000000000,-0.1250000149011612,0.0000000000000000,0.0000000000000000,0.0000000000000000,1.0000000000000000
M 1.0000000000000000,-0.0000000003251656,0.0000000001625795,-0.7032123208045959,0.0000000003251515,1.0000000000000000,-0.0000000437113847,0.0000000067658377,-0.0000000001625791,0.0000000437113918,1.0000000000000000,-0.1250000149011612,0.0000000000000000,0.0000000000000000,0.0000000000000000,1.0000000000000000
M 1.0000000000000000,-0.0000000003158575,0.0000000001579255,-0.7152634263038635,0.0000000003158434,1.0000000000000000,-0.0000000437113847,0.0000000067818391,-0.0000000001579250,0.0000000437113918,1.0000000000000000,-0.1250000149011612,0.0000000000000000,0.0000000000000000,0.0000000000000000,1.0000000000000000
M 1.0000000000000000,-0.0000000003066204,0.0000000001533069,-0.7273145318031311,0.0000000003066064,1.0000000000000000,-0.0000000437113847,0.0000000067976984,-0.0000000001533065,0.0000000437113918,1.0000000000000000,-0.1250000149011612,0.0000000000000000,0.0000000000000000,0.0000000000000000,1.0000000000000000
M 1.0000000000000000,-0.0000000002972697,0.0000000001486316,-0.7393656373023987,0.0000000002972556,1.0000000000000000,-0.0000000437113847,0.0000000068137851,-0.0000000001486311,0.0000000437113918,1.0000000000000000,-0.1250000149011612,0.0000000000000000,0.0000000000000000,0.0000000000000000,1.0000000000000000
M 1.0000000000000000,-0.0000000002879758,0.0000000001439846,-0.7514166235923767,0.0000000002879617,1.0000000000000000,-0.0000000437113847,0.0000000068297581,-0.0000000001439842,0.0000000437113918,1.0000000000000000,-0.1250000149011612,0.0000000000000000,0.0000000000000000,0.0000000000000000,1.0000000000000000
M 1.0000000000000000,-0.0000000002786534,0.0000000001393234,-0.7634677290916443,0.0000000002786394,1.0000000000000000,-0.0000000437113847,0.0000000068457595,-0.0000000001393230,0.0000000437113918,1.0000000000000000,-0.1250000149011612,0.0000000000000000,0.0000000000000000,0.0000000000000000,1.0000000000000000
M 1.0000000000000000,-0.0000000002693737,0.0000000001346836,-0.7755187153816223,0.0000000002693597,1.0000000000000000,-0.0000000437113847,0.0000000068617325,-0.0000000001346832,0.0000000437113918,1.0000000000000000,-0.1250000149011612,0.0000000000000000,0.0000000000000000,0.0000000000000000,1.0000000000000000
M 1.0000000000000000,-0.0000000002600514,0.0000000001300224,-0.7875699400901794,0.0000000002600374,1.0000000000000000,-0.0000000437113847,0.0000000068777339,-0.0000000001300220,0.0000000437113918,1.0000000000000000,-0.1250000149011612,0.0000000000000000,0.0000000000000000,0.0000000000000000,1.0000000000000000
M 1.0000000000000000,-0.0000000002507717,0.0000000001253826,-0.7996209263801575,0.0000000002507577,1.0000000000000000,-0.0000000437113847,0.0000000068937069,-0.0000000001253822,0.0000000437113918,1.0000000000000000,-0.1250000149011612,0.0000000000000000,0.0000000000000000,0.0000000000000000,1.0000000000000000
M 1.0000000000000000,-0.0000000002414494,0.0000000001207214,-0.8116720318794250,0.0000000002414354,1.0000000000000000,-0.0000000437113847,0.0000000069097084,-0.0000000001207210,0.0000000437113918,1.0000000000000000,-0.1250000149011612,0.0000000000000000,0.0000000000000000,0.0000000000000000,1.0000000000000000
M 1.0000000000000000,-0.0000000002321982,0.0000000001160958,-0.8237231373786926,0.0000000002321841,1.0000000000000000,-0.0000000437113847,0.0000000069256245,-0.0000000001160954,0.0000000437113918,1.0000000000000000,-0.1250000149011612,0.0000000000000000,0.0000000000000000,0.0000000000000000,1.0000000000000000
M 1.0000000000000000,-0.0000000002228758,0.0000000001114346,-0.8357741236686707,0.0000000002228618,1.0000000000000000,-0.0000000437113847,0.0000000069416544,-0.0000000001114342,0.0000000437113918,1.0000000000000000,-0.1250000149011612,0.0000000000000000,0.0000000000000000,0.0000000000000000,1.0000000000000000
M 1.0000000000000000,-0.0000000002135677,0.0000000001067806,-0.8478252291679382,0.0000000002135537,1.0000000000000000,-0.0000000437113847,0.0000000069576274,-0.0000000001067802,0.0000000437113918,1.0000000000000000,-0.1250000149011612,0.0000000000000000,0.0000000000000000,0.0000000000000000,1.0000000000000000
M 1.0000000000000000,-0.0000000002042880,0.0000000001021407,-0.8598762154579163,0.0000000002042740,1.0000000000000000,-0.0000000437113847,0.0000000069736004,-0.0000000001021403,0.0000000437113918,1.0000000000000000,-0.1250000149011612,0.0000000000000000,0.0000000000000000,0.0000000000000000,1.0000000000000000
M 1.0000000000000000,-0.0000000001949799,0.0000000000974867,-0.8719273209571838,0.0000000001949659,1.0000000000000000,-0.0000000437113847,0.0000000069895734,-0.0000000000974863,0.0000000437113918,1.0000000000000000,-0.1250000149011612,0.0000000000000000,0.0000000000000000,0.0000000000000000,1.0000000000000000
M 1.0000000000000000,-0.0000000001856860,0.0000000000928397,-0.8839785456657410,0.0000000001856720,1.0000000000000000,-0.0000000437113847,0.0000000070055464,-0.0000000000928393,0.0000000437113918,1.0000000000000000,-0.1250000149011612,0.0000000000000000,0.0000000000000000,0.0000000000000000,1.0000000000000000
M 1.0000000000000000,-0.0000000001763921,0.0000000000881928,-0.8960295319557190,0.0000000001763781,1.0000000000000000,-0.0000000437113847,0.0000000070215478,-0.0000000000881924,0.0000000437113918,1.0000000000000000,-0.1250000149011612,0.0000000000000000,0.0000000000000000,0.0000000000000000,1.0000000000000000
M 1.0000000000000000,-0.0000000001671124,0.0000000000835529,-0.9080806374549866,0.0000000001670984,1.0000000000000000,-0.0000000437113847,0.0000000070374924,-0.0000000000835525,0.0000000437113918,1.0000000000000000,-0.1250000149011612,0.0000000000000000,0.0000000000000000,0.0000000000000000,1.0000000000000000
M 1.0000000000000000,-0.0000000001578185,0.0000000000789060,-0.9201316237449646,0.0000000001578045,1.0000000000000000,-0.0000000437113847,0.0000000070534654,-0.0000000000789056,0.0000000437113918,1.0000000000000000,-0.1250000149011612,0.0000000000000000,0.0000000000000000,0.0000000000000000,1.0000000000000000
M 1.0000000000000000,-0.0000000001485247,0.0000000000742590,-0.9321827292442322,0.0000000001485106,1.0000000000000000,-0.0000000437113847,0.0000000070694384,-0.0000000000742586,0.0000000437113918,1.0000000000000000,-0.1250000149011612,0.0000000000000000,0.0000000000000000,0.0000000000000000,1.0000000000000000
M 1.0000000000000000,-0.0000000001392308,0.0000000000696121,-0.9442338347434998,0.0000000001392167,1.0000000000000000,-0.0000000437113847,0.0000000070854114,-0.0000000000696117,0.0000000437113918,1.0000000000000000,-0.1250000149011612,0.0000000000000000,0.0000000000000000,0.0000000000000000,1.0000000000000000
M 1.0000000000000000,-0.0000000001299511,0.0000000000649722,-0.9562848210334778,0.0000000001299370,1.0000000000000000,-0.0000000437113847,0.0000000071013559,-0.0000000000649718,0.0000000437113918,1.0000000000000000,-0.1250000149011612,0.0000000000000000,0.0000000000000000,0.0000000000000000,1.0000000000000000
M 1.0000000000000000,-0.0000000001206714,0.0000000000603324,-0.9683359265327454,0.0000000001206574,1.0000000000000000,-0.0000000437113847,0.0000000071173005,-0.0000000000603320,0.0000000437113918,1.0000000000000000,-0.1250000149011612,0.0000000000000000,0.0000000000000000,0.0000000000000000,1.0000000000000000
M 1.0000000000000000,-0.0000000001114059,0.0000000000556996,-0.9803870320320129,0.0000000001113919,1.0000000000000000,-0.0000000437113847,0.0000000071332167,-0.0000000000556993,0.0000000437113918,1.0000000000000000,-0.1250000149011612,0.0000000000000000,0.0000000000000000,0.0000000000000000,1.0000000000000000
M 1.0000000000000000,-0.0000000001020836,0.0000000000510385,-0.9924381375312805,0.0000000001020696,1.0000000000000000,-0.0000000437113847,0.0000000071492465,-0.0000000000510381,0.0000000437113918,1.0000000000000000,-0.1250000149011612,0.0000000000000000,0.0000000000000000,0.0000000000000000,1.0000000000000000
M 1.0000000000000000,-0.0000000000928181,0.0000000000464057,-1.0044891834259033,0.0000000000928041,1.0000000000000000,-0.0000000437113847,0.0000000071651911,-0.0000000000464054,0.0000000437113918,1.0000000000000000,-0.1250000149011612,0.0000000000000000,0.0000000000000000,0.0000000000000000,1.0000000000000000
M 1.0000000000000000,-0.0000000000835384,0.0000000000417659,-1.0165404081344604,0.0000000000835244,1.0000000000000000,-0.0000000437113847,0.0000000071811357,-0.0000000000417655,0.0000000437113918,1.0000000000000000,-0.1250000149011612,0.0000000000000000,0.0000000000000000,0.0000000000000000,1.0000000000000000
M 1.0000000000000000,-0.0000000000742303,0.0000000000371118,-1.0285913944244385,0.0000000000742163,1.0000000000000000,-0.0000000437113847,0.0000000071971371,-0.0000000000371115,0.0000000437113918,1.0000000000000000,-0.1250000149011612,0.0000000000000000,0.0000000000000000,0.0000000000000000,1.0000000000000000
M 1.0000000000000000,-0.0000000000649506,0.0000000000324720,-1.0406424999237061,0.0000000000649366,1.0000000000000000,-0.0000000437113847,0.0000000072130817,-0.0000000000324716,0.0000000437113918,1.0000000000000000,-0.1250000149011612,0.0000000000000000,0.0000000000000000,0.0000000000000000,1.0000000000000000
M 1.0000000000000000,-0.0000000000556851,0.0000000000278393,-1.0526936054229736,0.0000000000556711,1.0000000000000000,-0.0000000437113847,0.0000000072289978,-0.0000000000278389,0.0000000437113918,1.0000000000000000,-0.1250000149011612,0.0000000000000000,0.0000000000000000,0.0000000000000000,1.0000000000000000
M 1.0000000000000000,-0.0000000000464339,0.0000000000232136,-1.0647445917129517,0.0000000000464199,1.0000000000000000,-0.0000000437113847,0.0000000072449140,-0.0000000000232132,0.0000000437113918,1.0000000000000000,-0.1250000149011612,0.0000000000000000,0.0000000000000000,0.0000000000000000,1.0000000000000000
M 1.0000000000000000,-0.0000000000370973,0.0000000000185454,-1.0767958164215088,0.0000000000370833,1.0000000000000000,-0.0000000437113847,0.0000000072609438,-0.0000000000185450,0.0000000437113918,1.0000000000000000,-0.1250000149011612,0.0000000000000000,0.0000000000000000,0.0000000000000000,1.0000000000000000
M 1.0000000000000000,-0.0000000000278319,0.0000000000139126,-1.0888468027114868,0.0000000000278178,1.0000000000000000,-0.0000000437113847,0.0000000072768600,-0.0000000000139122,0.0000000437113918,1.0000000000000000,-0.1250000149011612,0.0000000000000000,0.0000000000000000,0.0000000000000000,1.0000000000000000
M 1.0000000000000000,-0.0000000000185522,0.0000000000092728,-1.1008979082107544,0.0000000000185382,1.0000000000000000,-0.0000000437113847,0.0000000072928330,-0.0000000000092724,0.0000000437113918,1.0000000000000000,-0.1250000149011612,0.0000000000000000,0.0000000000000000,0.0000000000000000,1.0000000000000000
M 1.0000000000000000,-0.0000000000093009,0.0000000000046471,-1.1129488945007324,0.0000000000092869,1.0000000000000000,-0.0000000437113847,0.0000000073087207,-0.0000000000046468,0.0000000437113918,1.0000000000000000,-0.1250000149011612,0.0000000000000000,0.0000000000000000,0.0000000000000000,1.0000000000000000
M 1.0000000000000000,-0.0000000000000070,0.0000000000000002,-1.1250000000000000,-0.0000000000000070,1.0000000000000000,-0.0000000437113847,0.0000000073246937,0.0000000000000002,0.0000000437113918,1.0000000000000000,-0.1250000149011612,0.0000000000000000,0.0000000000000000,0.0000000000000000,1.0000000000000000
O WIDGET_35_CG_displays_HIDE
A WIDGET_35_CG_displays_HIDE_WIDGET_35_CG_displays_HIDE
M 1.0000000000000000,-0.0000000000000070,0.0000000000000002,0.0000000387429253,-0.0000000000000070,1.0000000000000000,-0.0000000437113847,0.0000000073246937,0.0000000000000002,0.0000000437113918,1.0000000000000000,-0.0000000131637705,0.0000000000000000,0.0000000000000000,0.0000000000000000,1.0000000000000000
M 0.9999526143074036,-0.0000000022727065,-0.0097337951883674,-0.0123899662867188,0.0000000018381812,1.0000000000000000,-0.0000000446488677,0.0000000029641569,0.0097337951883674,0.0000000446284112,0.9999526143074036,-0.0288417600095272,0.0000000000000000,0.0000000000000000,0.0000000000000000,1.0000000000000000
M 0.9998068213462830,-0.0000000045891646,-0.0196550171822309,-0.0248507149517536,0.0000000036931667,1.0000000000000000,-0.0000000456223255,-0.0000000014713493,0.0196550171822309,0.0000000455409008,0.9998068213462830,-0.0581315271556377,0.0000000000000000,0.0000000000000000,0.0000000000000000,1.0000000000000000
M 0.9995568990707397,-0.0000000069499815,-0.0297663137316704,-0.0373764224350452,0.0000000055643383,1.0000000000000000,-0.0000000466334988,-0.0000000059829759,0.0297663137316704,0.0000000464473828,0.9995568990707397,-0.0878816246986389,0.0000000000000000,0.0000000000000000,0.0000000000000000,1.0000000000000000
M 0.9991968870162964,-0.0000000093557073,-0.0400699116289616,-0.0499592050909996,0.0000000074510140,1.0000000000000000,-0.0000000476835957,-0.0000000105711564,0.0400699116289616,0.0000000473468056,0.9991968870162964,-0.1181033700704575,0.0000000000000000,0.0000000000000000,0.0000000000000000,1.0000000000000000
M 0.9987520575523376,-0.0000000116512844,-0.0499436520040035,-0.0624387525022030,0.0000000092301420,1.0000000000000000,-0.0000000487079213,-0.0000000149414348,0.0499436520040035,0.0000000481863012,0.9987520575523376,-0.1475549638271332,0.0000000000000000,0.0000000000000000,0.0000000000000000,1.0000000000000000
M 0.9987792968750000,-0.0000000114955885,-0.0493958666920662,-0.0700163468718529,0.0000000091035943,1.0000000000000000,-0.0000000486499339,-0.0000000146496291,0.0493958666920662,0.0000000481409970,0.9987792968750000,-0.1548471301794052,0.0000000000000000,0.0000000000000000,0.0000000000000000,1.0000000000000000
M 0.9989488720893860,-0.0000000105622728,-0.0458382740616798,-0.0757768154144287,0.0000000083581213,1.0000000000000000,-0.0000000482768421,-0.0000000128903253,0.0458382740616798,0.0000000478429421,0.9989488720893860,-0.1551999747753143,0.0000000000000000,0.0000000000000000,0.0000000000000000,1.0000000000000000
M 0.9991046786308289,-0.0000000096357731,-0.0423063896596432,-0.0815462619066238,0.0000000076157178,1.0000000000000000,-0.0000000479090438,-0.0000000111430936,0.0423063896596432,0.0000000475438995,0.9991046786308289,-0.1556146442890167,0.0000000000000000,0.0000000000000000,0.0000000000000000,1.0000000000000000
M 0.9992469549179077,-0.0000000087160501,-0.0388004705309868,-0.0873263329267502,0.0000000068763835,1.0000000000000000,-0.0000000475466599,-0.0000000094080548,0.0388004705309868,0.0000000472438018,0.9992469549179077,-0.1560913622379303,0.0000000000000000,0.0000000000000000,0.0000000000000000,1.0000000000000000
M 0.9993760585784912,-0.0000000078030453,-0.0353201627731323,-0.0931159704923630,0.0000000061401475,1.0000000000000000,-0.0000000471892498,-0.0000000076847044,0.0353201627731323,0.0000000469430361,0.9993760585784912,-0.1566288918256760,0.0000000000000000,0.0000000000000000,0.0000000000000000,1.0000000000000000
M 0.9994921684265137,-0.0000000068967010,-0.0318651981651783,-0.0989157855510712,0.0000000054069531,1.0000000000000000,-0.0000000468372825,-0.0000000059735825,0.0318651981651783,0.0000000466410981,0.9994921684265137,-0.1572265625000000,0.0000000000000000,0.0000000000000000,0.0000000000000000,1.0000000000000000
M 0.9995956420898438,-0.0000000059970513,-0.0284356381744146,-0.1047269329428673,0.0000000046769557,1.0000000000000000,-0.0000000464901682,0.0000000553304815,0.0284356381744146,0.0000000463385987,0.9995956420898438,-0.1578842252492905,0.0000000000000000,0.0000000000000000,0.0000000000000000,1.0000000000000000
M 0.9996866583824158,-0.0000000051040105,-0.0250311251729727,-0.1105482354760170,0.0000000039500847,1.0000000000000000,-0.0000000461484753,0.0000000570176084,0.0250311251729727,0.0000000460349128,0.9996866583824158,-0.1586007922887802,0.0000000000000000,0.0000000000000000,0.0000000000000000,1.0000000000000000
M 0.9997655749320984,-0.0000000042175303,-0.0216516014188528,-0.1163810491561890,0.0000000032263969,1.0000000000000000,-0.0000000458114435,-0.0000000009113990,0.0216516014188528,0.0000000457308005,0.9997655749320984,-0.1593760550022125,0.0000000000000000,0.0000000000000000,0.0000000000000000,1.0000000000000000
M 0.9998993873596191,-0.0000000029059766,-0.0141832102090120,-0.1186798140406609,0.0000000022668232,1.0000000000000000,-0.0000000450805082,0.0000000016743940,0.0141832102090120,0.0000000450431017,0.9998993873596191,-0.1479991078376770,0.0000000000000000,0.0000000000000000,0.0000000000000000,1.0000000000000000
M 0.9999834299087524,-0.0000000014988772,-0.0057537080720067,-0.1200696229934692,0.0000000012442101,1.0000000000000000,-0.0000000442642722,0.0000000044777977,0.0057537080720067,0.0000000442552128,0.9999834299087524,-0.1337524205446243,0.0000000000000000,0.0000000000000000,0.0000000000000000,1.0000000000000000
M 0.9999982118606567,-0.0000000008686220,-0.0018935613334179,-0.1271955370903015,0.0000000007854979,1.0000000000000000,-0.0000000438922534,0.0000000057428622,0.0018935613334179,0.0000000438916139,0.9999982118606567,-0.1274480074644089,0.0000000000000000,0.0000000000000000,0.0000000000000000,1.0000000000000000
M 0.9999987483024597,-0.0000000008434969,-0.0015912441303954,-0.1388550102710724,0.0000000007736887,1.0000000000000000,-0.0000000438620340,0.0000000058018728,0.0015912441303954,0.0000000438641941,0.9999987483024597,-0.1272768378257751,0.0000000000000000,0.0000000000000000,0.0000000000000000,1.0000000000000000
M 0.9999991655349731,-0.0000000008183051,-0.0012889635981992,-0.1505145281553268,0.0000000007617942,1.0000000000000000,-0.0000000438353673,0.0000000058565064,0.0012889635981992,0.0000000438332250,0.9999991655349731,-0.1271058619022369,0.0000000000000000,0.0000000000000000,0.0000000000000000,1.0000000000000000
M 0.9999997019767761,-0.0000000007842345,-0.0007951380684972,-0.1619322001934052,0.0000000007494166,1.0000000000000000,-0.0000000437831638,0.0000000059446492,0.0007951380684972,0.0000000437912604,0.9999997019767761,-0.1263670176267624,0.0000000000000000,0.0000000000000000,0.0000000000000000,1.0000000000000000
M 1.0000000000000000,-0.0000000007460720,-0.0002126288745785,-0.1732374429702759,0.0000000007367690,1.0000000000000000,-0.0000000437113847,0.0000000060583645,0.0002126288745785,0.0000000437519461,1.0000000000000000,-0.1253654658794403,0.0000000000000000,0.0000000000000000,0.0000000000000000,1.0000000000000000
M 1.0000000000000000,-0.0000000007262385,0.0000000003631160,-0.1850161105394363,0.0000000007262245,1.0000000000000000,-0.0000000437113847,0.0000000060764975,-0.0000000003631156,0.0000000437113918,1.0000000000000000,-0.1250000149011612,0.0000000000000000,0.0000000000000000,0.0000000000000000,1.0000000000000000
M 1.0000000000000000,-0.0000000007168309,0.0000000003584122,-0.1970672160387039,0.0000000007168169,1.0000000000000000,-0.0000000437113847,0.0000000060926411,-0.0000000003584118,0.0000000437113918,1.0000000000000000,-0.1250000149011612,0.0000000000000000,0.0000000000000000,0.0000000000000000,1.0000000000000000
M 1.0000000000000000,-0.0000000007074802,0.0000000003537369,-0.2091183215379715,0.0000000007074662,1.0000000000000000,-0.0000000437113847,0.0000000061087277,-0.0000000003537364,0.0000000437113918,1.0000000000000000,-0.1250000149011612,0.0000000000000000,0.0000000000000000,0.0000000000000000,1.0000000000000000
M 1.0000000000000000,-0.0000000006981721,0.0000000003490828,-0.2211694270372391,0.0000000006981581,1.0000000000000000,-0.0000000437113847,0.0000000061247292,-0.0000000003490823,0.0000000437113918,1.0000000000000000,-0.1250000149011612,0.0000000000000000,0.0000000000000000,0.0000000000000000,1.0000000000000000
