O WIDGET_312_CG_table_LCG_cab1_INTERIOR
A WIDGET_312_CG_table_LCG_cab1_INTERIOR_WIDGET_312_CG_table_LCG_cab1_INTERIOR
M 1.0000000000000000,0.0000000000000000,0.0000000000000000,0.0000000000000000,0.0000000000000000,1.0000000000000000,-0.0000000437113883,-0.0000000342741515,-0.0000000000000000,0.0000000437113883,1.0000000000000000,0.0000000152713540,0.0000000000000000,0.0000000000000000,0.0000000000000000,1.0000000000000000
M 1.0000000000000000,0.0000000000000000,0.0000000000000000,0.0000000000000000,0.0000000000000000,1.0000000000000000,-0.0000000437113883,-0.0000000342741515,-0.0000000000000000,0.0000000437113883,1.0000000000000000,0.0000000152713540,0.0000000000000000,0.0000000000000000,0.0000000000000000,1.0000000000000000
M 1.0000000000000000,0.0000000000000000,0.0000000000000000,0.0000000000000000,0.0000000000000000,1.0000000000000000,-0.0000000437113883,0.0937499627470970,-0.0000000000000000,0.0000000437113883,1.0000000000000000,0.0312500149011612,0.0000000000000000,0.0000000000000000,0.0000000000000000,1.0000000000000000
M 1.0000000000000000,0.0000000000000000,0.0000000000000000,0.0000000000000000,0.0000000000000000,1.0000000000000000,-0.0000000437113883,0.0937499627470970,-0.0000000000000000,0.0000000437113883,1.0000000000000000,0.0312500149011612,0.0000000000000000,0.0000000000000000,0.0000000000000000,1.0000000000000000
M 1.0000000000000000,0.0000000000000000,0.0000000000000000,0.0000000000000000,0.0000000000000000,1.0000000000000000,-0.0000000437113883,0.0937499627470970,-0.0000000000000000,0.0000000437113883,1.0000000000000000,0.0312500149011612,0.0000000000000000,0.0000000000000000,0.0000000000000000,1.0000000000000000
M 1.0000000000000000,0.0000000000000000,0.0000000000000000,0.0000000000000000,0.0000000000000000,1.0000000000000000,-0.0000000437113883,0.0937499627470970,-0.0000000000000000,0.0000000437113883,1.0000000000000000,0.0312500149011612,0.0000000000000000,0.0000000000000000,0.0000000000000000,1.0000000000000000
M 1.0000000000000000,0.0000000000000000,0.0000000000000000,0.0000000000000000,0.0000000000000000,1.0000000000000000,-0.0000000437113883,0.0937499627470970,-0.0000000000000000,0.0000000437113883,1.0000000000000000,0.0312500149011612,0.0000000000000000,0.0000000000000000,0.0000000000000000,1.0000000000000000
M 1.0000000000000000,0.0000000000000000,0.0000000000000000,0.0000000000000000,0.0000000000000000,1.0000000000000000,-0.0000000437113883,0.0937499627470970,-0.0000000000000000,0.0000000437113883,1.0000000000000000,0.0312500149011612,0.0000000000000000,0.0000000000000000,0.0000000000000000,1.0000000000000000
M 1.0000000000000000,0.0000000000000000,0.0000000000000000,0.0000000000000000,0.0000000000000000,1.0000000000000000,-0.0000000437113883,0.0937499627470970,-0.0000000000000000,0.0000000437113883,1.0000000000000000,0.0312500149011612,0.0000000000000000,0.0000000000000000,0.0000000000000000,1.0000000000000000
M 1.0000000000000000,0.0000000000000000,0.0000000000000000,0.0000000000000000,0.0000000000000000,1.0000000000000000,-0.0000000437113883,0.0937499627470970,-0.0000000000000000,0.0000000437113883,1.0000000000000000,0.0312500149011612,0.0000000000000000,0.0000000000000000,0.0000000000000000,1.0000000000000000
M 1.0000000000000000,0.0000000000000000,0.0000000000000000,0.0000000000000000,0.0000000000000000,1.0000000000000000,-0.0000000437113883,0.0937499627470970,-0.0000000000000000,0.0000000437113883,1.0000000000000000,0.0312500149011612,0.0000000000000000,0.0000000000000000,0.0000000000000000,1.0000000000000000
M 1.0000000000000000,0.0000000000000000,0.0000000000000000,0.0000000000000000,0.0000000000000000,1.0000000000000000,-0.0000000437113883,0.1158374175429344,-0.0000000000000000,0.0000000437113883,1.0000000000000000,0.0312500149011612,0.0000000000000000,0.0000000000000000,0.0000000000000000,1.0000000000000000
M 1.0000000000000000,0.0000000000000000,0.0000000000000000,0.0000000000000000,0.0000000000000000,1.0000000000000000,-0.0000000437113883,0.1399537026882172,-0.0000000000000000,0.0000000437113883,1.0000000000000000,0.0312500149011612,0.0000000000000000,0.0000000000000000,0.0000000000000000,1.0000000000000000
M 1.0000000000000000,0.0000000000000000,0.0000000000000000,0.0000000000000000,0.0000000000000000,1.0000000000000000,-0.0000000437113883,0.1657570302486420,-0.0000000000000000,0.0000000437113883,1.0000000000000000,0.0312500149011612,0.0000000000000000,0.0000000000000000,0.0000000000000000,1.0000000000000000
M 1.0000000000000000,0.0000000000000000,0.0000000000000000,0.0000000000000000,0.0000000000000000,1.0000000000000000,-0.0000000437113883,0.1929055154323578,-0.0000000000000000,0.0000000437113883,1.0000000000000000,0.0312500149011612,0.0000000000000000,0.0000000000000000,0.0000000000000000,1.0000000000000000
M 1.0000000000000000,0.0000000000000000,0.0000000000000000,0.0000000000000000,0.0000000000000000,1.0000000000000000,-0.0000000437113883,0.2210572659969330,-0.0000000000000000,0.0000000437113883,1.0000000000000000,0.0312500149011612,0.0000000000000000,0.0000000000000000,0.0000000000000000,1.0000000000000000
M 1.0000000000000000,0.0000000000000000,0.0000000000000000,0.0000000000000000,0.0000000000000000,1.0000000000000000,-0.0000000437113883,0.2498703896999359,-0.0000000000000000,0.0000000437113883,1.0000000000000000,0.0312500149011612,0.0000000000000000,0.0000000000000000,0.0000000000000000,1.0000000000000000
M 1.0000000000000000,0.0000000000000000,0.0000000000000000,0.0000000000000000,0.0000000000000000,1.0000000000000000,-0.0000000437113883,0.2790029942989349,-0.0000000000000000,0.0000000437113883,1.0000000000000000,0.0312500149011612,0.0000000000000000,0.0000000000000000,0.0000000000000000,1.0000000000000000
M 1.0000000000000000,0.0000000000000000,0.0000000000000000,0.0000000000000000,0.0000000000000000,1.0000000000000000,-0.0000000437113883,0.3081131875514984,-0.0000000000000000,0.0000000437113883,1.0000000000000000,0.0312500149011612,0.0000000000000000,0.0000000000000000,0.0000000000000000,1.0000000000000000
M 1.0000000000000000,0.0000000000000000,0.0000000000000000,0.0000000000000000,0.0000000000000000,1.0000000000000000,-0.0000000437113883,0.3368590772151947,-0.0000000000000000,0.0000000437113883,1.0000000000000000,0.0312500149011612,0.0000000000000000,0.0000000000000000,0.0000000000000000,1.0000000000000000
M 1.0000000000000000,0.0000000000000000,0.0000000000000000,0.0000000000000000,0.0000000000000000,1.0000000000000000,-0.0000000437113883,0.3648987710475922,-0.0000000000000000,0.0000000437113883,1.0000000000000000,0.0312500149011612,0.0000000000000000,0.0000000000000000,0.0000000000000000,1.0000000000000000
M 1.0000000000000000,0.0000000000000000,0.0000000000000000,0.0000000000000000,0.0000000000000000,1.0000000000000000,-0.0000000437113883,0.3918903768062592,-0.0000000000000000,0.0000000437113883,1.0000000000000000,0.0312500149011612,0.0000000000000000,0.0000000000000000,0.0000000000000000,1.0000000000000000
M 1.0000000000000000,0.0000000000000000,0.0000000000000000,0.0000000000000000,0.0000000000000000,1.0000000000000000,-0.0000000437113883,0.4174920022487640,-0.0000000000000000,0.0000000437113883,1.0000000000000000,0.0312500149011612,0.0000000000000000,0.0000000000000000,0.0000000000000000,1.0000000000000000
M 1.0000000000000000,0.0000000000000000,0.0000000000000000,0.0000000000000000,0.0000000000000000,1.0000000000000000,-0.0000000437113883,0.4413619935512543,-0.0000000000000000,0.0000000437113883,1.0000000000000000,0.0312500149011612,0.0000000000000000,0.0000000000000000,0.0000000000000000,1.0000000000000000
M 1.0000000000000000,0.0000000000000000,0.0000000000000000,0.0000000000000000,0.0000000000000000,1.0000000000000000,-0.0000000437113883,0.4631586968898773,-0.0000000000000000,0.0000000437113883,1.0000000000000000,0.0312500149011612,0.0000000000000000,0.0000000000000000,0.0000000000000000,1.0000000000000000
M 1.0000000000000000,0.0000000000000000,0.0000000000000000,0.0000000000000000,0.0000000000000000,1.0000000000000000,-0.0000000437113883,0.4825399816036224,-0.0000000000000000,0.0000000437113883,1.0000000000000000,0.0312500149011612,0.0000000000000000,0.0000000000000000,0.0000000000000000,1.0000000000000000
M 1.0000000000000000,0.0000000000000000,0.0000000000000000,0.0000000000000000,0.0000000000000000,1.0000000000000000,-0.0000000437113883,0.4991641938686371,-0.0000000000000000,0.0000000437113883,1.0000000000000000,0.0312500149011612,0.0000000000000000,0.0000000000000000,0.0000000000000000,1.0000000000000000
M 1.0000000000000000,0.0000000000000000,0.0000000000000000,0.0000000000000000,0.0000000000000000,1.0000000000000000,-0.0000000437113883,0.5126889348030090,-0.0000000000000000,0.0000000437113883,1.0000000000000000,0.0312500149011612,0.0000000000000000,0.0000000000000000,0.0000000000000000,1.0000000000000000
M 1.0000000000000000,0.0000000000000000,0.0000000000000000,0.0000000000000000,0.0000000000000000,1.0000000000000000,-0.0000000437113883,0.5227726101875305,-0.0000000000000000,0.0000000437113883,1.0000000000000000,0.0312500149011612,0.0000000000000000,0.0000000000000000,0.0000000000000000,1.0000000000000000
M 1.0000000000000000,0.0000000000000000,0.0000000000000000,0.0000000000000000,0.0000000000000000,1.0000000000000000,-0.0000000437113883,0.5290737748146057,-0.0000000000000000,0.0000000437113883,1.0000000000000000,0.0312500149011612,0.0000000000000000,0.0000000000000000,0.0000000000000000,1.0000000000000000
M 1.0000000000000000,0.0000000000000000,0.0000000000000000,0.0000000000000000,0.0000000000000000,1.0000000000000000,-0.0000000437113883,0.5312500596046448,-0.0000000000000000,0.0000000437113883,1.0000000000000000,0.0312500149011612,0.0000000000000000,0.0000000000000000,0.0000000000000000,1.0000000000000000
M 1.0000000000000000,0.0000000000000000,0.0000000000000000,0.0000000000000000,0.0000000000000000,0.9990329146385193,-0.0439681336283684,0.4835085570812225,-0.0000000000000000,0.0439681336283684,0.9990329146385193,-0.0481561645865440,0.0000000000000000,0.0000000000000000,0.0000000000000000,1.0000000000000000
M 1.0000000000000000,0.0000000000000000,0.0000000000000000,0.0000000000000000,0.0000000000000000,0.9866859912872314,-0.1626371294260025,0.3719989657402039,-0.0000000000000000,0.1626371294260025,0.9866859912872314,-0.2734255790710449,0.0000000000000000,0.0000000000000000,0.0000000000000000,1.0000000000000000
M 1.0000000000000000,0.0000000000000000,0.0000000000000000,0.0000000000000000,0.0000000000000000,0.9429906606674194,-0.3328192532062531,0.2583762705326080,-0.0000000000000000,0.3328192532062531,0.9429906606674194,-0.6257197856903076,0.0000000000000000,0.0000000000000000,0.0000000000000000,1.0000000000000000
M 1.0000000000000000,0.0000000000000000,0.0000000000000000,0.0000000000000000,0.0000000000000000,0.8509947061538696,-0.5251743197441101,0.2058445811271667,-0.0000000000000000,0.5251743197441101,0.8509947061538696,-1.0718475580215454,0.0000000000000000,0.0000000000000000,0.0000000000000000,1.0000000000000000
M 1.0000000000000000,0.0000000000000000,0.0000000000000000,0.0000000000000000,0.0000000000000000,0.7071070075035095,-0.7071065902709961,0.2574706077575684,-0.0000000000000000,0.7071065902709961,0.7071070075035095,-1.5577880144119263,0.0000000000000000,0.0000000000000000,0.0000000000000000,1.0000000000000000
M 1.0000000000000000,0.0000000000000000,0.0000000000000000,0.0000000000000000,0.0000000000000000,0.5251748561859131,-0.8509943485260010,0.4196635484695435,-0.0000000000000000,0.8509943485260010,0.5251748561859131,-2.0187618732452393,0.0000000000000000,0.0000000000000000,0.0000000000000000,1.0000000000000000
M 1.0000000000000000,0.0000000000000000,0.0000000000000000,0.0000000000000000,0.0000000000000000,0.3328198492527008,-0.9429903626441956,0.6588002443313599,-0.0000000000000000,0.9429903626441956,0.3328198492527008,-2.3990292549133301,0.0000000000000000,0.0000000000000000,0.0000000000000000,1.0000000000000000
M 1.0000000000000000,0.0000000000000000,0.0000000000000000,0.0000000000000000,0.0000000000000000,0.1626373529434204,-0.9866858720779419,0.9127804040908813,-0.0000000000000000,0.9866858720779419,0.1626373529434204,-2.6683173179626465,0.0000000000000000,0.0000000000000000,0.0000000000000000,1.0000000000000000
M 1.0000000000000000,0.0000000000000000,0.0000000000000000,0.0000000000000000,0.0000000000000000,0.0439681187272072,-0.9990329146385193,1.1102695465087891,-0.0000000000000000,0.9990329146385193,0.0439681187272072,-2.8238131999969482,0.0000000000000000,0.0000000000000000,0.0000000000000000,1.0000000000000000
M 1.0000000000000000,0.0000000000000000,0.0000000000000000,0.0000000000000000,0.0000000000000000,0.0000000317865130,-1.0000000000000000,1.1874997615814209,-0.0000000000000000,1.0000000000000000,0.0000000317865130,-2.8750000000000000,0.0000000000000000,0.0000000000000000,0.0000000000000000,1.0000000000000000
O WIDGET_313_CG_table_LCG_cab1_INTERIOR
A WIDGET_313_CG_table_LCG_cab1_INTERIOR_WIDGET_313_CG_table_LCG_cab1_INTERIOR
M 1.0000000000000000,0.0000000000000000,0.0000000000000000,0.0000000000000000,0.0000000000000000,1.0000000000000000,-0.0000000437113883,0.0000000872944454,-0.0000000000000000,0.0000000437113883,1.0000000000000000,0.0000000553796013,0.0000000000000000,0.0000000000000000,0.0000000000000000,1.0000000000000000
M 1.0000000000000000,0.0000000000000000,0.0000000000000000,0.0000000000000000,0.0000000000000000,1.0000000000000000,-0.0000000437113883,0.0000000872944454,-0.0000000000000000,0.0000000437113883,1.0000000000000000,0.0000000553796013,0.0000000000000000,0.0000000000000000,0.0000000000000000,1.0000000000000000
M 1.0000000000000000,0.0000000000000000,0.0000000000000000,0.0000000000000000,0.0000000000000000,0.9985494613647461,0.0538420826196671,0.0656093582510948,-0.0000000000000000,-0.0538420826196671,0.9985494613647461,0.1228328198194504,0.0000000000000000,0.0000000000000000,0.0000000000000000,1.0000000000000000
M 1.0000000000000000,0.0000000000000000,0.0000000000000000,0.0000000000000000,0.0000000000000000,0.9804157018661499,0.1969390809535980,0.2729997634887695,-0.0000000000000000,-0.1969390809535980,0.9804157018661499,0.4327773749828339,0.0000000000000000,0.0000000000000000,0.0000000000000000,1.0000000000000000
M 1.0000000000000000,0.0000000000000000,0.0000000000000000,0.0000000000000000,0.0000000000000000,0.9182161092758179,0.3960798680782318,0.6470927596092224,-0.0000000000000000,-0.3960798680782318,0.9182161092758179,0.8213721513748169,0.0000000000000000,0.0000000000000000,0.0000000000000000,1.0000000000000000
M 1.0000000000000000,0.0000000000000000,0.0000000000000000,0.0000000000000000,0.0000000000000000,0.7930251955986023,0.6091887950897217,1.1830040216445923,-0.0000000000000000,-0.6091887950897217,0.7930251955986023,1.1694345474243164,0.0000000000000000,0.0000000000000000,0.0000000000000000,1.0000000000000000
M 1.0000000000000000,0.0000000000000000,0.0000000000000000,0.0000000000000000,0.0000000000000000,0.6091886162757874,0.7930254340171814,1.8206872940063477,-0.0000000000000000,-0.7930254340171814,0.6091886162757874,1.3819955587387085,0.0000000000000000,0.0000000000000000,0.0000000000000000,1.0000000000000000
M 1.0000000000000000,0.0000000000000000,0.0000000000000000,0.0000000000000000,0.0000000000000000,0.3960795998573303,0.9182161688804626,2.4582536220550537,-0.0000000000000000,-0.9182161688804626,0.3960795998573303,1.4250917434692383,0.0000000000000000,0.0000000000000000,0.0000000000000000,1.0000000000000000
M 1.0000000000000000,0.0000000000000000,0.0000000000000000,0.0000000000000000,0.0000000000000000,0.1969390511512756,0.9804157614707947,2.9906845092773438,-0.0000000000000000,-0.9804157614707947,0.1969390511512756,1.3386719226837158,0.0000000000000000,0.0000000000000000,0.0000000000000000,1.0000000000000000
M 1.0000000000000000,0.0000000000000000,0.0000000000000000,0.0000000000000000,0.0000000000000000,0.0538421124219894,0.9985494613647461,3.3425631523132324,-0.0000000000000000,-0.9985494613647461,0.0538421124219894,1.2151503562927246,0.0000000000000000,0.0000000000000000,0.0000000000000000,1.0000000000000000
M 1.0000000000000000,0.0000000000000000,0.0000000000000000,0.0000000000000000,0.0000000000000000,0.0000000000000000,1.0000000000000000,3.4687502384185791,-0.0000000000000000,-1.0000000000000000,-0.0000000000000000,1.1562497615814209,0.0000000000000000,0.0000000000000000,0.0000000000000000,1.0000000000000000
M 1.0000000000000000,0.0000000000000000,0.0000000000000000,0.0000000000000000,0.0000000000000000,0.0000000000000000,1.0000000000000000,3.4687502384185791,-0.0000000000000000,-1.0000000000000000,-0.0000000000000000,1.1562497615814209,0.0000000000000000,0.0000000000000000,0.0000000000000000,1.0000000000000000
M 1.0000000000000000,0.0000000000000000,0.0000000000000000,0.0000000000000000,0.0000000000000000,0.0000000000000000,1.0000000000000000,3.4687502384185791,-0.0000000000000000,-1.0000000000000000,-0.0000000000000000,1.1562497615814209,0.0000000000000000,0.0000000000000000,0.0000000000000000,1.0000000000000000
M 1.0000000000000000,0.0000000000000000,0.0000000000000000,0.0000000000000000,0.0000000000000000,0.0000000000000000,1.0000000000000000,3.4687502384185791,-0.0000000000000000,-1.0000000000000000,-0.0000000000000000,1.1562497615814209,0.0000000000000000,0.0000000000000000,0.0000000000000000,1.0000000000000000
M 1.0000000000000000,0.0000000000000000,0.0000000000000000,0.0000000000000000,0.0000000000000000,0.0000000000000000,1.0000000000000000,3.4687502384185791,-0.0000000000000000,-1.0000000000000000,-0.0000000000000000,1.1562497615814209,0.0000000000000000,0.0000000000000000,0.0000000000000000,1.0000000000000000
M 1.0000000000000000,0.0000000000000000,0.0000000000000000,0.0000000000000000,0.0000000000000000,0.0000000000000000,1.0000000000000000,3.4687502384185791,-0.0000000000000000,-1.0000000000000000,-0.0000000000000000,1.1562497615814209,0.0000000000000000,0.0000000000000000,0.0000000000000000,1.0000000000000000
M 1.0000000000000000,0.0000000000000000,0.0000000000000000,0.0000000000000000,0.0000000000000000,0.0000000000000000,1.0000000000000000,3.4687502384185791,-0.0000000000000000,-1.0000000000000000,-0.0000000000000000,1.1562497615814209,0.0000000000000000,0.0000000000000000,0.0000000000000000,1.0000000000000000
M 1.0000000000000000,0.0000000000000000,0.0000000000000000,0.0000000000000000,0.0000000000000000,0.0000000000000000,1.0000000000000000,3.4687502384185791,-0.0000000000000000,-1.0000000000000000,-0.0000000000000000,1.1562497615814209,0.0000000000000000,0.0000000000000000,0.0000000000000000,1.0000000000000000
M 1.0000000000000000,0.0000000000000000,0.0000000000000000,0.0000000000000000,0.0000000000000000,0.0000000000000000,1.0000000000000000,3.4687502384185791,-0.0000000000000000,-1.0000000000000000,-0.0000000000000000,1.1562497615814209,0.0000000000000000,0.0000000000000000,0.0000000000000000,1.0000000000000000
M 1.0000000000000000,0.0000000000000000,0.0000000000000000,0.0000000000000000,0.0000000000000000,0.0000000000000000,1.0000000000000000,3.4687502384185791,-0.0000000000000000,-1.0000000000000000,-0.0000000000000000,1.1562497615814209,0.0000000000000000,0.0000000000000000,0.0000000000000000,1.0000000000000000
M 1.0000000000000000,0.0000000000000000,0.0000000000000000,0.0000000000000000,0.0000000000000000,0.0000000000000000,1.0000000000000000,3.4687502384185791,-0.0000000000000000,-1.0000000000000000,-0.0000000000000000,1.1562497615814209,0.0000000000000000,0.0000000000000000,0.0000000000000000,1.0000000000000000
M 1.0000000000000000,0.0000000000000000,0.0000000000000000,0.0000000000000000,0.0000000000000000,0.0000000000000000,1.0000000000000000,3.4687502384185791,-0.0000000000000000,-1.0000000000000000,-0.0000000000000000,1.1562497615814209,0.0000000000000000,0.0000000000000000,0.0000000000000000,1.0000000000000000
M 1.0000000000000000,0.0000000000000000,0.0000000000000000,0.0000000000000000,0.0000000000000000,0.0000000000000000,1.0000000000000000,3.4687502384185791,-0.0000000000000000,-1.0000000000000000,-0.0000000000000000,1.1562497615814209,0.0000000000000000,0.0000000000000000,0.0000000000000000,1.0000000000000000
M 1.0000000000000000,0.0000000000000000,0.0000000000000000,0.0000000000000000,0.0000000000000000,0.0000000000000000,1.0000000000000000,3.4687502384185791,-0.0000000000000000,-1.0000000000000000,-0.0000000000000000,1.1562497615814209,0.0000000000000000,0.0000000000000000,0.0000000000000000,1.0000000000000000
M 1.0000000000000000,0.0000000000000000,0.0000000000000000,0.0000000000000000,0.0000000000000000,0.0000000000000000,1.0000000000000000,3.4687502384185791,-0.0000000000000000,-1.0000000000000000,-0.0000000000000000,1.1562497615814209,0.0000000000000000,0.0000000000000000,0.0000000000000000,1.0000000000000000
M 1.0000000000000000,0.0000000000000000,0.0000000000000000,0.0000000000000000,0.0000000000000000,0.0000000000000000,1.0000000000000000,3.4687502384185791,-0.0000000000000000,-1.0000000000000000,-0.0000000000000000,1.1562497615814209,0.0000000000000000,0.0000000000000000,0.0000000000000000,1.0000000000000000
M 1.0000000000000000,0.0000000000000000,0.0000000000000000,0.0000000000000000,0.0000000000000000,0.0000000000000000,1.0000000000000000,3.4687502384185791,-0.0000000000000000,-1.0000000000000000,-0.0000000000000000,1.1562497615814209,0.0000000000000000,0.0000000000000000,0.0000000000000000,1.0000000000000000
M 1.0000000000000000,0.0000000000000000,0.0000000000000000,0.0000000000000000,0.0000000000000000,0.0000000000000000,1.0000000000000000,3.4687502384185791,-0.0000000000000000,-1.0000000000000000,-0.0000000000000000,1.1562497615814209,0.0000000000000000,0.0000000000000000,0.0000000000000000,1.0000000000000000
M 1.0000000000000000,0.0000000000000000,0.0000000000000000,0.0000000000000000,0.0000000000000000,0.0000000000000000,1.0000000000000000,3.4687502384185791,-0.0000000000000000,-1.0000000000000000,-0.0000000000000000,1.1562497615814209,0.0000000000000000,0.0000000000000000,0.0000000000000000,1.0000000000000000
M 1.0000000000000000,0.0000000000000000,0.0000000000000000,0.0000000000000000,0.0000000000000000,0.0000000000000000,1.0000000000000000,3.4687502384185791,-0.0000000000000000,-1.0000000000000000,-0.0000000000000000,1.1562497615814209,0.0000000000000000,0.0000000000000000,0.0000000000000000,1.0000000000000000
M 1.0000000000000000,0.0000000000000000,0.0000000000000000,0.0000000000000000,0.0000000000000000,0.0000000000000000,1.0000000000000000,3.4687502384185791,-0.0000000000000000,-1.0000000000000000,-0.0000000000000000,1.1562497615814209,0.0000000000000000,0.0000000000000000,0.0000000000000000,1.0000000000000000
M 1.0000000000000000,0.0000000000000000,0.0000000000000000,0.0000000000000000,0.0000000000000000,0.0219893846660852,0.9997581839561462,3.4176201820373535,-0.0000000000000000,-0.9997581839561462,0.0219893846660852,1.1811158657073975,0.0000000000000000,0.0000000000000000,0.0000000000000000,1.0000000000000000
M 1.0000000000000000,0.0000000000000000,0.0000000000000000,0.0000000000000000,0.0000000000000000,0.0815906599164009,0.9966659545898438,3.2762169837951660,-0.0000000000000000,-0.9966659545898438,0.0815906599164009,1.2428789138793945,0.0000000000000000,0.0000000000000000,0.0000000000000000,1.0000000000000000
M 1.0000000000000000,0.0000000000000000,0.0000000000000000,0.0000000000000000,0.0000000000000000,0.1688334941864014,0.9856445789337158,3.0617244243621826,-0.0000000000000000,-0.9856445789337158,0.1688334941864014,1.3182665109634399,0.0000000000000000,0.0000000000000000,0.0000000000000000,1.0000000000000000
M 1.0000000000000000,0.0000000000000000,0.0000000000000000,0.0000000000000000,0.0000000000000000,0.2729519903659821,0.9620276689529419,2.7936432361602783,-0.0000000000000000,-0.9620276689529419,0.2729519903659821,1.3840395212173462,0.0000000000000000,0.0000000000000000,0.0000000000000000,1.0000000000000000
M 1.0000000000000000,0.0000000000000000,0.0000000000000000,0.0000000000000000,0.0000000000000000,0.3826834857463837,0.9238795638084412,2.4957804679870605,-0.0000000000000000,-0.9238795638084412,0.3826834857463837,1.4226990938186646,0.0000000000000000,0.0000000000000000,0.0000000000000000,1.0000000000000000
M 1.0000000000000000,0.0000000000000000,0.0000000000000000,0.0000000000000000,0.0000000000000000,0.4872501194477081,0.8732624650001526,2.1954441070556641,-0.0000000000000000,-0.8732624650001526,0.4872501194477081,1.4265524148941040,0.0000000000000000,0.0000000000000000,0.0000000000000000,1.0000000000000000
M 1.0000000000000000,0.0000000000000000,0.0000000000000000,0.0000000000000000,0.0000000000000000,0.5775727033615112,0.8163392543792725,1.9207557439804077,-0.0000000000000000,-0.8163392543792725,0.5775727033615112,1.3993529081344604,0.0000000000000000,0.0000000000000000,0.0000000000000000,1.0000000000000000
M 1.0000000000000000,0.0000000000000000,0.0000000000000000,0.0000000000000000,0.0000000000000000,0.6470559835433960,0.7624425292015076,1.6977576017379761,-0.0000000000000000,-0.7624425292015076,0.6470559835433960,1.3550567626953125,0.0000000000000000,0.0000000000000000,0.0000000000000000,1.0000000000000000
M 1.0000000000000000,0.0000000000000000,0.0000000000000000,0.0000000000000000,0.0000000000000000,0.6913869976997375,0.7224846482276917,1.5490407943725586,-0.0000000000000000,-0.7224846482276917,0.6913869976997375,1.3139119148254395,0.0000000000000000,0.0000000000000000,0.0000000000000000,1.0000000000000000
M 1.0000000000000000,0.0000000000000000,0.0000000000000000,0.0000000000000000,0.0000000000000000,0.7071068286895752,0.7071067094802856,1.4949079751968384,-0.0000000000000000,-0.7071067094802856,0.7071068286895752,1.2965265512466431,0.0000000000000000,0.0000000000000000,0.0000000000000000,1.0000000000000000
