O DOOR_10_Arm_INTERIOR_LCG_il_LINVERT
A DOOR_10_Arm_INTERIOR_LCG_il_LINVERT_DOOR_10_Arm_INTERIOR_LCG_il_LINVERT.001
M 1.0000000000000000,0.0000000000000000,0.0000000000000000,0.0000000000000000,0.0000000000000000,1.0000000000000000,-0.0000000437113883,0.0000000201203108,-0.0000000000000000,0.0000000437113883,1.0000000000000000,-0.0000000333066694,0.0000000000000000,0.0000000000000000,0.0000000000000000,1.0000000000000000
M 0.9999970197677612,-0.0000000001063547,-0.0024331107269973,0.0032026909757406,0.0000000000000000,1.0000000000000000,-0.0000000437113883,0.0000000201203108,0.0024331107269973,0.0000000437112568,0.9999970197677612,-0.0076253460720181,0.0000000000000000,0.0000000000000000,0.0000000000000000,1.0000000000000000
M 0.9999548196792603,-0.0000000004154029,-0.0095033105462790,0.0126144606620073,0.0000000000000000,1.0000000000000000,-0.0000000437113883,0.0000000201203108,0.0095033105462790,0.0000000437094130,0.9999548196792603,-0.0297393072396517,0.0000000000000000,0.0000000000000000,0.0000000000000000,1.0000000000000000
M 0.9997822642326355,-0.0000000009120823,-0.0208660103380680,0.0280689094215631,0.0000000000000000,1.0000000000000000,-0.0000000437113883,0.0000000201203108,0.0208660103380680,0.0000000437018706,0.9997822642326355,-0.0651416182518005,0.0000000000000000,0.0000000000000000,0.0000000000000000,1.0000000000000000
M 0.9993454813957214,-0.0000000015812126,-0.0361739285290241,0.0495296195149422,0.0000000000000000,1.0000000000000000,-0.0000000437113883,0.0000000201203108,0.0361739285290241,0.0000000436827712,0.9993454813957214,-0.1125677451491356,0.0000000000000000,0.0000000000000000,0.0000000000000000,1.0000000000000000
M 0.9984822273254395,-0.0000000024074036,-0.0550749748945236,0.0770434960722923,0.0000000000000000,1.0000000000000000,-0.0000000437113883,0.0000000201203108,0.0550749748945236,0.0000000436450449,0.9984822273254395,-0.1707007884979248,0.0000000000000000,0.0000000000000000,0.0000000000000000,1.0000000000000000
M 0.9970148205757141,-0.0000000033749652,-0.0772102028131485,0.1106966361403465,0.0000000000000000,1.0000000000000000,-0.0000000437113883,0.0000000201203108,0.0772102028131485,0.0000000435809007,0.9970148205757141,-0.2381819188594818,0.0000000000000000,0.0000000000000000,0.0000000000000000,1.0000000000000000
M 0.9947625994682312,-0.0000000044678425,-0.1022123247385025,0.1505732089281082,0.0000000000000000,1.0000000000000000,-0.0000000437113883,0.0000000201203108,0.1022123247385025,0.0000000434824621,0.9947625994682312,-0.3136223852634430,0.0000000000000000,0.0000000000000000,0.0000000000000000,1.0000000000000000
M 0.9915526509284973,-0.0000000056695817,-0.1297049075365067,0.1967215687036514,0.0000000000000000,1.0000000000000000,-0.0000000437113883,0.0000000201203108,0.1297049075365067,0.0000000433421512,0.9915526509284973,-0.3956149816513062,0.0000000000000000,0.0000000000000000,0.0000000000000000,1.0000000000000000
M 0.9872297644615173,-0.0000000069633455,-0.1593027710914612,0.2491227835416794,0.0000000000000000,1.0000000000000000,-0.0000000437113883,0.0000000201203108,0.1593027710914612,0.0000000431531824,0.9872297644615173,-0.4827482104301453,0.0000000000000000,0.0000000000000000,0.0000000000000000,1.0000000000000000
M 0.9816652536392212,-0.0000000083319591,-0.1906130015850067,0.3076647818088531,0.0000000000000000,1.0000000000000000,-0.0000000437113883,0.0000000201203108,0.1906130015850067,0.0000000429099494,0.9816652536392212,-0.5736211538314819,0.0000000000000000,0.0000000000000000,0.0000000000000000,1.0000000000000000
M 0.9747640490531921,-0.0000000097580219,-0.2232375293970108,0.3721229732036591,0.0000000000000000,1.0000000000000000,-0.0000000437113883,0.0000000201203108,0.2232375293970108,0.0000000426082885,0.9747640490531921,-0.6668607592582703,0.0000000000000000,0.0000000000000000,0.0000000000000000,1.0000000000000000
M 0.9664709568023682,-0.0000000112240324,-0.2567758858203888,0.4421449899673462,0.0000000000000000,1.0000000000000000,-0.0000000437113883,0.0000000201203108,0.2567758858203888,0.0000000422457873,0.9664709568023682,-0.7611389160156250,0.0000000000000000,0.0000000000000000,0.0000000000000000,1.0000000000000000
M 0.9567748904228210,-0.0000000127125617,-0.2908295094966888,0.5172423720359802,0.0000000000000000,1.0000000000000000,-0.0000000437113883,0.0000000201203108,0.2908295094966888,0.0000000418219663,0.9567748904228210,-0.8551914095878601,0.0000000000000000,0.0000000000000000,0.0000000000000000,1.0000000000000000
M 0.9457120299339294,-0.0000000142064591,-0.3250058591365814,0.5967863798141479,0.0000000000000000,1.0000000000000000,-0.0000000437113883,0.0000000201203108,0.3250058591365814,0.0000000413383852,0.9457120299339294,-0.9478349089622498,0.0000000000000000,0.0000000000000000,0.0000000000000000,1.0000000000000000
M 0.9333671331405640,-0.0000000156890305,-0.3589231371879578,0.6800105571746826,0.0000000000000000,1.0000000000000000,-0.0000000437113883,0.0000000201203108,0.3589231371879578,0.0000000407987741,0.9333671331405640,-1.0379832983016968,0.0000000000000000,0.0000000000000000,0.0000000000000000,1.0000000000000000
M 0.9198736548423767,-0.0000000171442540,-0.3922148048877716,0.7660149931907654,0.0000000000000000,1.0000000000000000,-0.0000000437113883,0.0000000201203108,0.3922148048877716,0.0000000402089562,0.9198736548423767,-1.1246625185012817,0.0000000000000000,0.0000000000000000,0.0000000000000000,1.0000000000000000
M 0.9054120779037476,-0.0000000185569640,-0.4245338439941406,0.8537786602973938,0.0000000000000000,1.0000000000000000,-0.0000000437113883,0.0000000201203108,0.4245338439941406,0.0000000395768183,0.9054120779037476,-1.2070215940475464,0.0000000000000000,0.0000000000000000,0.0000000000000000,1.0000000000000000
M 0.8902068734169006,-0.0000000199130064,-0.4555564820766449,0.9421722888946533,0.0000000000000000,1.0000000000000000,-0.0000000437113883,0.0000000201203108,0.4555564820766449,0.0000000389121766,0.8902068734169006,-1.2843394279479980,0.0000000000000000,0.0000000000000000,0.0000000000000000,1.0000000000000000
M 0.8745228648185730,-0.0000000211993374,-0.4849843084812164,1.0299742221832275,0.0000000000000000,1.0000000000000000,-0.0000000437113883,0.0000000201203108,0.4849843084812164,0.0000000382266094,0.8745228648185730,-1.3560283184051514,0.0000000000000000,0.0000000000000000,0.0000000000000000,1.0000000000000000
M 0.8586596846580505,-0.0000000224041088,-0.5125461816787720,1.1158889532089233,0.0000000000000000,1.0000000000000000,-0.0000000437113883,0.0000000201203108,0.5125461816787720,0.0000000375332156,0.8586596846580505,-1.4216312170028687,0.0000000000000000,0.0000000000000000,0.0000000000000000,1.0000000000000000
M 0.8429460525512695,-0.0000000235166429,-0.5379980802536011,1.1985654830932617,0.0000000000000000,1.0000000000000000,-0.0000000437113883,0.0000000201203108,0.5379980802536011,0.0000000368463411,0.8429460525512695,-1.4808143377304077,0.0000000000000000,0.0000000000000000,0.0000000000000000,1.0000000000000000
M 0.8277330994606018,-0.0000000245274254,-0.5611220002174377,1.2766165733337402,0.0000000000000000,1.0000000000000000,-0.0000000437113883,0.0000000201203108,0.5611220002174377,0.0000000361813619,0.8277330994606018,-1.5333548784255981,0.0000000000000000,0.0000000000000000,0.0000000000000000,1.0000000000000000
M 0.8133874535560608,-0.0000000254278909,-0.5817223191261292,1.3486361503601074,0.0000000000000000,1.0000000000000000,-0.0000000437113883,0.0000000201203108,0.5817223191261292,0.0000000355542937,0.8133874535560608,-1.5791208744049072,0.0000000000000000,0.0000000000000000,0.0000000000000000,1.0000000000000000
M 0.8002832531929016,-0.0000000262103157,-0.5996221303939819,1.4132184982299805,0.0000000000000000,1.0000000000000000,-0.0000000437113883,0.0000000201203108,0.5996221303939819,0.0000000349814933,0.8002832531929016,-1.6180484294891357,0.0000000000000000,0.0000000000000000,0.0000000000000000,1.0000000000000000
M 0.7887952327728271,-0.0000000268674754,-0.6146560907363892,1.4689720869064331,0.0000000000000000,1.0000000000000000,-0.0000000437113883,0.0000000201203108,0.6146560907363892,0.0000000344793349,0.7887952327728271,-1.6501111984252930,0.0000000000000000,0.0000000000000000,0.0000000000000000,1.0000000000000000
M 0.7792901396751404,-0.0000000273923249,-0.6266633272171021,1.5145353078842163,0.0000000000000000,1.0000000000000000,-0.0000000437113883,0.0000000201203108,0.6266633272171021,0.0000000340638557,0.7792901396751404,-1.6752856969833374,0.0000000000000000,0.0000000000000000,0.0000000000000000,1.0000000000000000
M 0.7721185088157654,-0.0000000277776504,-0.6354785561561584,1.5485924482345581,0.0000000000000000,1.0000000000000000,-0.0000000437113883,0.0000000201203108,0.6354785561561584,0.0000000337503749,0.7721185088157654,-1.6935141086578369,0.0000000000000000,0.0000000000000000,0.0000000000000000,1.0000000000000000
M 0.7676061391830444,-0.0000000280155792,-0.6409218311309814,1.5698854923248291,0.0000000000000000,1.0000000000000000,-0.0000000437113883,0.0000000201203108,0.6409218311309814,0.0000000335531318,0.7676061391830444,-1.7046597003936768,0.0000000000000000,0.0000000000000000,0.0000000000000000,1.0000000000000000
M 0.7660444378852844,-0.0000000280971371,-0.6427875757217407,1.5772311687469482,0.0000000000000000,1.0000000000000000,-0.0000000437113883,0.0000000201203108,0.6427875757217407,0.0000000334848664,0.7660444378852844,-1.7084600925445557,0.0000000000000000,0.0000000000000000,0.0000000000000000,1.0000000000000000
M 0.7660444378852844,-0.0000000280971371,-0.6427875757217407,1.5772311687469482,0.0000000000000000,1.0000000000000000,-0.0000000437113883,0.0000000201203108,0.6427875757217407,0.0000000334848664,0.7660444378852844,-1.7084600925445557,0.0000000000000000,0.0000000000000000,0.0000000000000000,1.0000000000000000
M 0.7660444378852844,-0.0000000280971371,-0.6427875757217407,1.5772311687469482,0.0000000000000000,1.0000000000000000,-0.0000000437113883,0.0000000201203108,0.6427875757217407,0.0000000334848664,0.7660444378852844,-1.7084600925445557,0.0000000000000000,0.0000000000000000,0.0000000000000000,1.0000000000000000
M 0.7660444378852844,-0.0000000280971371,-0.6427875757217407,1.5772311687469482,0.0000000000000000,1.0000000000000000,-0.0000000437113883,0.0000000201203108,0.6427875757217407,0.0000000334848664,0.7660444378852844,-1.7084600925445557,0.0000000000000000,0.0000000000000000,0.0000000000000000,1.0000000000000000
M 0.7660444378852844,-0.0000000280971371,-0.6427875757217407,1.5772311687469482,0.0000000000000000,1.0000000000000000,-0.0000000437113883,0.0000000201203108,0.6427875757217407,0.0000000334848664,0.7660444378852844,-1.7084600925445557,0.0000000000000000,0.0000000000000000,0.0000000000000000,1.0000000000000000
M 0.7660444378852844,-0.0000000280971371,-0.6427875757217407,1.5772311687469482,0.0000000000000000,1.0000000000000000,-0.0000000437113883,0.0000000201203108,0.6427875757217407,0.0000000334848664,0.7660444378852844,-1.7084600925445557,0.0000000000000000,0.0000000000000000,0.0000000000000000,1.0000000000000000
M 0.7660444378852844,-0.0000000280971371,-0.6427875757217407,1.5772311687469482,0.0000000000000000,1.0000000000000000,-0.0000000437113883,0.0000000201203108,0.6427875757217407,0.0000000334848664,0.7660444378852844,-1.7084600925445557,0.0000000000000000,0.0000000000000000,0.0000000000000000,1.0000000000000000
M 0.7660444378852844,-0.0000000280971371,-0.6427875757217407,1.5772311687469482,0.0000000000000000,1.0000000000000000,-0.0000000437113883,0.0000000201203108,0.6427875757217407,0.0000000334848664,0.7660444378852844,-1.7084600925445557,0.0000000000000000,0.0000000000000000,0.0000000000000000,1.0000000000000000
M 0.7660444378852844,-0.0000000280971371,-0.6427875757217407,1.5772311687469482,0.0000000000000000,1.0000000000000000,-0.0000000437113883,0.0000000201203108,0.6427875757217407,0.0000000334848664,0.7660444378852844,-1.7084600925445557,0.0000000000000000,0.0000000000000000,0.0000000000000000,1.0000000000000000
M 0.7660444378852844,-0.0000000280971371,-0.6427875757217407,1.5772311687469482,0.0000000000000000,1.0000000000000000,-0.0000000437113883,0.0000000201203108,0.6427875757217407,0.0000000334848664,0.7660444378852844,-1.7084600925445557,0.0000000000000000,0.0000000000000000,0.0000000000000000,1.0000000000000000
M 0.7660444378852844,-0.0000000280971371,-0.6427875757217407,1.5772311687469482,0.0000000000000000,1.0000000000000000,-0.0000000437113883,0.0000000201203108,0.6427875757217407,0.0000000334848664,0.7660444378852844,-1.7084600925445557,0.0000000000000000,0.0000000000000000,0.0000000000000000,1.0000000000000000
M 0.7660444378852844,-0.0000000280971371,-0.6427875757217407,1.5772311687469482,0.0000000000000000,1.0000000000000000,-0.0000000437113883,0.0000000201203108,0.6427875757217407,0.0000000334848664,0.7660444378852844,-1.7084600925445557,0.0000000000000000,0.0000000000000000,0.0000000000000000,1.0000000000000000
M 0.7660444378852844,-0.0000000280971371,-0.6427875757217407,1.5772311687469482,0.0000000000000000,1.0000000000000000,-0.0000000437113883,0.0000000201203108,0.6427875757217407,0.0000000334848664,0.7660444378852844,-1.7084600925445557,0.0000000000000000,0.0000000000000000,0.0000000000000000,1.0000000000000000
M 0.7660444378852844,-0.0000000280971371,-0.6427875757217407,1.5772311687469482,0.0000000000000000,1.0000000000000000,-0.0000000437113883,0.0000000201203108,0.6427875757217407,0.0000000334848664,0.7660444378852844,-1.7084600925445557,0.0000000000000000,0.0000000000000000,0.0000000000000000,1.0000000000000000
M 0.7660444378852844,-0.0000000280971371,-0.6427875757217407,1.5772311687469482,0.0000000000000000,1.0000000000000000,-0.0000000437113883,0.0000000201203108,0.6427875757217407,0.0000000334848664,0.7660444378852844,-1.7084600925445557,0.0000000000000000,0.0000000000000000,0.0000000000000000,1.0000000000000000
M 0.7660444378852844,-0.0000000280971371,-0.6427875757217407,1.5772311687469482,0.0000000000000000,1.0000000000000000,-0.0000000437113883,0.0000000201203108,0.6427875757217407,0.0000000334848664,0.7660444378852844,-1.7084600925445557,0.0000000000000000,0.0000000000000000,0.0000000000000000,1.0000000000000000
M 0.7660444378852844,-0.0000000280971371,-0.6427875757217407,1.5772311687469482,0.0000000000000000,1.0000000000000000,-0.0000000437113883,0.0000000201203108,0.6427875757217407,0.0000000334848664,0.7660444378852844,-1.7084600925445557,0.0000000000000000,0.0000000000000000,0.0000000000000000,1.0000000000000000
M 0.7660444378852844,-0.0000000280971371,-0.6427875757217407,1.5772311687469482,0.0000000000000000,1.0000000000000000,-0.0000000437113883,0.0000000201203108,0.6427875757217407,0.0000000334848664,0.7660444378852844,-1.7084600925445557,0.0000000000000000,0.0000000000000000,0.0000000000000000,1.0000000000000000
M 0.7660444378852844,-0.0000000280971371,-0.6427875757217407,1.5772311687469482,0.0000000000000000,1.0000000000000000,-0.0000000437113883,0.0000000201203108,0.6427875757217407,0.0000000334848664,0.7660444378852844,-1.7084600925445557,0.0000000000000000,0.0000000000000000,0.0000000000000000,1.0000000000000000
M 0.7660444378852844,-0.0000000280971371,-0.6427875757217407,1.5772311687469482,0.0000000000000000,1.0000000000000000,-0.0000000437113883,0.0000000201203108,0.6427875757217407,0.0000000334848664,0.7660444378852844,-1.7084600925445557,0.0000000000000000,0.0000000000000000,0.0000000000000000,1.0000000000000000
M 0.7660444378852844,-0.0000000280971371,-0.6427875757217407,1.5772311687469482,0.0000000000000000,1.0000000000000000,-0.0000000437113883,0.0000000201203108,0.6427875757217407,0.0000000334848664,0.7660444378852844,-1.7084600925445557,0.0000000000000000,0.0000000000000000,0.0000000000000000,1.0000000000000000
M 0.7660444378852844,-0.0000000280971371,-0.6427875757217407,1.5772311687469482,0.0000000000000000,1.0000000000000000,-0.0000000437113883,0.0000000201203108,0.6427875757217407,0.0000000334848664,0.7660444378852844,-1.7084600925445557,0.0000000000000000,0.0000000000000000,0.0000000000000000,1.0000000000000000
M 0.7660444378852844,-0.0000000280971371,-0.6427875757217407,1.5772311687469482,0.0000000000000000,1.0000000000000000,-0.0000000437113883,0.0000000201203108,0.6427875757217407,0.0000000334848664,0.7660444378852844,-1.7084600925445557,0.0000000000000000,0.0000000000000000,0.0000000000000000,1.0000000000000000
M 0.7660444378852844,-0.0000000280971371,-0.6427875757217407,1.5772311687469482,0.0000000000000000,1.0000000000000000,-0.0000000437113883,0.0000000201203108,0.6427875757217407,0.0000000334848664,0.7660444378852844,-1.7084600925445557,0.0000000000000000,0.0000000000000000,0.0000000000000000,1.0000000000000000
M 0.7660444378852844,-0.0000000280971371,-0.6427875757217407,1.5772311687469482,0.0000000000000000,1.0000000000000000,-0.0000000437113883,0.0000000201203108,0.6427875757217407,0.0000000334848664,0.7660444378852844,-1.7084600925445557,0.0000000000000000,0.0000000000000000,0.0000000000000000,1.0000000000000000
M 0.7660444378852844,-0.0000000280971371,-0.6427875757217407,1.5772311687469482,0.0000000000000000,1.0000000000000000,-0.0000000437113883,0.0000000201203108,0.6427875757217407,0.0000000334848664,0.7660444378852844,-1.7084600925445557,0.0000000000000000,0.0000000000000000,0.0000000000000000,1.0000000000000000
M 0.7660444378852844,-0.0000000280971371,-0.6427875757217407,1.5772311687469482,0.0000000000000000,1.0000000000000000,-0.0000000437113883,0.0000000201203108,0.6427875757217407,0.0000000334848664,0.7660444378852844,-1.7084600925445557,0.0000000000000000,0.0000000000000000,0.0000000000000000,1.0000000000000000
M 0.7660444378852844,-0.0000000280971371,-0.6427875757217407,1.5772311687469482,0.0000000000000000,1.0000000000000000,-0.0000000437113883,0.0000000201203108,0.6427875757217407,0.0000000334848664,0.7660444378852844,-1.7084600925445557,0.0000000000000000,0.0000000000000000,0.0000000000000000,1.0000000000000000
M 0.7660444378852844,-0.0000000280971371,-0.6427875757217407,1.5772311687469482,0.0000000000000000,1.0000000000000000,-0.0000000437113883,0.0000000201203108,0.6427875757217407,0.0000000334848664,0.7660444378852844,-1.7084600925445557,0.0000000000000000,0.0000000000000000,0.0000000000000000,1.0000000000000000
M 0.7660444378852844,-0.0000000280971371,-0.6427875757217407,1.5772311687469482,0.0000000000000000,1.0000000000000000,-0.0000000437113883,0.0000000201203108,0.6427875757217407,0.0000000334848664,0.7660444378852844,-1.7084600925445557,0.0000000000000000,0.0000000000000000,0.0000000000000000,1.0000000000000000
M 0.7660444378852844,-0.0000000280971371,-0.6427875757217407,1.5772311687469482,0.0000000000000000,1.0000000000000000,-0.0000000437113883,0.0000000201203108,0.6427875757217407,0.0000000334848664,0.7660444378852844,-1.7084600925445557,0.0000000000000000,0.0000000000000000,0.0000000000000000,1.0000000000000000
M 0.7660444378852844,-0.0000000280971371,-0.6427875757217407,1.5772311687469482,0.0000000000000000,1.0000000000000000,-0.0000000437113883,0.0000000201203108,0.6427875757217407,0.0000000334848664,0.7660444378852844,-1.7084600925445557,0.0000000000000000,0.0000000000000000,0.0000000000000000,1.0000000000000000
M 0.7660444378852844,-0.0000000280971371,-0.6427875757217407,1.5772311687469482,0.0000000000000000,1.0000000000000000,-0.0000000437113883,0.0000000201203108,0.6427875757217407,0.0000000334848664,0.7660444378852844,-1.7084600925445557,0.0000000000000000,0.0000000000000000,0.0000000000000000,1.0000000000000000
M 0.7660444378852844,-0.0000000280971371,-0.6427875757217407,1.5772311687469482,0.0000000000000000,1.0000000000000000,-0.0000000437113883,0.0000000201203108,0.6427875757217407,0.0000000334848664,0.7660444378852844,-1.7084600925445557,0.0000000000000000,0.0000000000000000,0.0000000000000000,1.0000000000000000
M 0.7660444378852844,-0.0000000280971371,-0.6427875757217407,1.5772311687469482,0.0000000000000000,1.0000000000000000,-0.0000000437113883,0.0000000201203108,0.6427875757217407,0.0000000334848664,0.7660444378852844,-1.7084600925445557,0.0000000000000000,0.0000000000000000,0.0000000000000000,1.0000000000000000
M 0.7660444378852844,-0.0000000280971371,-0.6427875757217407,1.5772311687469482,0.0000000000000000,1.0000000000000000,-0.0000000437113883,0.0000000201203108,0.6427875757217407,0.0000000334848664,0.7660444378852844,-1.7084600925445557,0.0000000000000000,0.0000000000000000,0.0000000000000000,1.0000000000000000
M 0.7660444378852844,-0.0000000280971371,-0.6427875757217407,1.5772311687469482,0.0000000000000000,1.0000000000000000,-0.0000000437113883,0.0000000201203108,0.6427875757217407,0.0000000334848664,0.7660444378852844,-1.7084600925445557,0.0000000000000000,0.0000000000000000,0.0000000000000000,1.0000000000000000
M 0.7660444378852844,-0.0000000280971371,-0.6427875757217407,1.5772311687469482,0.0000000000000000,1.0000000000000000,-0.0000000437113883,0.0000000201203108,0.6427875757217407,0.0000000334848664,0.7660444378852844,-1.7084600925445557,0.0000000000000000,0.0000000000000000,0.0000000000000000,1.0000000000000000
M 0.7660444378852844,-0.0000000280971371,-0.6427875757217407,1.5772311687469482,0.0000000000000000,1.0000000000000000,-0.0000000437113883,0.0000000201203108,0.6427875757217407,0.0000000334848664,0.7660444378852844,-1.7084600925445557,0.0000000000000000,0.0000000000000000,0.0000000000000000,1.0000000000000000
M 0.7660444378852844,-0.0000000280971371,-0.6427875757217407,1.5772311687469482,0.0000000000000000,1.0000000000000000,-0.0000000437113883,0.0000000201203108,0.6427875757217407,0.0000000334848664,0.7660444378852844,-1.7084600925445557,0.0000000000000000,0.0000000000000000,0.0000000000000000,1.0000000000000000
M 0.7660444378852844,-0.0000000280971371,-0.6427875757217407,1.5772311687469482,0.0000000000000000,1.0000000000000000,-0.0000000437113883,0.0000000201203108,0.6427875757217407,0.0000000334848664,0.7660444378852844,-1.7084600925445557,0.0000000000000000,0.0000000000000000,0.0000000000000000,1.0000000000000000
M 0.7660444378852844,-0.0000000280971371,-0.6427875757217407,1.5772311687469482,0.0000000000000000,1.0000000000000000,-0.0000000437113883,0.0000000201203108,0.6427875757217407,0.0000000334848664,0.7660444378852844,-1.7084600925445557,0.0000000000000000,0.0000000000000000,0.0000000000000000,1.0000000000000000
M 0.7660444378852844,-0.0000000280971371,-0.6427875757217407,1.5772311687469482,0.0000000000000000,1.0000000000000000,-0.0000000437113883,0.0000000201203108,0.6427875757217407,0.0000000334848664,0.7660444378852844,-1.7084600925445557,0.0000000000000000,0.0000000000000000,0.0000000000000000,1.0000000000000000
M 0.7660444378852844,-0.0000000280971371,-0.6427875757217407,1.5772311687469482,0.0000000000000000,1.0000000000000000,-0.0000000437113883,0.0000000201203108,0.6427875757217407,0.0000000334848664,0.7660444378852844,-1.7084600925445557,0.0000000000000000,0.0000000000000000,0.0000000000000000,1.0000000000000000
M 0.7660444378852844,-0.0000000280971371,-0.6427875757217407,1.5772311687469482,0.0000000000000000,1.0000000000000000,-0.0000000437113883,0.0000000201203108,0.6427875757217407,0.0000000334848664,0.7660444378852844,-1.7084600925445557,0.0000000000000000,0.0000000000000000,0.0000000000000000,1.0000000000000000
M 0.7660444378852844,-0.0000000280971371,-0.6427875757217407,1.5772311687469482,0.0000000000000000,1.0000000000000000,-0.0000000437113883,0.0000000201203108,0.6427875757217407,0.0000000334848664,0.7660444378852844,-1.7084600925445557,0.0000000000000000,0.0000000000000000,0.0000000000000000,1.0000000000000000
M 0.7660444378852844,-0.0000000280971371,-0.6427875757217407,1.5772311687469482,0.0000000000000000,1.0000000000000000,-0.0000000437113883,0.0000000201203108,0.6427875757217407,0.0000000334848664,0.7660444378852844,-1.7084600925445557,0.0000000000000000,0.0000000000000000,0.0000000000000000,1.0000000000000000
M 0.7660444378852844,-0.0000000280971371,-0.6427875757217407,1.5772311687469482,0.0000000000000000,1.0000000000000000,-0.0000000437113883,0.0000000201203108,0.6427875757217407,0.0000000334848664,0.7660444378852844,-1.7084600925445557,0.0000000000000000,0.0000000000000000,0.0000000000000000,1.0000000000000000
M 0.7660444378852844,-0.0000000280971371,-0.6427875757217407,1.5772311687469482,0.0000000000000000,1.0000000000000000,-0.0000000437113883,0.0000000201203108,0.6427875757217407,0.0000000334848664,0.7660444378852844,-1.7084600925445557,0.0000000000000000,0.0000000000000000,0.0000000000000000,1.0000000000000000
M 0.7660444378852844,-0.0000000280971371,-0.6427875757217407,1.5772311687469482,0.0000000000000000,1.0000000000000000,-0.0000000437113883,0.0000000201203108,0.6427875757217407,0.0000000334848664,0.7660444378852844,-1.7084600925445557,0.0000000000000000,0.0000000000000000,0.0000000000000000,1.0000000000000000
M 0.7660444378852844,-0.0000000280971371,-0.6427875757217407,1.5772311687469482,0.0000000000000000,1.0000000000000000,-0.0000000437113883,0.0000000201203108,0.6427875757217407,0.0000000334848664,0.7660444378852844,-1.7084600925445557,0.0000000000000000,0.0000000000000000,0.0000000000000000,1.0000000000000000
M 0.7660444378852844,-0.0000000280971371,-0.6427875757217407,1.5772311687469482,0.0000000000000000,1.0000000000000000,-0.0000000437113883,0.0000000201203108,0.6427875757217407,0.0000000334848664,0.7660444378852844,-1.7084600925445557,0.0000000000000000,0.0000000000000000,0.0000000000000000,1.0000000000000000
M 0.7660444378852844,-0.0000000280971371,-0.6427875757217407,1.5772311687469482,0.0000000000000000,1.0000000000000000,-0.0000000437113883,0.0000000201203108,0.6427875757217407,0.0000000334848664,0.7660444378852844,-1.7084600925445557,0.0000000000000000,0.0000000000000000,0.0000000000000000,1.0000000000000000
M 0.7660444378852844,-0.0000000280971371,-0.6427875757217407,1.5772311687469482,0.0000000000000000,1.0000000000000000,-0.0000000437113883,0.0000000201203108,0.6427875757217407,0.0000000334848664,0.7660444378852844,-1.7084600925445557,0.0000000000000000,0.0000000000000000,0.0000000000000000,1.0000000000000000
M 0.7660444378852844,-0.0000000280971371,-0.6427875757217407,1.5772311687469482,0.0000000000000000,1.0000000000000000,-0.0000000437113883,0.0000000201203108,0.6427875757217407,0.0000000334848664,0.7660444378852844,-1.7084600925445557,0.0000000000000000,0.0000000000000000,0.0000000000000000,1.0000000000000000
M 0.7660444378852844,-0.0000000280971371,-0.6427875757217407,1.5772311687469482,0.0000000000000000,1.0000000000000000,-0.0000000437113883,0.0000000201203108,0.6427875757217407,0.0000000334848664,0.7660444378852844,-1.7084600925445557,0.0000000000000000,0.0000000000000000,0.0000000000000000,1.0000000000000000
M 0.7660444378852844,-0.0000000280971371,-0.6427875757217407,1.5772311687469482,0.0000000000000000,1.0000000000000000,-0.0000000437113883,0.0000000201203108,0.6427875757217407,0.0000000334848664,0.7660444378852844,-1.7084600925445557,0.0000000000000000,0.0000000000000000,0.0000000000000000,1.0000000000000000
M 0.7660444378852844,-0.0000000280971371,-0.6427875757217407,1.5772311687469482,0.0000000000000000,1.0000000000000000,-0.0000000437113883,0.0000000201203108,0.6427875757217407,0.0000000334848664,0.7660444378852844,-1.7084600925445557,0.0000000000000000,0.0000000000000000,0.0000000000000000,1.0000000000000000
M 0.7660444378852844,-0.0000000280971371,-0.6427875757217407,1.5772311687469482,0.0000000000000000,1.0000000000000000,-0.0000000437113883,0.0000000201203108,0.6427875757217407,0.0000000334848664,0.7660444378852844,-1.7084600925445557,0.0000000000000000,0.0000000000000000,0.0000000000000000,1.0000000000000000
M 0.7660444378852844,-0.0000000280971371,-0.6427875757217407,1.5772311687469482,0.0000000000000000,1.0000000000000000,-0.0000000437113883,0.0000000201203108,0.6427875757217407,0.0000000334848664,0.7660444378852844,-1.7084600925445557,0.0000000000000000,0.0000000000000000,0.0000000000000000,1.0000000000000000
M 0.7660444378852844,-0.0000000280971371,-0.6427875757217407,1.5772311687469482,0.0000000000000000,1.0000000000000000,-0.0000000437113883,0.0000000201203108,0.6427875757217407,0.0000000334848664,0.7660444378852844,-1.7084600925445557,0.0000000000000000,0.0000000000000000,0.0000000000000000,1.0000000000000000
M 0.7660444378852844,-0.0000000280971371,-0.6427875757217407,1.5772311687469482,0.0000000000000000,1.0000000000000000,-0.0000000437113883,0.0000000201203108,0.6427875757217407,0.0000000334848664,0.7660444378852844,-1.7084600925445557,0.0000000000000000,0.0000000000000000,0.0000000000000000,1.0000000000000000
M 0.7660444378852844,-0.0000000280971371,-0.6427875757217407,1.5772311687469482,0.0000000000000000,1.0000000000000000,-0.0000000437113883,0.0000000201203108,0.6427875757217407,0.0000000334848664,0.7660444378852844,-1.7084600925445557,0.0000000000000000,0.0000000000000000,0.0000000000000000,1.0000000000000000
M 0.7660444378852844,-0.0000000280971371,-0.6427875757217407,1.5772311687469482,0.0000000000000000,1.0000000000000000,-0.0000000437113883,0.0000000201203108,0.6427875757217407,0.0000000334848664,0.7660444378852844,-1.7084600925445557,0.0000000000000000,0.0000000000000000,0.0000000000000000,1.0000000000000000
M 0.7660444378852844,-0.0000000280971371,-0.6427875757217407,1.5772311687469482,0.0000000000000000,1.0000000000000000,-0.0000000437113883,0.0000000201203108,0.6427875757217407,0.0000000334848664,0.7660444378852844,-1.7084600925445557,0.0000000000000000,0.0000000000000000,0.0000000000000000,1.0000000000000000
M 0.7660444378852844,-0.0000000280971371,-0.6427875757217407,1.5772311687469482,0.0000000000000000,1.0000000000000000,-0.0000000437113883,0.0000000201203108,0.6427875757217407,0.0000000334848664,0.7660444378852844,-1.7084600925445557,0.0000000000000000,0.0000000000000000,0.0000000000000000,1.0000000000000000
M 0.7660444378852844,-0.0000000280971371,-0.6427875757217407,1.5772311687469482,0.0000000000000000,1.0000000000000000,-0.0000000437113883,0.0000000201203108,0.6427875757217407,0.0000000334848664,0.7660444378852844,-1.7084600925445557,0.0000000000000000,0.0000000000000000,0.0000000000000000,1.0000000000000000
M 0.7660444378852844,-0.0000000280971371,-0.6427875757217407,1.5772311687469482,0.0000000000000000,1.0000000000000000,-0.0000000437113883,0.0000000201203108,0.6427875757217407,0.0000000334848664,0.7660444378852844,-1.7084600925445557,0.0000000000000000,0.0000000000000000,0.0000000000000000,1.0000000000000000
M 0.7660444378852844,-0.0000000280971371,-0.6427875757217407,1.5772311687469482,0.0000000000000000,1.0000000000000000,-0.0000000437113883,0.0000000201203108,0.6427875757217407,0.0000000334848664,0.7660444378852844,-1.7084600925445557,0.0000000000000000,0.0000000000000000,0.0000000000000000,1.0000000000000000
M 0.7660444378852844,-0.0000000280971371,-0.6427875757217407,1.5772311687469482,0.0000000000000000,1.0000000000000000,-0.0000000437113883,0.0000000201203108,0.6427875757217407,0.0000000334848664,0.7660444378852844,-1.7084600925445557,0.0000000000000000,0.0000000000000000,0.0000000000000000,1.0000000000000000
M 0.7660444378852844,-0.0000000280971371,-0.6427875757217407,1.5772311687469482,0.0000000000000000,1.0000000000000000,-0.0000000437113883,0.0000000201203108,0.6427875757217407,0.0000000334848664,0.7660444378852844,-1.7084600925445557,0.0000000000000000,0.0000000000000000,0.0000000000000000,1.0000000000000000
M 0.7660444378852844,-0.0000000280971371,-0.6427875757217407,1.5772311687469482,0.0000000000000000,1.0000000000000000,-0.0000000437113883,0.0000000201203108,0.6427875757217407,0.0000000334848664,0.7660444378852844,-1.7084600925445557,0.0000000000000000,0.0000000000000000,0.0000000000000000,1.0000000000000000
M 0.7660444378852844,-0.0000000280971371,-0.6427875757217407,1.5772311687469482,0.0000000000000000,1.0000000000000000,-0.0000000437113883,0.0000000201203108,0.6427875757217407,0.0000000334848664,0.7660444378852844,-1.7084600925445557,0.0000000000000000,0.0000000000000000,0.0000000000000000,1.0000000000000000
M 0.7660444378852844,-0.0000000280971371,-0.6427875757217407,1.5772311687469482,0.0000000000000000,1.0000000000000000,-0.0000000437113883,0.0000000201203108,0.6427875757217407,0.0000000334848664,0.7660444378852844,-1.7084600925445557,0.0000000000000000,0.0000000000000000,0.0000000000000000,1.0000000000000000
M 0.7660444378852844,-0.0000000280971371,-0.6427875757217407,1.5772311687469482,0.0000000000000000,1.0000000000000000,-0.0000000437113883,0.0000000201203108,0.6427875757217407,0.0000000334848664,0.7660444378852844,-1.7084600925445557,0.0000000000000000,0.0000000000000000,0.0000000000000000,1.0000000000000000
M 0.7660444378852844,-0.0000000280971371,-0.6427875757217407,1.5772311687469482,0.0000000000000000,1.0000000000000000,-0.0000000437113883,0.0000000201203108,0.6427875757217407,0.0000000334848664,0.7660444378852844,-1.7084600925445557,0.0000000000000000,0.0000000000000000,0.0000000000000000,1.0000000000000000
M 0.7660444378852844,-0.0000000280971371,-0.6427875757217407,1.5772311687469482,0.0000000000000000,1.0000000000000000,-0.0000000437113883,0.0000000201203108,0.6427875757217407,0.0000000334848664,0.7660444378852844,-1.7084600925445557,0.0000000000000000,0.0000000000000000,0.0000000000000000,1.0000000000000000
M 0.7660444378852844,-0.0000000280971371,-0.6427875757217407,1.5772311687469482,0.0000000000000000,1.0000000000000000,-0.0000000437113883,0.0000000201203108,0.6427875757217407,0.0000000334848664,0.7660444378852844,-1.7084600925445557,0.0000000000000000,0.0000000000000000,0.0000000000000000,1.0000000000000000
M 0.7660444378852844,-0.0000000280971371,-0.6427875757217407,1.5772311687469482,0.0000000000000000,1.0000000000000000,-0.0000000437113883,0.0000000201203108,0.6427875757217407,0.0000000334848664,0.7660444378852844,-1.7084600925445557,0.0000000000000000,0.0000000000000000,0.0000000000000000,1.0000000000000000
M 0.7660444378852844,-0.0000000280971371,-0.6427875757217407,1.5772311687469482,0.0000000000000000,1.0000000000000000,-0.0000000437113883,0.0000000201203108,0.6427875757217407,0.0000000334848664,0.7660444378852844,-1.7084600925445557,0.0000000000000000,0.0000000000000000,0.0000000000000000,1.0000000000000000
M 0.7660444378852844,-0.0000000280971371,-0.6427875757217407,1.5772311687469482,0.0000000000000000,1.0000000000000000,-0.0000000437113883,0.0000000201203108,0.6427875757217407,0.0000000334848664,0.7660444378852844,-1.7084600925445557,0.0000000000000000,0.0000000000000000,0.0000000000000000,1.0000000000000000
M 0.7660444378852844,-0.0000000280971371,-0.6427875757217407,1.5772311687469482,0.0000000000000000,1.0000000000000000,-0.0000000437113883,0.0000000201203108,0.6427875757217407,0.0000000334848664,0.7660444378852844,-1.7084600925445557,0.0000000000000000,0.0000000000000000,0.0000000000000000,1.0000000000000000
M 0.7660444378852844,-0.0000000280971371,-0.6427875757217407,1.5772311687469482,0.0000000000000000,1.0000000000000000,-0.0000000437113883,0.0000000201203108,0.6427875757217407,0.0000000334848664,0.7660444378852844,-1.7084600925445557,0.0000000000000000,0.0000000000000000,0.0000000000000000,1.0000000000000000
M 0.7660444378852844,-0.0000000280971371,-0.6427875757217407,1.5772311687469482,0.0000000000000000,1.0000000000000000,-0.0000000437113883,0.0000000201203108,0.6427875757217407,0.0000000334848664,0.7660444378852844,-1.7084600925445557,0.0000000000000000,0.0000000000000000,0.0000000000000000,1.0000000000000000
M 0.7660444378852844,-0.0000000280971371,-0.6427875757217407,1.5772311687469482,0.0000000000000000,1.0000000000000000,-0.0000000437113883,0.0000000201203108,0.6427875757217407,0.0000000334848664,0.7660444378852844,-1.7084600925445557,0.0000000000000000,0.0000000000000000,0.0000000000000000,1.0000000000000000
M 0.7660444378852844,-0.0000000280971371,-0.6427875757217407,1.5772311687469482,0.0000000000000000,1.0000000000000000,-0.0000000437113883,0.0000000201203108,0.6427875757217407,0.0000000334848664,0.7660444378852844,-1.7084600925445557,0.0000000000000000,0.0000000000000000,0.0000000000000000,1.0000000000000000
M 0.7660444378852844,-0.0000000280971371,-0.6427875757217407,1.5772311687469482,0.0000000000000000,1.0000000000000000,-0.0000000437113883,0.0000000201203108,0.6427875757217407,0.0000000334848664,0.7660444378852844,-1.7084600925445557,0.0000000000000000,0.0000000000000000,0.0000000000000000,1.0000000000000000
M 0.7660444378852844,-0.0000000280971371,-0.6427875757217407,1.5772311687469482,0.0000000000000000,1.0000000000000000,-0.0000000437113883,0.0000000201203108,0.6427875757217407,0.0000000334848664,0.7660444378852844,-1.7084600925445557,0.0000000000000000,0.0000000000000000,0.0000000000000000,1.0000000000000000
M 0.7660444378852844,-0.0000000280971371,-0.6427875757217407,1.5772311687469482,0.0000000000000000,1.0000000000000000,-0.0000000437113883,0.0000000201203108,0.6427875757217407,0.0000000334848664,0.7660444378852844,-1.7084600925445557,0.0000000000000000,0.0000000000000000,0.0000000000000000,1.0000000000000000
M 0.7660444378852844,-0.0000000280971371,-0.6427875757217407,1.5772311687469482,0.0000000000000000,1.0000000000000000,-0.0000000437113883,0.0000000201203108,0.6427875757217407,0.0000000334848664,0.7660444378852844,-1.7084600925445557,0.0000000000000000,0.0000000000000000,0.0000000000000000,1.0000000000000000
M 0.7660444378852844,-0.0000000280971371,-0.6427875757217407,1.5772311687469482,0.0000000000000000,1.0000000000000000,-0.0000000437113883,0.0000000201203108,0.6427875757217407,0.0000000334848664,0.7660444378852844,-1.7084600925445557,0.0000000000000000,0.0000000000000000,0.0000000000000000,1.0000000000000000
O DOOR_10_EXTERNAL_CG_dfmr
A DOOR_10_EXTERNAL_CG_dfmr_DOOR_10_EXTERNAL_CG_dfmr.001
M 1.0000000000000000,0.0000000000000000,0.0000000000000000,0.0000000000000000,0.0000000000000000,1.0000000000000000,-0.0000000437113883,0.0000000000000000,-0.0000000000000000,0.0000000437113883,1.0000000000000000,-0.0000000000000000,0.0000000000000000,0.0000000000000000,0.0000000000000000,1.0000000000000000
M 1.0000000000000000,0.0000000000000000,0.0000000000000000,-0.0002542978327256,0.0000000000000000,1.0000000000000000,-0.0000000437113883,0.0000000000000000,-0.0000000000000000,0.0000000437113883,1.0000000000000000,0.0004356472345535,0.0000000000000000,0.0000000000000000,0.0000000000000000,1.0000000000000000
M 1.0000000000000000,0.0000000000000000,0.0000000000000000,-0.0010063429363072,0.0000000000000000,1.0000000000000000,-0.0000000437113883,0.0000000000000000,-0.0000000000000000,0.0000000437113883,1.0000000000000000,0.0017015867633745,0.0000000000000000,0.0000000000000000,0.0000000000000000,1.0000000000000000
M 1.0000000000000000,0.0000000000000000,0.0000000000000000,-0.0022398631554097,0.0000000000000000,1.0000000000000000,-0.0000000437113883,0.0000000000000000,-0.0000000000000000,0.0000000437113883,1.0000000000000000,0.0037363159935921,0.0000000000000000,0.0000000000000000,0.0000000000000000,1.0000000000000000
M 1.0000000000000000,0.0000000000000000,0.0000000000000000,-0.0039385845884681,0.0000000000000000,1.0000000000000000,-0.0000000437113883,0.0000000000000000,-0.0000000000000000,0.0000000437113883,1.0000000000000000,0.0064783305861056,0.0000000000000000,0.0000000000000000,0.0000000000000000,1.0000000000000000
M 1.0000000000000000,0.0000000000000000,0.0000000000000000,-0.0060862367972732,0.0000000000000000,1.0000000000000000,-0.0000000437113883,0.0000000000000000,-0.0000000000000000,0.0000000437113883,1.0000000000000000,0.0098661277443171,0.0000000000000000,0.0000000000000000,0.0000000000000000,1.0000000000000000
M 1.0000000000000000,0.0000000000000000,0.0000000000000000,-0.0086665460839868,0.0000000000000000,1.0000000000000000,-0.0000000437113883,0.0000000000000000,-0.0000000000000000,0.0000000437113883,1.0000000000000000,0.0138382073491812,0.0000000000000000,0.0000000000000000,0.0000000000000000,1.0000000000000000
M 1.0000000000000000,0.0000000000000000,0.0000000000000000,-0.0116632385179400,0.0000000000000000,1.0000000000000000,-0.0000000437113883,0.0000000000000000,-0.0000000000000000,0.0000000437113883,1.0000000000000000,0.0183330625295639,0.0000000000000000,0.0000000000000000,0.0000000000000000,1.0000000000000000
