O HORN_CONTROL_1_PRESS_CG_whistle_LCG_cab1
A HORN_CONTROL_1_PRESS_CG_whistle_LCG_cab1_HORN_CONTROL_1_PRESS_CG_whistle_LCG_cab1
M 1.0000000000000000,0.0000000000000000,0.0000000000000000,0.0000000000000000,0.0000000000000000,1.0000000000000000,-0.0000000437113883,0.0000000896535326,-0.0000000000000000,0.0000000437113883,1.0000000000000000,0.0000000462997320,0.0000000000000000,0.0000000000000000,0.0000000000000000,1.0000000000000000
M 0.9999952316284180,0.0030789403244853,-0.0000000001345848,-0.0067993463017046,-0.0030789403244853,0.9999952316284180,-0.0000000437111787,-0.0321351811289787,-0.0000000000000000,0.0000000437113883,1.0000000000000000,0.0000000462997320,0.0000000000000000,0.0000000000000000,0.0000000000000000,1.0000000000000000
M 0.9999295473098755,0.0118676563724875,-0.0000000005187518,-0.0267519522458315,-0.0118676563724875,0.9999295473098755,-0.0000000437083081,-0.1237500160932541,-0.0000000000000000,0.0000000437113883,1.0000000000000000,0.0000000462997320,0.0000000000000000,0.0000000000000000,0.0000000000000000,1.0000000000000000
M 0.9996699094772339,0.0256923716515303,-0.0000000011230492,-0.0597702488303185,-0.0256923716515303,0.9996699094772339,-0.0000000436969678,-0.2675182223320007,-0.0000000000000000,0.0000000437113883,1.0000000000000000,0.0000000462997320,0.0000000000000000,0.0000000000000000,0.0000000000000000,1.0000000000000000
M 0.9990370273590088,0.0438748747110367,-0.0000000019178317,-0.1062375903129578,-0.0438748747110367,0.9990370273590088,-0.0000000436692957,-0.4559658169746399,-0.0000000000000000,0.0000000437113883,1.0000000000000000,0.0000000462997320,0.0000000000000000,0.0000000000000000,0.0000000000000000,1.0000000000000000
M 0.9978374242782593,0.0657300427556038,-0.0000000028731515,-0.1666738241910934,-0.0657300427556038,0.9978374242782593,-0.0000000436168577,-0.6815152764320374,-0.0000000000000000,0.0000000437113883,1.0000000000000000,0.0000000462997320,0.0000000000000000,0.0000000000000000,0.0000000000000000,1.0000000000000000
M 0.9958905577659607,0.0905646756291389,-0.0000000039587080,-0.2414437383413315,-0.0905646756291389,0.9958905577659607,-0.0000000435317595,-0.9365341067314148,-0.0000000000000000,0.0000000437113883,1.0000000000000000,0.0000000462997320,0.0000000000000000,0.0000000000000000,0.0000000000000000,1.0000000000000000
M 0.9930517673492432,0.1176782920956612,-0.0000000051438813,-0.3305214047431946,-0.1176782920956612,0.9930517673492432,-0.0000000434076703,-1.2133913040161133,-0.0000000000000000,0.0000000437113883,1.0000000000000000,0.0000000462997320,0.0000000000000000,0.0000000000000000,0.0000000000000000,1.0000000000000000
M 0.9892305135726929,0.1463659703731537,-0.0000000063978587,-0.4333074986934662,-0.1463659703731537,0.9892305135726929,-0.0000000432406395,-1.5045287609100342,-0.0000000000000000,0.0000000437113883,1.0000000000000000,0.0000000462997320,0.0000000000000000,0.0000000000000000,0.0000000000000000,1.0000000000000000
M 0.9844039082527161,0.1759230941534042,-0.0000000076898434,-0.5484957695007324,-0.1759230941534042,0.9844039082527161,-0.0000000430296687,-1.8025397062301636,-0.0000000000000000,0.0000000437113883,1.0000000000000000,0.0000000462997320,0.0000000000000000,0.0000000000000000,0.0000000000000000,1.0000000000000000
M 0.9786253571510315,0.2056511491537094,-0.0000000089892991,-0.6739979386329651,-0.2056511491537094,0.9786253571510315,-0.0000000427770743,-2.1002483367919922,-0.0000000000000000,0.0000000437113883,1.0000000000000000,0.0000000462997320,0.0000000000000000,0.0000000000000000,0.0000000000000000,1.0000000000000000
M 0.9720281958580017,0.2348641604185104,-0.0000000102662403,-0.8069178462028503,-0.2348641604185104,0.9720281958580017,-0.0000000424887006,-2.3907849788665771,-0.0000000000000000,0.0000000437113883,1.0000000000000000,0.0000000462997320,0.0000000000000000,0.0000000000000000,0.0000000000000000,1.0000000000000000
M 0.9648246169090271,0.2628943622112274,-0.0000000114914771,-0.9435752630233765,-0.2628943622112274,0.9648246169090271,-0.0000000421738235,-2.6676433086395264,-0.0000000000000000,0.0000000437113883,1.0000000000000000,0.0000000462997320,0.0000000000000000,0.0000000000000000,0.0000000000000000,1.0000000000000000
M 0.9572997689247131,0.2890970706939697,-0.0000000126368365,-1.0795813798904419,-0.2890970706939697,0.9572997689247131,-0.0000000418449027,-2.9247171878814697,-0.0000000000000000,0.0000000437113883,1.0000000000000000,0.0000000462997320,0.0000000000000000,0.0000000000000000,0.0000000000000000,1.0000000000000000
M 0.9498016834259033,0.3128526508808136,-0.0000000136752218,-1.2099424600601196,-0.3128526508808136,0.9498016834259033,-0.0000000415171577,-3.1563005447387695,-0.0000000000000000,0.0000000437113883,1.0000000000000000,0.0000000462997320,0.0000000000000000,0.0000000000000000,0.0000000000000000,1.0000000000000000
M 0.9427268505096436,0.3335657715797424,-0.0000000145806247,-1.3292163610458374,-0.3335657715797424,0.9427268505096436,-0.0000000412079082,-3.3570468425750732,-0.0000000000000000,0.0000000437113883,1.0000000000000000,0.0000000462997320,0.0000000000000000,0.0000000000000000,0.0000000000000000,1.0000000000000000
M 0.9365023374557495,0.3506613671779633,-0.0000000153278954,-1.4316810369491577,-0.3506613671779633,0.9365023374557495,-0.0000000409358236,-3.5218882560729980,-0.0000000000000000,0.0000000437113883,1.0000000000000000,0.0000000462997320,0.0000000000000000,0.0000000000000000,0.0000000000000000,1.0000000000000000
M 0.9315642714500427,0.3635766804218292,-0.0000000158924429,-1.5115500688552856,-0.3635766804218292,0.9315642714500427,-0.0000000407199678,-3.6459054946899414,-0.0000000000000000,0.0000000437113883,1.0000000000000000,0.0000000462997320,0.0000000000000000,0.0000000000000000,0.0000000000000000,1.0000000000000000
M 0.9283328652381897,0.3717499971389771,-0.0000000162497091,-1.5632051229476929,-0.3717499971389771,0.9283328652381897,-0.0000000405787191,-3.7241549491882324,-0.0000000000000000,0.0000000437113883,1.0000000000000000,0.0000000462997320,0.0000000000000000,0.0000000000000000,0.0000000000000000,1.0000000000000000
M 0.9271838665008545,0.3746065795421600,-0.0000000163745728,-1.5814636945724487,-0.3746065795421600,0.9271838665008545,-0.0000000405285014,-3.7514603137969971,-0.0000000000000000,0.0000000437113883,1.0000000000000000,0.0000000462997320,0.0000000000000000,0.0000000000000000,0.0000000000000000,1.0000000000000000
M 0.9271838665008545,0.3746065795421600,-0.0000000163745728,-1.5814636945724487,-0.3746065795421600,0.9271838665008545,-0.0000000405285014,-3.7514603137969971,-0.0000000000000000,0.0000000437113883,1.0000000000000000,0.0000000462997320,0.0000000000000000,0.0000000000000000,0.0000000000000000,1.0000000000000000
M 0.9271838665008545,0.3746065795421600,-0.0000000163745728,-1.5814636945724487,-0.3746065795421600,0.9271838665008545,-0.0000000405285014,-3.7514603137969971,-0.0000000000000000,0.0000000437113883,1.0000000000000000,0.0000000462997320,0.0000000000000000,0.0000000000000000,0.0000000000000000,1.0000000000000000
M 0.9271838665008545,0.3746065795421600,-0.0000000163745728,-1.5814636945724487,-0.3746065795421600,0.9271838665008545,-0.0000000405285014,-3.7514603137969971,-0.0000000000000000,0.0000000437113883,1.0000000000000000,0.0000000462997320,0.0000000000000000,0.0000000000000000,0.0000000000000000,1.0000000000000000
M 0.9271838665008545,0.3746065795421600,-0.0000000163745728,-1.5814636945724487,-0.3746065795421600,0.9271838665008545,-0.0000000405285014,-3.7514603137969971,-0.0000000000000000,0.0000000437113883,1.0000000000000000,0.0000000462997320,0.0000000000000000,0.0000000000000000,0.0000000000000000,1.0000000000000000
M 0.9271838665008545,0.3746065795421600,-0.0000000163745728,-1.5814636945724487,-0.3746065795421600,0.9271838665008545,-0.0000000405285014,-3.7514603137969971,-0.0000000000000000,0.0000000437113883,1.0000000000000000,0.0000000462997320,0.0000000000000000,0.0000000000000000,0.0000000000000000,1.0000000000000000
M 0.9271838665008545,0.3746065795421600,-0.0000000163745728,-1.5814636945724487,-0.3746065795421600,0.9271838665008545,-0.0000000405285014,-3.7514603137969971,-0.0000000000000000,0.0000000437113883,1.0000000000000000,0.0000000462997320,0.0000000000000000,0.0000000000000000,0.0000000000000000,1.0000000000000000
M 0.9271838665008545,0.3746065795421600,-0.0000000163745728,-1.5814636945724487,-0.3746065795421600,0.9271838665008545,-0.0000000405285014,-3.7514603137969971,-0.0000000000000000,0.0000000437113883,1.0000000000000000,0.0000000462997320,0.0000000000000000,0.0000000000000000,0.0000000000000000,1.0000000000000000
M 0.9271838665008545,0.3746065795421600,-0.0000000163745728,-1.5814636945724487,-0.3746065795421600,0.9271838665008545,-0.0000000405285014,-3.7514603137969971,-0.0000000000000000,0.0000000437113883,1.0000000000000000,0.0000000462997320,0.0000000000000000,0.0000000000000000,0.0000000000000000,1.0000000000000000
M 0.9271838665008545,0.3746065795421600,-0.0000000163745728,-1.5814636945724487,-0.3746065795421600,0.9271838665008545,-0.0000000405285014,-3.7514603137969971,-0.0000000000000000,0.0000000437113883,1.0000000000000000,0.0000000462997320,0.0000000000000000,0.0000000000000000,0.0000000000000000,1.0000000000000000
M 0.9271838665008545,0.3746065795421600,-0.0000000163745728,-1.5814636945724487,-0.3746065795421600,0.9271838665008545,-0.0000000405285014,-3.7514603137969971,-0.0000000000000000,0.0000000437113883,1.0000000000000000,0.0000000462997320,0.0000000000000000,0.0000000000000000,0.0000000000000000,1.0000000000000000
M 0.9271838665008545,0.3746065795421600,-0.0000000163745728,-1.5814636945724487,-0.3746065795421600,0.9271838665008545,-0.0000000405285014,-3.7514603137969971,-0.0000000000000000,0.0000000437113883,1.0000000000000000,0.0000000462997320,0.0000000000000000,0.0000000000000000,0.0000000000000000,1.0000000000000000
M 0.9271838665008545,0.3746065795421600,-0.0000000163745728,-1.5814636945724487,-0.3746065795421600,0.9271838665008545,-0.0000000405285014,-3.7514603137969971,-0.0000000000000000,0.0000000437113883,1.0000000000000000,0.0000000462997320,0.0000000000000000,0.0000000000000000,0.0000000000000000,1.0000000000000000
M 0.9271838665008545,0.3746065795421600,-0.0000000163745728,-1.5814636945724487,-0.3746065795421600,0.9271838665008545,-0.0000000405285014,-3.7514603137969971,-0.0000000000000000,0.0000000437113883,1.0000000000000000,0.0000000462997320,0.0000000000000000,0.0000000000000000,0.0000000000000000,1.0000000000000000
M 0.9271838665008545,0.3746065795421600,-0.0000000163745728,-1.5814636945724487,-0.3746065795421600,0.9271838665008545,-0.0000000405285014,-3.7514603137969971,-0.0000000000000000,0.0000000437113883,1.0000000000000000,0.0000000462997320,0.0000000000000000,0.0000000000000000,0.0000000000000000,1.0000000000000000
M 0.9271838665008545,0.3746065795421600,-0.0000000163745728,-1.5814636945724487,-0.3746065795421600,0.9271838665008545,-0.0000000405285014,-3.7514603137969971,-0.0000000000000000,0.0000000437113883,1.0000000000000000,0.0000000462997320,0.0000000000000000,0.0000000000000000,0.0000000000000000,1.0000000000000000
M 0.9271838665008545,0.3746065795421600,-0.0000000163745728,-1.5814636945724487,-0.3746065795421600,0.9271838665008545,-0.0000000405285014,-3.7514603137969971,-0.0000000000000000,0.0000000437113883,1.0000000000000000,0.0000000462997320,0.0000000000000000,0.0000000000000000,0.0000000000000000,1.0000000000000000
M 0.9271838665008545,0.3746065795421600,-0.0000000163745728,-1.5814636945724487,-0.3746065795421600,0.9271838665008545,-0.0000000405285014,-3.7514603137969971,-0.0000000000000000,0.0000000437113883,1.0000000000000000,0.0000000462997320,0.0000000000000000,0.0000000000000000,0.0000000000000000,1.0000000000000000
M 0.9271838665008545,0.3746065795421600,-0.0000000163745728,-1.5814636945724487,-0.3746065795421600,0.9271838665008545,-0.0000000405285014,-3.7514603137969971,-0.0000000000000000,0.0000000437113883,1.0000000000000000,0.0000000462997320,0.0000000000000000,0.0000000000000000,0.0000000000000000,1.0000000000000000
M 0.9271838665008545,0.3746065795421600,-0.0000000163745728,-1.5814636945724487,-0.3746065795421600,0.9271838665008545,-0.0000000405285014,-3.7514603137969971,-0.0000000000000000,0.0000000437113883,1.0000000000000000,0.0000000462997320,0.0000000000000000,0.0000000000000000,0.0000000000000000,1.0000000000000000
M 0.9271838665008545,0.3746065795421600,-0.0000000163745728,-1.5814636945724487,-0.3746065795421600,0.9271838665008545,-0.0000000405285014,-3.7514603137969971,-0.0000000000000000,0.0000000437113883,1.0000000000000000,0.0000000462997320,0.0000000000000000,0.0000000000000000,0.0000000000000000,1.0000000000000000
M 0.9271838665008545,0.3746065795421600,-0.0000000163745728,-1.5814636945724487,-0.3746065795421600,0.9271838665008545,-0.0000000405285014,-3.7514603137969971,-0.0000000000000000,0.0000000437113883,1.0000000000000000,0.0000000462997320,0.0000000000000000,0.0000000000000000,0.0000000000000000,1.0000000000000000
M 0.9271838665008545,0.3746065795421600,-0.0000000163745728,-1.5814636945724487,-0.3746065795421600,0.9271838665008545,-0.0000000405285014,-3.7514603137969971,-0.0000000000000000,0.0000000437113883,1.0000000000000000,0.0000000462997320,0.0000000000000000,0.0000000000000000,0.0000000000000000,1.0000000000000000
M 0.9271838665008545,0.3746065795421600,-0.0000000163745728,-1.5814636945724487,-0.3746065795421600,0.9271838665008545,-0.0000000405285014,-3.7514603137969971,-0.0000000000000000,0.0000000437113883,1.0000000000000000,0.0000000462997320,0.0000000000000000,0.0000000000000000,0.0000000000000000,1.0000000000000000
M 0.9271838665008545,0.3746065795421600,-0.0000000163745728,-1.5814636945724487,-0.3746065795421600,0.9271838665008545,-0.0000000405285014,-3.7514603137969971,-0.0000000000000000,0.0000000437113883,1.0000000000000000,0.0000000462997320,0.0000000000000000,0.0000000000000000,0.0000000000000000,1.0000000000000000
M 0.9271838665008545,0.3746065795421600,-0.0000000163745728,-1.5814636945724487,-0.3746065795421600,0.9271838665008545,-0.0000000405285014,-3.7514603137969971,-0.0000000000000000,0.0000000437113883,1.0000000000000000,0.0000000462997320,0.0000000000000000,0.0000000000000000,0.0000000000000000,1.0000000000000000
M 0.9271838665008545,0.3746065795421600,-0.0000000163745728,-1.5814636945724487,-0.3746065795421600,0.9271838665008545,-0.0000000405285014,-3.7514603137969971,-0.0000000000000000,0.0000000437113883,1.0000000000000000,0.0000000462997320,0.0000000000000000,0.0000000000000000,0.0000000000000000,1.0000000000000000
M 0.9271838665008545,0.3746065795421600,-0.0000000163745728,-1.5814636945724487,-0.3746065795421600,0.9271838665008545,-0.0000000405285014,-3.7514603137969971,-0.0000000000000000,0.0000000437113883,1.0000000000000000,0.0000000462997320,0.0000000000000000,0.0000000000000000,0.0000000000000000,1.0000000000000000
M 0.9271838665008545,0.3746065795421600,-0.0000000163745728,-1.5814636945724487,-0.3746065795421600,0.9271838665008545,-0.0000000405285014,-3.7514603137969971,-0.0000000000000000,0.0000000437113883,1.0000000000000000,0.0000000462997320,0.0000000000000000,0.0000000000000000,0.0000000000000000,1.0000000000000000
M 0.9271838665008545,0.3746065795421600,-0.0000000163745728,-1.5814636945724487,-0.3746065795421600,0.9271838665008545,-0.0000000405285014,-3.7514603137969971,-0.0000000000000000,0.0000000437113883,1.0000000000000000,0.0000000462997320,0.0000000000000000,0.0000000000000000,0.0000000000000000,1.0000000000000000
M 0.9271838665008545,0.3746065795421600,-0.0000000163745728,-1.5814636945724487,-0.3746065795421600,0.9271838665008545,-0.0000000405285014,-3.7514603137969971,-0.0000000000000000,0.0000000437113883,1.0000000000000000,0.0000000462997320,0.0000000000000000,0.0000000000000000,0.0000000000000000,1.0000000000000000
M 0.9290053844451904,0.3700662851333618,-0.0000000161761129,-1.5524930953979492,-0.3700662851333618,0.9290053844451904,-0.0000000406081213,-3.7080504894256592,-0.0000000000000000,0.0000000437113883,1.0000000000000000,0.0000000462997320,0.0000000000000000,0.0000000000000000,0.0000000000000000,1.0000000000000000
M 0.9340115785598755,0.3572427928447723,-0.0000000156155782,-1.4721138477325439,-0.3572427928447723,0.9340115785598755,-0.0000000408269507,-3.5851414203643799,-0.0000000000000000,0.0000000437113883,1.0000000000000000,0.0000000462997320,0.0000000000000000,0.0000000000000000,0.0000000000000000,1.0000000000000000
M 0.9413999319076538,0.3372924625873566,-0.0000000147435237,-1.3512392044067383,-0.3372924625873566,0.9413999319076538,-0.0000000411499066,-3.3930463790893555,-0.0000000000000000,0.0000000437113883,1.0000000000000000,0.0000000462997320,0.0000000000000000,0.0000000000000000,0.0000000000000000,1.0000000000000000
M 0.9502929449081421,0.3113571405410767,-0.0000000136098528,-1.2015351057052612,-0.3113571405410767,0.9502929449081421,-0.0000000415386232,-3.1417634487152100,-0.0000000000000000,0.0000000437113883,1.0000000000000000,0.0000000462997320,0.0000000000000000,0.0000000000000000,0.0000000000000000,1.0000000000000000
M 0.9598234295845032,0.2806046605110168,-0.0000000122656179,-1.0346158742904663,-0.2806046605110168,0.9598234295845032,-0.0000000419552144,-2.8415844440460205,-0.0000000000000000,0.0000000437113883,1.0000000000000000,0.0000000462997320,0.0000000000000000,0.0000000000000000,0.0000000000000000,1.0000000000000000
M 0.9692051410675049,0.2462547868490219,-0.0000000107641407,-0.8613620996475220,-0.2462547868490219,0.9692051410675049,-0.0000000423653077,-2.5035204887390137,-0.0000000000000000,0.0000000437113883,1.0000000000000000,0.0000000462997320,0.0000000000000000,0.0000000000000000,0.0000000000000000,1.0000000000000000
M 0.9777892231941223,0.2095907479524612,-0.0000000091615027,-0.6913644075393677,-0.2095907479524612,0.9777892231941223,-0.0000000427405311,-2.1395468711853027,-0.0000000000000000,0.0000000437113883,1.0000000000000000,0.0000000462997320,0.0000000000000000,0.0000000000000000,0.0000000000000000,1.0000000000000000
M 0.9851044416427612,0.1719570904970169,-0.0000000075164834,-0.5324876308441162,-0.1719570904970169,0.9851044416427612,-0.0000000430602825,-1.7626681327819824,-0.0000000000000000,0.0000000437113883,1.0000000000000000,0.0000000462997320,0.0000000000000000,0.0000000000000000,0.0000000000000000,1.0000000000000000
M 0.9908800125122070,0.1347471624612808,-0.0000000058899854,-0.3906149268150330,-0.1347471624612808,0.9908800125122070,-0.0000000433127489,-1.3868383169174194,-0.0000000000000000,0.0000000437113883,1.0000000000000000,0.0000000462997320,0.0000000000000000,0.0000000000000000,0.0000000000000000,1.0000000000000000
M 0.9950491189956665,0.0993840619921684,-0.0000000043442152,-0.2695631384849548,-0.0993840619921684,0.9950491189956665,-0.0000000434949783,-1.0267684459686279,-0.0000000000000000,0.0000000437113883,1.0000000000000000,0.0000000462997320,0.0000000000000000,0.0000000000000000,0.0000000000000000,1.0000000000000000
M 0.9977327585220337,0.0673007294535637,-0.0000000029418088,-0.1712100505828857,-0.0673007294535637,0.9977327585220337,-0.0000000436122924,-0.6976847052574158,-0.0000000000000000,0.0000000437113883,1.0000000000000000,0.0000000462997320,0.0000000000000000,0.0000000000000000,0.0000000000000000,1.0000000000000000
M 0.9992027878761292,0.0399225018918514,-0.0000000017450678,-0.0958431065082550,-0.0399225018918514,0.9992027878761292,-0.0000000436765397,-0.4150643050670624,-0.0000000000000000,0.0000000437113883,1.0000000000000000,0.0000000462997320,0.0000000000000000,0.0000000000000000,0.0000000000000000,1.0000000000000000
M 0.9998259544372559,0.0186571087688208,-0.0000000008155283,-0.0427174866199493,-0.0186571087688208,0.9998259544372559,-0.0000000437037890,-0.1944085061550140,-0.0000000000000000,0.0000000437113883,1.0000000000000000,0.0000000462997320,0.0000000000000000,0.0000000000000000,0.0000000000000000,1.0000000000000000
M 0.9999880194664001,0.0048920316621661,-0.0000000002138375,-0.0108494060114026,-0.0048920316621661,0.9999880194664001,-0.0000000437108660,-0.0510490760207176,-0.0000000000000000,0.0000000437113883,1.0000000000000000,0.0000000462997320,0.0000000000000000,0.0000000000000000,0.0000000000000000,1.0000000000000000
M 1.0000000000000000,0.0000000000000000,0.0000000000000000,0.0000000000000000,0.0000000000000000,1.0000000000000000,-0.0000000437113883,0.0000000896535326,-0.0000000000000000,0.0000000437113883,1.0000000000000000,0.0000000462997320,0.0000000000000000,0.0000000000000000,0.0000000000000000,1.0000000000000000
