O DOOR_11_Arm_INTERIOR_LCG_il_LINVERT
A DOOR_11_Arm_INTERIOR_LCG_il_LINVERT_DOOR_11_Arm_INTERIOR_LCG_il_LINVERT.001
M 1.0000000000000000,0.0000000000000000,0.0000000000000000,0.0000000000000000,0.0000000000000000,1.0000000000000000,-0.0000000437113883,-0.0000000201185912,-0.0000000000000000,0.0000000437113883,1.0000000000000000,-0.0000000337312045,0.0000000000000000,0.0000000000000000,0.0000000000000000,1.0000000000000000
M 0.9999970197677612,-0.0000000001063547,-0.0024331107269973,-0.0031949386466295,0.0000000000000000,1.0000000000000000,-0.0000000437113883,-0.0000000201185912,0.0024331107269973,0.0000000437112568,0.9999970197677612,0.0012213718146086,0.0000000000000000,0.0000000000000000,0.0000000000000000,1.0000000000000000
M 0.9999548196792603,-0.0000000004154029,-0.0095033105462790,-0.0124958278611302,0.0000000000000000,1.0000000000000000,-0.0000000437113883,-0.0000000201185912,0.0095033105462790,0.0000000437094130,0.9999548196792603,0.0047266841866076,0.0000000000000000,0.0000000000000000,0.0000000000000000,1.0000000000000000
M 0.9997822642326355,-0.0000000009120823,-0.0208660103380680,-0.0274962317198515,0.0000000000000000,1.0000000000000000,-0.0000000437113883,-0.0000000201185912,0.0208660103380680,0.0000000437018706,0.9997822642326355,0.0102225588634610,0.0000000000000000,0.0000000000000000,0.0000000000000000,1.0000000000000000
M 0.9993454813957214,-0.0000000015812126,-0.0361739285290241,-0.0478077568113804,0.0000000000000000,1.0000000000000000,-0.0000000437113883,-0.0000000201185912,0.0361739285290241,0.0000000436827712,0.9993454813957214,0.0173585060983896,0.0000000000000000,0.0000000000000000,0.0000000000000000,1.0000000000000000
M 0.9984822273254395,-0.0000000024074036,-0.0550749748945236,-0.0730500668287277,0.0000000000000000,1.0000000000000000,-0.0000000437113883,-0.0000000201185912,0.0550749748945236,0.0000000436450449,0.9984822273254395,0.0257441829890013,0.0000000000000000,0.0000000000000000,0.0000000000000000,1.0000000000000000
M 0.9970148205757141,-0.0000000033749652,-0.0772102028131485,-0.1028414443135262,0.0000000000000000,1.0000000000000000,-0.0000000437113883,-0.0000000201185912,0.0772102028131485,0.0000000435809007,0.9970148205757141,0.0349657647311687,0.0000000000000000,0.0000000000000000,0.0000000000000000,1.0000000000000000
M 0.9947625994682312,-0.0000000044678425,-0.1022123247385025,-0.1367909163236618,0.0000000000000000,1.0000000000000000,-0.0000000437113883,-0.0000000201185912,0.1022123247385025,0.0000000434824621,0.9947625994682312,0.0446010567247868,0.0000000000000000,0.0000000000000000,0.0000000000000000,1.0000000000000000
M 0.9915526509284973,-0.0000000056695817,-0.1297049075365067,-0.1744913607835770,0.0000000000000000,1.0000000000000000,-0.0000000437113883,-0.0000000201185912,0.1297049075365067,0.0000000433421512,0.9915526509284973,0.0542336292564869,0.0000000000000000,0.0000000000000000,0.0000000000000000,1.0000000000000000
M 0.9872297644615173,-0.0000000069633455,-0.1593027710914612,-0.2155154943466187,0.0000000000000000,1.0000000000000000,-0.0000000437113883,-0.0000000201185912,0.1593027710914612,0.0000000431531824,0.9872297644615173,0.0634656473994255,0.0000000000000000,0.0000000000000000,0.0000000000000000,1.0000000000000000
M 0.9816652536392212,-0.0000000083319591,-0.1906130015850067,-0.2594124078750610,0.0000000000000000,1.0000000000000000,-0.0000000437113883,-0.0000000201185912,0.1906130015850067,0.0000000429099494,0.9816652536392212,0.0719303190708160,0.0000000000000000,0.0000000000000000,0.0000000000000000,1.0000000000000000
M 0.9747640490531921,-0.0000000097580219,-0.2232375293970108,-0.3057074844837189,0.0000000000000000,1.0000000000000000,-0.0000000437113883,-0.0000000201185912,0.2232375293970108,0.0000000426082885,0.9747640490531921,0.0793026089668274,0.0000000000000000,0.0000000000000000,0.0000000000000000,1.0000000000000000
M 0.9664709568023682,-0.0000000112240324,-0.2567758858203888,-0.3539029359817505,0.0000000000000000,1.0000000000000000,-0.0000000437113883,-0.0000000201185912,0.2567758858203888,0.0000000422457873,0.9664709568023682,0.0853082314133644,0.0000000000000000,0.0000000000000000,0.0000000000000000,1.0000000000000000
M 0.9567748904228210,-0.0000000127125617,-0.2908295094966888,-0.4034812152385712,0.0000000000000000,1.0000000000000000,-0.0000000437113883,-0.0000000201185912,0.2908295094966888,0.0000000418219663,0.9567748904228210,0.0897319093346596,0.0000000000000000,0.0000000000000000,0.0000000000000000,1.0000000000000000
M 0.9457120299339294,-0.0000000142064591,-0.3250058591365814,-0.4539089202880859,0.0000000000000000,1.0000000000000000,-0.0000000437113883,-0.0000000201185912,0.3250058591365814,0.0000000413383852,0.9457120299339294,0.0924235358834267,0.0000000000000000,0.0000000000000000,0.0000000000000000,1.0000000000000000
M 0.9333671331405640,-0.0000000156890305,-0.3589231371879578,-0.5046422481536865,0.0000000000000000,1.0000000000000000,-0.0000000437113883,-0.0000000201185912,0.3589231371879578,0.0000000407987741,0.9333671331405640,0.0933019444346428,0.0000000000000000,0.0000000000000000,0.0000000000000000,1.0000000000000000
M 0.9198736548423767,-0.0000000171442540,-0.3922148048877716,-0.5551329255104065,0.0000000000000000,1.0000000000000000,-0.0000000437113883,-0.0000000201185912,0.3922148048877716,0.0000000402089562,0.9198736548423767,0.0923578813672066,0.0000000000000000,0.0000000000000000,0.0000000000000000,1.0000000000000000
M 0.9054120779037476,-0.0000000185569640,-0.4245338439941406,-0.6048344969749451,0.0000000000000000,1.0000000000000000,-0.0000000437113883,-0.0000000201185912,0.4245338439941406,0.0000000395768183,0.9054120779037476,0.0896533280611038,0.0000000000000000,0.0000000000000000,0.0000000000000000,1.0000000000000000
M 0.8902068734169006,-0.0000000199130064,-0.4555564820766449,-0.6532090306282043,0.0000000000000000,1.0000000000000000,-0.0000000437113883,-0.0000000201185912,0.4555564820766449,0.0000000389121766,0.8902068734169006,0.0853198170661926,0.0000000000000000,0.0000000000000000,0.0000000000000000,1.0000000000000000
M 0.8745228648185730,-0.0000000211993374,-0.4849843084812164,-0.6997315883636475,0.0000000000000000,1.0000000000000000,-0.0000000437113883,-0.0000000201185912,0.4849843084812164,0.0000000382266094,0.8745228648185730,0.0795547962188721,0.0000000000000000,0.0000000000000000,0.0000000000000000,1.0000000000000000
M 0.8586596846580505,-0.0000000224041088,-0.5125461816787720,-0.7438952922821045,0.0000000000000000,1.0000000000000000,-0.0000000437113883,-0.0000000201185912,0.5125461816787720,0.0000000375332156,0.8586596846580505,0.0726148635149002,0.0000000000000000,0.0000000000000000,0.0000000000000000,1.0000000000000000
M 0.8429460525512695,-0.0000000235166429,-0.5379980802536011,-0.7852144241333008,0.0000000000000000,1.0000000000000000,-0.0000000437113883,-0.0000000201185912,0.5379980802536011,0.0000000368463411,0.8429460525512695,0.0648086518049240,0.0000000000000000,0.0000000000000000,0.0000000000000000,1.0000000000000000
M 0.8277330994606018,-0.0000000245274254,-0.5611220002174377,-0.8232257962226868,0.0000000000000000,1.0000000000000000,-0.0000000437113883,-0.0000000201185912,0.5611220002174377,0.0000000361813619,0.8277330994606018,0.0564871244132519,0.0000000000000000,0.0000000000000000,0.0000000000000000,1.0000000000000000
M 0.8133874535560608,-0.0000000254278909,-0.5817223191261292,-0.8574882745742798,0.0000000000000000,1.0000000000000000,-0.0000000437113883,-0.0000000201185912,0.5817223191261292,0.0000000355542937,0.8133874535560608,0.0480330400168896,0.0000000000000000,0.0000000000000000,0.0000000000000000,1.0000000000000000
M 0.8002832531929016,-0.0000000262103157,-0.5996221303939819,-0.8875811100006104,0.0000000000000000,1.0000000000000000,-0.0000000437113883,-0.0000000201185912,0.5996221303939819,0.0000000349814933,0.8002832531929016,0.0398483946919441,0.0000000000000000,0.0000000000000000,0.0000000000000000,1.0000000000000000
M 0.7887952327728271,-0.0000000268674754,-0.6146560907363892,-0.9130986332893372,0.0000000000000000,1.0000000000000000,-0.0000000437113883,-0.0000000201185912,0.6146560907363892,0.0000000344793349,0.7887952327728271,0.0323415771126747,0.0000000000000000,0.0000000000000000,0.0000000000000000,1.0000000000000000
M 0.7792901396751404,-0.0000000273923249,-0.6266633272171021,-0.9336449503898621,0.0000000000000000,1.0000000000000000,-0.0000000437113883,-0.0000000201185912,0.6266633272171021,0.0000000340638557,0.7792901396751404,0.0259131863713264,0.0000000000000000,0.0000000000000000,0.0000000000000000,1.0000000000000000
M 0.7721185088157654,-0.0000000277776504,-0.6354785561561584,-0.9488266110420227,0.0000000000000000,1.0000000000000000,-0.0000000437113883,-0.0000000201185912,0.6354785561561584,0.0000000337503749,0.7721185088157654,0.0209398623555899,0.0000000000000000,0.0000000000000000,0.0000000000000000,1.0000000000000000
M 0.7676061391830444,-0.0000000280155792,-0.6409218311309814,-0.9582433700561523,0.0000000000000000,1.0000000000000000,-0.0000000437113883,-0.0000000201185912,0.6409218311309814,0.0000000335531318,0.7676061391830444,0.0177587028592825,0.0000000000000000,0.0000000000000000,0.0000000000000000,1.0000000000000000
M 0.7660444378852844,-0.0000000280971371,-0.6427875757217407,-0.9614786505699158,0.0000000000000000,1.0000000000000000,-0.0000000437113883,-0.0000000201185912,0.6427875757217407,0.0000000334848664,0.7660444378852844,0.0166486259549856,0.0000000000000000,0.0000000000000000,0.0000000000000000,1.0000000000000000
M 0.7660444378852844,-0.0000000280971371,-0.6427875757217407,-0.9614786505699158,0.0000000000000000,1.0000000000000000,-0.0000000437113883,-0.0000000201185912,0.6427875757217407,0.0000000334848664,0.7660444378852844,0.0166486259549856,0.0000000000000000,0.0000000000000000,0.0000000000000000,1.0000000000000000
M 0.7660444378852844,-0.0000000280971371,-0.6427875757217407,-0.9614786505699158,0.0000000000000000,1.0000000000000000,-0.0000000437113883,-0.0000000201185912,0.6427875757217407,0.0000000334848664,0.7660444378852844,0.0166486259549856,0.0000000000000000,0.0000000000000000,0.0000000000000000,1.0000000000000000
M 0.7660444378852844,-0.0000000280971371,-0.6427875757217407,-0.9614786505699158,0.0000000000000000,1.0000000000000000,-0.0000000437113883,-0.0000000201185912,0.6427875757217407,0.0000000334848664,0.7660444378852844,0.0166486259549856,0.0000000000000000,0.0000000000000000,0.0000000000000000,1.0000000000000000
M 0.7660444378852844,-0.0000000280971371,-0.6427875757217407,-0.9614786505699158,0.0000000000000000,1.0000000000000000,-0.0000000437113883,-0.0000000201185912,0.6427875757217407,0.0000000334848664,0.7660444378852844,0.0166486259549856,0.0000000000000000,0.0000000000000000,0.0000000000000000,1.0000000000000000
M 0.7660444378852844,-0.0000000280971371,-0.6427875757217407,-0.9614786505699158,0.0000000000000000,1.0000000000000000,-0.0000000437113883,-0.0000000201185912,0.6427875757217407,0.0000000334848664,0.7660444378852844,0.0166486259549856,0.0000000000000000,0.0000000000000000,0.0000000000000000,1.0000000000000000
M 0.7660444378852844,-0.0000000280971371,-0.6427875757217407,-0.9614786505699158,0.0000000000000000,1.0000000000000000,-0.0000000437113883,-0.0000000201185912,0.6427875757217407,0.0000000334848664,0.7660444378852844,0.0166486259549856,0.0000000000000000,0.0000000000000000,0.0000000000000000,1.0000000000000000
M 0.7660444378852844,-0.0000000280971371,-0.6427875757217407,-0.9614786505699158,0.0000000000000000,1.0000000000000000,-0.0000000437113883,-0.0000000201185912,0.6427875757217407,0.0000000334848664,0.7660444378852844,0.0166486259549856,0.0000000000000000,0.0000000000000000,0.0000000000000000,1.0000000000000000
M 0.7660444378852844,-0.0000000280971371,-0.6427875757217407,-0.9614786505699158,0.0000000000000000,1.0000000000000000,-0.0000000437113883,-0.0000000201185912,0.6427875757217407,0.0000000334848664,0.7660444378852844,0.0166486259549856,0.0000000000000000,0.0000000000000000,0.0000000000000000,1.0000000000000000
M 0.7660444378852844,-0.0000000280971371,-0.6427875757217407,-0.9614786505699158,0.0000000000000000,1.0000000000000000,-0.0000000437113883,-0.0000000201185912,0.6427875757217407,0.0000000334848664,0.7660444378852844,0.0166486259549856,0.0000000000000000,0.0000000000000000,0.0000000000000000,1.0000000000000000
M 0.7660444378852844,-0.0000000280971371,-0.6427875757217407,-0.9614786505699158,0.0000000000000000,1.0000000000000000,-0.0000000437113883,-0.0000000201185912,0.6427875757217407,0.0000000334848664,0.7660444378852844,0.0166486259549856,0.0000000000000000,0.0000000000000000,0.0000000000000000,1.0000000000000000
M 0.7660444378852844,-0.0000000280971371,-0.6427875757217407,-0.9614786505699158,0.0000000000000000,1.0000000000000000,-0.0000000437113883,-0.0000000201185912,0.6427875757217407,0.0000000334848664,0.7660444378852844,0.0166486259549856,0.0000000000000000,0.0000000000000000,0.0000000000000000,1.0000000000000000
M 0.7660444378852844,-0.0000000280971371,-0.6427875757217407,-0.9614786505699158,0.0000000000000000,1.0000000000000000,-0.0000000437113883,-0.0000000201185912,0.6427875757217407,0.0000000334848664,0.7660444378852844,0.0166486259549856,0.0000000000000000,0.0000000000000000,0.0000000000000000,1.0000000000000000
M 0.7660444378852844,-0.0000000280971371,-0.6427875757217407,-0.9614786505699158,0.0000000000000000,1.0000000000000000,-0.0000000437113883,-0.0000000201185912,0.6427875757217407,0.0000000334848664,0.7660444378852844,0.0166486259549856,0.0000000000000000,0.0000000000000000,0.0000000000000000,1.0000000000000000
M 0.7660444378852844,-0.0000000280971371,-0.6427875757217407,-0.9614786505699158,0.0000000000000000,1.0000000000000000,-0.0000000437113883,-0.0000000201185912,0.6427875757217407,0.0000000334848664,0.7660444378852844,0.0166486259549856,0.0000000000000000,0.0000000000000000,0.0000000000000000,1.0000000000000000
M 0.7660444378852844,-0.0000000280971371,-0.6427875757217407,-0.9614786505699158,0.0000000000000000,1.0000000000000000,-0.0000000437113883,-0.0000000201185912,0.6427875757217407,0.0000000334848664,0.7660444378852844,0.0166486259549856,0.0000000000000000,0.0000000000000000,0.0000000000000000,1.0000000000000000
M 0.7660444378852844,-0.0000000280971371,-0.6427875757217407,-0.9614786505699158,0.0000000000000000,1.0000000000000000,-0.0000000437113883,-0.0000000201185912,0.6427875757217407,0.0000000334848664,0.7660444378852844,0.0166486259549856,0.0000000000000000,0.0000000000000000,0.0000000000000000,1.0000000000000000
M 0.7660444378852844,-0.0000000280971371,-0.6427875757217407,-0.9614786505699158,0.0000000000000000,1.0000000000000000,-0.0000000437113883,-0.0000000201185912,0.6427875757217407,0.0000000334848664,0.7660444378852844,0.0166486259549856,0.0000000000000000,0.0000000000000000,0.0000000000000000,1.0000000000000000
M 0.7660444378852844,-0.0000000280971371,-0.6427875757217407,-0.9614786505699158,0.0000000000000000,1.0000000000000000,-0.0000000437113883,-0.0000000201185912,0.6427875757217407,0.0000000334848664,0.7660444378852844,0.0166486259549856,0.0000000000000000,0.0000000000000000,0.0000000000000000,1.0000000000000000
M 0.7660444378852844,-0.0000000280971371,-0.6427875757217407,-0.9614786505699158,0.0000000000000000,1.0000000000000000,-0.0000000437113883,-0.0000000201185912,0.6427875757217407,0.0000000334848664,0.7660444378852844,0.0166486259549856,0.0000000000000000,0.0000000000000000,0.0000000000000000,1.0000000000000000
M 0.7660444378852844,-0.0000000280971371,-0.6427875757217407,-0.9614786505699158,0.0000000000000000,1.0000000000000000,-0.0000000437113883,-0.0000000201185912,0.6427875757217407,0.0000000334848664,0.7660444378852844,0.0166486259549856,0.0000000000000000,0.0000000000000000,0.0000000000000000,1.0000000000000000
M 0.7660444378852844,-0.0000000280971371,-0.6427875757217407,-0.9614786505699158,0.0000000000000000,1.0000000000000000,-0.0000000437113883,-0.0000000201185912,0.6427875757217407,0.0000000334848664,0.7660444378852844,0.0166486259549856,0.0000000000000000,0.0000000000000000,0.0000000000000000,1.0000000000000000
M 0.7660444378852844,-0.0000000280971371,-0.6427875757217407,-0.9614786505699158,0.0000000000000000,1.0000000000000000,-0.0000000437113883,-0.0000000201185912,0.6427875757217407,0.0000000334848664,0.7660444378852844,0.0166486259549856,0.0000000000000000,0.0000000000000000,0.0000000000000000,1.0000000000000000
M 0.7660444378852844,-0.0000000280971371,-0.6427875757217407,-0.9614786505699158,0.0000000000000000,1.0000000000000000,-0.0000000437113883,-0.0000000201185912,0.6427875757217407,0.0000000334848664,0.7660444378852844,0.0166486259549856,0.0000000000000000,0.0000000000000000,0.0000000000000000,1.0000000000000000
M 0.7660444378852844,-0.0000000280971371,-0.6427875757217407,-0.9614786505699158,0.0000000000000000,1.0000000000000000,-0.0000000437113883,-0.0000000201185912,0.6427875757217407,0.0000000334848664,0.7660444378852844,0.0166486259549856,0.0000000000000000,0.0000000000000000,0.0000000000000000,1.0000000000000000
M 0.7660444378852844,-0.0000000280971371,-0.6427875757217407,-0.9614786505699158,0.0000000000000000,1.0000000000000000,-0.0000000437113883,-0.0000000201185912,0.6427875757217407,0.0000000334848664,0.7660444378852844,0.0166486259549856,0.0000000000000000,0.0000000000000000,0.0000000000000000,1.0000000000000000
M 0.7660444378852844,-0.0000000280971371,-0.6427875757217407,-0.9614786505699158,0.0000000000000000,1.0000000000000000,-0.0000000437113883,-0.0000000201185912,0.6427875757217407,0.0000000334848664,0.7660444378852844,0.0166486259549856,0.0000000000000000,0.0000000000000000,0.0000000000000000,1.0000000000000000
M 0.7660444378852844,-0.0000000280971371,-0.6427875757217407,-0.9614786505699158,0.0000000000000000,1.0000000000000000,-0.0000000437113883,-0.0000000201185912,0.6427875757217407,0.0000000334848664,0.7660444378852844,0.0166486259549856,0.0000000000000000,0.0000000000000000,0.0000000000000000,1.0000000000000000
M 0.7660444378852844,-0.0000000280971371,-0.6427875757217407,-0.9614786505699158,0.0000000000000000,1.0000000000000000,-0.0000000437113883,-0.0000000201185912,0.6427875757217407,0.0000000334848664,0.7660444378852844,0.0166486259549856,0.0000000000000000,0.0000000000000000,0.0000000000000000,1.0000000000000000
M 0.7660444378852844,-0.0000000280971371,-0.6427875757217407,-0.9614786505699158,0.0000000000000000,1.0000000000000000,-0.0000000437113883,-0.0000000201185912,0.6427875757217407,0.0000000334848664,0.7660444378852844,0.0166486259549856,0.0000000000000000,0.0000000000000000,0.0000000000000000,1.0000000000000000
M 0.7660444378852844,-0.0000000280971371,-0.6427875757217407,-0.9614786505699158,0.0000000000000000,1.0000000000000000,-0.0000000437113883,-0.0000000201185912,0.6427875757217407,0.0000000334848664,0.7660444378852844,0.0166486259549856,0.0000000000000000,0.0000000000000000,0.0000000000000000,1.0000000000000000
M 0.7660444378852844,-0.0000000280971371,-0.6427875757217407,-0.9614786505699158,0.0000000000000000,1.0000000000000000,-0.0000000437113883,-0.0000000201185912,0.6427875757217407,0.0000000334848664,0.7660444378852844,0.0166486259549856,0.0000000000000000,0.0000000000000000,0.0000000000000000,1.0000000000000000
M 0.7660444378852844,-0.0000000280971371,-0.6427875757217407,-0.9614786505699158,0.0000000000000000,1.0000000000000000,-0.0000000437113883,-0.0000000201185912,0.6427875757217407,0.0000000334848664,0.7660444378852844,0.0166486259549856,0.0000000000000000,0.0000000000000000,0.0000000000000000,1.0000000000000000
M 0.7660444378852844,-0.0000000280971371,-0.6427875757217407,-0.9614786505699158,0.0000000000000000,1.0000000000000000,-0.0000000437113883,-0.0000000201185912,0.6427875757217407,0.0000000334848664,0.7660444378852844,0.0166486259549856,0.0000000000000000,0.0000000000000000,0.0000000000000000,1.0000000000000000
M 0.7660444378852844,-0.0000000280971371,-0.6427875757217407,-0.9614786505699158,0.0000000000000000,1.0000000000000000,-0.0000000437113883,-0.0000000201185912,0.6427875757217407,0.0000000334848664,0.7660444378852844,0.0166486259549856,0.0000000000000000,0.0000000000000000,0.0000000000000000,1.0000000000000000
M 0.7660444378852844,-0.0000000280971371,-0.6427875757217407,-0.9614786505699158,0.0000000000000000,1.0000000000000000,-0.0000000437113883,-0.0000000201185912,0.6427875757217407,0.0000000334848664,0.7660444378852844,0.0166486259549856,0.0000000000000000,0.0000000000000000,0.0000000000000000,1.0000000000000000
M 0.7660444378852844,-0.0000000280971371,-0.6427875757217407,-0.9614786505699158,0.0000000000000000,1.0000000000000000,-0.0000000437113883,-0.0000000201185912,0.6427875757217407,0.0000000334848664,0.7660444378852844,0.0166486259549856,0.0000000000000000,0.0000000000000000,0.0000000000000000,1.0000000000000000
M 0.7660444378852844,-0.0000000280971371,-0.6427875757217407,-0.9614786505699158,0.0000000000000000,1.0000000000000000,-0.0000000437113883,-0.0000000201185912,0.6427875757217407,0.0000000334848664,0.7660444378852844,0.0166486259549856,0.0000000000000000,0.0000000000000000,0.0000000000000000,1.0000000000000000
M 0.7660444378852844,-0.0000000280971371,-0.6427875757217407,-0.9614786505699158,0.0000000000000000,1.0000000000000000,-0.0000000437113883,-0.0000000201185912,0.6427875757217407,0.0000000334848664,0.7660444378852844,0.0166486259549856,0.0000000000000000,0.0000000000000000,0.0000000000000000,1.0000000000000000
M 0.7660444378852844,-0.0000000280971371,-0.6427875757217407,-0.9614786505699158,0.0000000000000000,1.0000000000000000,-0.0000000437113883,-0.0000000201185912,0.6427875757217407,0.0000000334848664,0.7660444378852844,0.0166486259549856,0.0000000000000000,0.0000000000000000,0.0000000000000000,1.0000000000000000
M 0.7660444378852844,-0.0000000280971371,-0.6427875757217407,-0.9614786505699158,0.0000000000000000,1.0000000000000000,-0.0000000437113883,-0.0000000201185912,0.6427875757217407,0.0000000334848664,0.7660444378852844,0.0166486259549856,0.0000000000000000,0.0000000000000000,0.0000000000000000,1.0000000000000000
M 0.7660444378852844,-0.0000000280971371,-0.6427875757217407,-0.9614786505699158,0.0000000000000000,1.0000000000000000,-0.0000000437113883,-0.0000000201185912,0.6427875757217407,0.0000000334848664,0.7660444378852844,0.0166486259549856,0.0000000000000000,0.0000000000000000,0.0000000000000000,1.0000000000000000
M 0.7660444378852844,-0.0000000280971371,-0.6427875757217407,-0.9614786505699158,0.0000000000000000,1.0000000000000000,-0.0000000437113883,-0.0000000201185912,0.6427875757217407,0.0000000334848664,0.7660444378852844,0.0166486259549856,0.0000000000000000,0.0000000000000000,0.0000000000000000,1.0000000000000000
M 0.7660444378852844,-0.0000000280971371,-0.6427875757217407,-0.9614786505699158,0.0000000000000000,1.0000000000000000,-0.0000000437113883,-0.0000000201185912,0.6427875757217407,0.0000000334848664,0.7660444378852844,0.0166486259549856,0.0000000000000000,0.0000000000000000,0.0000000000000000,1.0000000000000000
M 0.7660444378852844,-0.0000000280971371,-0.6427875757217407,-0.9614786505699158,0.0000000000000000,1.0000000000000000,-0.0000000437113883,-0.0000000201185912,0.6427875757217407,0.0000000334848664,0.7660444378852844,0.0166486259549856,0.0000000000000000,0.0000000000000000,0.0000000000000000,1.0000000000000000
M 0.7660444378852844,-0.0000000280971371,-0.6427875757217407,-0.9614786505699158,0.0000000000000000,1.0000000000000000,-0.0000000437113883,-0.0000000201185912,0.6427875757217407,0.0000000334848664,0.7660444378852844,0.0166486259549856,0.0000000000000000,0.0000000000000000,0.0000000000000000,1.0000000000000000
M 0.7660444378852844,-0.0000000280971371,-0.6427875757217407,-0.9614786505699158,0.0000000000000000,1.0000000000000000,-0.0000000437113883,-0.0000000201185912,0.6427875757217407,0.0000000334848664,0.7660444378852844,0.0166486259549856,0.0000000000000000,0.0000000000000000,0.0000000000000000,1.0000000000000000
M 0.7660444378852844,-0.0000000280971371,-0.6427875757217407,-0.9614786505699158,0.0000000000000000,1.0000000000000000,-0.0000000437113883,-0.0000000201185912,0.6427875757217407,0.0000000334848664,0.7660444378852844,0.0166486259549856,0.0000000000000000,0.0000000000000000,0.0000000000000000,1.0000000000000000
M 0.7660444378852844,-0.0000000280971371,-0.6427875757217407,-0.9614786505699158,0.0000000000000000,1.0000000000000000,-0.0000000437113883,-0.0000000201185912,0.6427875757217407,0.0000000334848664,0.7660444378852844,0.0166486259549856,0.0000000000000000,0.0000000000000000,0.0000000000000000,1.0000000000000000
M 0.7660444378852844,-0.0000000280971371,-0.6427875757217407,-0.9614786505699158,0.0000000000000000,1.0000000000000000,-0.0000000437113883,-0.0000000201185912,0.6427875757217407,0.0000000334848664,0.7660444378852844,0.0166486259549856,0.0000000000000000,0.0000000000000000,0.0000000000000000,1.0000000000000000
M 0.7660444378852844,-0.0000000280971371,-0.6427875757217407,-0.9614786505699158,0.0000000000000000,1.0000000000000000,-0.0000000437113883,-0.0000000201185912,0.6427875757217407,0.0000000334848664,0.7660444378852844,0.0166486259549856,0.0000000000000000,0.0000000000000000,0.0000000000000000,1.0000000000000000
M 0.7660444378852844,-0.0000000280971371,-0.6427875757217407,-0.9614786505699158,0.0000000000000000,1.0000000000000000,-0.0000000437113883,-0.0000000201185912,0.6427875757217407,0.0000000334848664,0.7660444378852844,0.0166486259549856,0.0000000000000000,0.0000000000000000,0.0000000000000000,1.0000000000000000
M 0.7660444378852844,-0.0000000280971371,-0.6427875757217407,-0.9614786505699158,0.0000000000000000,1.0000000000000000,-0.0000000437113883,-0.0000000201185912,0.6427875757217407,0.0000000334848664,0.7660444378852844,0.0166486259549856,0.0000000000000000,0.0000000000000000,0.0000000000000000,1.0000000000000000
M 0.7660444378852844,-0.0000000280971371,-0.6427875757217407,-0.9614786505699158,0.0000000000000000,1.0000000000000000,-0.0000000437113883,-0.0000000201185912,0.6427875757217407,0.0000000334848664,0.7660444378852844,0.0166486259549856,0.0000000000000000,0.0000000000000000,0.0000000000000000,1.0000000000000000
M 0.7660444378852844,-0.0000000280971371,-0.6427875757217407,-0.9614786505699158,0.0000000000000000,1.0000000000000000,-0.0000000437113883,-0.0000000201185912,0.6427875757217407,0.0000000334848664,0.7660444378852844,0.0166486259549856,0.0000000000000000,0.0000000000000000,0.0000000000000000,1.0000000000000000
M 0.7660444378852844,-0.0000000280971371,-0.6427875757217407,-0.9614786505699158,0.0000000000000000,1.0000000000000000,-0.0000000437113883,-0.0000000201185912,0.6427875757217407,0.0000000334848664,0.7660444378852844,0.0166486259549856,0.0000000000000000,0.0000000000000000,0.0000000000000000,1.0000000000000000
M 0.7660444378852844,-0.0000000280971371,-0.6427875757217407,-0.9614786505699158,0.0000000000000000,1.0000000000000000,-0.0000000437113883,-0.0000000201185912,0.6427875757217407,0.0000000334848664,0.7660444378852844,0.0166486259549856,0.0000000000000000,0.0000000000000000,0.0000000000000000,1.0000000000000000
M 0.7660444378852844,-0.0000000280971371,-0.6427875757217407,-0.9614786505699158,0.0000000000000000,1.0000000000000000,-0.0000000437113883,-0.0000000201185912,0.6427875757217407,0.0000000334848664,0.7660444378852844,0.0166486259549856,0.0000000000000000,0.0000000000000000,0.0000000000000000,1.0000000000000000
M 0.7660444378852844,-0.0000000280971371,-0.6427875757217407,-0.9614786505699158,0.0000000000000000,1.0000000000000000,-0.0000000437113883,-0.0000000201185912,0.6427875757217407,0.0000000334848664,0.7660444378852844,0.0166486259549856,0.0000000000000000,0.0000000000000000,0.0000000000000000,1.0000000000000000
M 0.7660444378852844,-0.0000000280971371,-0.6427875757217407,-0.9614786505699158,0.0000000000000000,1.0000000000000000,-0.0000000437113883,-0.0000000201185912,0.6427875757217407,0.0000000334848664,0.7660444378852844,0.0166486259549856,0.0000000000000000,0.0000000000000000,0.0000000000000000,1.0000000000000000
M 0.7660444378852844,-0.0000000280971371,-0.6427875757217407,-0.9614786505699158,0.0000000000000000,1.0000000000000000,-0.0000000437113883,-0.0000000201185912,0.6427875757217407,0.0000000334848664,0.7660444378852844,0.0166486259549856,0.0000000000000000,0.0000000000000000,0.0000000000000000,1.0000000000000000
M 0.7660444378852844,-0.0000000280971371,-0.6427875757217407,-0.9614786505699158,0.0000000000000000,1.0000000000000000,-0.0000000437113883,-0.0000000201185912,0.6427875757217407,0.0000000334848664,0.7660444378852844,0.0166486259549856,0.0000000000000000,0.0000000000000000,0.0000000000000000,1.0000000000000000
M 0.7660444378852844,-0.0000000280971371,-0.6427875757217407,-0.9614786505699158,0.0000000000000000,1.0000000000000000,-0.0000000437113883,-0.0000000201185912,0.6427875757217407,0.0000000334848664,0.7660444378852844,0.0166486259549856,0.0000000000000000,0.0000000000000000,0.0000000000000000,1.0000000000000000
M 0.7660444378852844,-0.0000000280971371,-0.6427875757217407,-0.9614786505699158,0.0000000000000000,1.0000000000000000,-0.0000000437113883,-0.0000000201185912,0.6427875757217407,0.0000000334848664,0.7660444378852844,0.0166486259549856,0.0000000000000000,0.0000000000000000,0.0000000000000000,1.0000000000000000
M 0.7660444378852844,-0.0000000280971371,-0.6427875757217407,-0.9614786505699158,0.0000000000000000,1.0000000000000000,-0.0000000437113883,-0.0000000201185912,0.6427875757217407,0.0000000334848664,0.7660444378852844,0.0166486259549856,0.0000000000000000,0.0000000000000000,0.0000000000000000,1.0000000000000000
M 0.7660444378852844,-0.0000000280971371,-0.6427875757217407,-0.9614786505699158,0.0000000000000000,1.0000000000000000,-0.0000000437113883,-0.0000000201185912,0.6427875757217407,0.0000000334848664,0.7660444378852844,0.0166486259549856,0.0000000000000000,0.0000000000000000,0.0000000000000000,1.0000000000000000
M 0.7660444378852844,-0.0000000280971371,-0.6427875757217407,-0.9614786505699158,0.0000000000000000,1.0000000000000000,-0.0000000437113883,-0.0000000201185912,0.6427875757217407,0.0000000334848664,0.7660444378852844,0.0166486259549856,0.0000000000000000,0.0000000000000000,0.0000000000000000,1.0000000000000000
M 0.7660444378852844,-0.0000000280971371,-0.6427875757217407,-0.9614786505699158,0.0000000000000000,1.0000000000000000,-0.0000000437113883,-0.0000000201185912,0.6427875757217407,0.0000000334848664,0.7660444378852844,0.0166486259549856,0.0000000000000000,0.0000000000000000,0.0000000000000000,1.0000000000000000
M 0.7660444378852844,-0.0000000280971371,-0.6427875757217407,-0.9614786505699158,0.0000000000000000,1.0000000000000000,-0.0000000437113883,-0.0000000201185912,0.6427875757217407,0.0000000334848664,0.7660444378852844,0.0166486259549856,0.0000000000000000,0.0000000000000000,0.0000000000000000,1.0000000000000000
M 0.7660444378852844,-0.0000000280971371,-0.6427875757217407,-0.9614786505699158,0.0000000000000000,1.0000000000000000,-0.0000000437113883,-0.0000000201185912,0.6427875757217407,0.0000000334848664,0.7660444378852844,0.0166486259549856,0.0000000000000000,0.0000000000000000,0.0000000000000000,1.0000000000000000
M 0.7660444378852844,-0.0000000280971371,-0.6427875757217407,-0.9614786505699158,0.0000000000000000,1.0000000000000000,-0.0000000437113883,-0.0000000201185912,0.6427875757217407,0.0000000334848664,0.7660444378852844,0.0166486259549856,0.0000000000000000,0.0000000000000000,0.0000000000000000,1.0000000000000000
M 0.7660444378852844,-0.0000000280971371,-0.6427875757217407,-0.9614786505699158,0.0000000000000000,1.0000000000000000,-0.0000000437113883,-0.0000000201185912,0.6427875757217407,0.0000000334848664,0.7660444378852844,0.0166486259549856,0.0000000000000000,0.0000000000000000,0.0000000000000000,1.0000000000000000
M 0.7660444378852844,-0.0000000280971371,-0.6427875757217407,-0.9614786505699158,0.0000000000000000,1.0000000000000000,-0.0000000437113883,-0.0000000201185912,0.6427875757217407,0.0000000334848664,0.7660444378852844,0.0166486259549856,0.0000000000000000,0.0000000000000000,0.0000000000000000,1.0000000000000000
M 0.7660444378852844,-0.0000000280971371,-0.6427875757217407,-0.9614786505699158,0.0000000000000000,1.0000000000000000,-0.0000000437113883,-0.0000000201185912,0.6427875757217407,0.0000000334848664,0.7660444378852844,0.0166486259549856,0.0000000000000000,0.0000000000000000,0.0000000000000000,1.0000000000000000
M 0.7660444378852844,-0.0000000280971371,-0.6427875757217407,-0.9614786505699158,0.0000000000000000,1.0000000000000000,-0.0000000437113883,-0.0000000201185912,0.6427875757217407,0.0000000334848664,0.7660444378852844,0.0166486259549856,0.0000000000000000,0.0000000000000000,0.0000000000000000,1.0000000000000000
M 0.7660444378852844,-0.0000000280971371,-0.6427875757217407,-0.9614786505699158,0.0000000000000000,1.0000000000000000,-0.0000000437113883,-0.0000000201185912,0.6427875757217407,0.0000000334848664,0.7660444378852844,0.0166486259549856,0.0000000000000000,0.0000000000000000,0.0000000000000000,1.0000000000000000
M 0.7660444378852844,-0.0000000280971371,-0.6427875757217407,-0.9614786505699158,0.0000000000000000,1.0000000000000000,-0.0000000437113883,-0.0000000201185912,0.6427875757217407,0.0000000334848664,0.7660444378852844,0.0166486259549856,0.0000000000000000,0.0000000000000000,0.0000000000000000,1.0000000000000000
M 0.7660444378852844,-0.0000000280971371,-0.6427875757217407,-0.9614786505699158,0.0000000000000000,1.0000000000000000,-0.0000000437113883,-0.0000000201185912,0.6427875757217407,0.0000000334848664,0.7660444378852844,0.0166486259549856,0.0000000000000000,0.0000000000000000,0.0000000000000000,1.0000000000000000
M 0.7660444378852844,-0.0000000280971371,-0.6427875757217407,-0.9614786505699158,0.0000000000000000,1.0000000000000000,-0.0000000437113883,-0.0000000201185912,0.6427875757217407,0.0000000334848664,0.7660444378852844,0.0166486259549856,0.0000000000000000,0.0000000000000000,0.0000000000000000,1.0000000000000000
M 0.7660444378852844,-0.0000000280971371,-0.6427875757217407,-0.9614786505699158,0.0000000000000000,1.0000000000000000,-0.0000000437113883,-0.0000000201185912,0.6427875757217407,0.0000000334848664,0.7660444378852844,0.0166486259549856,0.0000000000000000,0.0000000000000000,0.0000000000000000,1.0000000000000000
M 0.7660444378852844,-0.0000000280971371,-0.6427875757217407,-0.9614786505699158,0.0000000000000000,1.0000000000000000,-0.0000000437113883,-0.0000000201185912,0.6427875757217407,0.0000000334848664,0.7660444378852844,0.0166486259549856,0.0000000000000000,0.0000000000000000,0.0000000000000000,1.0000000000000000
M 0.7660444378852844,-0.0000000280971371,-0.6427875757217407,-0.9614786505699158,0.0000000000000000,1.0000000000000000,-0.0000000437113883,-0.0000000201185912,0.6427875757217407,0.0000000334848664,0.7660444378852844,0.0166486259549856,0.0000000000000000,0.0000000000000000,0.0000000000000000,1.0000000000000000
M 0.7660444378852844,-0.0000000280971371,-0.6427875757217407,-0.9614786505699158,0.0000000000000000,1.0000000000000000,-0.0000000437113883,-0.0000000201185912,0.6427875757217407,0.0000000334848664,0.7660444378852844,0.0166486259549856,0.0000000000000000,0.0000000000000000,0.0000000000000000,1.0000000000000000
M 0.7660444378852844,-0.0000000280971371,-0.6427875757217407,-0.9614786505699158,0.0000000000000000,1.0000000000000000,-0.0000000437113883,-0.0000000201185912,0.6427875757217407,0.0000000334848664,0.7660444378852844,0.0166486259549856,0.0000000000000000,0.0000000000000000,0.0000000000000000,1.0000000000000000
M 0.7660444378852844,-0.0000000280971371,-0.6427875757217407,-0.9614786505699158,0.0000000000000000,1.0000000000000000,-0.0000000437113883,-0.0000000201185912,0.6427875757217407,0.0000000334848664,0.7660444378852844,0.0166486259549856,0.0000000000000000,0.0000000000000000,0.0000000000000000,1.0000000000000000
M 0.7660444378852844,-0.0000000280971371,-0.6427875757217407,-0.9614786505699158,0.0000000000000000,1.0000000000000000,-0.0000000437113883,-0.0000000201185912,0.6427875757217407,0.0000000334848664,0.7660444378852844,0.0166486259549856,0.0000000000000000,0.0000000000000000,0.0000000000000000,1.0000000000000000
M 0.7660444378852844,-0.0000000280971371,-0.6427875757217407,-0.9614786505699158,0.0000000000000000,1.0000000000000000,-0.0000000437113883,-0.0000000201185912,0.6427875757217407,0.0000000334848664,0.7660444378852844,0.0166486259549856,0.0000000000000000,0.0000000000000000,0.0000000000000000,1.0000000000000000
M 0.7660444378852844,-0.0000000280971371,-0.6427875757217407,-0.9614786505699158,0.0000000000000000,1.0000000000000000,-0.0000000437113883,-0.0000000201185912,0.6427875757217407,0.0000000334848664,0.7660444378852844,0.0166486259549856,0.0000000000000000,0.0000000000000000,0.0000000000000000,1.0000000000000000
M 0.7660444378852844,-0.0000000280971371,-0.6427875757217407,-0.9614786505699158,0.0000000000000000,1.0000000000000000,-0.0000000437113883,-0.0000000201185912,0.6427875757217407,0.0000000334848664,0.7660444378852844,0.0166486259549856,0.0000000000000000,0.0000000000000000,0.0000000000000000,1.0000000000000000
M 0.7660444378852844,-0.0000000280971371,-0.6427875757217407,-0.9614786505699158,0.0000000000000000,1.0000000000000000,-0.0000000437113883,-0.0000000201185912,0.6427875757217407,0.0000000334848664,0.7660444378852844,0.0166486259549856,0.0000000000000000,0.0000000000000000,0.0000000000000000,1.0000000000000000
M 0.7660444378852844,-0.0000000280971371,-0.6427875757217407,-0.9614786505699158,0.0000000000000000,1.0000000000000000,-0.0000000437113883,-0.0000000201185912,0.6427875757217407,0.0000000334848664,0.7660444378852844,0.0166486259549856,0.0000000000000000,0.0000000000000000,0.0000000000000000,1.0000000000000000
O DOOR_11_EXTERNAL_CG_drml
A DOOR_11_EXTERNAL_CG_drml_DOOR_11_EXTERNAL_CG_drml.001
M 1.0000000000000000,0.0000000000000000,0.0000000000000000,0.0000000000000000,0.0000000000000000,1.0000000000000000,-0.0000000437113883,0.0000000000000000,-0.0000000000000000,0.0000000437113883,1.0000000000000000,-0.0000000000000000,0.0000000000000000,0.0000000000000000,0.0000000000000000,1.0000000000000000
M 1.0000000000000000,0.0000000000000000,0.0000000000000000,0.0002542978327256,0.0000000000000000,1.0000000000000000,-0.0000000437113883,0.0000000000000000,-0.0000000000000000,0.0000000437113883,1.0000000000000000,-0.0004356472345535,0.0000000000000000,0.0000000000000000,0.0000000000000000,1.0000000000000000
M 1.0000000000000000,0.0000000000000000,0.0000000000000000,0.0010063429363072,0.0000000000000000,1.0000000000000000,-0.0000000437113883,0.0000000000000000,-0.0000000000000000,0.0000000437113883,1.0000000000000000,-0.0017015867633745,0.0000000000000000,0.0000000000000000,0.0000000000000000,1.0000000000000000
M 1.0000000000000000,0.0000000000000000,0.0000000000000000,0.0022398631554097,0.0000000000000000,1.0000000000000000,-0.0000000437113883,0.0000000000000000,-0.0000000000000000,0.0000000437113883,1.0000000000000000,-0.0037363159935921,0.0000000000000000,0.0000000000000000,0.0000000000000000,1.0000000000000000
M 1.0000000000000000,0.0000000000000000,0.0000000000000000,0.0039385845884681,0.0000000000000000,1.0000000000000000,-0.0000000437113883,0.0000000000000000,-0.0000000000000000,0.0000000437113883,1.0000000000000000,-0.0064783305861056,0.0000000000000000,0.0000000000000000,0.0000000000000000,1.0000000000000000
M 1.0000000000000000,0.0000000000000000,0.0000000000000000,0.0060862367972732,0.0000000000000000,1.0000000000000000,-0.0000000437113883,0.0000000000000000,-0.0000000000000000,0.0000000437113883,1.0000000000000000,-0.0098661277443171,0.0000000000000000,0.0000000000000000,0.0000000000000000,1.0000000000000000
M 1.0000000000000000,0.0000000000000000,0.0000000000000000,0.0086665460839868,0.0000000000000000,1.0000000000000000,-0.0000000437113883,0.0000000000000000,-0.0000000000000000,0.0000000437113883,1.0000000000000000,-0.0138382073491812,0.0000000000000000,0.0000000000000000,0.0000000000000000,1.0000000000000000
M 1.0000000000000000,0.0000000000000000,0.0000000000000000,0.0116632385179400,0.0000000000000000,1.0000000000000000,-0.0000000437113883,0.0000000000000000,-0.0000000000000000,0.0000000437113883,1.0000000000000000,-0.0183330625295639,0.0000000000000000,0.0000000000000000,0.0000000000000000,1.0000000000000000
