O DOOR_3_Arm_INTERIOR_LCG_il_LINVERT
A DOOR_3_Arm_INTERIOR_LCG_il_LINVERT_DOOR_3_Arm_INTERIOR_LCG_il_LINVERT
M 1.0000000000000000,0.0000000000000000,0.0000000000000000,0.0000000000000000,0.0000000000000000,1.0000000000000000,-0.0000000437113883,0.0000000201182786,-0.0000000000000000,0.0000000437113883,1.0000000000000000,-0.0000000337168942,0.0000000000000000,0.0000000000000000,0.0000000000000000,1.0000000000000000
M 0.9999984502792358,-0.0000000000776417,-0.0017762349452823,0.0023203413002193,0.0000000000000000,1.0000000000000000,-0.0000000437113883,0.0000000201182786,0.0017762349452823,0.0000000437113279,0.9999984502792358,0.0124291880056262,0.0000000000000000,0.0000000000000000,0.0000000000000000,1.0000000000000000
M 0.9999757409095764,-0.0000000003043532,-0.0069627882912755,0.0089689064770937,0.0000000000000000,1.0000000000000000,-0.0000000437113883,0.0000000201182786,0.0069627882912755,0.0000000437103296,0.9999757409095764,0.0487460307776928,0.0000000000000000,0.0000000000000000,0.0000000000000000,1.0000000000000000
M 0.9998822212219238,-0.0000000006707983,-0.0153460754081607,0.0193177517503500,0.0000000000000000,1.0000000000000000,-0.0000000437113883,0.0000000201182786,0.0153460754081607,0.0000000437062404,0.9998822212219238,0.1075213849544525,0.0000000000000000,0.0000000000000000,0.0000000000000000,1.0000000000000000
M 0.9996432065963745,-0.0000000011675928,-0.0267114099115133,0.0325624868273735,0.0000000000000000,1.0000000000000000,-0.0000000437113883,0.0000000201182786,0.0267114099115133,0.0000000436957990,0.9996432065963745,0.1873511075973511,0.0000000000000000,0.0000000000000000,0.0000000000000000,1.0000000000000000
M 0.9991655945777893,-0.0000000017852629,-0.0408420562744141,0.0477672889828682,0.0000000000000000,1.0000000000000000,-0.0000000437113883,0.0000000201182786,0.0408420562744141,0.0000000436749161,0.9991655945777893,0.2868412435054779,0.0000000000000000,0.0000000000000000,0.0000000000000000,1.0000000000000000
M 0.9983444809913635,-0.0000000025142037,-0.0575182661414146,0.0639098808169365,0.0000000000000000,1.0000000000000000,-0.0000000437113883,0.0000000201182786,0.0575182661414146,0.0000000436390231,0.9983444809913635,0.4045917987823486,0.0000000000000000,0.0000000000000000,0.0000000000000000,1.0000000000000000
M 0.9970683455467224,-0.0000000033446386,-0.0765164121985435,0.0799166485667229,0.0000000000000000,1.0000000000000000,-0.0000000437113883,0.0000000201182786,0.0765164121985435,0.0000000435832419,0.9970683455467224,0.5391848087310791,0.0000000000000000,0.0000000000000000,0.0000000000000000,1.0000000000000000
M 0.9952248930931091,-0.0000000042665969,-0.0976083502173424,0.0947023406624794,0.0000000000000000,1.0000000000000000,-0.0000000437113883,0.0000000201182786,0.0976083502173424,0.0000000435026628,0.9952248930931091,0.6891712546348572,0.0000000000000000,0.0000000000000000,0.0000000000000000,1.0000000000000000
M 0.9927059412002563,-0.0000000052698921,-0.1205610781908035,0.1072043702006340,0.0000000000000000,1.0000000000000000,-0.0000000437113883,0.0000000201182786,0.1205610781908035,0.0000000433925607,0.9927059412002563,0.8530631661415100,0.0000000000000000,0.0000000000000000,0.0000000000000000,1.0000000000000000
M 0.9894115924835205,-0.0000000063441359,-0.1451368927955627,0.1164117306470871,0.0000000000000000,1.0000000000000000,-0.0000000437113883,0.0000000201182786,0.1451368927955627,0.0000000432485550,0.9894115924835205,1.0293285846710205,0.0000000000000000,0.0000000000000000,0.0000000000000000,1.0000000000000000
M 0.9852547645568848,-0.0000000074787430,-0.1710936874151230,0.1213972419500351,0.0000000000000000,1.0000000000000000,-0.0000000437113883,0.0000000201182786,0.1710936874151230,0.0000000430668550,0.9852547645568848,1.2163877487182617,0.0000000000000000,0.0000000000000000,0.0000000000000000,1.0000000000000000
M 0.9801644682884216,-0.0000000086629806,-0.1981858909130096,0.1213422268629074,0.0000000000000000,1.0000000000000000,-0.0000000437113883,0.0000000201182786,0.1981858909130096,0.0000000428443556,0.9801644682884216,1.4126157760620117,0.0000000000000000,0.0000000000000000,0.0000000000000000,1.0000000000000000
M 0.9740887880325317,-0.0000000098860236,-0.2261658459901810,0.1155582740902901,0.0000000000000000,1.0000000000000000,-0.0000000437113883,0.0000000201182786,0.2261658459901810,0.0000000425787725,0.9740887880325317,1.6163481473922729,0.0000000000000000,0.0000000000000000,0.0000000000000000,1.0000000000000000
M 0.9669977426528931,-0.0000000111370024,-0.2547848820686340,0.1035091951489449,0.0000000000000000,1.0000000000000000,-0.0000000437113883,0.0000000201182786,0.2547848820686340,0.0000000422688125,0.9669977426528931,1.8258845806121826,0.0000000000000000,0.0000000000000000,0.0000000000000000,1.0000000000000000
M 0.9588847756385803,-0.0000000124050992,-0.2837955951690674,0.0848245099186897,0.0000000000000000,1.0000000000000000,-0.0000000437113883,0.0000000201182786,0.2837955951690674,0.0000000419141841,0.9588847756385803,2.0395023822784424,0.0000000000000000,0.0000000000000000,0.0000000000000000,1.0000000000000000
M 0.9497683644294739,-0.0000000136796441,-0.3129537701606750,0.0593128837645054,0.0000000000000000,1.0000000000000000,-0.0000000437113883,0.0000000201182786,0.3129537701606750,0.0000000415157011,0.9497683644294739,2.2554688453674316,0.0000000000000000,0.0000000000000000,0.0000000000000000,1.0000000000000000
M 0.9396926164627075,-0.0000000149501744,-0.3420201241970062,0.0269687771797180,0.0000000000000000,1.0000000000000000,-0.0000000437113883,0.0000000201182786,0.3420201241970062,0.0000000410752676,0.9396926164627075,2.4720523357391357,0.0000000000000000,0.0000000000000000,0.0000000000000000,1.0000000000000000
M 0.9287276268005371,-0.0000000162065579,-0.3707627952098846,-0.0120214540511370,0.0000000000000000,1.0000000000000000,-0.0000000437113883,0.0000000201182786,0.3707627952098846,0.0000000405959817,0.9287276268005371,2.6875381469726562,0.0000000000000000,0.0000000000000000,0.0000000000000000,1.0000000000000000
M 0.9169687032699585,-0.0000000174390600,-0.3989591896533966,-0.0572833754122257,0.0000000000000000,1.0000000000000000,-0.0000000437113883,0.0000000201182786,0.3989591896533966,0.0000000400819822,0.9169687032699585,2.9002442359924316,0.0000000000000000,0.0000000000000000,0.0000000000000000,1.0000000000000000
M 0.9045358300209045,-0.0000000186384312,-0.4263976216316223,-0.1082555428147316,0.0000000000000000,1.0000000000000000,-0.0000000437113883,0.0000000201182786,0.4263976216316223,0.0000000395385165,0.9045358300209045,3.1085317134857178,0.0000000000000000,0.0000000000000000,0.0000000000000000,1.0000000000000000
M 0.8915719389915466,-0.0000000197959746,-0.4528791010379791,-0.1641987413167953,0.0000000000000000,1.0000000000000000,-0.0000000437113883,0.0000000201182786,0.4528791010379791,0.0000000389718480,0.8915719389915466,3.3108210563659668,0.0000000000000000,0.0000000000000000,0.0000000000000000,1.0000000000000000
M 0.8782410025596619,-0.0000000209035864,-0.4782183170318604,-0.2242094129323959,0.0000000000000000,1.0000000000000000,-0.0000000437113883,0.0000000201182786,0.4782183170318604,0.0000000383891390,0.8782410025596619,3.5056004524230957,0.0000000000000000,0.0000000000000000,0.0000000000000000,1.0000000000000000
M 0.8647258877754211,-0.0000000219537881,-0.5022441148757935,-0.2872323095798492,0.0000000000000000,1.0000000000000000,-0.0000000437113883,0.0000000201182786,0.5022441148757935,0.0000000377983689,0.8647258877754211,3.6914322376251221,0.0000000000000000,0.0000000000000000,0.0000000000000000,1.0000000000000000
M 0.8512254953384399,-0.0000000229397461,-0.5248001217842102,-0.3520809412002563,0.0000000000000000,1.0000000000000000,-0.0000000437113883,0.0000000201182786,0.5248001217842102,0.0000000372082560,0.8512254953384399,3.8669617176055908,0.0000000000000000,0.0000000000000000,0.0000000000000000,1.0000000000000000
M 0.8379520773887634,-0.0000000238552200,-0.5457438230514526,-0.4174582362174988,0.0000000000000000,1.0000000000000000,-0.0000000437113883,0.0000000201182786,0.5457438230514526,0.0000000366280482,0.8379520773887634,4.0309128761291504,0.0000000000000000,0.0000000000000000,0.0000000000000000,1.0000000000000000
M 0.8251278996467590,-0.0000000246945717,-0.5649459362030029,-0.4819781184196472,0.0000000000000000,1.0000000000000000,-0.0000000437113883,0.0000000201182786,0.5649459362030029,0.0000000360674868,0.8251278996467590,4.1820898056030273,0.0000000000000000,0.0000000000000000,0.0000000000000000,1.0000000000000000
M 0.8129824995994568,-0.0000000254526231,-0.5822881460189819,-0.5441902875900269,0.0000000000000000,1.0000000000000000,-0.0000000437113883,0.0000000201182786,0.5822881460189819,0.0000000355365941,0.8129824995994568,4.3193631172180176,0.0000000000000000,0.0000000000000000,0.0000000000000000,1.0000000000000000
M 0.8017482757568359,-0.0000000261246331,-0.5976618528366089,-0.6026107668876648,0.0000000000000000,1.0000000000000000,-0.0000000437113883,0.0000000201182786,0.5976618528366089,0.0000000350455309,0.8017482757568359,4.4416680335998535,0.0000000000000000,0.0000000000000000,0.0000000000000000,1.0000000000000000
M 0.7916581034660339,-0.0000000267061004,-0.6109643578529358,-0.6557460427284241,0.0000000000000000,1.0000000000000000,-0.0000000437113883,0.0000000201182786,0.6109643578529358,0.0000000346044757,0.7916581034660339,4.5479807853698730,0.0000000000000000,0.0000000000000000,0.0000000000000000,1.0000000000000000
M 0.7829409241676331,-0.0000000271926854,-0.6220960617065430,-0.7021241188049316,0.0000000000000000,1.0000000000000000,-0.0000000437113883,0.0000000201182786,0.6220960617065430,0.0000000342234330,0.7829409241676331,4.6373038291931152,0.0000000000000000,0.0000000000000000,0.0000000000000000,1.0000000000000000
M 0.7758184671401978,-0.0000000275799739,-0.6309561729431152,-0.7403265833854675,0.0000000000000000,1.0000000000000000,-0.0000000437113883,0.0000000201182786,0.6309561729431152,0.0000000339121016,0.7758184671401978,4.7086400985717773,0.0000000000000000,0.0000000000000000,0.0000000000000000,1.0000000000000000
M 0.7705014944076538,-0.0000000278633081,-0.6374381780624390,-0.7690184712409973,0.0000000000000000,1.0000000000000000,-0.0000000437113883,0.0000000201182786,0.6374381780624390,0.0000000336796901,0.7705014944076538,4.7609691619873047,0.0000000000000000,0.0000000000000000,0.0000000000000000,1.0000000000000000
M 0.7671849727630615,-0.0000000280376167,-0.6414259076118469,-0.7869883775711060,0.0000000000000000,1.0000000000000000,-0.0000000437113883,0.0000000201182786,0.6414259076118469,0.0000000335347217,0.7671849727630615,4.7932219505310059,0.0000000000000000,0.0000000000000000,0.0000000000000000,1.0000000000000000
M 0.7660444378852844,-0.0000000280971371,-0.6427875757217407,-0.7931805849075317,0.0000000000000000,1.0000000000000000,-0.0000000437113883,0.0000000201182786,0.6427875757217407,0.0000000334848664,0.7660444378852844,4.8042454719543457,0.0000000000000000,0.0000000000000000,0.0000000000000000,1.0000000000000000
M 0.7660444378852844,-0.0000000280971371,-0.6427875757217407,-0.7931805849075317,0.0000000000000000,1.0000000000000000,-0.0000000437113883,0.0000000201182786,0.6427875757217407,0.0000000334848664,0.7660444378852844,4.8042454719543457,0.0000000000000000,0.0000000000000000,0.0000000000000000,1.0000000000000000
M 0.7660444378852844,-0.0000000280971371,-0.6427875757217407,-0.7931805849075317,0.0000000000000000,1.0000000000000000,-0.0000000437113883,0.0000000201182786,0.6427875757217407,0.0000000334848664,0.7660444378852844,4.8042454719543457,0.0000000000000000,0.0000000000000000,0.0000000000000000,1.0000000000000000
M 0.7660444378852844,-0.0000000280971371,-0.6427875757217407,-0.7931805849075317,0.0000000000000000,1.0000000000000000,-0.0000000437113883,0.0000000201182786,0.6427875757217407,0.0000000334848664,0.7660444378852844,4.8042454719543457,0.0000000000000000,0.0000000000000000,0.0000000000000000,1.0000000000000000
M 0.7660444378852844,-0.0000000280971371,-0.6427875757217407,-0.7931805849075317,0.0000000000000000,1.0000000000000000,-0.0000000437113883,0.0000000201182786,0.6427875757217407,0.0000000334848664,0.7660444378852844,4.8042454719543457,0.0000000000000000,0.0000000000000000,0.0000000000000000,1.0000000000000000
M 0.7660444378852844,-0.0000000280971371,-0.6427875757217407,-0.7931805849075317,0.0000000000000000,1.0000000000000000,-0.0000000437113883,0.0000000201182786,0.6427875757217407,0.0000000334848664,0.7660444378852844,4.8042454719543457,0.0000000000000000,0.0000000000000000,0.0000000000000000,1.0000000000000000
M 0.7660444378852844,-0.0000000280971371,-0.6427875757217407,-0.7931805849075317,0.0000000000000000,1.0000000000000000,-0.0000000437113883,0.0000000201182786,0.6427875757217407,0.0000000334848664,0.7660444378852844,4.8042454719543457,0.0000000000000000,0.0000000000000000,0.0000000000000000,1.0000000000000000
M 0.7660444378852844,-0.0000000280971371,-0.6427875757217407,-0.7931805849075317,0.0000000000000000,1.0000000000000000,-0.0000000437113883,0.0000000201182786,0.6427875757217407,0.0000000334848664,0.7660444378852844,4.8042454719543457,0.0000000000000000,0.0000000000000000,0.0000000000000000,1.0000000000000000
M 0.7660444378852844,-0.0000000280971371,-0.6427875757217407,-0.7931805849075317,0.0000000000000000,1.0000000000000000,-0.0000000437113883,0.0000000201182786,0.6427875757217407,0.0000000334848664,0.7660444378852844,4.8042454719543457,0.0000000000000000,0.0000000000000000,0.0000000000000000,1.0000000000000000
M 0.7660444378852844,-0.0000000280971371,-0.6427875757217407,-0.7931805849075317,0.0000000000000000,1.0000000000000000,-0.0000000437113883,0.0000000201182786,0.6427875757217407,0.0000000334848664,0.7660444378852844,4.8042454719543457,0.0000000000000000,0.0000000000000000,0.0000000000000000,1.0000000000000000
M 0.7660444378852844,-0.0000000280971371,-0.6427875757217407,-0.7931805849075317,0.0000000000000000,1.0000000000000000,-0.0000000437113883,0.0000000201182786,0.6427875757217407,0.0000000334848664,0.7660444378852844,4.8042454719543457,0.0000000000000000,0.0000000000000000,0.0000000000000000,1.0000000000000000
M 0.7660444378852844,-0.0000000280971371,-0.6427875757217407,-0.7931805849075317,0.0000000000000000,1.0000000000000000,-0.0000000437113883,0.0000000201182786,0.6427875757217407,0.0000000334848664,0.7660444378852844,4.8042454719543457,0.0000000000000000,0.0000000000000000,0.0000000000000000,1.0000000000000000
M 0.7660444378852844,-0.0000000280971371,-0.6427875757217407,-0.7931805849075317,0.0000000000000000,1.0000000000000000,-0.0000000437113883,0.0000000201182786,0.6427875757217407,0.0000000334848664,0.7660444378852844,4.8042454719543457,0.0000000000000000,0.0000000000000000,0.0000000000000000,1.0000000000000000
M 0.7660444378852844,-0.0000000280971371,-0.6427875757217407,-0.7931805849075317,0.0000000000000000,1.0000000000000000,-0.0000000437113883,0.0000000201182786,0.6427875757217407,0.0000000334848664,0.7660444378852844,4.8042454719543457,0.0000000000000000,0.0000000000000000,0.0000000000000000,1.0000000000000000
M 0.7660444378852844,-0.0000000280971371,-0.6427875757217407,-0.7931805849075317,0.0000000000000000,1.0000000000000000,-0.0000000437113883,0.0000000201182786,0.6427875757217407,0.0000000334848664,0.7660444378852844,4.8042454719543457,0.0000000000000000,0.0000000000000000,0.0000000000000000,1.0000000000000000
M 0.7660444378852844,-0.0000000280971371,-0.6427875757217407,-0.7931805849075317,0.0000000000000000,1.0000000000000000,-0.0000000437113883,0.0000000201182786,0.6427875757217407,0.0000000334848664,0.7660444378852844,4.8042454719543457,0.0000000000000000,0.0000000000000000,0.0000000000000000,1.0000000000000000
M 0.7660444378852844,-0.0000000280971371,-0.6427875757217407,-0.7931805849075317,0.0000000000000000,1.0000000000000000,-0.0000000437113883,0.0000000201182786,0.6427875757217407,0.0000000334848664,0.7660444378852844,4.8042454719543457,0.0000000000000000,0.0000000000000000,0.0000000000000000,1.0000000000000000
M 0.7660444378852844,-0.0000000280971371,-0.6427875757217407,-0.7931805849075317,0.0000000000000000,1.0000000000000000,-0.0000000437113883,0.0000000201182786,0.6427875757217407,0.0000000334848664,0.7660444378852844,4.8042454719543457,0.0000000000000000,0.0000000000000000,0.0000000000000000,1.0000000000000000
M 0.7660444378852844,-0.0000000280971371,-0.6427875757217407,-0.7931805849075317,0.0000000000000000,1.0000000000000000,-0.0000000437113883,0.0000000201182786,0.6427875757217407,0.0000000334848664,0.7660444378852844,4.8042454719543457,0.0000000000000000,0.0000000000000000,0.0000000000000000,1.0000000000000000
M 0.7660444378852844,-0.0000000280971371,-0.6427875757217407,-0.7931805849075317,0.0000000000000000,1.0000000000000000,-0.0000000437113883,0.0000000201182786,0.6427875757217407,0.0000000334848664,0.7660444378852844,4.8042454719543457,0.0000000000000000,0.0000000000000000,0.0000000000000000,1.0000000000000000
M 0.7660444378852844,-0.0000000280971371,-0.6427875757217407,-0.7931805849075317,0.0000000000000000,1.0000000000000000,-0.0000000437113883,0.0000000201182786,0.6427875757217407,0.0000000334848664,0.7660444378852844,4.8042454719543457,0.0000000000000000,0.0000000000000000,0.0000000000000000,1.0000000000000000
M 0.7660444378852844,-0.0000000280971371,-0.6427875757217407,-0.7931805849075317,0.0000000000000000,1.0000000000000000,-0.0000000437113883,0.0000000201182786,0.6427875757217407,0.0000000334848664,0.7660444378852844,4.8042454719543457,0.0000000000000000,0.0000000000000000,0.0000000000000000,1.0000000000000000
M 0.7660444378852844,-0.0000000280971371,-0.6427875757217407,-0.7931805849075317,0.0000000000000000,1.0000000000000000,-0.0000000437113883,0.0000000201182786,0.6427875757217407,0.0000000334848664,0.7660444378852844,4.8042454719543457,0.0000000000000000,0.0000000000000000,0.0000000000000000,1.0000000000000000
M 0.7660444378852844,-0.0000000280971371,-0.6427875757217407,-0.7931805849075317,0.0000000000000000,1.0000000000000000,-0.0000000437113883,0.0000000201182786,0.6427875757217407,0.0000000334848664,0.7660444378852844,4.8042454719543457,0.0000000000000000,0.0000000000000000,0.0000000000000000,1.0000000000000000
M 0.7660444378852844,-0.0000000280971371,-0.6427875757217407,-0.7931805849075317,0.0000000000000000,1.0000000000000000,-0.0000000437113883,0.0000000201182786,0.6427875757217407,0.0000000334848664,0.7660444378852844,4.8042454719543457,0.0000000000000000,0.0000000000000000,0.0000000000000000,1.0000000000000000
M 0.7660444378852844,-0.0000000280971371,-0.6427875757217407,-0.7931805849075317,0.0000000000000000,1.0000000000000000,-0.0000000437113883,0.0000000201182786,0.6427875757217407,0.0000000334848664,0.7660444378852844,4.8042454719543457,0.0000000000000000,0.0000000000000000,0.0000000000000000,1.0000000000000000
M 0.7660444378852844,-0.0000000280971371,-0.6427875757217407,-0.7931805849075317,0.0000000000000000,1.0000000000000000,-0.0000000437113883,0.0000000201182786,0.6427875757217407,0.0000000334848664,0.7660444378852844,4.8042454719543457,0.0000000000000000,0.0000000000000000,0.0000000000000000,1.0000000000000000
M 0.7660444378852844,-0.0000000280971371,-0.6427875757217407,-0.7931805849075317,0.0000000000000000,1.0000000000000000,-0.0000000437113883,0.0000000201182786,0.6427875757217407,0.0000000334848664,0.7660444378852844,4.8042454719543457,0.0000000000000000,0.0000000000000000,0.0000000000000000,1.0000000000000000
M 0.7660444378852844,-0.0000000280971371,-0.6427875757217407,-0.7931805849075317,0.0000000000000000,1.0000000000000000,-0.0000000437113883,0.0000000201182786,0.6427875757217407,0.0000000334848664,0.7660444378852844,4.8042454719543457,0.0000000000000000,0.0000000000000000,0.0000000000000000,1.0000000000000000
M 0.7660444378852844,-0.0000000280971371,-0.6427875757217407,-0.7931805849075317,0.0000000000000000,1.0000000000000000,-0.0000000437113883,0.0000000201182786,0.6427875757217407,0.0000000334848664,0.7660444378852844,4.8042454719543457,0.0000000000000000,0.0000000000000000,0.0000000000000000,1.0000000000000000
M 0.7660444378852844,-0.0000000280971371,-0.6427875757217407,-0.7931805849075317,0.0000000000000000,1.0000000000000000,-0.0000000437113883,0.0000000201182786,0.6427875757217407,0.0000000334848664,0.7660444378852844,4.8042454719543457,0.0000000000000000,0.0000000000000000,0.0000000000000000,1.0000000000000000
M 0.7660444378852844,-0.0000000280971371,-0.6427875757217407,-0.7931805849075317,0.0000000000000000,1.0000000000000000,-0.0000000437113883,0.0000000201182786,0.6427875757217407,0.0000000334848664,0.7660444378852844,4.8042454719543457,0.0000000000000000,0.0000000000000000,0.0000000000000000,1.0000000000000000
M 0.7660444378852844,-0.0000000280971371,-0.6427875757217407,-0.7931805849075317,0.0000000000000000,1.0000000000000000,-0.0000000437113883,0.0000000201182786,0.6427875757217407,0.0000000334848664,0.7660444378852844,4.8042454719543457,0.0000000000000000,0.0000000000000000,0.0000000000000000,1.0000000000000000
M 0.7660444378852844,-0.0000000280971371,-0.6427875757217407,-0.7931805849075317,0.0000000000000000,1.0000000000000000,-0.0000000437113883,0.0000000201182786,0.6427875757217407,0.0000000334848664,0.7660444378852844,4.8042454719543457,0.0000000000000000,0.0000000000000000,0.0000000000000000,1.0000000000000000
M 0.7660444378852844,-0.0000000280971371,-0.6427875757217407,-0.7931805849075317,0.0000000000000000,1.0000000000000000,-0.0000000437113883,0.0000000201182786,0.6427875757217407,0.0000000334848664,0.7660444378852844,4.8042454719543457,0.0000000000000000,0.0000000000000000,0.0000000000000000,1.0000000000000000
M 0.7660444378852844,-0.0000000280971371,-0.6427875757217407,-0.7931805849075317,0.0000000000000000,1.0000000000000000,-0.0000000437113883,0.0000000201182786,0.6427875757217407,0.0000000334848664,0.7660444378852844,4.8042454719543457,0.0000000000000000,0.0000000000000000,0.0000000000000000,1.0000000000000000
M 0.7660444378852844,-0.0000000280971371,-0.6427875757217407,-0.7931805849075317,0.0000000000000000,1.0000000000000000,-0.0000000437113883,0.0000000201182786,0.6427875757217407,0.0000000334848664,0.7660444378852844,4.8042454719543457,0.0000000000000000,0.0000000000000000,0.0000000000000000,1.0000000000000000
M 0.7660444378852844,-0.0000000280971371,-0.6427875757217407,-0.7931805849075317,0.0000000000000000,1.0000000000000000,-0.0000000437113883,0.0000000201182786,0.6427875757217407,0.0000000334848664,0.7660444378852844,4.8042454719543457,0.0000000000000000,0.0000000000000000,0.0000000000000000,1.0000000000000000
M 0.7660444378852844,-0.0000000280971371,-0.6427875757217407,-0.7931805849075317,0.0000000000000000,1.0000000000000000,-0.0000000437113883,0.0000000201182786,0.6427875757217407,0.0000000334848664,0.7660444378852844,4.8042454719543457,0.0000000000000000,0.0000000000000000,0.0000000000000000,1.0000000000000000
M 0.7660444378852844,-0.0000000280971371,-0.6427875757217407,-0.7931805849075317,0.0000000000000000,1.0000000000000000,-0.0000000437113883,0.0000000201182786,0.6427875757217407,0.0000000334848664,0.7660444378852844,4.8042454719543457,0.0000000000000000,0.0000000000000000,0.0000000000000000,1.0000000000000000
M 0.7660444378852844,-0.0000000280971371,-0.6427875757217407,-0.7931805849075317,0.0000000000000000,1.0000000000000000,-0.0000000437113883,0.0000000201182786,0.6427875757217407,0.0000000334848664,0.7660444378852844,4.8042454719543457,0.0000000000000000,0.0000000000000000,0.0000000000000000,1.0000000000000000
M 0.7660444378852844,-0.0000000280971371,-0.6427875757217407,-0.7931805849075317,0.0000000000000000,1.0000000000000000,-0.0000000437113883,0.0000000201182786,0.6427875757217407,0.0000000334848664,0.7660444378852844,4.8042454719543457,0.0000000000000000,0.0000000000000000,0.0000000000000000,1.0000000000000000
M 0.7660444378852844,-0.0000000280971371,-0.6427875757217407,-0.7931805849075317,0.0000000000000000,1.0000000000000000,-0.0000000437113883,0.0000000201182786,0.6427875757217407,0.0000000334848664,0.7660444378852844,4.8042454719543457,0.0000000000000000,0.0000000000000000,0.0000000000000000,1.0000000000000000
M 0.7660444378852844,-0.0000000280971371,-0.6427875757217407,-0.7931805849075317,0.0000000000000000,1.0000000000000000,-0.0000000437113883,0.0000000201182786,0.6427875757217407,0.0000000334848664,0.7660444378852844,4.8042454719543457,0.0000000000000000,0.0000000000000000,0.0000000000000000,1.0000000000000000
M 0.7660444378852844,-0.0000000280971371,-0.6427875757217407,-0.7931805849075317,0.0000000000000000,1.0000000000000000,-0.0000000437113883,0.0000000201182786,0.6427875757217407,0.0000000334848664,0.7660444378852844,4.8042454719543457,0.0000000000000000,0.0000000000000000,0.0000000000000000,1.0000000000000000
M 0.7660444378852844,-0.0000000280971371,-0.6427875757217407,-0.7931805849075317,0.0000000000000000,1.0000000000000000,-0.0000000437113883,0.0000000201182786,0.6427875757217407,0.0000000334848664,0.7660444378852844,4.8042454719543457,0.0000000000000000,0.0000000000000000,0.0000000000000000,1.0000000000000000
M 0.7660444378852844,-0.0000000280971371,-0.6427875757217407,-0.7931805849075317,0.0000000000000000,1.0000000000000000,-0.0000000437113883,0.0000000201182786,0.6427875757217407,0.0000000334848664,0.7660444378852844,4.8042454719543457,0.0000000000000000,0.0000000000000000,0.0000000000000000,1.0000000000000000
M 0.7660444378852844,-0.0000000280971371,-0.6427875757217407,-0.7931805849075317,0.0000000000000000,1.0000000000000000,-0.0000000437113883,0.0000000201182786,0.6427875757217407,0.0000000334848664,0.7660444378852844,4.8042454719543457,0.0000000000000000,0.0000000000000000,0.0000000000000000,1.0000000000000000
M 0.7660444378852844,-0.0000000280971371,-0.6427875757217407,-0.7931805849075317,0.0000000000000000,1.0000000000000000,-0.0000000437113883,0.0000000201182786,0.6427875757217407,0.0000000334848664,0.7660444378852844,4.8042454719543457,0.0000000000000000,0.0000000000000000,0.0000000000000000,1.0000000000000000
M 0.7660444378852844,-0.0000000280971371,-0.6427875757217407,-0.7931805849075317,0.0000000000000000,1.0000000000000000,-0.0000000437113883,0.0000000201182786,0.6427875757217407,0.0000000334848664,0.7660444378852844,4.8042454719543457,0.0000000000000000,0.0000000000000000,0.0000000000000000,1.0000000000000000
M 0.7660444378852844,-0.0000000280971371,-0.6427875757217407,-0.7931805849075317,0.0000000000000000,1.0000000000000000,-0.0000000437113883,0.0000000201182786,0.6427875757217407,0.0000000334848664,0.7660444378852844,4.8042454719543457,0.0000000000000000,0.0000000000000000,0.0000000000000000,1.0000000000000000
M 0.7660444378852844,-0.0000000280971371,-0.6427875757217407,-0.7931805849075317,0.0000000000000000,1.0000000000000000,-0.0000000437113883,0.0000000201182786,0.6427875757217407,0.0000000334848664,0.7660444378852844,4.8042454719543457,0.0000000000000000,0.0000000000000000,0.0000000000000000,1.0000000000000000
M 0.7660444378852844,-0.0000000280971371,-0.6427875757217407,-0.7931805849075317,0.0000000000000000,1.0000000000000000,-0.0000000437113883,0.0000000201182786,0.6427875757217407,0.0000000334848664,0.7660444378852844,4.8042454719543457,0.0000000000000000,0.0000000000000000,0.0000000000000000,1.0000000000000000
M 0.7660444378852844,-0.0000000280971371,-0.6427875757217407,-0.7931805849075317,0.0000000000000000,1.0000000000000000,-0.0000000437113883,0.0000000201182786,0.6427875757217407,0.0000000334848664,0.7660444378852844,4.8042454719543457,0.0000000000000000,0.0000000000000000,0.0000000000000000,1.0000000000000000
M 0.7660444378852844,-0.0000000280971371,-0.6427875757217407,-0.7931805849075317,0.0000000000000000,1.0000000000000000,-0.0000000437113883,0.0000000201182786,0.6427875757217407,0.0000000334848664,0.7660444378852844,4.8042454719543457,0.0000000000000000,0.0000000000000000,0.0000000000000000,1.0000000000000000
M 0.7660444378852844,-0.0000000280971371,-0.6427875757217407,-0.7931805849075317,0.0000000000000000,1.0000000000000000,-0.0000000437113883,0.0000000201182786,0.6427875757217407,0.0000000334848664,0.7660444378852844,4.8042454719543457,0.0000000000000000,0.0000000000000000,0.0000000000000000,1.0000000000000000
M 0.7660444378852844,-0.0000000280971371,-0.6427875757217407,-0.7931805849075317,0.0000000000000000,1.0000000000000000,-0.0000000437113883,0.0000000201182786,0.6427875757217407,0.0000000334848664,0.7660444378852844,4.8042454719543457,0.0000000000000000,0.0000000000000000,0.0000000000000000,1.0000000000000000
M 0.7660444378852844,-0.0000000280971371,-0.6427875757217407,-0.7931805849075317,0.0000000000000000,1.0000000000000000,-0.0000000437113883,0.0000000201182786,0.6427875757217407,0.0000000334848664,0.7660444378852844,4.8042454719543457,0.0000000000000000,0.0000000000000000,0.0000000000000000,1.0000000000000000
M 0.7660444378852844,-0.0000000280971371,-0.6427875757217407,-0.7931805849075317,0.0000000000000000,1.0000000000000000,-0.0000000437113883,0.0000000201182786,0.6427875757217407,0.0000000334848664,0.7660444378852844,4.8042454719543457,0.0000000000000000,0.0000000000000000,0.0000000000000000,1.0000000000000000
M 0.7660444378852844,-0.0000000280971371,-0.6427875757217407,-0.7931805849075317,0.0000000000000000,1.0000000000000000,-0.0000000437113883,0.0000000201182786,0.6427875757217407,0.0000000334848664,0.7660444378852844,4.8042454719543457,0.0000000000000000,0.0000000000000000,0.0000000000000000,1.0000000000000000
M 0.7660444378852844,-0.0000000280971371,-0.6427875757217407,-0.7931805849075317,0.0000000000000000,1.0000000000000000,-0.0000000437113883,0.0000000201182786,0.6427875757217407,0.0000000334848664,0.7660444378852844,4.8042454719543457,0.0000000000000000,0.0000000000000000,0.0000000000000000,1.0000000000000000
M 0.7660444378852844,-0.0000000280971371,-0.6427875757217407,-0.7931805849075317,0.0000000000000000,1.0000000000000000,-0.0000000437113883,0.0000000201182786,0.6427875757217407,0.0000000334848664,0.7660444378852844,4.8042454719543457,0.0000000000000000,0.0000000000000000,0.0000000000000000,1.0000000000000000
M 0.7660444378852844,-0.0000000280971371,-0.6427875757217407,-0.7931805849075317,0.0000000000000000,1.0000000000000000,-0.0000000437113883,0.0000000201182786,0.6427875757217407,0.0000000334848664,0.7660444378852844,4.8042454719543457,0.0000000000000000,0.0000000000000000,0.0000000000000000,1.0000000000000000
M 0.7660444378852844,-0.0000000280971371,-0.6427875757217407,-0.7931805849075317,0.0000000000000000,1.0000000000000000,-0.0000000437113883,0.0000000201182786,0.6427875757217407,0.0000000334848664,0.7660444378852844,4.8042454719543457,0.0000000000000000,0.0000000000000000,0.0000000000000000,1.0000000000000000
M 0.7660444378852844,-0.0000000280971371,-0.6427875757217407,-0.7931805849075317,0.0000000000000000,1.0000000000000000,-0.0000000437113883,0.0000000201182786,0.6427875757217407,0.0000000334848664,0.7660444378852844,4.8042454719543457,0.0000000000000000,0.0000000000000000,0.0000000000000000,1.0000000000000000
M 0.7660444378852844,-0.0000000280971371,-0.6427875757217407,-0.7931805849075317,0.0000000000000000,1.0000000000000000,-0.0000000437113883,0.0000000201182786,0.6427875757217407,0.0000000334848664,0.7660444378852844,4.8042454719543457,0.0000000000000000,0.0000000000000000,0.0000000000000000,1.0000000000000000
M 0.7660444378852844,-0.0000000280971371,-0.6427875757217407,-0.7931805849075317,0.0000000000000000,1.0000000000000000,-0.0000000437113883,0.0000000201182786,0.6427875757217407,0.0000000334848664,0.7660444378852844,4.8042454719543457,0.0000000000000000,0.0000000000000000,0.0000000000000000,1.0000000000000000
M 0.7660444378852844,-0.0000000280971371,-0.6427875757217407,-0.7931805849075317,0.0000000000000000,1.0000000000000000,-0.0000000437113883,0.0000000201182786,0.6427875757217407,0.0000000334848664,0.7660444378852844,4.8042454719543457,0.0000000000000000,0.0000000000000000,0.0000000000000000,1.0000000000000000
M 0.7660444378852844,-0.0000000280971371,-0.6427875757217407,-0.7931805849075317,0.0000000000000000,1.0000000000000000,-0.0000000437113883,0.0000000201182786,0.6427875757217407,0.0000000334848664,0.7660444378852844,4.8042454719543457,0.0000000000000000,0.0000000000000000,0.0000000000000000,1.0000000000000000
M 0.7660444378852844,-0.0000000280971371,-0.6427875757217407,-0.7931805849075317,0.0000000000000000,1.0000000000000000,-0.0000000437113883,0.0000000201182786,0.6427875757217407,0.0000000334848664,0.7660444378852844,4.8042454719543457,0.0000000000000000,0.0000000000000000,0.0000000000000000,1.0000000000000000
M 0.7660444378852844,-0.0000000280971371,-0.6427875757217407,-0.7931805849075317,0.0000000000000000,1.0000000000000000,-0.0000000437113883,0.0000000201182786,0.6427875757217407,0.0000000334848664,0.7660444378852844,4.8042454719543457,0.0000000000000000,0.0000000000000000,0.0000000000000000,1.0000000000000000
M 0.7660444378852844,-0.0000000280971371,-0.6427875757217407,-0.7931805849075317,0.0000000000000000,1.0000000000000000,-0.0000000437113883,0.0000000201182786,0.6427875757217407,0.0000000334848664,0.7660444378852844,4.8042454719543457,0.0000000000000000,0.0000000000000000,0.0000000000000000,1.0000000000000000
M 0.7660444378852844,-0.0000000280971371,-0.6427875757217407,-0.7931805849075317,0.0000000000000000,1.0000000000000000,-0.0000000437113883,0.0000000201182786,0.6427875757217407,0.0000000334848664,0.7660444378852844,4.8042454719543457,0.0000000000000000,0.0000000000000000,0.0000000000000000,1.0000000000000000
M 0.7660444378852844,-0.0000000280971371,-0.6427875757217407,-0.7931805849075317,0.0000000000000000,1.0000000000000000,-0.0000000437113883,0.0000000201182786,0.6427875757217407,0.0000000334848664,0.7660444378852844,4.8042454719543457,0.0000000000000000,0.0000000000000000,0.0000000000000000,1.0000000000000000
M 0.7660444378852844,-0.0000000280971371,-0.6427875757217407,-0.7931805849075317,0.0000000000000000,1.0000000000000000,-0.0000000437113883,0.0000000201182786,0.6427875757217407,0.0000000334848664,0.7660444378852844,4.8042454719543457,0.0000000000000000,0.0000000000000000,0.0000000000000000,1.0000000000000000
M 0.7660444378852844,-0.0000000280971371,-0.6427875757217407,-0.7931805849075317,0.0000000000000000,1.0000000000000000,-0.0000000437113883,0.0000000201182786,0.6427875757217407,0.0000000334848664,0.7660444378852844,4.8042454719543457,0.0000000000000000,0.0000000000000000,0.0000000000000000,1.0000000000000000
M 0.7660444378852844,-0.0000000280971371,-0.6427875757217407,-0.7931805849075317,0.0000000000000000,1.0000000000000000,-0.0000000437113883,0.0000000201182786,0.6427875757217407,0.0000000334848664,0.7660444378852844,4.8042454719543457,0.0000000000000000,0.0000000000000000,0.0000000000000000,1.0000000000000000
M 0.7660444378852844,-0.0000000280971371,-0.6427875757217407,-0.7931805849075317,0.0000000000000000,1.0000000000000000,-0.0000000437113883,0.0000000201182786,0.6427875757217407,0.0000000334848664,0.7660444378852844,4.8042454719543457,0.0000000000000000,0.0000000000000000,0.0000000000000000,1.0000000000000000
M 0.7660444378852844,-0.0000000280971371,-0.6427875757217407,-0.7931805849075317,0.0000000000000000,1.0000000000000000,-0.0000000437113883,0.0000000201182786,0.6427875757217407,0.0000000334848664,0.7660444378852844,4.8042454719543457,0.0000000000000000,0.0000000000000000,0.0000000000000000,1.0000000000000000
M 0.7660444378852844,-0.0000000280971371,-0.6427875757217407,-0.7931805849075317,0.0000000000000000,1.0000000000000000,-0.0000000437113883,0.0000000201182786,0.6427875757217407,0.0000000334848664,0.7660444378852844,4.8042454719543457,0.0000000000000000,0.0000000000000000,0.0000000000000000,1.0000000000000000
M 0.7660444378852844,-0.0000000280971371,-0.6427875757217407,-0.7931805849075317,0.0000000000000000,1.0000000000000000,-0.0000000437113883,0.0000000201182786,0.6427875757217407,0.0000000334848664,0.7660444378852844,4.8042454719543457,0.0000000000000000,0.0000000000000000,0.0000000000000000,1.0000000000000000
M 0.7660444378852844,-0.0000000280971371,-0.6427875757217407,-0.7931805849075317,0.0000000000000000,1.0000000000000000,-0.0000000437113883,0.0000000201182786,0.6427875757217407,0.0000000334848664,0.7660444378852844,4.8042454719543457,0.0000000000000000,0.0000000000000000,0.0000000000000000,1.0000000000000000
M 0.7660444378852844,-0.0000000280971371,-0.6427875757217407,-0.7931805849075317,0.0000000000000000,1.0000000000000000,-0.0000000437113883,0.0000000201182786,0.6427875757217407,0.0000000334848664,0.7660444378852844,4.8042454719543457,0.0000000000000000,0.0000000000000000,0.0000000000000000,1.0000000000000000
M 0.7660444378852844,-0.0000000280971371,-0.6427875757217407,-0.7931805849075317,0.0000000000000000,1.0000000000000000,-0.0000000437113883,0.0000000201182786,0.6427875757217407,0.0000000334848664,0.7660444378852844,4.8042454719543457,0.0000000000000000,0.0000000000000000,0.0000000000000000,1.0000000000000000
M 0.7660444378852844,-0.0000000280971371,-0.6427875757217407,-0.7931805849075317,0.0000000000000000,1.0000000000000000,-0.0000000437113883,0.0000000201182786,0.6427875757217407,0.0000000334848664,0.7660444378852844,4.8042454719543457,0.0000000000000000,0.0000000000000000,0.0000000000000000,1.0000000000000000
M 0.7660444378852844,-0.0000000280971371,-0.6427875757217407,-0.7931805849075317,0.0000000000000000,1.0000000000000000,-0.0000000437113883,0.0000000201182786,0.6427875757217407,0.0000000334848664,0.7660444378852844,4.8042454719543457,0.0000000000000000,0.0000000000000000,0.0000000000000000,1.0000000000000000
M 0.7660444378852844,-0.0000000280971371,-0.6427875757217407,-0.7931805849075317,0.0000000000000000,1.0000000000000000,-0.0000000437113883,0.0000000201182786,0.6427875757217407,0.0000000334848664,0.7660444378852844,4.8042454719543457,0.0000000000000000,0.0000000000000000,0.0000000000000000,1.0000000000000000
M 0.7660444378852844,-0.0000000280971371,-0.6427875757217407,-0.7931805849075317,0.0000000000000000,1.0000000000000000,-0.0000000437113883,0.0000000201182786,0.6427875757217407,0.0000000334848664,0.7660444378852844,4.8042454719543457,0.0000000000000000,0.0000000000000000,0.0000000000000000,1.0000000000000000
M 0.7660444378852844,-0.0000000280971371,-0.6427875757217407,-0.7931805849075317,0.0000000000000000,1.0000000000000000,-0.0000000437113883,0.0000000201182786,0.6427875757217407,0.0000000334848664,0.7660444378852844,4.8042454719543457,0.0000000000000000,0.0000000000000000,0.0000000000000000,1.0000000000000000
M 0.7660444378852844,-0.0000000280971371,-0.6427875757217407,-0.7931805849075317,0.0000000000000000,1.0000000000000000,-0.0000000437113883,0.0000000201182786,0.6427875757217407,0.0000000334848664,0.7660444378852844,4.8042454719543457,0.0000000000000000,0.0000000000000000,0.0000000000000000,1.0000000000000000
M 0.7660444378852844,-0.0000000280971371,-0.6427875757217407,-0.7931805849075317,0.0000000000000000,1.0000000000000000,-0.0000000437113883,0.0000000201182786,0.6427875757217407,0.0000000334848664,0.7660444378852844,4.8042454719543457,0.0000000000000000,0.0000000000000000,0.0000000000000000,1.0000000000000000
M 0.7660444378852844,-0.0000000280971371,-0.6427875757217407,-0.7931805849075317,0.0000000000000000,1.0000000000000000,-0.0000000437113883,0.0000000201182786,0.6427875757217407,0.0000000334848664,0.7660444378852844,4.8042454719543457,0.0000000000000000,0.0000000000000000,0.0000000000000000,1.0000000000000000
M 0.7660444378852844,-0.0000000280971371,-0.6427875757217407,-0.7931805849075317,0.0000000000000000,1.0000000000000000,-0.0000000437113883,0.0000000201182786,0.6427875757217407,0.0000000334848664,0.7660444378852844,4.8042454719543457,0.0000000000000000,0.0000000000000000,0.0000000000000000,1.0000000000000000
M 0.7660444378852844,-0.0000000280971371,-0.6427875757217407,-0.7931805849075317,0.0000000000000000,1.0000000000000000,-0.0000000437113883,0.0000000201182786,0.6427875757217407,0.0000000334848664,0.7660444378852844,4.8042454719543457,0.0000000000000000,0.0000000000000000,0.0000000000000000,1.0000000000000000
