O DOOR_5_Arm_INTERIOR_LCG_il_LINVERT
A DOOR_5_Arm_INTERIOR_LCG_il_LINVERT_DOOR_5_Arm_INTERIOR_LCG_il_LINVERT
M 1.0000000000000000,0.0000000000000000,0.0000000000000000,0.0000000000000000,0.0000000000000000,1.0000000000000000,-0.0000000437113883,-0.0000000201205381,-0.0000000000000000,0.0000000437113883,1.0000000000000000,-0.0000000338846533,0.0000000000000000,0.0000000000000000,0.0000000000000000,1.0000000000000000
M 0.9999984502792358,0.0000000000776417,0.0017762349452823,0.0023202886804938,0.0000000000000000,1.0000000000000000,-0.0000000437113883,-0.0000000201205381,-0.0017762349452823,0.0000000437113279,0.9999984502792358,-0.0124346474185586,0.0000000000000000,0.0000000000000000,0.0000000000000000,1.0000000000000000
M 0.9999757409095764,0.0000000003043532,0.0069627882912755,0.0089686997234821,0.0000000000000000,1.0000000000000000,-0.0000000437113883,-0.0000000201205381,-0.0069627882912755,0.0000000437103296,0.9999757409095764,-0.0487672351300716,0.0000000000000000,0.0000000000000000,0.0000000000000000,1.0000000000000000
M 0.9998822212219238,0.0000000006707983,0.0153460754081607,0.0193168185651302,0.0000000000000000,1.0000000000000000,-0.0000000437113883,-0.0000000201205381,-0.0153460754081607,0.0000000437062404,0.9998822212219238,-0.1075680479407310,0.0000000000000000,0.0000000000000000,0.0000000000000000,1.0000000000000000
M 0.9996432065963745,0.0000000011675928,0.0267114099115133,0.0325607396662235,0.0000000000000000,1.0000000000000000,-0.0000000437113883,-0.0000000201205381,-0.0267114099115133,0.0000000436957990,0.9996432065963745,-0.1874322593212128,0.0000000000000000,0.0000000000000000,0.0000000000000000,1.0000000000000000
M 0.9991655945777893,0.0000000017852629,0.0408420562744141,0.0477636903524399,0.0000000000000000,1.0000000000000000,-0.0000000437113883,-0.0000000201205381,-0.0408420562744141,0.0000000436749161,0.9991655945777893,-0.2869652807712555,0.0000000000000000,0.0000000000000000,0.0000000000000000,1.0000000000000000
M 0.9983444809913635,0.0000000025142037,0.0575182661414146,0.0639034062623978,0.0000000000000000,1.0000000000000000,-0.0000000437113883,-0.0000000201205381,-0.0575182661414146,0.0000000436390231,0.9983444809913635,-0.4047664999961853,0.0000000000000000,0.0000000000000000,0.0000000000000000,1.0000000000000000
M 0.9970683455467224,0.0000000033446386,0.0765164121985435,0.0799057930707932,0.0000000000000000,1.0000000000000000,-0.0000000437113883,-0.0000000201205381,-0.0765164121985435,0.0000000435832419,0.9970683455467224,-0.5394171476364136,0.0000000000000000,0.0000000000000000,0.0000000000000000,1.0000000000000000
M 0.9952248930931091,0.0000000042665969,0.0976083502173424,0.0946851298213005,0.0000000000000000,1.0000000000000000,-0.0000000437113883,-0.0000000201205381,-0.0976083502173424,0.0000000435026628,0.9952248930931091,-0.6894676089286804,0.0000000000000000,0.0000000000000000,0.0000000000000000,1.0000000000000000
M 0.9927059412002563,0.0000000052698921,0.1205610781908035,0.1071788445115089,0.0000000000000000,1.0000000000000000,-0.0000000437113883,-0.0000000201205381,-0.1205610781908035,0.0000000433925607,0.9927059412002563,-0.8534290790557861,0.0000000000000000,0.0000000000000000,0.0000000000000000,1.0000000000000000
M 0.9894115924835205,0.0000000063441359,0.1451368927955627,0.1163754612207413,0.0000000000000000,1.0000000000000000,-0.0000000437113883,-0.0000000201205381,-0.1451368927955627,0.0000000432485550,0.9894115924835205,-1.0297688245773315,0.0000000000000000,0.0000000000000000,0.0000000000000000,1.0000000000000000
M 0.9852547645568848,0.0000000074787430,0.1710936874151230,0.1213473379611969,0.0000000000000000,1.0000000000000000,-0.0000000437113883,-0.0000000201205381,-0.1710936874151230,0.0000000430668550,0.9852547645568848,-1.2169066667556763,0.0000000000000000,0.0000000000000000,0.0000000000000000,1.0000000000000000
M 0.9801644682884216,0.0000000086629806,0.1981858909130096,0.1212762445211411,0.0000000000000000,1.0000000000000000,-0.0000000437113883,-0.0000000201205381,-0.1981858909130096,0.0000000428443556,0.9801644682884216,-1.4132168292999268,0.0000000000000000,0.0000000000000000,0.0000000000000000,1.0000000000000000
M 0.9740887880325317,0.0000000098860236,0.2261658459901810,0.1154728755354881,0.0000000000000000,1.0000000000000000,-0.0000000437113883,-0.0000000201205381,-0.2261658459901810,0.0000000425787725,0.9740887880325317,-1.6170339584350586,0.0000000000000000,0.0000000000000000,0.0000000000000000,1.0000000000000000
M 0.9669977426528931,0.0000000111370024,0.2547848820686340,0.1034014746546745,0.0000000000000000,1.0000000000000000,-0.0000000437113883,-0.0000000201205381,-0.2547848820686340,0.0000000422688125,0.9669977426528931,-1.8266570568084717,0.0000000000000000,0.0000000000000000,0.0000000000000000,1.0000000000000000
M 0.9588847756385803,0.0000000124050992,0.2837955951690674,0.0846911296248436,0.0000000000000000,1.0000000000000000,-0.0000000437113883,-0.0000000201205381,-0.2837955951690674,0.0000000419141841,0.9588847756385803,-2.0403628349304199,0.0000000000000000,0.0000000000000000,0.0000000000000000,1.0000000000000000
M 0.9497683644294739,0.0000000136796441,0.3129537701606750,0.0591509602963924,0.0000000000000000,1.0000000000000000,-0.0000000437113883,-0.0000000201205381,-0.3129537701606750,0.0000000415157011,0.9497683644294739,-2.2564177513122559,0.0000000000000000,0.0000000000000000,0.0000000000000000,1.0000000000000000
M 0.9396926164627075,0.0000000149501744,0.3420201241970062,0.0267754793167114,0.0000000000000000,1.0000000000000000,-0.0000000437113883,-0.0000000201205381,-0.3420201241970062,0.0000000410752676,0.9396926164627075,-2.4730889797210693,0.0000000000000000,0.0000000000000000,0.0000000000000000,1.0000000000000000
M 0.9287276268005371,0.0000000162065579,0.3707627952098846,-0.0122489910572767,0.0000000000000000,1.0000000000000000,-0.0000000437113883,-0.0000000201205381,-0.3707627952098846,0.0000000405959817,0.9287276268005371,-2.6886620521545410,0.0000000000000000,0.0000000000000000,0.0000000000000000,1.0000000000000000
M 0.9169687032699585,0.0000000174390600,0.3989591896533966,-0.0575474761426449,0.0000000000000000,1.0000000000000000,-0.0000000437113883,-0.0000000201205381,-0.3989591896533966,0.0000000400819822,0.9169687032699585,-2.9014530181884766,0.0000000000000000,0.0000000000000000,0.0000000000000000,1.0000000000000000
M 0.9045358300209045,0.0000000186384312,0.4263976216316223,-0.1085581406950951,0.0000000000000000,1.0000000000000000,-0.0000000437113883,-0.0000000201205381,-0.4263976216316223,0.0000000395385165,0.9045358300209045,-3.1098234653472900,0.0000000000000000,0.0000000000000000,0.0000000000000000,1.0000000000000000
M 0.8915719389915466,0.0000000197959746,0.4528791010379791,-0.1645416766405106,0.0000000000000000,1.0000000000000000,-0.0000000437113883,-0.0000000201205381,-0.4528791010379791,0.0000000389718480,0.8915719389915466,-3.3121929168701172,0.0000000000000000,0.0000000000000000,0.0000000000000000,1.0000000000000000
M 0.8782410025596619,0.0000000209035864,0.4782183170318604,-0.2245931774377823,0.0000000000000000,1.0000000000000000,-0.0000000437113883,-0.0000000201205381,-0.4782183170318604,0.0000000383891390,0.8782410025596619,-3.5070486068725586,0.0000000000000000,0.0000000000000000,0.0000000000000000,1.0000000000000000
M 0.8647258877754211,0.0000000219537881,0.5022441148757935,-0.2876578271389008,0.0000000000000000,1.0000000000000000,-0.0000000437113883,-0.0000000201205381,-0.5022441148757935,0.0000000377983689,0.8647258877754211,-3.6929533481597900,0.0000000000000000,0.0000000000000000,0.0000000000000000,1.0000000000000000
M 0.8512254953384399,0.0000000229397461,0.5248001217842102,-0.3525485396385193,0.0000000000000000,1.0000000000000000,-0.0000000437113883,-0.0000000201205381,-0.5248001217842102,0.0000000372082560,0.8512254953384399,-3.8685507774353027,0.0000000000000000,0.0000000000000000,0.0000000000000000,1.0000000000000000
M 0.8379520773887634,0.0000000238552200,0.5457438230514526,-0.4179665446281433,0.0000000000000000,1.0000000000000000,-0.0000000437113883,-0.0000000201205381,-0.5457438230514526,0.0000000366280482,0.8379520773887634,-4.0325651168823242,0.0000000000000000,0.0000000000000000,0.0000000000000000,1.0000000000000000
M 0.8251278996467590,0.0000000246945717,0.5649459362030029,-0.4825256466865540,0.0000000000000000,1.0000000000000000,-0.0000000437113883,-0.0000000201205381,-0.5649459362030029,0.0000000360674868,0.8251278996467590,-4.1837997436523438,0.0000000000000000,0.0000000000000000,0.0000000000000000,1.0000000000000000
M 0.8129824995994568,0.0000000254526231,0.5822881460189819,-0.5447750091552734,0.0000000000000000,1.0000000000000000,-0.0000000437113883,-0.0000000201205381,-0.5822881460189819,0.0000000355365941,0.8129824995994568,-4.3211255073547363,0.0000000000000000,0.0000000000000000,0.0000000000000000,1.0000000000000000
M 0.8017482757568359,0.0000000261246331,0.5976618528366089,-0.6032307744026184,0.0000000000000000,1.0000000000000000,-0.0000000437113883,-0.0000000201205381,-0.5976618528366089,0.0000000350455309,0.8017482757568359,-4.4434766769409180,0.0000000000000000,0.0000000000000000,0.0000000000000000,1.0000000000000000
M 0.7916581034660339,0.0000000267061004,0.6109643578529358,-0.6563964486122131,0.0000000000000000,1.0000000000000000,-0.0000000437113883,-0.0000000201205381,-0.6109643578529358,0.0000000346044757,0.7916581034660339,-4.5498294830322266,0.0000000000000000,0.0000000000000000,0.0000000000000000,1.0000000000000000
M 0.7829409241676331,0.0000000271926854,0.6220960617065430,-0.7028015851974487,0.0000000000000000,1.0000000000000000,-0.0000000437113883,-0.0000000201205381,-0.6220960617065430,0.0000000342234330,0.7829409241676331,-4.6391859054565430,0.0000000000000000,0.0000000000000000,0.0000000000000000,1.0000000000000000
M 0.7758184671401978,0.0000000275799739,0.6309561729431152,-0.7410258054733276,0.0000000000000000,1.0000000000000000,-0.0000000437113883,-0.0000000201205381,-0.6309561729431152,0.0000000339121016,0.7758184671401978,-4.7105498313903809,0.0000000000000000,0.0000000000000000,0.0000000000000000,1.0000000000000000
M 0.7705014944076538,0.0000000278633081,0.6374381780624390,-0.7697340846061707,0.0000000000000000,1.0000000000000000,-0.0000000437113883,-0.0000000201205381,-0.6374381780624390,0.0000000336796901,0.7705014944076538,-4.7628979682922363,0.0000000000000000,0.0000000000000000,0.0000000000000000,1.0000000000000000
M 0.7671849727630615,0.0000000280376167,0.6414259076118469,-0.7877141237258911,0.0000000000000000,1.0000000000000000,-0.0000000437113883,-0.0000000201205381,-0.6414259076118469,0.0000000335347217,0.7671849727630615,-4.7951626777648926,0.0000000000000000,0.0000000000000000,0.0000000000000000,1.0000000000000000
M 0.7660444378852844,0.0000000280971371,0.6427875757217407,-0.7939102053642273,0.0000000000000000,1.0000000000000000,-0.0000000437113883,-0.0000000201205381,-0.6427875757217407,0.0000000334848664,0.7660444378852844,-4.8061904907226562,0.0000000000000000,0.0000000000000000,0.0000000000000000,1.0000000000000000
M 0.7660444378852844,0.0000000280971371,0.6427875757217407,-0.7939102053642273,0.0000000000000000,1.0000000000000000,-0.0000000437113883,-0.0000000201205381,-0.6427875757217407,0.0000000334848664,0.7660444378852844,-4.8061904907226562,0.0000000000000000,0.0000000000000000,0.0000000000000000,1.0000000000000000
M 0.7660444378852844,0.0000000280971371,0.6427875757217407,-0.7939102053642273,0.0000000000000000,1.0000000000000000,-0.0000000437113883,-0.0000000201205381,-0.6427875757217407,0.0000000334848664,0.7660444378852844,-4.8061904907226562,0.0000000000000000,0.0000000000000000,0.0000000000000000,1.0000000000000000
M 0.7660444378852844,0.0000000280971371,0.6427875757217407,-0.7939102053642273,0.0000000000000000,1.0000000000000000,-0.0000000437113883,-0.0000000201205381,-0.6427875757217407,0.0000000334848664,0.7660444378852844,-4.8061904907226562,0.0000000000000000,0.0000000000000000,0.0000000000000000,1.0000000000000000
M 0.7660444378852844,0.0000000280971371,0.6427875757217407,-0.7939102053642273,0.0000000000000000,1.0000000000000000,-0.0000000437113883,-0.0000000201205381,-0.6427875757217407,0.0000000334848664,0.7660444378852844,-4.8061904907226562,0.0000000000000000,0.0000000000000000,0.0000000000000000,1.0000000000000000
M 0.7660444378852844,0.0000000280971371,0.6427875757217407,-0.7939102053642273,0.0000000000000000,1.0000000000000000,-0.0000000437113883,-0.0000000201205381,-0.6427875757217407,0.0000000334848664,0.7660444378852844,-4.8061904907226562,0.0000000000000000,0.0000000000000000,0.0000000000000000,1.0000000000000000
M 0.7660444378852844,0.0000000280971371,0.6427875757217407,-0.7939102053642273,0.0000000000000000,1.0000000000000000,-0.0000000437113883,-0.0000000201205381,-0.6427875757217407,0.0000000334848664,0.7660444378852844,-4.8061904907226562,0.0000000000000000,0.0000000000000000,0.0000000000000000,1.0000000000000000
M 0.7660444378852844,0.0000000280971371,0.6427875757217407,-0.7939102053642273,0.0000000000000000,1.0000000000000000,-0.0000000437113883,-0.0000000201205381,-0.6427875757217407,0.0000000334848664,0.7660444378852844,-4.8061904907226562,0.0000000000000000,0.0000000000000000,0.0000000000000000,1.0000000000000000
M 0.7660444378852844,0.0000000280971371,0.6427875757217407,-0.7939102053642273,0.0000000000000000,1.0000000000000000,-0.0000000437113883,-0.0000000201205381,-0.6427875757217407,0.0000000334848664,0.7660444378852844,-4.8061904907226562,0.0000000000000000,0.0000000000000000,0.0000000000000000,1.0000000000000000
M 0.7660444378852844,0.0000000280971371,0.6427875757217407,-0.7939102053642273,0.0000000000000000,1.0000000000000000,-0.0000000437113883,-0.0000000201205381,-0.6427875757217407,0.0000000334848664,0.7660444378852844,-4.8061904907226562,0.0000000000000000,0.0000000000000000,0.0000000000000000,1.0000000000000000
M 0.7660444378852844,0.0000000280971371,0.6427875757217407,-0.7939102053642273,0.0000000000000000,1.0000000000000000,-0.0000000437113883,-0.0000000201205381,-0.6427875757217407,0.0000000334848664,0.7660444378852844,-4.8061904907226562,0.0000000000000000,0.0000000000000000,0.0000000000000000,1.0000000000000000
M 0.7660444378852844,0.0000000280971371,0.6427875757217407,-0.7939102053642273,0.0000000000000000,1.0000000000000000,-0.0000000437113883,-0.0000000201205381,-0.6427875757217407,0.0000000334848664,0.7660444378852844,-4.8061904907226562,0.0000000000000000,0.0000000000000000,0.0000000000000000,1.0000000000000000
M 0.7660444378852844,0.0000000280971371,0.6427875757217407,-0.7939102053642273,0.0000000000000000,1.0000000000000000,-0.0000000437113883,-0.0000000201205381,-0.6427875757217407,0.0000000334848664,0.7660444378852844,-4.8061904907226562,0.0000000000000000,0.0000000000000000,0.0000000000000000,1.0000000000000000
M 0.7660444378852844,0.0000000280971371,0.6427875757217407,-0.7939102053642273,0.0000000000000000,1.0000000000000000,-0.0000000437113883,-0.0000000201205381,-0.6427875757217407,0.0000000334848664,0.7660444378852844,-4.8061904907226562,0.0000000000000000,0.0000000000000000,0.0000000000000000,1.0000000000000000
M 0.7660444378852844,0.0000000280971371,0.6427875757217407,-0.7939102053642273,0.0000000000000000,1.0000000000000000,-0.0000000437113883,-0.0000000201205381,-0.6427875757217407,0.0000000334848664,0.7660444378852844,-4.8061904907226562,0.0000000000000000,0.0000000000000000,0.0000000000000000,1.0000000000000000
M 0.7660444378852844,0.0000000280971371,0.6427875757217407,-0.7939102053642273,0.0000000000000000,1.0000000000000000,-0.0000000437113883,-0.0000000201205381,-0.6427875757217407,0.0000000334848664,0.7660444378852844,-4.8061904907226562,0.0000000000000000,0.0000000000000000,0.0000000000000000,1.0000000000000000
M 0.7660444378852844,0.0000000280971371,0.6427875757217407,-0.7939102053642273,0.0000000000000000,1.0000000000000000,-0.0000000437113883,-0.0000000201205381,-0.6427875757217407,0.0000000334848664,0.7660444378852844,-4.8061904907226562,0.0000000000000000,0.0000000000000000,0.0000000000000000,1.0000000000000000
M 0.7660444378852844,0.0000000280971371,0.6427875757217407,-0.7939102053642273,0.0000000000000000,1.0000000000000000,-0.0000000437113883,-0.0000000201205381,-0.6427875757217407,0.0000000334848664,0.7660444378852844,-4.8061904907226562,0.0000000000000000,0.0000000000000000,0.0000000000000000,1.0000000000000000
M 0.7660444378852844,0.0000000280971371,0.6427875757217407,-0.7939102053642273,0.0000000000000000,1.0000000000000000,-0.0000000437113883,-0.0000000201205381,-0.6427875757217407,0.0000000334848664,0.7660444378852844,-4.8061904907226562,0.0000000000000000,0.0000000000000000,0.0000000000000000,1.0000000000000000
M 0.7660444378852844,0.0000000280971371,0.6427875757217407,-0.7939102053642273,0.0000000000000000,1.0000000000000000,-0.0000000437113883,-0.0000000201205381,-0.6427875757217407,0.0000000334848664,0.7660444378852844,-4.8061904907226562,0.0000000000000000,0.0000000000000000,0.0000000000000000,1.0000000000000000
M 0.7660444378852844,0.0000000280971371,0.6427875757217407,-0.7939102053642273,0.0000000000000000,1.0000000000000000,-0.0000000437113883,-0.0000000201205381,-0.6427875757217407,0.0000000334848664,0.7660444378852844,-4.8061904907226562,0.0000000000000000,0.0000000000000000,0.0000000000000000,1.0000000000000000
M 0.7660444378852844,0.0000000280971371,0.6427875757217407,-0.7939102053642273,0.0000000000000000,1.0000000000000000,-0.0000000437113883,-0.0000000201205381,-0.6427875757217407,0.0000000334848664,0.7660444378852844,-4.8061904907226562,0.0000000000000000,0.0000000000000000,0.0000000000000000,1.0000000000000000
M 0.7660444378852844,0.0000000280971371,0.6427875757217407,-0.7939102053642273,0.0000000000000000,1.0000000000000000,-0.0000000437113883,-0.0000000201205381,-0.6427875757217407,0.0000000334848664,0.7660444378852844,-4.8061904907226562,0.0000000000000000,0.0000000000000000,0.0000000000000000,1.0000000000000000
M 0.7660444378852844,0.0000000280971371,0.6427875757217407,-0.7939102053642273,0.0000000000000000,1.0000000000000000,-0.0000000437113883,-0.0000000201205381,-0.6427875757217407,0.0000000334848664,0.7660444378852844,-4.8061904907226562,0.0000000000000000,0.0000000000000000,0.0000000000000000,1.0000000000000000
M 0.7660444378852844,0.0000000280971371,0.6427875757217407,-0.7939102053642273,0.0000000000000000,1.0000000000000000,-0.0000000437113883,-0.0000000201205381,-0.6427875757217407,0.0000000334848664,0.7660444378852844,-4.8061904907226562,0.0000000000000000,0.0000000000000000,0.0000000000000000,1.0000000000000000
M 0.7660444378852844,0.0000000280971371,0.6427875757217407,-0.7939102053642273,0.0000000000000000,1.0000000000000000,-0.0000000437113883,-0.0000000201205381,-0.6427875757217407,0.0000000334848664,0.7660444378852844,-4.8061904907226562,0.0000000000000000,0.0000000000000000,0.0000000000000000,1.0000000000000000
M 0.7660444378852844,0.0000000280971371,0.6427875757217407,-0.7939102053642273,0.0000000000000000,1.0000000000000000,-0.0000000437113883,-0.0000000201205381,-0.6427875757217407,0.0000000334848664,0.7660444378852844,-4.8061904907226562,0.0000000000000000,0.0000000000000000,0.0000000000000000,1.0000000000000000
M 0.7660444378852844,0.0000000280971371,0.6427875757217407,-0.7939102053642273,0.0000000000000000,1.0000000000000000,-0.0000000437113883,-0.0000000201205381,-0.6427875757217407,0.0000000334848664,0.7660444378852844,-4.8061904907226562,0.0000000000000000,0.0000000000000000,0.0000000000000000,1.0000000000000000
M 0.7660444378852844,0.0000000280971371,0.6427875757217407,-0.7939102053642273,0.0000000000000000,1.0000000000000000,-0.0000000437113883,-0.0000000201205381,-0.6427875757217407,0.0000000334848664,0.7660444378852844,-4.8061904907226562,0.0000000000000000,0.0000000000000000,0.0000000000000000,1.0000000000000000
M 0.7660444378852844,0.0000000280971371,0.6427875757217407,-0.7939102053642273,0.0000000000000000,1.0000000000000000,-0.0000000437113883,-0.0000000201205381,-0.6427875757217407,0.0000000334848664,0.7660444378852844,-4.8061904907226562,0.0000000000000000,0.0000000000000000,0.0000000000000000,1.0000000000000000
M 0.7660444378852844,0.0000000280971371,0.6427875757217407,-0.7939102053642273,0.0000000000000000,1.0000000000000000,-0.0000000437113883,-0.0000000201205381,-0.6427875757217407,0.0000000334848664,0.7660444378852844,-4.8061904907226562,0.0000000000000000,0.0000000000000000,0.0000000000000000,1.0000000000000000
M 0.7660444378852844,0.0000000280971371,0.6427875757217407,-0.7939102053642273,0.0000000000000000,1.0000000000000000,-0.0000000437113883,-0.0000000201205381,-0.6427875757217407,0.0000000334848664,0.7660444378852844,-4.8061904907226562,0.0000000000000000,0.0000000000000000,0.0000000000000000,1.0000000000000000
M 0.7660444378852844,0.0000000280971371,0.6427875757217407,-0.7939102053642273,0.0000000000000000,1.0000000000000000,-0.0000000437113883,-0.0000000201205381,-0.6427875757217407,0.0000000334848664,0.7660444378852844,-4.8061904907226562,0.0000000000000000,0.0000000000000000,0.0000000000000000,1.0000000000000000
M 0.7660444378852844,0.0000000280971371,0.6427875757217407,-0.7939102053642273,0.0000000000000000,1.0000000000000000,-0.0000000437113883,-0.0000000201205381,-0.6427875757217407,0.0000000334848664,0.7660444378852844,-4.8061904907226562,0.0000000000000000,0.0000000000000000,0.0000000000000000,1.0000000000000000
M 0.7660444378852844,0.0000000280971371,0.6427875757217407,-0.7939102053642273,0.0000000000000000,1.0000000000000000,-0.0000000437113883,-0.0000000201205381,-0.6427875757217407,0.0000000334848664,0.7660444378852844,-4.8061904907226562,0.0000000000000000,0.0000000000000000,0.0000000000000000,1.0000000000000000
M 0.7660444378852844,0.0000000280971371,0.6427875757217407,-0.7939102053642273,0.0000000000000000,1.0000000000000000,-0.0000000437113883,-0.0000000201205381,-0.6427875757217407,0.0000000334848664,0.7660444378852844,-4.8061904907226562,0.0000000000000000,0.0000000000000000,0.0000000000000000,1.0000000000000000
M 0.7660444378852844,0.0000000280971371,0.6427875757217407,-0.7939102053642273,0.0000000000000000,1.0000000000000000,-0.0000000437113883,-0.0000000201205381,-0.6427875757217407,0.0000000334848664,0.7660444378852844,-4.8061904907226562,0.0000000000000000,0.0000000000000000,0.0000000000000000,1.0000000000000000
M 0.7660444378852844,0.0000000280971371,0.6427875757217407,-0.7939102053642273,0.0000000000000000,1.0000000000000000,-0.0000000437113883,-0.0000000201205381,-0.6427875757217407,0.0000000334848664,0.7660444378852844,-4.8061904907226562,0.0000000000000000,0.0000000000000000,0.0000000000000000,1.0000000000000000
M 0.7660444378852844,0.0000000280971371,0.6427875757217407,-0.7939102053642273,0.0000000000000000,1.0000000000000000,-0.0000000437113883,-0.0000000201205381,-0.6427875757217407,0.0000000334848664,0.7660444378852844,-4.8061904907226562,0.0000000000000000,0.0000000000000000,0.0000000000000000,1.0000000000000000
M 0.7660444378852844,0.0000000280971371,0.6427875757217407,-0.7939102053642273,0.0000000000000000,1.0000000000000000,-0.0000000437113883,-0.0000000201205381,-0.6427875757217407,0.0000000334848664,0.7660444378852844,-4.8061904907226562,0.0000000000000000,0.0000000000000000,0.0000000000000000,1.0000000000000000
M 0.7660444378852844,0.0000000280971371,0.6427875757217407,-0.7939102053642273,0.0000000000000000,1.0000000000000000,-0.0000000437113883,-0.0000000201205381,-0.6427875757217407,0.0000000334848664,0.7660444378852844,-4.8061904907226562,0.0000000000000000,0.0000000000000000,0.0000000000000000,1.0000000000000000
M 0.7660444378852844,0.0000000280971371,0.6427875757217407,-0.7939102053642273,0.0000000000000000,1.0000000000000000,-0.0000000437113883,-0.0000000201205381,-0.6427875757217407,0.0000000334848664,0.7660444378852844,-4.8061904907226562,0.0000000000000000,0.0000000000000000,0.0000000000000000,1.0000000000000000
M 0.7660444378852844,0.0000000280971371,0.6427875757217407,-0.7939102053642273,0.0000000000000000,1.0000000000000000,-0.0000000437113883,-0.0000000201205381,-0.6427875757217407,0.0000000334848664,0.7660444378852844,-4.8061904907226562,0.0000000000000000,0.0000000000000000,0.0000000000000000,1.0000000000000000
M 0.7660444378852844,0.0000000280971371,0.6427875757217407,-0.7939102053642273,0.0000000000000000,1.0000000000000000,-0.0000000437113883,-0.0000000201205381,-0.6427875757217407,0.0000000334848664,0.7660444378852844,-4.8061904907226562,0.0000000000000000,0.0000000000000000,0.0000000000000000,1.0000000000000000
M 0.7660444378852844,0.0000000280971371,0.6427875757217407,-0.7939102053642273,0.0000000000000000,1.0000000000000000,-0.0000000437113883,-0.0000000201205381,-0.6427875757217407,0.0000000334848664,0.7660444378852844,-4.8061904907226562,0.0000000000000000,0.0000000000000000,0.0000000000000000,1.0000000000000000
M 0.7660444378852844,0.0000000280971371,0.6427875757217407,-0.7939102053642273,0.0000000000000000,1.0000000000000000,-0.0000000437113883,-0.0000000201205381,-0.6427875757217407,0.0000000334848664,0.7660444378852844,-4.8061904907226562,0.0000000000000000,0.0000000000000000,0.0000000000000000,1.0000000000000000
M 0.7660444378852844,0.0000000280971371,0.6427875757217407,-0.7939102053642273,0.0000000000000000,1.0000000000000000,-0.0000000437113883,-0.0000000201205381,-0.6427875757217407,0.0000000334848664,0.7660444378852844,-4.8061904907226562,0.0000000000000000,0.0000000000000000,0.0000000000000000,1.0000000000000000
M 0.7660444378852844,0.0000000280971371,0.6427875757217407,-0.7939102053642273,0.0000000000000000,1.0000000000000000,-0.0000000437113883,-0.0000000201205381,-0.6427875757217407,0.0000000334848664,0.7660444378852844,-4.8061904907226562,0.0000000000000000,0.0000000000000000,0.0000000000000000,1.0000000000000000
M 0.7660444378852844,0.0000000280971371,0.6427875757217407,-0.7939102053642273,0.0000000000000000,1.0000000000000000,-0.0000000437113883,-0.0000000201205381,-0.6427875757217407,0.0000000334848664,0.7660444378852844,-4.8061904907226562,0.0000000000000000,0.0000000000000000,0.0000000000000000,1.0000000000000000
M 0.7660444378852844,0.0000000280971371,0.6427875757217407,-0.7939102053642273,0.0000000000000000,1.0000000000000000,-0.0000000437113883,-0.0000000201205381,-0.6427875757217407,0.0000000334848664,0.7660444378852844,-4.8061904907226562,0.0000000000000000,0.0000000000000000,0.0000000000000000,1.0000000000000000
M 0.7660444378852844,0.0000000280971371,0.6427875757217407,-0.7939102053642273,0.0000000000000000,1.0000000000000000,-0.0000000437113883,-0.0000000201205381,-0.6427875757217407,0.0000000334848664,0.7660444378852844,-4.8061904907226562,0.0000000000000000,0.0000000000000000,0.0000000000000000,1.0000000000000000
M 0.7660444378852844,0.0000000280971371,0.6427875757217407,-0.7939102053642273,0.0000000000000000,1.0000000000000000,-0.0000000437113883,-0.0000000201205381,-0.6427875757217407,0.0000000334848664,0.7660444378852844,-4.8061904907226562,0.0000000000000000,0.0000000000000000,0.0000000000000000,1.0000000000000000
M 0.7660444378852844,0.0000000280971371,0.6427875757217407,-0.7939102053642273,0.0000000000000000,1.0000000000000000,-0.0000000437113883,-0.0000000201205381,-0.6427875757217407,0.0000000334848664,0.7660444378852844,-4.8061904907226562,0.0000000000000000,0.0000000000000000,0.0000000000000000,1.0000000000000000
M 0.7660444378852844,0.0000000280971371,0.6427875757217407,-0.7939102053642273,0.0000000000000000,1.0000000000000000,-0.0000000437113883,-0.0000000201205381,-0.6427875757217407,0.0000000334848664,0.7660444378852844,-4.8061904907226562,0.0000000000000000,0.0000000000000000,0.0000000000000000,1.0000000000000000
M 0.7660444378852844,0.0000000280971371,0.6427875757217407,-0.7939102053642273,0.0000000000000000,1.0000000000000000,-0.0000000437113883,-0.0000000201205381,-0.6427875757217407,0.0000000334848664,0.7660444378852844,-4.8061904907226562,0.0000000000000000,0.0000000000000000,0.0000000000000000,1.0000000000000000
M 0.7660444378852844,0.0000000280971371,0.6427875757217407,-0.7939102053642273,0.0000000000000000,1.0000000000000000,-0.0000000437113883,-0.0000000201205381,-0.6427875757217407,0.0000000334848664,0.7660444378852844,-4.8061904907226562,0.0000000000000000,0.0000000000000000,0.0000000000000000,1.0000000000000000
M 0.7660444378852844,0.0000000280971371,0.6427875757217407,-0.7939102053642273,0.0000000000000000,1.0000000000000000,-0.0000000437113883,-0.0000000201205381,-0.6427875757217407,0.0000000334848664,0.7660444378852844,-4.8061904907226562,0.0000000000000000,0.0000000000000000,0.0000000000000000,1.0000000000000000
M 0.7660444378852844,0.0000000280971371,0.6427875757217407,-0.7939102053642273,0.0000000000000000,1.0000000000000000,-0.0000000437113883,-0.0000000201205381,-0.6427875757217407,0.0000000334848664,0.7660444378852844,-4.8061904907226562,0.0000000000000000,0.0000000000000000,0.0000000000000000,1.0000000000000000
M 0.7660444378852844,0.0000000280971371,0.6427875757217407,-0.7939102053642273,0.0000000000000000,1.0000000000000000,-0.0000000437113883,-0.0000000201205381,-0.6427875757217407,0.0000000334848664,0.7660444378852844,-4.8061904907226562,0.0000000000000000,0.0000000000000000,0.0000000000000000,1.0000000000000000
M 0.7660444378852844,0.0000000280971371,0.6427875757217407,-0.7939102053642273,0.0000000000000000,1.0000000000000000,-0.0000000437113883,-0.0000000201205381,-0.6427875757217407,0.0000000334848664,0.7660444378852844,-4.8061904907226562,0.0000000000000000,0.0000000000000000,0.0000000000000000,1.0000000000000000
M 0.7660444378852844,0.0000000280971371,0.6427875757217407,-0.7939102053642273,0.0000000000000000,1.0000000000000000,-0.0000000437113883,-0.0000000201205381,-0.6427875757217407,0.0000000334848664,0.7660444378852844,-4.8061904907226562,0.0000000000000000,0.0000000000000000,0.0000000000000000,1.0000000000000000
M 0.7660444378852844,0.0000000280971371,0.6427875757217407,-0.7939102053642273,0.0000000000000000,1.0000000000000000,-0.0000000437113883,-0.0000000201205381,-0.6427875757217407,0.0000000334848664,0.7660444378852844,-4.8061904907226562,0.0000000000000000,0.0000000000000000,0.0000000000000000,1.0000000000000000
M 0.7660444378852844,0.0000000280971371,0.6427875757217407,-0.7939102053642273,0.0000000000000000,1.0000000000000000,-0.0000000437113883,-0.0000000201205381,-0.6427875757217407,0.0000000334848664,0.7660444378852844,-4.8061904907226562,0.0000000000000000,0.0000000000000000,0.0000000000000000,1.0000000000000000
M 0.7660444378852844,0.0000000280971371,0.6427875757217407,-0.7939102053642273,0.0000000000000000,1.0000000000000000,-0.0000000437113883,-0.0000000201205381,-0.6427875757217407,0.0000000334848664,0.7660444378852844,-4.8061904907226562,0.0000000000000000,0.0000000000000000,0.0000000000000000,1.0000000000000000
M 0.7660444378852844,0.0000000280971371,0.6427875757217407,-0.7939102053642273,0.0000000000000000,1.0000000000000000,-0.0000000437113883,-0.0000000201205381,-0.6427875757217407,0.0000000334848664,0.7660444378852844,-4.8061904907226562,0.0000000000000000,0.0000000000000000,0.0000000000000000,1.0000000000000000
M 0.7660444378852844,0.0000000280971371,0.6427875757217407,-0.7939102053642273,0.0000000000000000,1.0000000000000000,-0.0000000437113883,-0.0000000201205381,-0.6427875757217407,0.0000000334848664,0.7660444378852844,-4.8061904907226562,0.0000000000000000,0.0000000000000000,0.0000000000000000,1.0000000000000000
M 0.7660444378852844,0.0000000280971371,0.6427875757217407,-0.7939102053642273,0.0000000000000000,1.0000000000000000,-0.0000000437113883,-0.0000000201205381,-0.6427875757217407,0.0000000334848664,0.7660444378852844,-4.8061904907226562,0.0000000000000000,0.0000000000000000,0.0000000000000000,1.0000000000000000
M 0.7660444378852844,0.0000000280971371,0.6427875757217407,-0.7939102053642273,0.0000000000000000,1.0000000000000000,-0.0000000437113883,-0.0000000201205381,-0.6427875757217407,0.0000000334848664,0.7660444378852844,-4.8061904907226562,0.0000000000000000,0.0000000000000000,0.0000000000000000,1.0000000000000000
M 0.7660444378852844,0.0000000280971371,0.6427875757217407,-0.7939102053642273,0.0000000000000000,1.0000000000000000,-0.0000000437113883,-0.0000000201205381,-0.6427875757217407,0.0000000334848664,0.7660444378852844,-4.8061904907226562,0.0000000000000000,0.0000000000000000,0.0000000000000000,1.0000000000000000
M 0.7660444378852844,0.0000000280971371,0.6427875757217407,-0.7939102053642273,0.0000000000000000,1.0000000000000000,-0.0000000437113883,-0.0000000201205381,-0.6427875757217407,0.0000000334848664,0.7660444378852844,-4.8061904907226562,0.0000000000000000,0.0000000000000000,0.0000000000000000,1.0000000000000000
M 0.7660444378852844,0.0000000280971371,0.6427875757217407,-0.7939102053642273,0.0000000000000000,1.0000000000000000,-0.0000000437113883,-0.0000000201205381,-0.6427875757217407,0.0000000334848664,0.7660444378852844,-4.8061904907226562,0.0000000000000000,0.0000000000000000,0.0000000000000000,1.0000000000000000
M 0.7660444378852844,0.0000000280971371,0.6427875757217407,-0.7939102053642273,0.0000000000000000,1.0000000000000000,-0.0000000437113883,-0.0000000201205381,-0.6427875757217407,0.0000000334848664,0.7660444378852844,-4.8061904907226562,0.0000000000000000,0.0000000000000000,0.0000000000000000,1.0000000000000000
M 0.7660444378852844,0.0000000280971371,0.6427875757217407,-0.7939102053642273,0.0000000000000000,1.0000000000000000,-0.0000000437113883,-0.0000000201205381,-0.6427875757217407,0.0000000334848664,0.7660444378852844,-4.8061904907226562,0.0000000000000000,0.0000000000000000,0.0000000000000000,1.0000000000000000
M 0.7660444378852844,0.0000000280971371,0.6427875757217407,-0.7939102053642273,0.0000000000000000,1.0000000000000000,-0.0000000437113883,-0.0000000201205381,-0.6427875757217407,0.0000000334848664,0.7660444378852844,-4.8061904907226562,0.0000000000000000,0.0000000000000000,0.0000000000000000,1.0000000000000000
M 0.7660444378852844,0.0000000280971371,0.6427875757217407,-0.7939102053642273,0.0000000000000000,1.0000000000000000,-0.0000000437113883,-0.0000000201205381,-0.6427875757217407,0.0000000334848664,0.7660444378852844,-4.8061904907226562,0.0000000000000000,0.0000000000000000,0.0000000000000000,1.0000000000000000
M 0.7660444378852844,0.0000000280971371,0.6427875757217407,-0.7939102053642273,0.0000000000000000,1.0000000000000000,-0.0000000437113883,-0.0000000201205381,-0.6427875757217407,0.0000000334848664,0.7660444378852844,-4.8061904907226562,0.0000000000000000,0.0000000000000000,0.0000000000000000,1.0000000000000000
M 0.7660444378852844,0.0000000280971371,0.6427875757217407,-0.7939102053642273,0.0000000000000000,1.0000000000000000,-0.0000000437113883,-0.0000000201205381,-0.6427875757217407,0.0000000334848664,0.7660444378852844,-4.8061904907226562,0.0000000000000000,0.0000000000000000,0.0000000000000000,1.0000000000000000
M 0.7660444378852844,0.0000000280971371,0.6427875757217407,-0.7939102053642273,0.0000000000000000,1.0000000000000000,-0.0000000437113883,-0.0000000201205381,-0.6427875757217407,0.0000000334848664,0.7660444378852844,-4.8061904907226562,0.0000000000000000,0.0000000000000000,0.0000000000000000,1.0000000000000000
M 0.7660444378852844,0.0000000280971371,0.6427875757217407,-0.7939102053642273,0.0000000000000000,1.0000000000000000,-0.0000000437113883,-0.0000000201205381,-0.6427875757217407,0.0000000334848664,0.7660444378852844,-4.8061904907226562,0.0000000000000000,0.0000000000000000,0.0000000000000000,1.0000000000000000
M 0.7660444378852844,0.0000000280971371,0.6427875757217407,-0.7939102053642273,0.0000000000000000,1.0000000000000000,-0.0000000437113883,-0.0000000201205381,-0.6427875757217407,0.0000000334848664,0.7660444378852844,-4.8061904907226562,0.0000000000000000,0.0000000000000000,0.0000000000000000,1.0000000000000000
M 0.7660444378852844,0.0000000280971371,0.6427875757217407,-0.7939102053642273,0.0000000000000000,1.0000000000000000,-0.0000000437113883,-0.0000000201205381,-0.6427875757217407,0.0000000334848664,0.7660444378852844,-4.8061904907226562,0.0000000000000000,0.0000000000000000,0.0000000000000000,1.0000000000000000
M 0.7660444378852844,0.0000000280971371,0.6427875757217407,-0.7939102053642273,0.0000000000000000,1.0000000000000000,-0.0000000437113883,-0.0000000201205381,-0.6427875757217407,0.0000000334848664,0.7660444378852844,-4.8061904907226562,0.0000000000000000,0.0000000000000000,0.0000000000000000,1.0000000000000000
M 0.7660444378852844,0.0000000280971371,0.6427875757217407,-0.7939102053642273,0.0000000000000000,1.0000000000000000,-0.0000000437113883,-0.0000000201205381,-0.6427875757217407,0.0000000334848664,0.7660444378852844,-4.8061904907226562,0.0000000000000000,0.0000000000000000,0.0000000000000000,1.0000000000000000
M 0.7660444378852844,0.0000000280971371,0.6427875757217407,-0.7939102053642273,0.0000000000000000,1.0000000000000000,-0.0000000437113883,-0.0000000201205381,-0.6427875757217407,0.0000000334848664,0.7660444378852844,-4.8061904907226562,0.0000000000000000,0.0000000000000000,0.0000000000000000,1.0000000000000000
M 0.7660444378852844,0.0000000280971371,0.6427875757217407,-0.7939102053642273,0.0000000000000000,1.0000000000000000,-0.0000000437113883,-0.0000000201205381,-0.6427875757217407,0.0000000334848664,0.7660444378852844,-4.8061904907226562,0.0000000000000000,0.0000000000000000,0.0000000000000000,1.0000000000000000
M 0.7660444378852844,0.0000000280971371,0.6427875757217407,-0.7939102053642273,0.0000000000000000,1.0000000000000000,-0.0000000437113883,-0.0000000201205381,-0.6427875757217407,0.0000000334848664,0.7660444378852844,-4.8061904907226562,0.0000000000000000,0.0000000000000000,0.0000000000000000,1.0000000000000000
M 0.7660444378852844,0.0000000280971371,0.6427875757217407,-0.7939102053642273,0.0000000000000000,1.0000000000000000,-0.0000000437113883,-0.0000000201205381,-0.6427875757217407,0.0000000334848664,0.7660444378852844,-4.8061904907226562,0.0000000000000000,0.0000000000000000,0.0000000000000000,1.0000000000000000
M 0.7660444378852844,0.0000000280971371,0.6427875757217407,-0.7939102053642273,0.0000000000000000,1.0000000000000000,-0.0000000437113883,-0.0000000201205381,-0.6427875757217407,0.0000000334848664,0.7660444378852844,-4.8061904907226562,0.0000000000000000,0.0000000000000000,0.0000000000000000,1.0000000000000000
M 0.7660444378852844,0.0000000280971371,0.6427875757217407,-0.7939102053642273,0.0000000000000000,1.0000000000000000,-0.0000000437113883,-0.0000000201205381,-0.6427875757217407,0.0000000334848664,0.7660444378852844,-4.8061904907226562,0.0000000000000000,0.0000000000000000,0.0000000000000000,1.0000000000000000
M 0.7660444378852844,0.0000000280971371,0.6427875757217407,-0.7939102053642273,0.0000000000000000,1.0000000000000000,-0.0000000437113883,-0.0000000201205381,-0.6427875757217407,0.0000000334848664,0.7660444378852844,-4.8061904907226562,0.0000000000000000,0.0000000000000000,0.0000000000000000,1.0000000000000000
M 0.7660444378852844,0.0000000280971371,0.6427875757217407,-0.7939102053642273,0.0000000000000000,1.0000000000000000,-0.0000000437113883,-0.0000000201205381,-0.6427875757217407,0.0000000334848664,0.7660444378852844,-4.8061904907226562,0.0000000000000000,0.0000000000000000,0.0000000000000000,1.0000000000000000
M 0.7660444378852844,0.0000000280971371,0.6427875757217407,-0.7939102053642273,0.0000000000000000,1.0000000000000000,-0.0000000437113883,-0.0000000201205381,-0.6427875757217407,0.0000000334848664,0.7660444378852844,-4.8061904907226562,0.0000000000000000,0.0000000000000000,0.0000000000000000,1.0000000000000000
M 0.7660444378852844,0.0000000280971371,0.6427875757217407,-0.7939102053642273,0.0000000000000000,1.0000000000000000,-0.0000000437113883,-0.0000000201205381,-0.6427875757217407,0.0000000334848664,0.7660444378852844,-4.8061904907226562,0.0000000000000000,0.0000000000000000,0.0000000000000000,1.0000000000000000
M 0.7660444378852844,0.0000000280971371,0.6427875757217407,-0.7939102053642273,0.0000000000000000,1.0000000000000000,-0.0000000437113883,-0.0000000201205381,-0.6427875757217407,0.0000000334848664,0.7660444378852844,-4.8061904907226562,0.0000000000000000,0.0000000000000000,0.0000000000000000,1.0000000000000000
