O DOOR_15_Arm_INTERIOR_LCG_il_LINVERT
A DOOR_15_Arm_INTERIOR_LCG_il_LINVERT_DOOR_15_Arm_INTERIOR_LCG_il_LINVERT
M 1.0000000000000000,0.0000000000000000,0.0000000000000000,0.0000000000000000,0.0000000000000000,1.0000000000000000,-0.0000000437113883,0.0000000201197636,-0.0000000000000000,0.0000000437113883,1.0000000000000000,-0.0000000337441293,0.0000000000000000,0.0000000000000000,0.0000000000000000,1.0000000000000000
M 0.9999984502792358,-0.0000000000776417,-0.0017762349452823,0.0023436713963747,0.0000000000000000,1.0000000000000000,-0.0000000437113883,0.0000000201197636,0.0017762349452823,0.0000000437113279,0.9999984502792358,-0.0145440269261599,0.0000000000000000,0.0000000000000000,0.0000000000000000,1.0000000000000000
M 0.9999757409095764,-0.0000000003043532,-0.0069627882912755,0.0093368878588080,0.0000000000000000,1.0000000000000000,-0.0000000437113883,0.0000000201197636,0.0069627882912755,0.0000000437103296,0.9999757409095764,-0.0569881722331047,0.0000000000000000,0.0000000000000000,0.0000000000000000,1.0000000000000000
M 0.9998822212219238,-0.0000000006707983,-0.0153460754081607,0.0211055893450975,0.0000000000000000,1.0000000000000000,-0.0000000437113883,0.0000000201197636,0.0153460754081607,0.0000000437062404,0.9998822212219238,-0.1255181580781937,0.0000000000000000,0.0000000000000000,0.0000000000000000,1.0000000000000000
M 0.9996432065963745,-0.0000000011675928,-0.0267114099115133,0.0379802621901035,0.0000000000000000,1.0000000000000000,-0.0000000437113883,0.0000000201197636,0.0267114099115133,0.0000000436957990,0.9996432065963745,-0.2182780057191849,0.0000000000000000,0.0000000000000000,0.0000000000000000,1.0000000000000000
M 0.9991655945777893,-0.0000000017852629,-0.0408420562744141,0.0604374781250954,0.0000000000000000,1.0000000000000000,-0.0000000437113883,0.0000000201197636,0.0408420562744141,0.0000000436749161,0.9991655945777893,-0.3333703875541687,0.0000000000000000,0.0000000000000000,0.0000000000000000,1.0000000000000000
M 0.9983444809913635,-0.0000000025142037,-0.0575182661414146,0.0890490338206291,0.0000000000000000,1.0000000000000000,-0.0000000437113883,0.0000000201197636,0.0575182661414146,0.0000000436390231,0.9983444809913635,-0.4688582718372345,0.0000000000000000,0.0000000000000000,0.0000000000000000,1.0000000000000000
M 0.9970683455467224,-0.0000000033446386,-0.0765164121985435,0.1244340911507607,0.0000000000000000,1.0000000000000000,-0.0000000437113883,0.0000000201197636,0.0765164121985435,0.0000000435832419,0.9970683455467224,-0.6227638721466064,0.0000000000000000,0.0000000000000000,0.0000000000000000,1.0000000000000000
M 0.9952248930931091,-0.0000000042665969,-0.0976083502173424,0.1672135144472122,0.0000000000000000,1.0000000000000000,-0.0000000437113883,0.0000000201197636,0.0976083502173424,0.0000000435026628,0.9952248930931091,-0.7930713891983032,0.0000000000000000,0.0000000000000000,0.0000000000000000,1.0000000000000000
M 0.9927059412002563,-0.0000000052698921,-0.1205610781908035,0.2179664969444275,0.0000000000000000,1.0000000000000000,-0.0000000437113883,0.0000000201197636,0.1205610781908035,0.0000000433925607,0.9927059412002563,-0.9777307510375977,0.0000000000000000,0.0000000000000000,0.0000000000000000,1.0000000000000000
M 0.9894115924835205,-0.0000000063441359,-0.1451368927955627,0.2772002816200256,0.0000000000000000,1.0000000000000000,-0.0000000437113883,0.0000000201197636,0.1451368927955627,0.0000000432485550,0.9894115924835205,-1.1746642589569092,0.0000000000000000,0.0000000000000000,0.0000000000000000,1.0000000000000000
M 0.9852547645568848,-0.0000000074787430,-0.1710936874151230,0.3453094661235809,0.0000000000000000,1.0000000000000000,-0.0000000437113883,0.0000000201197636,0.1710936874151230,0.0000000430668550,0.9852547645568848,-1.3817750215530396,0.0000000000000000,0.0000000000000000,0.0000000000000000,1.0000000000000000
M 0.9801644682884216,-0.0000000086629806,-0.1981858909130096,0.4225534796714783,0.0000000000000000,1.0000000000000000,-0.0000000437113883,0.0000000201197636,0.1981858909130096,0.0000000428443556,0.9801644682884216,-1.5969587564468384,0.0000000000000000,0.0000000000000000,0.0000000000000000,1.0000000000000000
M 0.9740887880325317,-0.0000000098860236,-0.2261658459901810,0.5090312957763672,0.0000000000000000,1.0000000000000000,-0.0000000437113883,0.0000000201197636,0.2261658459901810,0.0000000425787725,0.9740887880325317,-1.8181192874908447,0.0000000000000000,0.0000000000000000,0.0000000000000000,1.0000000000000000
M 0.9669977426528931,-0.0000000111370024,-0.2547848820686340,0.6046638488769531,0.0000000000000000,1.0000000000000000,-0.0000000437113883,0.0000000201197636,0.2547848820686340,0.0000000422688125,0.9669977426528931,-2.0431807041168213,0.0000000000000000,0.0000000000000000,0.0000000000000000,1.0000000000000000
M 0.9588847756385803,-0.0000000124050992,-0.2837955951690674,0.7091785073280334,0.0000000000000000,1.0000000000000000,-0.0000000437113883,0.0000000201197636,0.2837955951690674,0.0000000419141841,0.9588847756385803,-2.2701082229614258,0.0000000000000000,0.0000000000000000,0.0000000000000000,1.0000000000000000
M 0.9497683644294739,-0.0000000136796441,-0.3129537701606750,0.8221050500869751,0.0000000000000000,1.0000000000000000,-0.0000000437113883,0.0000000201197636,0.3129537701606750,0.0000000415157011,0.9497683644294739,-2.4969265460968018,0.0000000000000000,0.0000000000000000,0.0000000000000000,1.0000000000000000
M 0.9396926164627075,-0.0000000149501744,-0.3420201241970062,0.9427664279937744,0.0000000000000000,1.0000000000000000,-0.0000000437113883,0.0000000201197636,0.3420201241970062,0.0000000410752676,0.9396926164627075,-2.7217338085174561,0.0000000000000000,0.0000000000000000,0.0000000000000000,1.0000000000000000
M 0.9287276268005371,-0.0000000162065579,-0.3707627952098846,1.0702856779098511,0.0000000000000000,1.0000000000000000,-0.0000000437113883,0.0000000201197636,0.3707627952098846,0.0000000405959817,0.9287276268005371,-2.9427232742309570,0.0000000000000000,0.0000000000000000,0.0000000000000000,1.0000000000000000
M 0.9169687032699585,-0.0000000174390600,-0.3989591896533966,1.2035897970199585,0.0000000000000000,1.0000000000000000,-0.0000000437113883,0.0000000201197636,0.3989591896533966,0.0000000400819822,0.9169687032699585,-3.1581969261169434,0.0000000000000000,0.0000000000000000,0.0000000000000000,1.0000000000000000
M 0.9045358300209045,-0.0000000186384312,-0.4263976216316223,1.3414179086685181,0.0000000000000000,1.0000000000000000,-0.0000000437113883,0.0000000201197636,0.4263976216316223,0.0000000395385165,0.9045358300209045,-3.3665790557861328,0.0000000000000000,0.0000000000000000,0.0000000000000000,1.0000000000000000
M 0.8915719389915466,-0.0000000197959746,-0.4528791010379791,1.4823387861251831,0.0000000000000000,1.0000000000000000,-0.0000000437113883,0.0000000201197636,0.4528791010379791,0.0000000389718480,0.8915719389915466,-3.5664274692535400,0.0000000000000000,0.0000000000000000,0.0000000000000000,1.0000000000000000
M 0.8782410025596619,-0.0000000209035864,-0.4782183170318604,1.6247663497924805,0.0000000000000000,1.0000000000000000,-0.0000000437113883,0.0000000201197636,0.4782183170318604,0.0000000383891390,0.8782410025596619,-3.7564399242401123,0.0000000000000000,0.0000000000000000,0.0000000000000000,1.0000000000000000
M 0.8647258877754211,-0.0000000219537881,-0.5022441148757935,1.7669785022735596,0.0000000000000000,1.0000000000000000,-0.0000000437113883,0.0000000201197636,0.5022441148757935,0.0000000377983689,0.8647258877754211,-3.9354548454284668,0.0000000000000000,0.0000000000000000,0.0000000000000000,1.0000000000000000
M 0.8512254953384399,-0.0000000229397461,-0.5248001217842102,1.9071403741836548,0.0000000000000000,1.0000000000000000,-0.0000000437113883,0.0000000201197636,0.5248001217842102,0.0000000372082560,0.8512254953384399,-4.1024522781372070,0.0000000000000000,0.0000000000000000,0.0000000000000000,1.0000000000000000
M 0.8379520773887634,-0.0000000238552200,-0.5457438230514526,2.0433278083801270,0.0000000000000000,1.0000000000000000,-0.0000000437113883,0.0000000201197636,0.5457438230514526,0.0000000366280482,0.8379520773887634,-4.2565441131591797,0.0000000000000000,0.0000000000000000,0.0000000000000000,1.0000000000000000
M 0.8251278996467590,-0.0000000246945717,-0.5649459362030029,2.1735508441925049,0.0000000000000000,1.0000000000000000,-0.0000000437113883,0.0000000201197636,0.5649459362030029,0.0000000360674868,0.8251278996467590,-4.3969635963439941,0.0000000000000000,0.0000000000000000,0.0000000000000000,1.0000000000000000
M 0.8129824995994568,-0.0000000254526231,-0.5822881460189819,2.2957737445831299,0.0000000000000000,1.0000000000000000,-0.0000000437113883,0.0000000201197636,0.5822881460189819,0.0000000355365941,0.8129824995994568,-4.5230426788330078,0.0000000000000000,0.0000000000000000,0.0000000000000000,1.0000000000000000
M 0.8017482757568359,-0.0000000261246331,-0.5976618528366089,2.4079513549804688,0.0000000000000000,1.0000000000000000,-0.0000000437113883,0.0000000201197636,0.5976618528366089,0.0000000350455309,0.8017482757568359,-4.6341967582702637,0.0000000000000000,0.0000000000000000,0.0000000000000000,1.0000000000000000
M 0.7916581034660339,-0.0000000267061004,-0.6109643578529358,2.5080413818359375,0.0000000000000000,1.0000000000000000,-0.0000000437113883,0.0000000201197636,0.6109643578529358,0.0000000346044757,0.7916581034660339,-4.7298913002014160,0.0000000000000000,0.0000000000000000,0.0000000000000000,1.0000000000000000
M 0.7829409241676331,-0.0000000271926854,-0.6220960617065430,2.5940387248992920,0.0000000000000000,1.0000000000000000,-0.0000000437113883,0.0000000201197636,0.6220960617065430,0.0000000342234330,0.7829409241676331,-4.8096103668212891,0.0000000000000000,0.0000000000000000,0.0000000000000000,1.0000000000000000
M 0.7758184671401978,-0.0000000275799739,-0.6309561729431152,2.6639945507049561,0.0000000000000000,1.0000000000000000,-0.0000000437113883,0.0000000201197636,0.6309561729431152,0.0000000339121016,0.7758184671401978,-4.8728199005126953,0.0000000000000000,0.0000000000000000,0.0000000000000000,1.0000000000000000
M 0.7705014944076538,-0.0000000278633081,-0.6374381780624390,2.7160444259643555,0.0000000000000000,1.0000000000000000,-0.0000000437113883,0.0000000201197636,0.6374381780624390,0.0000000336796901,0.7705014944076538,-4.9189238548278809,0.0000000000000000,0.0000000000000000,0.0000000000000000,1.0000000000000000
M 0.7671849727630615,-0.0000000280376167,-0.6414259076118469,2.7484381198883057,0.0000000000000000,1.0000000000000000,-0.0000000437113883,0.0000000201197636,0.6414259076118469,0.0000000335347217,0.7671849727630615,-4.9472274780273438,0.0000000000000000,0.0000000000000000,0.0000000000000000,1.0000000000000000
M 0.7660444378852844,-0.0000000280971371,-0.6427875757217407,2.7595651149749756,0.0000000000000000,1.0000000000000000,-0.0000000437113883,0.0000000201197636,0.6427875757217407,0.0000000334848664,0.7660444378852844,-4.9568815231323242,0.0000000000000000,0.0000000000000000,0.0000000000000000,1.0000000000000000
M 0.7660444378852844,-0.0000000280971371,-0.6427875757217407,2.7595651149749756,0.0000000000000000,1.0000000000000000,-0.0000000437113883,0.0000000201197636,0.6427875757217407,0.0000000334848664,0.7660444378852844,-4.9568815231323242,0.0000000000000000,0.0000000000000000,0.0000000000000000,1.0000000000000000
M 0.7660444378852844,-0.0000000280971371,-0.6427875757217407,2.7595651149749756,0.0000000000000000,1.0000000000000000,-0.0000000437113883,0.0000000201197636,0.6427875757217407,0.0000000334848664,0.7660444378852844,-4.9568815231323242,0.0000000000000000,0.0000000000000000,0.0000000000000000,1.0000000000000000
M 0.7660444378852844,-0.0000000280971371,-0.6427875757217407,2.7595651149749756,0.0000000000000000,1.0000000000000000,-0.0000000437113883,0.0000000201197636,0.6427875757217407,0.0000000334848664,0.7660444378852844,-4.9568815231323242,0.0000000000000000,0.0000000000000000,0.0000000000000000,1.0000000000000000
M 0.7660444378852844,-0.0000000280971371,-0.6427875757217407,2.7595651149749756,0.0000000000000000,1.0000000000000000,-0.0000000437113883,0.0000000201197636,0.6427875757217407,0.0000000334848664,0.7660444378852844,-4.9568815231323242,0.0000000000000000,0.0000000000000000,0.0000000000000000,1.0000000000000000
M 0.7660444378852844,-0.0000000280971371,-0.6427875757217407,2.7595651149749756,0.0000000000000000,1.0000000000000000,-0.0000000437113883,0.0000000201197636,0.6427875757217407,0.0000000334848664,0.7660444378852844,-4.9568815231323242,0.0000000000000000,0.0000000000000000,0.0000000000000000,1.0000000000000000
M 0.7660444378852844,-0.0000000280971371,-0.6427875757217407,2.7595651149749756,0.0000000000000000,1.0000000000000000,-0.0000000437113883,0.0000000201197636,0.6427875757217407,0.0000000334848664,0.7660444378852844,-4.9568815231323242,0.0000000000000000,0.0000000000000000,0.0000000000000000,1.0000000000000000
M 0.7660444378852844,-0.0000000280971371,-0.6427875757217407,2.7595651149749756,0.0000000000000000,1.0000000000000000,-0.0000000437113883,0.0000000201197636,0.6427875757217407,0.0000000334848664,0.7660444378852844,-4.9568815231323242,0.0000000000000000,0.0000000000000000,0.0000000000000000,1.0000000000000000
M 0.7660444378852844,-0.0000000280971371,-0.6427875757217407,2.7595651149749756,0.0000000000000000,1.0000000000000000,-0.0000000437113883,0.0000000201197636,0.6427875757217407,0.0000000334848664,0.7660444378852844,-4.9568815231323242,0.0000000000000000,0.0000000000000000,0.0000000000000000,1.0000000000000000
M 0.7660444378852844,-0.0000000280971371,-0.6427875757217407,2.7595651149749756,0.0000000000000000,1.0000000000000000,-0.0000000437113883,0.0000000201197636,0.6427875757217407,0.0000000334848664,0.7660444378852844,-4.9568815231323242,0.0000000000000000,0.0000000000000000,0.0000000000000000,1.0000000000000000
M 0.7660444378852844,-0.0000000280971371,-0.6427875757217407,2.7595651149749756,0.0000000000000000,1.0000000000000000,-0.0000000437113883,0.0000000201197636,0.6427875757217407,0.0000000334848664,0.7660444378852844,-4.9568815231323242,0.0000000000000000,0.0000000000000000,0.0000000000000000,1.0000000000000000
M 0.7660444378852844,-0.0000000280971371,-0.6427875757217407,2.7595651149749756,0.0000000000000000,1.0000000000000000,-0.0000000437113883,0.0000000201197636,0.6427875757217407,0.0000000334848664,0.7660444378852844,-4.9568815231323242,0.0000000000000000,0.0000000000000000,0.0000000000000000,1.0000000000000000
M 0.7660444378852844,-0.0000000280971371,-0.6427875757217407,2.7595651149749756,0.0000000000000000,1.0000000000000000,-0.0000000437113883,0.0000000201197636,0.6427875757217407,0.0000000334848664,0.7660444378852844,-4.9568815231323242,0.0000000000000000,0.0000000000000000,0.0000000000000000,1.0000000000000000
M 0.7660444378852844,-0.0000000280971371,-0.6427875757217407,2.7595651149749756,0.0000000000000000,1.0000000000000000,-0.0000000437113883,0.0000000201197636,0.6427875757217407,0.0000000334848664,0.7660444378852844,-4.9568815231323242,0.0000000000000000,0.0000000000000000,0.0000000000000000,1.0000000000000000
M 0.7660444378852844,-0.0000000280971371,-0.6427875757217407,2.7595651149749756,0.0000000000000000,1.0000000000000000,-0.0000000437113883,0.0000000201197636,0.6427875757217407,0.0000000334848664,0.7660444378852844,-4.9568815231323242,0.0000000000000000,0.0000000000000000,0.0000000000000000,1.0000000000000000
M 0.7660444378852844,-0.0000000280971371,-0.6427875757217407,2.7595651149749756,0.0000000000000000,1.0000000000000000,-0.0000000437113883,0.0000000201197636,0.6427875757217407,0.0000000334848664,0.7660444378852844,-4.9568815231323242,0.0000000000000000,0.0000000000000000,0.0000000000000000,1.0000000000000000
M 0.7660444378852844,-0.0000000280971371,-0.6427875757217407,2.7595651149749756,0.0000000000000000,1.0000000000000000,-0.0000000437113883,0.0000000201197636,0.6427875757217407,0.0000000334848664,0.7660444378852844,-4.9568815231323242,0.0000000000000000,0.0000000000000000,0.0000000000000000,1.0000000000000000
M 0.7660444378852844,-0.0000000280971371,-0.6427875757217407,2.7595651149749756,0.0000000000000000,1.0000000000000000,-0.0000000437113883,0.0000000201197636,0.6427875757217407,0.0000000334848664,0.7660444378852844,-4.9568815231323242,0.0000000000000000,0.0000000000000000,0.0000000000000000,1.0000000000000000
M 0.7660444378852844,-0.0000000280971371,-0.6427875757217407,2.7595651149749756,0.0000000000000000,1.0000000000000000,-0.0000000437113883,0.0000000201197636,0.6427875757217407,0.0000000334848664,0.7660444378852844,-4.9568815231323242,0.0000000000000000,0.0000000000000000,0.0000000000000000,1.0000000000000000
M 0.7660444378852844,-0.0000000280971371,-0.6427875757217407,2.7595651149749756,0.0000000000000000,1.0000000000000000,-0.0000000437113883,0.0000000201197636,0.6427875757217407,0.0000000334848664,0.7660444378852844,-4.9568815231323242,0.0000000000000000,0.0000000000000000,0.0000000000000000,1.0000000000000000
M 0.7660444378852844,-0.0000000280971371,-0.6427875757217407,2.7595651149749756,0.0000000000000000,1.0000000000000000,-0.0000000437113883,0.0000000201197636,0.6427875757217407,0.0000000334848664,0.7660444378852844,-4.9568815231323242,0.0000000000000000,0.0000000000000000,0.0000000000000000,1.0000000000000000
M 0.7660444378852844,-0.0000000280971371,-0.6427875757217407,2.7595651149749756,0.0000000000000000,1.0000000000000000,-0.0000000437113883,0.0000000201197636,0.6427875757217407,0.0000000334848664,0.7660444378852844,-4.9568815231323242,0.0000000000000000,0.0000000000000000,0.0000000000000000,1.0000000000000000
M 0.7660444378852844,-0.0000000280971371,-0.6427875757217407,2.7595651149749756,0.0000000000000000,1.0000000000000000,-0.0000000437113883,0.0000000201197636,0.6427875757217407,0.0000000334848664,0.7660444378852844,-4.9568815231323242,0.0000000000000000,0.0000000000000000,0.0000000000000000,1.0000000000000000
M 0.7660444378852844,-0.0000000280971371,-0.6427875757217407,2.7595651149749756,0.0000000000000000,1.0000000000000000,-0.0000000437113883,0.0000000201197636,0.6427875757217407,0.0000000334848664,0.7660444378852844,-4.9568815231323242,0.0000000000000000,0.0000000000000000,0.0000000000000000,1.0000000000000000
M 0.7660444378852844,-0.0000000280971371,-0.6427875757217407,2.7595651149749756,0.0000000000000000,1.0000000000000000,-0.0000000437113883,0.0000000201197636,0.6427875757217407,0.0000000334848664,0.7660444378852844,-4.9568815231323242,0.0000000000000000,0.0000000000000000,0.0000000000000000,1.0000000000000000
M 0.7660444378852844,-0.0000000280971371,-0.6427875757217407,2.7595651149749756,0.0000000000000000,1.0000000000000000,-0.0000000437113883,0.0000000201197636,0.6427875757217407,0.0000000334848664,0.7660444378852844,-4.9568815231323242,0.0000000000000000,0.0000000000000000,0.0000000000000000,1.0000000000000000
M 0.7660444378852844,-0.0000000280971371,-0.6427875757217407,2.7595651149749756,0.0000000000000000,1.0000000000000000,-0.0000000437113883,0.0000000201197636,0.6427875757217407,0.0000000334848664,0.7660444378852844,-4.9568815231323242,0.0000000000000000,0.0000000000000000,0.0000000000000000,1.0000000000000000
M 0.7660444378852844,-0.0000000280971371,-0.6427875757217407,2.7595651149749756,0.0000000000000000,1.0000000000000000,-0.0000000437113883,0.0000000201197636,0.6427875757217407,0.0000000334848664,0.7660444378852844,-4.9568815231323242,0.0000000000000000,0.0000000000000000,0.0000000000000000,1.0000000000000000
M 0.7660444378852844,-0.0000000280971371,-0.6427875757217407,2.7595651149749756,0.0000000000000000,1.0000000000000000,-0.0000000437113883,0.0000000201197636,0.6427875757217407,0.0000000334848664,0.7660444378852844,-4.9568815231323242,0.0000000000000000,0.0000000000000000,0.0000000000000000,1.0000000000000000
M 0.7660444378852844,-0.0000000280971371,-0.6427875757217407,2.7595651149749756,0.0000000000000000,1.0000000000000000,-0.0000000437113883,0.0000000201197636,0.6427875757217407,0.0000000334848664,0.7660444378852844,-4.9568815231323242,0.0000000000000000,0.0000000000000000,0.0000000000000000,1.0000000000000000
M 0.7660444378852844,-0.0000000280971371,-0.6427875757217407,2.7595651149749756,0.0000000000000000,1.0000000000000000,-0.0000000437113883,0.0000000201197636,0.6427875757217407,0.0000000334848664,0.7660444378852844,-4.9568815231323242,0.0000000000000000,0.0000000000000000,0.0000000000000000,1.0000000000000000
M 0.7660444378852844,-0.0000000280971371,-0.6427875757217407,2.7595651149749756,0.0000000000000000,1.0000000000000000,-0.0000000437113883,0.0000000201197636,0.6427875757217407,0.0000000334848664,0.7660444378852844,-4.9568815231323242,0.0000000000000000,0.0000000000000000,0.0000000000000000,1.0000000000000000
M 0.7660444378852844,-0.0000000280971371,-0.6427875757217407,2.7595651149749756,0.0000000000000000,1.0000000000000000,-0.0000000437113883,0.0000000201197636,0.6427875757217407,0.0000000334848664,0.7660444378852844,-4.9568815231323242,0.0000000000000000,0.0000000000000000,0.0000000000000000,1.0000000000000000
M 0.7660444378852844,-0.0000000280971371,-0.6427875757217407,2.7595651149749756,0.0000000000000000,1.0000000000000000,-0.0000000437113883,0.0000000201197636,0.6427875757217407,0.0000000334848664,0.7660444378852844,-4.9568815231323242,0.0000000000000000,0.0000000000000000,0.0000000000000000,1.0000000000000000
M 0.7660444378852844,-0.0000000280971371,-0.6427875757217407,2.7595651149749756,0.0000000000000000,1.0000000000000000,-0.0000000437113883,0.0000000201197636,0.6427875757217407,0.0000000334848664,0.7660444378852844,-4.9568815231323242,0.0000000000000000,0.0000000000000000,0.0000000000000000,1.0000000000000000
M 0.7660444378852844,-0.0000000280971371,-0.6427875757217407,2.7595651149749756,0.0000000000000000,1.0000000000000000,-0.0000000437113883,0.0000000201197636,0.6427875757217407,0.0000000334848664,0.7660444378852844,-4.9568815231323242,0.0000000000000000,0.0000000000000000,0.0000000000000000,1.0000000000000000
M 0.7660444378852844,-0.0000000280971371,-0.6427875757217407,2.7595651149749756,0.0000000000000000,1.0000000000000000,-0.0000000437113883,0.0000000201197636,0.6427875757217407,0.0000000334848664,0.7660444378852844,-4.9568815231323242,0.0000000000000000,0.0000000000000000,0.0000000000000000,1.0000000000000000
M 0.7660444378852844,-0.0000000280971371,-0.6427875757217407,2.7595651149749756,0.0000000000000000,1.0000000000000000,-0.0000000437113883,0.0000000201197636,0.6427875757217407,0.0000000334848664,0.7660444378852844,-4.9568815231323242,0.0000000000000000,0.0000000000000000,0.0000000000000000,1.0000000000000000
M 0.7660444378852844,-0.0000000280971371,-0.6427875757217407,2.7595651149749756,0.0000000000000000,1.0000000000000000,-0.0000000437113883,0.0000000201197636,0.6427875757217407,0.0000000334848664,0.7660444378852844,-4.9568815231323242,0.0000000000000000,0.0000000000000000,0.0000000000000000,1.0000000000000000
M 0.7660444378852844,-0.0000000280971371,-0.6427875757217407,2.7595651149749756,0.0000000000000000,1.0000000000000000,-0.0000000437113883,0.0000000201197636,0.6427875757217407,0.0000000334848664,0.7660444378852844,-4.9568815231323242,0.0000000000000000,0.0000000000000000,0.0000000000000000,1.0000000000000000
M 0.7660444378852844,-0.0000000280971371,-0.6427875757217407,2.7595651149749756,0.0000000000000000,1.0000000000000000,-0.0000000437113883,0.0000000201197636,0.6427875757217407,0.0000000334848664,0.7660444378852844,-4.9568815231323242,0.0000000000000000,0.0000000000000000,0.0000000000000000,1.0000000000000000
M 0.7660444378852844,-0.0000000280971371,-0.6427875757217407,2.7595651149749756,0.0000000000000000,1.0000000000000000,-0.0000000437113883,0.0000000201197636,0.6427875757217407,0.0000000334848664,0.7660444378852844,-4.9568815231323242,0.0000000000000000,0.0000000000000000,0.0000000000000000,1.0000000000000000
M 0.7660444378852844,-0.0000000280971371,-0.6427875757217407,2.7595651149749756,0.0000000000000000,1.0000000000000000,-0.0000000437113883,0.0000000201197636,0.6427875757217407,0.0000000334848664,0.7660444378852844,-4.9568815231323242,0.0000000000000000,0.0000000000000000,0.0000000000000000,1.0000000000000000
M 0.7660444378852844,-0.0000000280971371,-0.6427875757217407,2.7595651149749756,0.0000000000000000,1.0000000000000000,-0.0000000437113883,0.0000000201197636,0.6427875757217407,0.0000000334848664,0.7660444378852844,-4.9568815231323242,0.0000000000000000,0.0000000000000000,0.0000000000000000,1.0000000000000000
M 0.7660444378852844,-0.0000000280971371,-0.6427875757217407,2.7595651149749756,0.0000000000000000,1.0000000000000000,-0.0000000437113883,0.0000000201197636,0.6427875757217407,0.0000000334848664,0.7660444378852844,-4.9568815231323242,0.0000000000000000,0.0000000000000000,0.0000000000000000,1.0000000000000000
M 0.7660444378852844,-0.0000000280971371,-0.6427875757217407,2.7595651149749756,0.0000000000000000,1.0000000000000000,-0.0000000437113883,0.0000000201197636,0.6427875757217407,0.0000000334848664,0.7660444378852844,-4.9568815231323242,0.0000000000000000,0.0000000000000000,0.0000000000000000,1.0000000000000000
M 0.7660444378852844,-0.0000000280971371,-0.6427875757217407,2.7595651149749756,0.0000000000000000,1.0000000000000000,-0.0000000437113883,0.0000000201197636,0.6427875757217407,0.0000000334848664,0.7660444378852844,-4.9568815231323242,0.0000000000000000,0.0000000000000000,0.0000000000000000,1.0000000000000000
M 0.7660444378852844,-0.0000000280971371,-0.6427875757217407,2.7595651149749756,0.0000000000000000,1.0000000000000000,-0.0000000437113883,0.0000000201197636,0.6427875757217407,0.0000000334848664,0.7660444378852844,-4.9568815231323242,0.0000000000000000,0.0000000000000000,0.0000000000000000,1.0000000000000000
M 0.7660444378852844,-0.0000000280971371,-0.6427875757217407,2.7595651149749756,0.0000000000000000,1.0000000000000000,-0.0000000437113883,0.0000000201197636,0.6427875757217407,0.0000000334848664,0.7660444378852844,-4.9568815231323242,0.0000000000000000,0.0000000000000000,0.0000000000000000,1.0000000000000000
M 0.7660444378852844,-0.0000000280971371,-0.6427875757217407,2.7595651149749756,0.0000000000000000,1.0000000000000000,-0.0000000437113883,0.0000000201197636,0.6427875757217407,0.0000000334848664,0.7660444378852844,-4.9568815231323242,0.0000000000000000,0.0000000000000000,0.0000000000000000,1.0000000000000000
M 0.7660444378852844,-0.0000000280971371,-0.6427875757217407,2.7595651149749756,0.0000000000000000,1.0000000000000000,-0.0000000437113883,0.0000000201197636,0.6427875757217407,0.0000000334848664,0.7660444378852844,-4.9568815231323242,0.0000000000000000,0.0000000000000000,0.0000000000000000,1.0000000000000000
M 0.7660444378852844,-0.0000000280971371,-0.6427875757217407,2.7595651149749756,0.0000000000000000,1.0000000000000000,-0.0000000437113883,0.0000000201197636,0.6427875757217407,0.0000000334848664,0.7660444378852844,-4.9568815231323242,0.0000000000000000,0.0000000000000000,0.0000000000000000,1.0000000000000000
M 0.7660444378852844,-0.0000000280971371,-0.6427875757217407,2.7595651149749756,0.0000000000000000,1.0000000000000000,-0.0000000437113883,0.0000000201197636,0.6427875757217407,0.0000000334848664,0.7660444378852844,-4.9568815231323242,0.0000000000000000,0.0000000000000000,0.0000000000000000,1.0000000000000000
M 0.7660444378852844,-0.0000000280971371,-0.6427875757217407,2.7595651149749756,0.0000000000000000,1.0000000000000000,-0.0000000437113883,0.0000000201197636,0.6427875757217407,0.0000000334848664,0.7660444378852844,-4.9568815231323242,0.0000000000000000,0.0000000000000000,0.0000000000000000,1.0000000000000000
M 0.7660444378852844,-0.0000000280971371,-0.6427875757217407,2.7595651149749756,0.0000000000000000,1.0000000000000000,-0.0000000437113883,0.0000000201197636,0.6427875757217407,0.0000000334848664,0.7660444378852844,-4.9568815231323242,0.0000000000000000,0.0000000000000000,0.0000000000000000,1.0000000000000000
M 0.7660444378852844,-0.0000000280971371,-0.6427875757217407,2.7595651149749756,0.0000000000000000,1.0000000000000000,-0.0000000437113883,0.0000000201197636,0.6427875757217407,0.0000000334848664,0.7660444378852844,-4.9568815231323242,0.0000000000000000,0.0000000000000000,0.0000000000000000,1.0000000000000000
M 0.7660444378852844,-0.0000000280971371,-0.6427875757217407,2.7595651149749756,0.0000000000000000,1.0000000000000000,-0.0000000437113883,0.0000000201197636,0.6427875757217407,0.0000000334848664,0.7660444378852844,-4.9568815231323242,0.0000000000000000,0.0000000000000000,0.0000000000000000,1.0000000000000000
M 0.7660444378852844,-0.0000000280971371,-0.6427875757217407,2.7595651149749756,0.0000000000000000,1.0000000000000000,-0.0000000437113883,0.0000000201197636,0.6427875757217407,0.0000000334848664,0.7660444378852844,-4.9568815231323242,0.0000000000000000,0.0000000000000000,0.0000000000000000,1.0000000000000000
M 0.7660444378852844,-0.0000000280971371,-0.6427875757217407,2.7595651149749756,0.0000000000000000,1.0000000000000000,-0.0000000437113883,0.0000000201197636,0.6427875757217407,0.0000000334848664,0.7660444378852844,-4.9568815231323242,0.0000000000000000,0.0000000000000000,0.0000000000000000,1.0000000000000000
M 0.7660444378852844,-0.0000000280971371,-0.6427875757217407,2.7595651149749756,0.0000000000000000,1.0000000000000000,-0.0000000437113883,0.0000000201197636,0.6427875757217407,0.0000000334848664,0.7660444378852844,-4.9568815231323242,0.0000000000000000,0.0000000000000000,0.0000000000000000,1.0000000000000000
M 0.7660444378852844,-0.0000000280971371,-0.6427875757217407,2.7595651149749756,0.0000000000000000,1.0000000000000000,-0.0000000437113883,0.0000000201197636,0.6427875757217407,0.0000000334848664,0.7660444378852844,-4.9568815231323242,0.0000000000000000,0.0000000000000000,0.0000000000000000,1.0000000000000000
M 0.7660444378852844,-0.0000000280971371,-0.6427875757217407,2.7595651149749756,0.0000000000000000,1.0000000000000000,-0.0000000437113883,0.0000000201197636,0.6427875757217407,0.0000000334848664,0.7660444378852844,-4.9568815231323242,0.0000000000000000,0.0000000000000000,0.0000000000000000,1.0000000000000000
M 0.7660444378852844,-0.0000000280971371,-0.6427875757217407,2.7595651149749756,0.0000000000000000,1.0000000000000000,-0.0000000437113883,0.0000000201197636,0.6427875757217407,0.0000000334848664,0.7660444378852844,-4.9568815231323242,0.0000000000000000,0.0000000000000000,0.0000000000000000,1.0000000000000000
M 0.7660444378852844,-0.0000000280971371,-0.6427875757217407,2.7595651149749756,0.0000000000000000,1.0000000000000000,-0.0000000437113883,0.0000000201197636,0.6427875757217407,0.0000000334848664,0.7660444378852844,-4.9568815231323242,0.0000000000000000,0.0000000000000000,0.0000000000000000,1.0000000000000000
M 0.7660444378852844,-0.0000000280971371,-0.6427875757217407,2.7595651149749756,0.0000000000000000,1.0000000000000000,-0.0000000437113883,0.0000000201197636,0.6427875757217407,0.0000000334848664,0.7660444378852844,-4.9568815231323242,0.0000000000000000,0.0000000000000000,0.0000000000000000,1.0000000000000000
M 0.7660444378852844,-0.0000000280971371,-0.6427875757217407,2.7595651149749756,0.0000000000000000,1.0000000000000000,-0.0000000437113883,0.0000000201197636,0.6427875757217407,0.0000000334848664,0.7660444378852844,-4.9568815231323242,0.0000000000000000,0.0000000000000000,0.0000000000000000,1.0000000000000000
M 0.7660444378852844,-0.0000000280971371,-0.6427875757217407,2.7595651149749756,0.0000000000000000,1.0000000000000000,-0.0000000437113883,0.0000000201197636,0.6427875757217407,0.0000000334848664,0.7660444378852844,-4.9568815231323242,0.0000000000000000,0.0000000000000000,0.0000000000000000,1.0000000000000000
M 0.7660444378852844,-0.0000000280971371,-0.6427875757217407,2.7595651149749756,0.0000000000000000,1.0000000000000000,-0.0000000437113883,0.0000000201197636,0.6427875757217407,0.0000000334848664,0.7660444378852844,-4.9568815231323242,0.0000000000000000,0.0000000000000000,0.0000000000000000,1.0000000000000000
M 0.7660444378852844,-0.0000000280971371,-0.6427875757217407,2.7595651149749756,0.0000000000000000,1.0000000000000000,-0.0000000437113883,0.0000000201197636,0.6427875757217407,0.0000000334848664,0.7660444378852844,-4.9568815231323242,0.0000000000000000,0.0000000000000000,0.0000000000000000,1.0000000000000000
M 0.7660444378852844,-0.0000000280971371,-0.6427875757217407,2.7595651149749756,0.0000000000000000,1.0000000000000000,-0.0000000437113883,0.0000000201197636,0.6427875757217407,0.0000000334848664,0.7660444378852844,-4.9568815231323242,0.0000000000000000,0.0000000000000000,0.0000000000000000,1.0000000000000000
M 0.7660444378852844,-0.0000000280971371,-0.6427875757217407,2.7595651149749756,0.0000000000000000,1.0000000000000000,-0.0000000437113883,0.0000000201197636,0.6427875757217407,0.0000000334848664,0.7660444378852844,-4.9568815231323242,0.0000000000000000,0.0000000000000000,0.0000000000000000,1.0000000000000000
M 0.7660444378852844,-0.0000000280971371,-0.6427875757217407,2.7595651149749756,0.0000000000000000,1.0000000000000000,-0.0000000437113883,0.0000000201197636,0.6427875757217407,0.0000000334848664,0.7660444378852844,-4.9568815231323242,0.0000000000000000,0.0000000000000000,0.0000000000000000,1.0000000000000000
M 0.7660444378852844,-0.0000000280971371,-0.6427875757217407,2.7595651149749756,0.0000000000000000,1.0000000000000000,-0.0000000437113883,0.0000000201197636,0.6427875757217407,0.0000000334848664,0.7660444378852844,-4.9568815231323242,0.0000000000000000,0.0000000000000000,0.0000000000000000,1.0000000000000000
M 0.7660444378852844,-0.0000000280971371,-0.6427875757217407,2.7595651149749756,0.0000000000000000,1.0000000000000000,-0.0000000437113883,0.0000000201197636,0.6427875757217407,0.0000000334848664,0.7660444378852844,-4.9568815231323242,0.0000000000000000,0.0000000000000000,0.0000000000000000,1.0000000000000000
M 0.7660444378852844,-0.0000000280971371,-0.6427875757217407,2.7595651149749756,0.0000000000000000,1.0000000000000000,-0.0000000437113883,0.0000000201197636,0.6427875757217407,0.0000000334848664,0.7660444378852844,-4.9568815231323242,0.0000000000000000,0.0000000000000000,0.0000000000000000,1.0000000000000000
M 0.7660444378852844,-0.0000000280971371,-0.6427875757217407,2.7595651149749756,0.0000000000000000,1.0000000000000000,-0.0000000437113883,0.0000000201197636,0.6427875757217407,0.0000000334848664,0.7660444378852844,-4.9568815231323242,0.0000000000000000,0.0000000000000000,0.0000000000000000,1.0000000000000000
M 0.7660444378852844,-0.0000000280971371,-0.6427875757217407,2.7595651149749756,0.0000000000000000,1.0000000000000000,-0.0000000437113883,0.0000000201197636,0.6427875757217407,0.0000000334848664,0.7660444378852844,-4.9568815231323242,0.0000000000000000,0.0000000000000000,0.0000000000000000,1.0000000000000000
M 0.7660444378852844,-0.0000000280971371,-0.6427875757217407,2.7595651149749756,0.0000000000000000,1.0000000000000000,-0.0000000437113883,0.0000000201197636,0.6427875757217407,0.0000000334848664,0.7660444378852844,-4.9568815231323242,0.0000000000000000,0.0000000000000000,0.0000000000000000,1.0000000000000000
M 0.7660444378852844,-0.0000000280971371,-0.6427875757217407,2.7595651149749756,0.0000000000000000,1.0000000000000000,-0.0000000437113883,0.0000000201197636,0.6427875757217407,0.0000000334848664,0.7660444378852844,-4.9568815231323242,0.0000000000000000,0.0000000000000000,0.0000000000000000,1.0000000000000000
M 0.7660444378852844,-0.0000000280971371,-0.6427875757217407,2.7595651149749756,0.0000000000000000,1.0000000000000000,-0.0000000437113883,0.0000000201197636,0.6427875757217407,0.0000000334848664,0.7660444378852844,-4.9568815231323242,0.0000000000000000,0.0000000000000000,0.0000000000000000,1.0000000000000000
M 0.7660444378852844,-0.0000000280971371,-0.6427875757217407,2.7595651149749756,0.0000000000000000,1.0000000000000000,-0.0000000437113883,0.0000000201197636,0.6427875757217407,0.0000000334848664,0.7660444378852844,-4.9568815231323242,0.0000000000000000,0.0000000000000000,0.0000000000000000,1.0000000000000000
M 0.7660444378852844,-0.0000000280971371,-0.6427875757217407,2.7595651149749756,0.0000000000000000,1.0000000000000000,-0.0000000437113883,0.0000000201197636,0.6427875757217407,0.0000000334848664,0.7660444378852844,-4.9568815231323242,0.0000000000000000,0.0000000000000000,0.0000000000000000,1.0000000000000000
M 0.7660444378852844,-0.0000000280971371,-0.6427875757217407,2.7595651149749756,0.0000000000000000,1.0000000000000000,-0.0000000437113883,0.0000000201197636,0.6427875757217407,0.0000000334848664,0.7660444378852844,-4.9568815231323242,0.0000000000000000,0.0000000000000000,0.0000000000000000,1.0000000000000000
M 0.7660444378852844,-0.0000000280971371,-0.6427875757217407,2.7595651149749756,0.0000000000000000,1.0000000000000000,-0.0000000437113883,0.0000000201197636,0.6427875757217407,0.0000000334848664,0.7660444378852844,-4.9568815231323242,0.0000000000000000,0.0000000000000000,0.0000000000000000,1.0000000000000000
M 0.7660444378852844,-0.0000000280971371,-0.6427875757217407,2.7595651149749756,0.0000000000000000,1.0000000000000000,-0.0000000437113883,0.0000000201197636,0.6427875757217407,0.0000000334848664,0.7660444378852844,-4.9568815231323242,0.0000000000000000,0.0000000000000000,0.0000000000000000,1.0000000000000000
M 0.7660444378852844,-0.0000000280971371,-0.6427875757217407,2.7595651149749756,0.0000000000000000,1.0000000000000000,-0.0000000437113883,0.0000000201197636,0.6427875757217407,0.0000000334848664,0.7660444378852844,-4.9568815231323242,0.0000000000000000,0.0000000000000000,0.0000000000000000,1.0000000000000000
M 0.7660444378852844,-0.0000000280971371,-0.6427875757217407,2.7595651149749756,0.0000000000000000,1.0000000000000000,-0.0000000437113883,0.0000000201197636,0.6427875757217407,0.0000000334848664,0.7660444378852844,-4.9568815231323242,0.0000000000000000,0.0000000000000000,0.0000000000000000,1.0000000000000000
M 0.7660444378852844,-0.0000000280971371,-0.6427875757217407,2.7595651149749756,0.0000000000000000,1.0000000000000000,-0.0000000437113883,0.0000000201197636,0.6427875757217407,0.0000000334848664,0.7660444378852844,-4.9568815231323242,0.0000000000000000,0.0000000000000000,0.0000000000000000,1.0000000000000000
M 0.7660444378852844,-0.0000000280971371,-0.6427875757217407,2.7595651149749756,0.0000000000000000,1.0000000000000000,-0.0000000437113883,0.0000000201197636,0.6427875757217407,0.0000000334848664,0.7660444378852844,-4.9568815231323242,0.0000000000000000,0.0000000000000000,0.0000000000000000,1.0000000000000000
M 0.7660444378852844,-0.0000000280971371,-0.6427875757217407,2.7595651149749756,0.0000000000000000,1.0000000000000000,-0.0000000437113883,0.0000000201197636,0.6427875757217407,0.0000000334848664,0.7660444378852844,-4.9568815231323242,0.0000000000000000,0.0000000000000000,0.0000000000000000,1.0000000000000000
M 0.7660444378852844,-0.0000000280971371,-0.6427875757217407,2.7595651149749756,0.0000000000000000,1.0000000000000000,-0.0000000437113883,0.0000000201197636,0.6427875757217407,0.0000000334848664,0.7660444378852844,-4.9568815231323242,0.0000000000000000,0.0000000000000000,0.0000000000000000,1.0000000000000000
M 0.7660444378852844,-0.0000000280971371,-0.6427875757217407,2.7595651149749756,0.0000000000000000,1.0000000000000000,-0.0000000437113883,0.0000000201197636,0.6427875757217407,0.0000000334848664,0.7660444378852844,-4.9568815231323242,0.0000000000000000,0.0000000000000000,0.0000000000000000,1.0000000000000000
M 0.7660444378852844,-0.0000000280971371,-0.6427875757217407,2.7595651149749756,0.0000000000000000,1.0000000000000000,-0.0000000437113883,0.0000000201197636,0.6427875757217407,0.0000000334848664,0.7660444378852844,-4.9568815231323242,0.0000000000000000,0.0000000000000000,0.0000000000000000,1.0000000000000000
M 0.7660444378852844,-0.0000000280971371,-0.6427875757217407,2.7595651149749756,0.0000000000000000,1.0000000000000000,-0.0000000437113883,0.0000000201197636,0.6427875757217407,0.0000000334848664,0.7660444378852844,-4.9568815231323242,0.0000000000000000,0.0000000000000000,0.0000000000000000,1.0000000000000000
