O DOOR_11_Arm_INTERIOR_LCG_il_LINVERT
A DOOR_11_Arm_INTERIOR_LCG_il_LINVERT_DOOR_11_Arm_INTERIOR_LCG_il_LINVERT
M 1.0000000000000000,0.0000000000000000,0.0000000000000000,0.0000000000000000,0.0000000000000000,1.0000000000000000,-0.0000000437113883,0.0000000201185912,-0.0000000000000000,0.0000000437113883,1.0000000000000000,-0.0000000340717747,0.0000000000000000,0.0000000000000000,0.0000000000000000,1.0000000000000000
M 0.9999984502792358,-0.0000000000776417,-0.0017762349452823,0.0023360694758594,0.0000000000000000,1.0000000000000000,-0.0000000437113883,0.0000000201185912,0.0017762349452823,0.0000000437113279,0.9999984502792358,-0.0055511132813990,0.0000000000000000,0.0000000000000000,0.0000000000000000,1.0000000000000000
M 0.9999757409095764,-0.0000000003043532,-0.0069627882912755,0.0092144487425685,0.0000000000000000,1.0000000000000000,-0.0000000437113883,0.0000000201185912,0.0069627882912755,0.0000000437103296,0.9999757409095764,-0.0217362139374018,0.0000000000000000,0.0000000000000000,0.0000000000000000,1.0000000000000000
M 0.9998822212219238,-0.0000000006707983,-0.0153460754081607,0.0205097794532776,0.0000000000000000,1.0000000000000000,-0.0000000437113883,0.0000000201185912,0.0153460754081607,0.0000000437062404,0.9998822212219238,-0.0478223934769630,0.0000000000000000,0.0000000000000000,0.0000000000000000,1.0000000000000000
M 0.9996432065963745,-0.0000000011675928,-0.0267114099115133,0.0361741781234741,0.0000000000000000,1.0000000000000000,-0.0000000437113883,0.0000000201185912,0.0267114099115133,0.0000000436957990,0.9996432065963745,-0.0830406025052071,0.0000000000000000,0.0000000000000000,0.0000000000000000,1.0000000000000000
M 0.9991655945777893,-0.0000000017852629,-0.0408420562744141,0.0562135726213455,0.0000000000000000,1.0000000000000000,-0.0000000437113883,0.0000000201185912,0.0408420562744141,0.0000000436749161,0.9991655945777893,-0.1265908032655716,0.0000000000000000,0.0000000000000000,0.0000000000000000,1.0000000000000000
M 0.9983444809913635,-0.0000000025142037,-0.0575182661414146,0.0806680843234062,0.0000000000000000,1.0000000000000000,-0.0000000437113883,0.0000000201185912,0.0575182661414146,0.0000000436390231,0.9983444809913635,-0.1776485741138458,0.0000000000000000,0.0000000000000000,0.0000000000000000,1.0000000000000000
M 0.9970683455467224,-0.0000000033446386,-0.0765164121985435,0.1095927730202675,0.0000000000000000,1.0000000000000000,-0.0000000437113883,0.0000000201185912,0.0765164121985435,0.0000000435832419,0.9970683455467224,-0.2353681474924088,0.0000000000000000,0.0000000000000000,0.0000000000000000,1.0000000000000000
M 0.9952248930931091,-0.0000000042665969,-0.0976083502173424,0.1430391371250153,0.0000000000000000,1.0000000000000000,-0.0000000437113883,0.0000000201185912,0.0976083502173424,0.0000000435026628,0.9952248930931091,-0.2988891303539276,0.0000000000000000,0.0000000000000000,0.0000000000000000,1.0000000000000000
M 0.9927059412002563,-0.0000000052698921,-0.1205610781908035,0.1810397058725357,0.0000000000000000,1.0000000000000000,-0.0000000437113883,0.0000000201185912,0.1205610781908035,0.0000000433925607,0.9927059412002563,-0.3673408925533295,0.0000000000000000,0.0000000000000000,0.0000000000000000,1.0000000000000000
M 0.9894115924835205,-0.0000000063441359,-0.1451368927955627,0.2235945761203766,0.0000000000000000,1.0000000000000000,-0.0000000437113883,0.0000000201185912,0.1451368927955627,0.0000000432485550,0.9894115924835205,-0.4398492872714996,0.0000000000000000,0.0000000000000000,0.0000000000000000,1.0000000000000000
M 0.9852547645568848,-0.0000000074787430,-0.1710936874151230,0.2706582546234131,0.0000000000000000,1.0000000000000000,-0.0000000437113883,0.0000000201185912,0.1710936874151230,0.0000000430668550,0.9852547645568848,-0.5155432224273682,0.0000000000000000,0.0000000000000000,0.0000000000000000,1.0000000000000000
M 0.9801644682884216,-0.0000000086629806,-0.1981858909130096,0.3221306204795837,0.0000000000000000,1.0000000000000000,-0.0000000437113883,0.0000000201185912,0.1981858909130096,0.0000000428443556,0.9801644682884216,-0.5935614705085754,0.0000000000000000,0.0000000000000000,0.0000000000000000,1.0000000000000000
M 0.9740887880325317,-0.0000000098860236,-0.2261658459901810,0.3778489828109741,0.0000000000000000,1.0000000000000000,-0.0000000437113883,0.0000000201185912,0.2261658459901810,0.0000000425787725,0.9740887880325317,-0.6730619072914124,0.0000000000000000,0.0000000000000000,0.0000000000000000,1.0000000000000000
M 0.9669977426528931,-0.0000000111370024,-0.2547848820686340,0.4375802278518677,0.0000000000000000,1.0000000000000000,-0.0000000437113883,0.0000000201185912,0.2547848820686340,0.0000000422688125,0.9669977426528931,-0.7532277107238770,0.0000000000000000,0.0000000000000000,0.0000000000000000,1.0000000000000000
M 0.9588847756385803,-0.0000000124050992,-0.2837955951690674,0.5010206103324890,0.0000000000000000,1.0000000000000000,-0.0000000437113883,0.0000000201185912,0.2837955951690674,0.0000000419141841,0.9588847756385803,-0.8332766890525818,0.0000000000000000,0.0000000000000000,0.0000000000000000,1.0000000000000000
M 0.9497683644294739,-0.0000000136796441,-0.3129537701606750,0.5677914023399353,0.0000000000000000,1.0000000000000000,-0.0000000437113883,0.0000000201185912,0.3129537701606750,0.0000000415157011,0.9497683644294739,-0.9124696254730225,0.0000000000000000,0.0000000000000000,0.0000000000000000,1.0000000000000000
M 0.9396926164627075,-0.0000000149501744,-0.3420201241970062,0.6374412178993225,0.0000000000000000,1.0000000000000000,-0.0000000437113883,0.0000000201185912,0.3420201241970062,0.0000000410752676,0.9396926164627075,-0.9901164174079895,0.0000000000000000,0.0000000000000000,0.0000000000000000,1.0000000000000000
M 0.9287276268005371,-0.0000000162065579,-0.3707627952098846,0.7094458937644958,0.0000000000000000,1.0000000000000000,-0.0000000437113883,0.0000000201185912,0.3707627952098846,0.0000000405959817,0.9287276268005371,-1.0655840635299683,0.0000000000000000,0.0000000000000000,0.0000000000000000,1.0000000000000000
M 0.9169687032699585,-0.0000000174390600,-0.3989591896533966,0.7832159996032715,0.0000000000000000,1.0000000000000000,-0.0000000437113883,0.0000000201185912,0.3989591896533966,0.0000000400819822,0.9169687032699585,-1.1383018493652344,0.0000000000000000,0.0000000000000000,0.0000000000000000,1.0000000000000000
M 0.9045358300209045,-0.0000000186384312,-0.4263976216316223,0.8580982089042664,0.0000000000000000,1.0000000000000000,-0.0000000437113883,0.0000000201185912,0.4263976216316223,0.0000000395385165,0.9045358300209045,-1.2077654600143433,0.0000000000000000,0.0000000000000000,0.0000000000000000,1.0000000000000000
M 0.8915719389915466,-0.0000000197959746,-0.4528791010379791,0.9333842992782593,0.0000000000000000,1.0000000000000000,-0.0000000437113883,0.0000000201185912,0.4528791010379791,0.0000000389718480,0.8915719389915466,-1.2735403776168823,0.0000000000000000,0.0000000000000000,0.0000000000000000,1.0000000000000000
M 0.8782410025596619,-0.0000000209035864,-0.4782183170318604,1.0083190202713013,0.0000000000000000,1.0000000000000000,-0.0000000437113883,0.0000000201185912,0.4782183170318604,0.0000000383891390,0.8782410025596619,-1.3352625370025635,0.0000000000000000,0.0000000000000000,0.0000000000000000,1.0000000000000000
M 0.8647258877754211,-0.0000000219537881,-0.5022441148757935,1.0821055173873901,0.0000000000000000,1.0000000000000000,-0.0000000437113883,0.0000000201185912,0.5022441148757935,0.0000000377983689,0.8647258877754211,-1.3926366567611694,0.0000000000000000,0.0000000000000000,0.0000000000000000,1.0000000000000000
M 0.8512254953384399,-0.0000000229397461,-0.5248001217842102,1.1539169549942017,0.0000000000000000,1.0000000000000000,-0.0000000437113883,0.0000000201185912,0.5248001217842102,0.0000000372082560,0.8512254953384399,-1.4454350471496582,0.0000000000000000,0.0000000000000000,0.0000000000000000,1.0000000000000000
M 0.8379520773887634,-0.0000000238552200,-0.5457438230514526,1.2229026556015015,0.0000000000000000,1.0000000000000000,-0.0000000437113883,0.0000000201185912,0.5457438230514526,0.0000000366280482,0.8379520773887634,-1.4934908151626587,0.0000000000000000,0.0000000000000000,0.0000000000000000,1.0000000000000000
M 0.8251278996467590,-0.0000000246945717,-0.5649459362030029,1.2881981134414673,0.0000000000000000,1.0000000000000000,-0.0000000437113883,0.0000000201185912,0.5649459362030029,0.0000000360674868,0.8251278996467590,-1.5366914272308350,0.0000000000000000,0.0000000000000000,0.0000000000000000,1.0000000000000000
M 0.8129824995994568,-0.0000000254526231,-0.5822881460189819,1.3489302396774292,0.0000000000000000,1.0000000000000000,-0.0000000437113883,0.0000000201185912,0.5822881460189819,0.0000000355365941,0.8129824995994568,-1.5749682188034058,0.0000000000000000,0.0000000000000000,0.0000000000000000,1.0000000000000000
M 0.8017482757568359,-0.0000000261246331,-0.5976618528366089,1.4042301177978516,0.0000000000000000,1.0000000000000000,-0.0000000437113883,0.0000000201185912,0.5976618528366089,0.0000000350455309,0.8017482757568359,-1.6082867383956909,0.0000000000000000,0.0000000000000000,0.0000000000000000,1.0000000000000000
M 0.7916581034660339,-0.0000000267061004,-0.6109643578529358,1.4532349109649658,0.0000000000000000,1.0000000000000000,-0.0000000437113883,0.0000000201185912,0.6109643578529358,0.0000000346044757,0.7916581034660339,-1.6366314888000488,0.0000000000000000,0.0000000000000000,0.0000000000000000,1.0000000000000000
M 0.7829409241676331,-0.0000000271926854,-0.6220960617065430,1.4950979948043823,0.0000000000000000,1.0000000000000000,-0.0000000437113883,0.0000000201185912,0.6220960617065430,0.0000000342234330,0.7829409241676331,-1.6599915027618408,0.0000000000000000,0.0000000000000000,0.0000000000000000,1.0000000000000000
M 0.7758184671401978,-0.0000000275799739,-0.6309561729431152,1.5289942026138306,0.0000000000000000,1.0000000000000000,-0.0000000437113883,0.0000000201185912,0.6309561729431152,0.0000000339121016,0.7758184671401978,-1.6783430576324463,0.0000000000000000,0.0000000000000000,0.0000000000000000,1.0000000000000000
M 0.7705014944076538,-0.0000000278633081,-0.6374381780624390,1.5541243553161621,0.0000000000000000,1.0000000000000000,-0.0000000437113883,0.0000000201185912,0.6374381780624390,0.0000000336796901,0.7705014944076538,-1.6916295289993286,0.0000000000000000,0.0000000000000000,0.0000000000000000,1.0000000000000000
M 0.7671849727630615,-0.0000000280376167,-0.6414259076118469,1.5697268247604370,0.0000000000000000,1.0000000000000000,-0.0000000437113883,0.0000000201185912,0.6414259076118469,0.0000000335347217,0.7671849727630615,-1.6997436285018921,0.0000000000000000,0.0000000000000000,0.0000000000000000,1.0000000000000000
M 0.7660444378852844,-0.0000000280971371,-0.6427875757217407,1.5750795602798462,0.0000000000000000,1.0000000000000000,-0.0000000437113883,0.0000000201185912,0.6427875757217407,0.0000000334848664,0.7660444378852844,-1.7025036811828613,0.0000000000000000,0.0000000000000000,0.0000000000000000,1.0000000000000000
M 0.7660444378852844,-0.0000000280971371,-0.6427875757217407,1.5750795602798462,0.0000000000000000,1.0000000000000000,-0.0000000437113883,0.0000000201185912,0.6427875757217407,0.0000000334848664,0.7660444378852844,-1.7025036811828613,0.0000000000000000,0.0000000000000000,0.0000000000000000,1.0000000000000000
M 0.7660444378852844,-0.0000000280971371,-0.6427875757217407,1.5750795602798462,0.0000000000000000,1.0000000000000000,-0.0000000437113883,0.0000000201185912,0.6427875757217407,0.0000000334848664,0.7660444378852844,-1.7025036811828613,0.0000000000000000,0.0000000000000000,0.0000000000000000,1.0000000000000000
M 0.7660444378852844,-0.0000000280971371,-0.6427875757217407,1.5750795602798462,0.0000000000000000,1.0000000000000000,-0.0000000437113883,0.0000000201185912,0.6427875757217407,0.0000000334848664,0.7660444378852844,-1.7025036811828613,0.0000000000000000,0.0000000000000000,0.0000000000000000,1.0000000000000000
M 0.7660444378852844,-0.0000000280971371,-0.6427875757217407,1.5750795602798462,0.0000000000000000,1.0000000000000000,-0.0000000437113883,0.0000000201185912,0.6427875757217407,0.0000000334848664,0.7660444378852844,-1.7025036811828613,0.0000000000000000,0.0000000000000000,0.0000000000000000,1.0000000000000000
M 0.7660444378852844,-0.0000000280971371,-0.6427875757217407,1.5750795602798462,0.0000000000000000,1.0000000000000000,-0.0000000437113883,0.0000000201185912,0.6427875757217407,0.0000000334848664,0.7660444378852844,-1.7025036811828613,0.0000000000000000,0.0000000000000000,0.0000000000000000,1.0000000000000000
M 0.7660444378852844,-0.0000000280971371,-0.6427875757217407,1.5750795602798462,0.0000000000000000,1.0000000000000000,-0.0000000437113883,0.0000000201185912,0.6427875757217407,0.0000000334848664,0.7660444378852844,-1.7025036811828613,0.0000000000000000,0.0000000000000000,0.0000000000000000,1.0000000000000000
M 0.7660444378852844,-0.0000000280971371,-0.6427875757217407,1.5750795602798462,0.0000000000000000,1.0000000000000000,-0.0000000437113883,0.0000000201185912,0.6427875757217407,0.0000000334848664,0.7660444378852844,-1.7025036811828613,0.0000000000000000,0.0000000000000000,0.0000000000000000,1.0000000000000000
M 0.7660444378852844,-0.0000000280971371,-0.6427875757217407,1.5750795602798462,0.0000000000000000,1.0000000000000000,-0.0000000437113883,0.0000000201185912,0.6427875757217407,0.0000000334848664,0.7660444378852844,-1.7025036811828613,0.0000000000000000,0.0000000000000000,0.0000000000000000,1.0000000000000000
M 0.7660444378852844,-0.0000000280971371,-0.6427875757217407,1.5750795602798462,0.0000000000000000,1.0000000000000000,-0.0000000437113883,0.0000000201185912,0.6427875757217407,0.0000000334848664,0.7660444378852844,-1.7025036811828613,0.0000000000000000,0.0000000000000000,0.0000000000000000,1.0000000000000000
M 0.7660444378852844,-0.0000000280971371,-0.6427875757217407,1.5750795602798462,0.0000000000000000,1.0000000000000000,-0.0000000437113883,0.0000000201185912,0.6427875757217407,0.0000000334848664,0.7660444378852844,-1.7025036811828613,0.0000000000000000,0.0000000000000000,0.0000000000000000,1.0000000000000000
M 0.7660444378852844,-0.0000000280971371,-0.6427875757217407,1.5750795602798462,0.0000000000000000,1.0000000000000000,-0.0000000437113883,0.0000000201185912,0.6427875757217407,0.0000000334848664,0.7660444378852844,-1.7025036811828613,0.0000000000000000,0.0000000000000000,0.0000000000000000,1.0000000000000000
M 0.7660444378852844,-0.0000000280971371,-0.6427875757217407,1.5750795602798462,0.0000000000000000,1.0000000000000000,-0.0000000437113883,0.0000000201185912,0.6427875757217407,0.0000000334848664,0.7660444378852844,-1.7025036811828613,0.0000000000000000,0.0000000000000000,0.0000000000000000,1.0000000000000000
M 0.7660444378852844,-0.0000000280971371,-0.6427875757217407,1.5750795602798462,0.0000000000000000,1.0000000000000000,-0.0000000437113883,0.0000000201185912,0.6427875757217407,0.0000000334848664,0.7660444378852844,-1.7025036811828613,0.0000000000000000,0.0000000000000000,0.0000000000000000,1.0000000000000000
M 0.7660444378852844,-0.0000000280971371,-0.6427875757217407,1.5750795602798462,0.0000000000000000,1.0000000000000000,-0.0000000437113883,0.0000000201185912,0.6427875757217407,0.0000000334848664,0.7660444378852844,-1.7025036811828613,0.0000000000000000,0.0000000000000000,0.0000000000000000,1.0000000000000000
M 0.7660444378852844,-0.0000000280971371,-0.6427875757217407,1.5750795602798462,0.0000000000000000,1.0000000000000000,-0.0000000437113883,0.0000000201185912,0.6427875757217407,0.0000000334848664,0.7660444378852844,-1.7025036811828613,0.0000000000000000,0.0000000000000000,0.0000000000000000,1.0000000000000000
M 0.7660444378852844,-0.0000000280971371,-0.6427875757217407,1.5750795602798462,0.0000000000000000,1.0000000000000000,-0.0000000437113883,0.0000000201185912,0.6427875757217407,0.0000000334848664,0.7660444378852844,-1.7025036811828613,0.0000000000000000,0.0000000000000000,0.0000000000000000,1.0000000000000000
M 0.7660444378852844,-0.0000000280971371,-0.6427875757217407,1.5750795602798462,0.0000000000000000,1.0000000000000000,-0.0000000437113883,0.0000000201185912,0.6427875757217407,0.0000000334848664,0.7660444378852844,-1.7025036811828613,0.0000000000000000,0.0000000000000000,0.0000000000000000,1.0000000000000000
M 0.7660444378852844,-0.0000000280971371,-0.6427875757217407,1.5750795602798462,0.0000000000000000,1.0000000000000000,-0.0000000437113883,0.0000000201185912,0.6427875757217407,0.0000000334848664,0.7660444378852844,-1.7025036811828613,0.0000000000000000,0.0000000000000000,0.0000000000000000,1.0000000000000000
M 0.7660444378852844,-0.0000000280971371,-0.6427875757217407,1.5750795602798462,0.0000000000000000,1.0000000000000000,-0.0000000437113883,0.0000000201185912,0.6427875757217407,0.0000000334848664,0.7660444378852844,-1.7025036811828613,0.0000000000000000,0.0000000000000000,0.0000000000000000,1.0000000000000000
M 0.7660444378852844,-0.0000000280971371,-0.6427875757217407,1.5750795602798462,0.0000000000000000,1.0000000000000000,-0.0000000437113883,0.0000000201185912,0.6427875757217407,0.0000000334848664,0.7660444378852844,-1.7025036811828613,0.0000000000000000,0.0000000000000000,0.0000000000000000,1.0000000000000000
M 0.7660444378852844,-0.0000000280971371,-0.6427875757217407,1.5750795602798462,0.0000000000000000,1.0000000000000000,-0.0000000437113883,0.0000000201185912,0.6427875757217407,0.0000000334848664,0.7660444378852844,-1.7025036811828613,0.0000000000000000,0.0000000000000000,0.0000000000000000,1.0000000000000000
M 0.7660444378852844,-0.0000000280971371,-0.6427875757217407,1.5750795602798462,0.0000000000000000,1.0000000000000000,-0.0000000437113883,0.0000000201185912,0.6427875757217407,0.0000000334848664,0.7660444378852844,-1.7025036811828613,0.0000000000000000,0.0000000000000000,0.0000000000000000,1.0000000000000000
M 0.7660444378852844,-0.0000000280971371,-0.6427875757217407,1.5750795602798462,0.0000000000000000,1.0000000000000000,-0.0000000437113883,0.0000000201185912,0.6427875757217407,0.0000000334848664,0.7660444378852844,-1.7025036811828613,0.0000000000000000,0.0000000000000000,0.0000000000000000,1.0000000000000000
M 0.7660444378852844,-0.0000000280971371,-0.6427875757217407,1.5750795602798462,0.0000000000000000,1.0000000000000000,-0.0000000437113883,0.0000000201185912,0.6427875757217407,0.0000000334848664,0.7660444378852844,-1.7025036811828613,0.0000000000000000,0.0000000000000000,0.0000000000000000,1.0000000000000000
M 0.7660444378852844,-0.0000000280971371,-0.6427875757217407,1.5750795602798462,0.0000000000000000,1.0000000000000000,-0.0000000437113883,0.0000000201185912,0.6427875757217407,0.0000000334848664,0.7660444378852844,-1.7025036811828613,0.0000000000000000,0.0000000000000000,0.0000000000000000,1.0000000000000000
M 0.7660444378852844,-0.0000000280971371,-0.6427875757217407,1.5750795602798462,0.0000000000000000,1.0000000000000000,-0.0000000437113883,0.0000000201185912,0.6427875757217407,0.0000000334848664,0.7660444378852844,-1.7025036811828613,0.0000000000000000,0.0000000000000000,0.0000000000000000,1.0000000000000000
M 0.7660444378852844,-0.0000000280971371,-0.6427875757217407,1.5750795602798462,0.0000000000000000,1.0000000000000000,-0.0000000437113883,0.0000000201185912,0.6427875757217407,0.0000000334848664,0.7660444378852844,-1.7025036811828613,0.0000000000000000,0.0000000000000000,0.0000000000000000,1.0000000000000000
M 0.7660444378852844,-0.0000000280971371,-0.6427875757217407,1.5750795602798462,0.0000000000000000,1.0000000000000000,-0.0000000437113883,0.0000000201185912,0.6427875757217407,0.0000000334848664,0.7660444378852844,-1.7025036811828613,0.0000000000000000,0.0000000000000000,0.0000000000000000,1.0000000000000000
M 0.7660444378852844,-0.0000000280971371,-0.6427875757217407,1.5750795602798462,0.0000000000000000,1.0000000000000000,-0.0000000437113883,0.0000000201185912,0.6427875757217407,0.0000000334848664,0.7660444378852844,-1.7025036811828613,0.0000000000000000,0.0000000000000000,0.0000000000000000,1.0000000000000000
M 0.7660444378852844,-0.0000000280971371,-0.6427875757217407,1.5750795602798462,0.0000000000000000,1.0000000000000000,-0.0000000437113883,0.0000000201185912,0.6427875757217407,0.0000000334848664,0.7660444378852844,-1.7025036811828613,0.0000000000000000,0.0000000000000000,0.0000000000000000,1.0000000000000000
M 0.7660444378852844,-0.0000000280971371,-0.6427875757217407,1.5750795602798462,0.0000000000000000,1.0000000000000000,-0.0000000437113883,0.0000000201185912,0.6427875757217407,0.0000000334848664,0.7660444378852844,-1.7025036811828613,0.0000000000000000,0.0000000000000000,0.0000000000000000,1.0000000000000000
M 0.7660444378852844,-0.0000000280971371,-0.6427875757217407,1.5750795602798462,0.0000000000000000,1.0000000000000000,-0.0000000437113883,0.0000000201185912,0.6427875757217407,0.0000000334848664,0.7660444378852844,-1.7025036811828613,0.0000000000000000,0.0000000000000000,0.0000000000000000,1.0000000000000000
M 0.7660444378852844,-0.0000000280971371,-0.6427875757217407,1.5750795602798462,0.0000000000000000,1.0000000000000000,-0.0000000437113883,0.0000000201185912,0.6427875757217407,0.0000000334848664,0.7660444378852844,-1.7025036811828613,0.0000000000000000,0.0000000000000000,0.0000000000000000,1.0000000000000000
M 0.7660444378852844,-0.0000000280971371,-0.6427875757217407,1.5750795602798462,0.0000000000000000,1.0000000000000000,-0.0000000437113883,0.0000000201185912,0.6427875757217407,0.0000000334848664,0.7660444378852844,-1.7025036811828613,0.0000000000000000,0.0000000000000000,0.0000000000000000,1.0000000000000000
M 0.7660444378852844,-0.0000000280971371,-0.6427875757217407,1.5750795602798462,0.0000000000000000,1.0000000000000000,-0.0000000437113883,0.0000000201185912,0.6427875757217407,0.0000000334848664,0.7660444378852844,-1.7025036811828613,0.0000000000000000,0.0000000000000000,0.0000000000000000,1.0000000000000000
M 0.7660444378852844,-0.0000000280971371,-0.6427875757217407,1.5750795602798462,0.0000000000000000,1.0000000000000000,-0.0000000437113883,0.0000000201185912,0.6427875757217407,0.0000000334848664,0.7660444378852844,-1.7025036811828613,0.0000000000000000,0.0000000000000000,0.0000000000000000,1.0000000000000000
M 0.7660444378852844,-0.0000000280971371,-0.6427875757217407,1.5750795602798462,0.0000000000000000,1.0000000000000000,-0.0000000437113883,0.0000000201185912,0.6427875757217407,0.0000000334848664,0.7660444378852844,-1.7025036811828613,0.0000000000000000,0.0000000000000000,0.0000000000000000,1.0000000000000000
M 0.7660444378852844,-0.0000000280971371,-0.6427875757217407,1.5750795602798462,0.0000000000000000,1.0000000000000000,-0.0000000437113883,0.0000000201185912,0.6427875757217407,0.0000000334848664,0.7660444378852844,-1.7025036811828613,0.0000000000000000,0.0000000000000000,0.0000000000000000,1.0000000000000000
M 0.7660444378852844,-0.0000000280971371,-0.6427875757217407,1.5750795602798462,0.0000000000000000,1.0000000000000000,-0.0000000437113883,0.0000000201185912,0.6427875757217407,0.0000000334848664,0.7660444378852844,-1.7025036811828613,0.0000000000000000,0.0000000000000000,0.0000000000000000,1.0000000000000000
M 0.7660444378852844,-0.0000000280971371,-0.6427875757217407,1.5750795602798462,0.0000000000000000,1.0000000000000000,-0.0000000437113883,0.0000000201185912,0.6427875757217407,0.0000000334848664,0.7660444378852844,-1.7025036811828613,0.0000000000000000,0.0000000000000000,0.0000000000000000,1.0000000000000000
M 0.7660444378852844,-0.0000000280971371,-0.6427875757217407,1.5750795602798462,0.0000000000000000,1.0000000000000000,-0.0000000437113883,0.0000000201185912,0.6427875757217407,0.0000000334848664,0.7660444378852844,-1.7025036811828613,0.0000000000000000,0.0000000000000000,0.0000000000000000,1.0000000000000000
M 0.7660444378852844,-0.0000000280971371,-0.6427875757217407,1.5750795602798462,0.0000000000000000,1.0000000000000000,-0.0000000437113883,0.0000000201185912,0.6427875757217407,0.0000000334848664,0.7660444378852844,-1.7025036811828613,0.0000000000000000,0.0000000000000000,0.0000000000000000,1.0000000000000000
M 0.7660444378852844,-0.0000000280971371,-0.6427875757217407,1.5750795602798462,0.0000000000000000,1.0000000000000000,-0.0000000437113883,0.0000000201185912,0.6427875757217407,0.0000000334848664,0.7660444378852844,-1.7025036811828613,0.0000000000000000,0.0000000000000000,0.0000000000000000,1.0000000000000000
M 0.7660444378852844,-0.0000000280971371,-0.6427875757217407,1.5750795602798462,0.0000000000000000,1.0000000000000000,-0.0000000437113883,0.0000000201185912,0.6427875757217407,0.0000000334848664,0.7660444378852844,-1.7025036811828613,0.0000000000000000,0.0000000000000000,0.0000000000000000,1.0000000000000000
M 0.7660444378852844,-0.0000000280971371,-0.6427875757217407,1.5750795602798462,0.0000000000000000,1.0000000000000000,-0.0000000437113883,0.0000000201185912,0.6427875757217407,0.0000000334848664,0.7660444378852844,-1.7025036811828613,0.0000000000000000,0.0000000000000000,0.0000000000000000,1.0000000000000000
M 0.7660444378852844,-0.0000000280971371,-0.6427875757217407,1.5750795602798462,0.0000000000000000,1.0000000000000000,-0.0000000437113883,0.0000000201185912,0.6427875757217407,0.0000000334848664,0.7660444378852844,-1.7025036811828613,0.0000000000000000,0.0000000000000000,0.0000000000000000,1.0000000000000000
M 0.7660444378852844,-0.0000000280971371,-0.6427875757217407,1.5750795602798462,0.0000000000000000,1.0000000000000000,-0.0000000437113883,0.0000000201185912,0.6427875757217407,0.0000000334848664,0.7660444378852844,-1.7025036811828613,0.0000000000000000,0.0000000000000000,0.0000000000000000,1.0000000000000000
M 0.7660444378852844,-0.0000000280971371,-0.6427875757217407,1.5750795602798462,0.0000000000000000,1.0000000000000000,-0.0000000437113883,0.0000000201185912,0.6427875757217407,0.0000000334848664,0.7660444378852844,-1.7025036811828613,0.0000000000000000,0.0000000000000000,0.0000000000000000,1.0000000000000000
M 0.7660444378852844,-0.0000000280971371,-0.6427875757217407,1.5750795602798462,0.0000000000000000,1.0000000000000000,-0.0000000437113883,0.0000000201185912,0.6427875757217407,0.0000000334848664,0.7660444378852844,-1.7025036811828613,0.0000000000000000,0.0000000000000000,0.0000000000000000,1.0000000000000000
M 0.7660444378852844,-0.0000000280971371,-0.6427875757217407,1.5750795602798462,0.0000000000000000,1.0000000000000000,-0.0000000437113883,0.0000000201185912,0.6427875757217407,0.0000000334848664,0.7660444378852844,-1.7025036811828613,0.0000000000000000,0.0000000000000000,0.0000000000000000,1.0000000000000000
M 0.7660444378852844,-0.0000000280971371,-0.6427875757217407,1.5750795602798462,0.0000000000000000,1.0000000000000000,-0.0000000437113883,0.0000000201185912,0.6427875757217407,0.0000000334848664,0.7660444378852844,-1.7025036811828613,0.0000000000000000,0.0000000000000000,0.0000000000000000,1.0000000000000000
M 0.7660444378852844,-0.0000000280971371,-0.6427875757217407,1.5750795602798462,0.0000000000000000,1.0000000000000000,-0.0000000437113883,0.0000000201185912,0.6427875757217407,0.0000000334848664,0.7660444378852844,-1.7025036811828613,0.0000000000000000,0.0000000000000000,0.0000000000000000,1.0000000000000000
M 0.7660444378852844,-0.0000000280971371,-0.6427875757217407,1.5750795602798462,0.0000000000000000,1.0000000000000000,-0.0000000437113883,0.0000000201185912,0.6427875757217407,0.0000000334848664,0.7660444378852844,-1.7025036811828613,0.0000000000000000,0.0000000000000000,0.0000000000000000,1.0000000000000000
M 0.7660444378852844,-0.0000000280971371,-0.6427875757217407,1.5750795602798462,0.0000000000000000,1.0000000000000000,-0.0000000437113883,0.0000000201185912,0.6427875757217407,0.0000000334848664,0.7660444378852844,-1.7025036811828613,0.0000000000000000,0.0000000000000000,0.0000000000000000,1.0000000000000000
M 0.7660444378852844,-0.0000000280971371,-0.6427875757217407,1.5750795602798462,0.0000000000000000,1.0000000000000000,-0.0000000437113883,0.0000000201185912,0.6427875757217407,0.0000000334848664,0.7660444378852844,-1.7025036811828613,0.0000000000000000,0.0000000000000000,0.0000000000000000,1.0000000000000000
M 0.7660444378852844,-0.0000000280971371,-0.6427875757217407,1.5750795602798462,0.0000000000000000,1.0000000000000000,-0.0000000437113883,0.0000000201185912,0.6427875757217407,0.0000000334848664,0.7660444378852844,-1.7025036811828613,0.0000000000000000,0.0000000000000000,0.0000000000000000,1.0000000000000000
M 0.7660444378852844,-0.0000000280971371,-0.6427875757217407,1.5750795602798462,0.0000000000000000,1.0000000000000000,-0.0000000437113883,0.0000000201185912,0.6427875757217407,0.0000000334848664,0.7660444378852844,-1.7025036811828613,0.0000000000000000,0.0000000000000000,0.0000000000000000,1.0000000000000000
M 0.7660444378852844,-0.0000000280971371,-0.6427875757217407,1.5750795602798462,0.0000000000000000,1.0000000000000000,-0.0000000437113883,0.0000000201185912,0.6427875757217407,0.0000000334848664,0.7660444378852844,-1.7025036811828613,0.0000000000000000,0.0000000000000000,0.0000000000000000,1.0000000000000000
M 0.7660444378852844,-0.0000000280971371,-0.6427875757217407,1.5750795602798462,0.0000000000000000,1.0000000000000000,-0.0000000437113883,0.0000000201185912,0.6427875757217407,0.0000000334848664,0.7660444378852844,-1.7025036811828613,0.0000000000000000,0.0000000000000000,0.0000000000000000,1.0000000000000000
M 0.7660444378852844,-0.0000000280971371,-0.6427875757217407,1.5750795602798462,0.0000000000000000,1.0000000000000000,-0.0000000437113883,0.0000000201185912,0.6427875757217407,0.0000000334848664,0.7660444378852844,-1.7025036811828613,0.0000000000000000,0.0000000000000000,0.0000000000000000,1.0000000000000000
M 0.7660444378852844,-0.0000000280971371,-0.6427875757217407,1.5750795602798462,0.0000000000000000,1.0000000000000000,-0.0000000437113883,0.0000000201185912,0.6427875757217407,0.0000000334848664,0.7660444378852844,-1.7025036811828613,0.0000000000000000,0.0000000000000000,0.0000000000000000,1.0000000000000000
M 0.7660444378852844,-0.0000000280971371,-0.6427875757217407,1.5750795602798462,0.0000000000000000,1.0000000000000000,-0.0000000437113883,0.0000000201185912,0.6427875757217407,0.0000000334848664,0.7660444378852844,-1.7025036811828613,0.0000000000000000,0.0000000000000000,0.0000000000000000,1.0000000000000000
M 0.7660444378852844,-0.0000000280971371,-0.6427875757217407,1.5750795602798462,0.0000000000000000,1.0000000000000000,-0.0000000437113883,0.0000000201185912,0.6427875757217407,0.0000000334848664,0.7660444378852844,-1.7025036811828613,0.0000000000000000,0.0000000000000000,0.0000000000000000,1.0000000000000000
M 0.7660444378852844,-0.0000000280971371,-0.6427875757217407,1.5750795602798462,0.0000000000000000,1.0000000000000000,-0.0000000437113883,0.0000000201185912,0.6427875757217407,0.0000000334848664,0.7660444378852844,-1.7025036811828613,0.0000000000000000,0.0000000000000000,0.0000000000000000,1.0000000000000000
M 0.7660444378852844,-0.0000000280971371,-0.6427875757217407,1.5750795602798462,0.0000000000000000,1.0000000000000000,-0.0000000437113883,0.0000000201185912,0.6427875757217407,0.0000000334848664,0.7660444378852844,-1.7025036811828613,0.0000000000000000,0.0000000000000000,0.0000000000000000,1.0000000000000000
M 0.7660444378852844,-0.0000000280971371,-0.6427875757217407,1.5750795602798462,0.0000000000000000,1.0000000000000000,-0.0000000437113883,0.0000000201185912,0.6427875757217407,0.0000000334848664,0.7660444378852844,-1.7025036811828613,0.0000000000000000,0.0000000000000000,0.0000000000000000,1.0000000000000000
M 0.7660444378852844,-0.0000000280971371,-0.6427875757217407,1.5750795602798462,0.0000000000000000,1.0000000000000000,-0.0000000437113883,0.0000000201185912,0.6427875757217407,0.0000000334848664,0.7660444378852844,-1.7025036811828613,0.0000000000000000,0.0000000000000000,0.0000000000000000,1.0000000000000000
M 0.7660444378852844,-0.0000000280971371,-0.6427875757217407,1.5750795602798462,0.0000000000000000,1.0000000000000000,-0.0000000437113883,0.0000000201185912,0.6427875757217407,0.0000000334848664,0.7660444378852844,-1.7025036811828613,0.0000000000000000,0.0000000000000000,0.0000000000000000,1.0000000000000000
M 0.7660444378852844,-0.0000000280971371,-0.6427875757217407,1.5750795602798462,0.0000000000000000,1.0000000000000000,-0.0000000437113883,0.0000000201185912,0.6427875757217407,0.0000000334848664,0.7660444378852844,-1.7025036811828613,0.0000000000000000,0.0000000000000000,0.0000000000000000,1.0000000000000000
M 0.7660444378852844,-0.0000000280971371,-0.6427875757217407,1.5750795602798462,0.0000000000000000,1.0000000000000000,-0.0000000437113883,0.0000000201185912,0.6427875757217407,0.0000000334848664,0.7660444378852844,-1.7025036811828613,0.0000000000000000,0.0000000000000000,0.0000000000000000,1.0000000000000000
M 0.7660444378852844,-0.0000000280971371,-0.6427875757217407,1.5750795602798462,0.0000000000000000,1.0000000000000000,-0.0000000437113883,0.0000000201185912,0.6427875757217407,0.0000000334848664,0.7660444378852844,-1.7025036811828613,0.0000000000000000,0.0000000000000000,0.0000000000000000,1.0000000000000000
M 0.7660444378852844,-0.0000000280971371,-0.6427875757217407,1.5750795602798462,0.0000000000000000,1.0000000000000000,-0.0000000437113883,0.0000000201185912,0.6427875757217407,0.0000000334848664,0.7660444378852844,-1.7025036811828613,0.0000000000000000,0.0000000000000000,0.0000000000000000,1.0000000000000000
M 0.7660444378852844,-0.0000000280971371,-0.6427875757217407,1.5750795602798462,0.0000000000000000,1.0000000000000000,-0.0000000437113883,0.0000000201185912,0.6427875757217407,0.0000000334848664,0.7660444378852844,-1.7025036811828613,0.0000000000000000,0.0000000000000000,0.0000000000000000,1.0000000000000000
M 0.7660444378852844,-0.0000000280971371,-0.6427875757217407,1.5750795602798462,0.0000000000000000,1.0000000000000000,-0.0000000437113883,0.0000000201185912,0.6427875757217407,0.0000000334848664,0.7660444378852844,-1.7025036811828613,0.0000000000000000,0.0000000000000000,0.0000000000000000,1.0000000000000000
M 0.7660444378852844,-0.0000000280971371,-0.6427875757217407,1.5750795602798462,0.0000000000000000,1.0000000000000000,-0.0000000437113883,0.0000000201185912,0.6427875757217407,0.0000000334848664,0.7660444378852844,-1.7025036811828613,0.0000000000000000,0.0000000000000000,0.0000000000000000,1.0000000000000000
M 0.7660444378852844,-0.0000000280971371,-0.6427875757217407,1.5750795602798462,0.0000000000000000,1.0000000000000000,-0.0000000437113883,0.0000000201185912,0.6427875757217407,0.0000000334848664,0.7660444378852844,-1.7025036811828613,0.0000000000000000,0.0000000000000000,0.0000000000000000,1.0000000000000000
M 0.7660444378852844,-0.0000000280971371,-0.6427875757217407,1.5750795602798462,0.0000000000000000,1.0000000000000000,-0.0000000437113883,0.0000000201185912,0.6427875757217407,0.0000000334848664,0.7660444378852844,-1.7025036811828613,0.0000000000000000,0.0000000000000000,0.0000000000000000,1.0000000000000000
M 0.7660444378852844,-0.0000000280971371,-0.6427875757217407,1.5750795602798462,0.0000000000000000,1.0000000000000000,-0.0000000437113883,0.0000000201185912,0.6427875757217407,0.0000000334848664,0.7660444378852844,-1.7025036811828613,0.0000000000000000,0.0000000000000000,0.0000000000000000,1.0000000000000000
M 0.7660444378852844,-0.0000000280971371,-0.6427875757217407,1.5750795602798462,0.0000000000000000,1.0000000000000000,-0.0000000437113883,0.0000000201185912,0.6427875757217407,0.0000000334848664,0.7660444378852844,-1.7025036811828613,0.0000000000000000,0.0000000000000000,0.0000000000000000,1.0000000000000000
M 0.7660444378852844,-0.0000000280971371,-0.6427875757217407,1.5750795602798462,0.0000000000000000,1.0000000000000000,-0.0000000437113883,0.0000000201185912,0.6427875757217407,0.0000000334848664,0.7660444378852844,-1.7025036811828613,0.0000000000000000,0.0000000000000000,0.0000000000000000,1.0000000000000000
M 0.7660444378852844,-0.0000000280971371,-0.6427875757217407,1.5750795602798462,0.0000000000000000,1.0000000000000000,-0.0000000437113883,0.0000000201185912,0.6427875757217407,0.0000000334848664,0.7660444378852844,-1.7025036811828613,0.0000000000000000,0.0000000000000000,0.0000000000000000,1.0000000000000000
M 0.7660444378852844,-0.0000000280971371,-0.6427875757217407,1.5750795602798462,0.0000000000000000,1.0000000000000000,-0.0000000437113883,0.0000000201185912,0.6427875757217407,0.0000000334848664,0.7660444378852844,-1.7025036811828613,0.0000000000000000,0.0000000000000000,0.0000000000000000,1.0000000000000000
M 0.7660444378852844,-0.0000000280971371,-0.6427875757217407,1.5750795602798462,0.0000000000000000,1.0000000000000000,-0.0000000437113883,0.0000000201185912,0.6427875757217407,0.0000000334848664,0.7660444378852844,-1.7025036811828613,0.0000000000000000,0.0000000000000000,0.0000000000000000,1.0000000000000000
M 0.7660444378852844,-0.0000000280971371,-0.6427875757217407,1.5750795602798462,0.0000000000000000,1.0000000000000000,-0.0000000437113883,0.0000000201185912,0.6427875757217407,0.0000000334848664,0.7660444378852844,-1.7025036811828613,0.0000000000000000,0.0000000000000000,0.0000000000000000,1.0000000000000000
M 0.7660444378852844,-0.0000000280971371,-0.6427875757217407,1.5750795602798462,0.0000000000000000,1.0000000000000000,-0.0000000437113883,0.0000000201185912,0.6427875757217407,0.0000000334848664,0.7660444378852844,-1.7025036811828613,0.0000000000000000,0.0000000000000000,0.0000000000000000,1.0000000000000000
M 0.7660444378852844,-0.0000000280971371,-0.6427875757217407,1.5750795602798462,0.0000000000000000,1.0000000000000000,-0.0000000437113883,0.0000000201185912,0.6427875757217407,0.0000000334848664,0.7660444378852844,-1.7025036811828613,0.0000000000000000,0.0000000000000000,0.0000000000000000,1.0000000000000000
M 0.7660444378852844,-0.0000000280971371,-0.6427875757217407,1.5750795602798462,0.0000000000000000,1.0000000000000000,-0.0000000437113883,0.0000000201185912,0.6427875757217407,0.0000000334848664,0.7660444378852844,-1.7025036811828613,0.0000000000000000,0.0000000000000000,0.0000000000000000,1.0000000000000000
M 0.7660444378852844,-0.0000000280971371,-0.6427875757217407,1.5750795602798462,0.0000000000000000,1.0000000000000000,-0.0000000437113883,0.0000000201185912,0.6427875757217407,0.0000000334848664,0.7660444378852844,-1.7025036811828613,0.0000000000000000,0.0000000000000000,0.0000000000000000,1.0000000000000000
M 0.7660444378852844,-0.0000000280971371,-0.6427875757217407,1.5750795602798462,0.0000000000000000,1.0000000000000000,-0.0000000437113883,0.0000000201185912,0.6427875757217407,0.0000000334848664,0.7660444378852844,-1.7025036811828613,0.0000000000000000,0.0000000000000000,0.0000000000000000,1.0000000000000000
M 0.7660444378852844,-0.0000000280971371,-0.6427875757217407,1.5750795602798462,0.0000000000000000,1.0000000000000000,-0.0000000437113883,0.0000000201185912,0.6427875757217407,0.0000000334848664,0.7660444378852844,-1.7025036811828613,0.0000000000000000,0.0000000000000000,0.0000000000000000,1.0000000000000000
M 0.7660444378852844,-0.0000000280971371,-0.6427875757217407,1.5750795602798462,0.0000000000000000,1.0000000000000000,-0.0000000437113883,0.0000000201185912,0.6427875757217407,0.0000000334848664,0.7660444378852844,-1.7025036811828613,0.0000000000000000,0.0000000000000000,0.0000000000000000,1.0000000000000000
M 0.7660444378852844,-0.0000000280971371,-0.6427875757217407,1.5750795602798462,0.0000000000000000,1.0000000000000000,-0.0000000437113883,0.0000000201185912,0.6427875757217407,0.0000000334848664,0.7660444378852844,-1.7025036811828613,0.0000000000000000,0.0000000000000000,0.0000000000000000,1.0000000000000000
M 0.7660444378852844,-0.0000000280971371,-0.6427875757217407,1.5750795602798462,0.0000000000000000,1.0000000000000000,-0.0000000437113883,0.0000000201185912,0.6427875757217407,0.0000000334848664,0.7660444378852844,-1.7025036811828613,0.0000000000000000,0.0000000000000000,0.0000000000000000,1.0000000000000000
