O DOOR_13_Arm_INTERIOR_LCG_il_LINVERT
A DOOR_13_Arm_INTERIOR_LCG_il_LINVERT_DOOR_13_Arm_INTERIOR_LCG_il_LINVERT
M 1.0000000000000000,0.0000000000000000,0.0000000000000000,0.0000000000000000,0.0000000000000000,1.0000000000000000,-0.0000000437113883,-0.0000000201204529,-0.0000000000000000,0.0000000437113883,1.0000000000000000,-0.0000000338248967,0.0000000000000000,0.0000000000000000,0.0000000000000000,1.0000000000000000
M 0.9999984502792358,0.0000000000776417,0.0017762349452823,0.0023360261693597,0.0000000000000000,1.0000000000000000,-0.0000000437113883,-0.0000000201204529,-0.0017762349452823,0.0000000437113279,0.9999984502792358,0.0055558928288519,0.0000000000000000,0.0000000000000000,0.0000000000000000,1.0000000000000000
M 0.9999757409095764,0.0000000003043532,0.0069627882912755,0.0092142783105373,0.0000000000000000,1.0000000000000000,-0.0000000437113883,-0.0000000201204529,-0.0069627882912755,0.0000000437103296,0.9999757409095764,0.0217551495879889,0.0000000000000000,0.0000000000000000,0.0000000000000000,1.0000000000000000
M 0.9998822212219238,0.0000000006707983,0.0153460754081607,0.0205098818987608,0.0000000000000000,1.0000000000000000,-0.0000000437113883,-0.0000000201204529,-0.0153460754081607,0.0000000437062404,0.9998822212219238,0.0478642098605633,0.0000000000000000,0.0000000000000000,0.0000000000000000,1.0000000000000000
M 0.9996432065963745,0.0000000011675928,0.0267114099115133,0.0361744798719883,0.0000000000000000,1.0000000000000000,-0.0000000437113883,-0.0000000201204529,-0.0267114099115133,0.0000000436957990,0.9996432065963745,0.0831134319305420,0.0000000000000000,0.0000000000000000,0.0000000000000000,1.0000000000000000
M 0.9991655945777893,0.0000000017852629,0.0408420562744141,0.0562149547040462,0.0000000000000000,1.0000000000000000,-0.0000000437113883,-0.0000000201204529,-0.0408420562744141,0.0000000436749161,0.9991655945777893,0.1267022192478180,0.0000000000000000,0.0000000000000000,0.0000000000000000,1.0000000000000000
M 0.9983444809913635,0.0000000025142037,0.0575182661414146,0.0806712061166763,0.0000000000000000,1.0000000000000000,-0.0000000437113883,-0.0000000201204529,-0.0575182661414146,0.0000000436390231,0.9983444809913635,0.1778054982423782,0.0000000000000000,0.0000000000000000,0.0000000000000000,1.0000000000000000
M 0.9970683455467224,0.0000000033446386,0.0765164121985435,0.1095990017056465,0.0000000000000000,1.0000000000000000,-0.0000000437113883,-0.0000000201204529,-0.0765164121985435,0.0000000435832419,0.9970683455467224,0.2355770319700241,0.0000000000000000,0.0000000000000000,0.0000000000000000,1.0000000000000000
M 0.9952248930931091,0.0000000042665969,0.0976083502173424,0.1430498808622360,0.0000000000000000,1.0000000000000000,-0.0000000437113883,-0.0000000201204529,-0.0976083502173424,0.0000000435026628,0.9952248930931091,0.2991555929183960,0.0000000000000000,0.0000000000000000,0.0000000000000000,1.0000000000000000
M 0.9927059412002563,0.0000000052698921,0.1205610781908035,0.1810565590858459,0.0000000000000000,1.0000000000000000,-0.0000000437113883,-0.0000000201204529,-0.1205610781908035,0.0000000433925607,0.9927059412002563,0.3676701188087463,0.0000000000000000,0.0000000000000000,0.0000000000000000,1.0000000000000000
M 0.9894115924835205,0.0000000063441359,0.1451368927955627,0.2236198782920837,0.0000000000000000,1.0000000000000000,-0.0000000437113883,-0.0000000201204529,-0.1451368927955627,0.0000000432485550,0.9894115924835205,0.4402456879615784,0.0000000000000000,0.0000000000000000,0.0000000000000000,1.0000000000000000
M 0.9852547645568848,0.0000000074787430,0.1710936874151230,0.2706943452358246,0.0000000000000000,1.0000000000000000,-0.0000000437113883,-0.0000000201204529,-0.1710936874151230,0.0000000430668550,0.9852547645568848,0.5160104036331177,0.0000000000000000,0.0000000000000000,0.0000000000000000,1.0000000000000000
M 0.9801644682884216,0.0000000086629806,0.1981858909130096,0.3221798837184906,0.0000000000000000,1.0000000000000000,-0.0000000437113883,-0.0000000201204529,-0.1981858909130096,0.0000000428443556,0.9801644682884216,0.5941027998924255,0.0000000000000000,0.0000000000000000,0.0000000000000000,1.0000000000000000
M 0.9740887880325317,0.0000000098860236,0.2261658459901810,0.3779140412807465,0.0000000000000000,1.0000000000000000,-0.0000000437113883,-0.0000000201204529,-0.2261658459901810,0.0000000425787725,0.9740887880325317,0.6736797690391541,0.0000000000000000,0.0000000000000000,0.0000000000000000,1.0000000000000000
M 0.9669977426528931,0.0000000111370024,0.2547848820686340,0.4376641511917114,0.0000000000000000,1.0000000000000000,-0.0000000437113883,-0.0000000201204529,-0.2547848820686340,0.0000000422688125,0.9669977426528931,0.7539236545562744,0.0000000000000000,0.0000000000000000,0.0000000000000000,1.0000000000000000
M 0.9588847756385803,0.0000000124050992,0.2837955951690674,0.5011256933212280,0.0000000000000000,1.0000000000000000,-0.0000000437113883,-0.0000000201204529,-0.2837955951690674,0.0000000419141841,0.9588847756385803,0.8340520262718201,0.0000000000000000,0.0000000000000000,0.0000000000000000,1.0000000000000000
M 0.9497683644294739,0.0000000136796441,0.3129537701606750,0.5679208040237427,0.0000000000000000,1.0000000000000000,-0.0000000437113883,-0.0000000201204529,-0.3129537701606750,0.0000000415157011,0.9497683644294739,0.9133247733116150,0.0000000000000000,0.0000000000000000,0.0000000000000000,1.0000000000000000
M 0.9396926164627075,0.0000000149501744,0.3420201241970062,0.6375973224639893,0.0000000000000000,1.0000000000000000,-0.0000000437113883,-0.0000000201204529,-0.3420201241970062,0.0000000410752676,0.9396926164627075,0.9910511374473572,0.0000000000000000,0.0000000000000000,0.0000000000000000,1.0000000000000000
M 0.9287276268005371,0.0000000162065579,0.3707627952098846,0.7096313834190369,0.0000000000000000,1.0000000000000000,-0.0000000437113883,-0.0000000201204529,-0.3707627952098846,0.0000000405959817,0.9287276268005371,1.0665977001190186,0.0000000000000000,0.0000000000000000,0.0000000000000000,1.0000000000000000
M 0.9169687032699585,0.0000000174390600,0.3989591896533966,0.7834327816963196,0.0000000000000000,1.0000000000000000,-0.0000000437113883,-0.0000000201204529,-0.3989591896533966,0.0000000400819822,0.9169687032699585,1.1393927335739136,0.0000000000000000,0.0000000000000000,0.0000000000000000,1.0000000000000000
M 0.9045358300209045,0.0000000186384312,0.4263976216316223,0.8583481907844543,0.0000000000000000,1.0000000000000000,-0.0000000437113883,-0.0000000201204529,-0.4263976216316223,0.0000000395385165,0.9045358300209045,1.2089315652847290,0.0000000000000000,0.0000000000000000,0.0000000000000000,1.0000000000000000
M 0.8915719389915466,0.0000000197959746,0.4528791010379791,0.9336693882942200,0.0000000000000000,1.0000000000000000,-0.0000000437113883,-0.0000000201204529,-0.4528791010379791,0.0000000389718480,0.8915719389915466,1.2747790813446045,0.0000000000000000,0.0000000000000000,0.0000000000000000,1.0000000000000000
M 0.8782410025596619,0.0000000209035864,0.4782183170318604,1.0086395740509033,0.0000000000000000,1.0000000000000000,-0.0000000437113883,-0.0000000201204529,-0.4782183170318604,0.0000000383891390,0.8782410025596619,1.3365707397460938,0.0000000000000000,0.0000000000000000,0.0000000000000000,1.0000000000000000
M 0.8647258877754211,0.0000000219537881,0.5022441148757935,1.0824625492095947,0.0000000000000000,1.0000000000000000,-0.0000000437113883,-0.0000000201204529,-0.5022441148757935,0.0000000377983689,0.8647258877754211,1.3940107822418213,0.0000000000000000,0.0000000000000000,0.0000000000000000,1.0000000000000000
M 0.8512254953384399,0.0000000229397461,0.5248001217842102,1.1543101072311401,0.0000000000000000,1.0000000000000000,-0.0000000437113883,-0.0000000201204529,-0.5248001217842102,0.0000000372082560,0.8512254953384399,1.4468710422515869,0.0000000000000000,0.0000000000000000,0.0000000000000000,1.0000000000000000
M 0.8379520773887634,0.0000000238552200,0.5457438230514526,1.2233315706253052,0.0000000000000000,1.0000000000000000,-0.0000000437113883,-0.0000000201204529,-0.5457438230514526,0.0000000366280482,0.8379520773887634,1.4949841499328613,0.0000000000000000,0.0000000000000000,0.0000000000000000,1.0000000000000000
M 0.8251278996467590,0.0000000246945717,0.5649459362030029,1.2886615991592407,0.0000000000000000,1.0000000000000000,-0.0000000437113883,-0.0000000201204529,-0.5649459362030029,0.0000000360674868,0.8251278996467590,1.5382375717163086,0.0000000000000000,0.0000000000000000,0.0000000000000000,1.0000000000000000
M 0.8129824995994568,0.0000000254526231,0.5822881460189819,1.3494263887405396,0.0000000000000000,1.0000000000000000,-0.0000000437113883,-0.0000000201204529,-0.5822881460189819,0.0000000355365941,0.8129824995994568,1.5765619277954102,0.0000000000000000,0.0000000000000000,0.0000000000000000,1.0000000000000000
M 0.8017482757568359,0.0000000261246331,0.5976618528366089,1.4047565460205078,0.0000000000000000,1.0000000000000000,-0.0000000437113883,-0.0000000201204529,-0.5976618528366089,0.0000000350455309,0.8017482757568359,1.6099227666854858,0.0000000000000000,0.0000000000000000,0.0000000000000000,1.0000000000000000
M 0.7916581034660339,0.0000000267061004,0.6109643578529358,1.4537886381149292,0.0000000000000000,1.0000000000000000,-0.0000000437113883,-0.0000000201204529,-0.6109643578529358,0.0000000346044757,0.7916581034660339,1.6383039951324463,0.0000000000000000,0.0000000000000000,0.0000000000000000,1.0000000000000000
M 0.7829409241676331,0.0000000271926854,0.6220960617065430,1.4956750869750977,0.0000000000000000,1.0000000000000000,-0.0000000437113883,-0.0000000201204529,-0.6220960617065430,0.0000000342234330,0.7829409241676331,1.6616947650909424,0.0000000000000000,0.0000000000000000,0.0000000000000000,1.0000000000000000
M 0.7758184671401978,0.0000000275799739,0.6309561729431152,1.5295904874801636,0.0000000000000000,1.0000000000000000,-0.0000000437113883,-0.0000000201204529,-0.6309561729431152,0.0000000339121016,0.7758184671401978,1.6800705194473267,0.0000000000000000,0.0000000000000000,0.0000000000000000,1.0000000000000000
M 0.7705014944076538,0.0000000278633081,0.6374381780624390,1.5547349452972412,0.0000000000000000,1.0000000000000000,-0.0000000437113883,-0.0000000201204529,-0.6374381780624390,0.0000000336796901,0.7705014944076538,1.6933748722076416,0.0000000000000000,0.0000000000000000,0.0000000000000000,1.0000000000000000
M 0.7671849727630615,0.0000000280376167,0.6414259076118469,1.5703463554382324,0.0000000000000000,1.0000000000000000,-0.0000000437113883,-0.0000000201204529,-0.6414259076118469,0.0000000335347217,0.7671849727630615,1.7014998197555542,0.0000000000000000,0.0000000000000000,0.0000000000000000,1.0000000000000000
M 0.7660444378852844,0.0000000280971371,0.6427875757217407,1.5757024288177490,0.0000000000000000,1.0000000000000000,-0.0000000437113883,-0.0000000201204529,-0.6427875757217407,0.0000000334848664,0.7660444378852844,1.7042636871337891,0.0000000000000000,0.0000000000000000,0.0000000000000000,1.0000000000000000
M 0.7660444378852844,0.0000000280971371,0.6427875757217407,1.5757024288177490,0.0000000000000000,1.0000000000000000,-0.0000000437113883,-0.0000000201204529,-0.6427875757217407,0.0000000334848664,0.7660444378852844,1.7042636871337891,0.0000000000000000,0.0000000000000000,0.0000000000000000,1.0000000000000000
M 0.7660444378852844,0.0000000280971371,0.6427875757217407,1.5757024288177490,0.0000000000000000,1.0000000000000000,-0.0000000437113883,-0.0000000201204529,-0.6427875757217407,0.0000000334848664,0.7660444378852844,1.7042636871337891,0.0000000000000000,0.0000000000000000,0.0000000000000000,1.0000000000000000
M 0.7660444378852844,0.0000000280971371,0.6427875757217407,1.5757024288177490,0.0000000000000000,1.0000000000000000,-0.0000000437113883,-0.0000000201204529,-0.6427875757217407,0.0000000334848664,0.7660444378852844,1.7042636871337891,0.0000000000000000,0.0000000000000000,0.0000000000000000,1.0000000000000000
M 0.7660444378852844,0.0000000280971371,0.6427875757217407,1.5757024288177490,0.0000000000000000,1.0000000000000000,-0.0000000437113883,-0.0000000201204529,-0.6427875757217407,0.0000000334848664,0.7660444378852844,1.7042636871337891,0.0000000000000000,0.0000000000000000,0.0000000000000000,1.0000000000000000
M 0.7660444378852844,0.0000000280971371,0.6427875757217407,1.5757024288177490,0.0000000000000000,1.0000000000000000,-0.0000000437113883,-0.0000000201204529,-0.6427875757217407,0.0000000334848664,0.7660444378852844,1.7042636871337891,0.0000000000000000,0.0000000000000000,0.0000000000000000,1.0000000000000000
M 0.7660444378852844,0.0000000280971371,0.6427875757217407,1.5757024288177490,0.0000000000000000,1.0000000000000000,-0.0000000437113883,-0.0000000201204529,-0.6427875757217407,0.0000000334848664,0.7660444378852844,1.7042636871337891,0.0000000000000000,0.0000000000000000,0.0000000000000000,1.0000000000000000
M 0.7660444378852844,0.0000000280971371,0.6427875757217407,1.5757024288177490,0.0000000000000000,1.0000000000000000,-0.0000000437113883,-0.0000000201204529,-0.6427875757217407,0.0000000334848664,0.7660444378852844,1.7042636871337891,0.0000000000000000,0.0000000000000000,0.0000000000000000,1.0000000000000000
M 0.7660444378852844,0.0000000280971371,0.6427875757217407,1.5757024288177490,0.0000000000000000,1.0000000000000000,-0.0000000437113883,-0.0000000201204529,-0.6427875757217407,0.0000000334848664,0.7660444378852844,1.7042636871337891,0.0000000000000000,0.0000000000000000,0.0000000000000000,1.0000000000000000
M 0.7660444378852844,0.0000000280971371,0.6427875757217407,1.5757024288177490,0.0000000000000000,1.0000000000000000,-0.0000000437113883,-0.0000000201204529,-0.6427875757217407,0.0000000334848664,0.7660444378852844,1.7042636871337891,0.0000000000000000,0.0000000000000000,0.0000000000000000,1.0000000000000000
M 0.7660444378852844,0.0000000280971371,0.6427875757217407,1.5757024288177490,0.0000000000000000,1.0000000000000000,-0.0000000437113883,-0.0000000201204529,-0.6427875757217407,0.0000000334848664,0.7660444378852844,1.7042636871337891,0.0000000000000000,0.0000000000000000,0.0000000000000000,1.0000000000000000
M 0.7660444378852844,0.0000000280971371,0.6427875757217407,1.5757024288177490,0.0000000000000000,1.0000000000000000,-0.0000000437113883,-0.0000000201204529,-0.6427875757217407,0.0000000334848664,0.7660444378852844,1.7042636871337891,0.0000000000000000,0.0000000000000000,0.0000000000000000,1.0000000000000000
M 0.7660444378852844,0.0000000280971371,0.6427875757217407,1.5757024288177490,0.0000000000000000,1.0000000000000000,-0.0000000437113883,-0.0000000201204529,-0.6427875757217407,0.0000000334848664,0.7660444378852844,1.7042636871337891,0.0000000000000000,0.0000000000000000,0.0000000000000000,1.0000000000000000
M 0.7660444378852844,0.0000000280971371,0.6427875757217407,1.5757024288177490,0.0000000000000000,1.0000000000000000,-0.0000000437113883,-0.0000000201204529,-0.6427875757217407,0.0000000334848664,0.7660444378852844,1.7042636871337891,0.0000000000000000,0.0000000000000000,0.0000000000000000,1.0000000000000000
M 0.7660444378852844,0.0000000280971371,0.6427875757217407,1.5757024288177490,0.0000000000000000,1.0000000000000000,-0.0000000437113883,-0.0000000201204529,-0.6427875757217407,0.0000000334848664,0.7660444378852844,1.7042636871337891,0.0000000000000000,0.0000000000000000,0.0000000000000000,1.0000000000000000
M 0.7660444378852844,0.0000000280971371,0.6427875757217407,1.5757024288177490,0.0000000000000000,1.0000000000000000,-0.0000000437113883,-0.0000000201204529,-0.6427875757217407,0.0000000334848664,0.7660444378852844,1.7042636871337891,0.0000000000000000,0.0000000000000000,0.0000000000000000,1.0000000000000000
M 0.7660444378852844,0.0000000280971371,0.6427875757217407,1.5757024288177490,0.0000000000000000,1.0000000000000000,-0.0000000437113883,-0.0000000201204529,-0.6427875757217407,0.0000000334848664,0.7660444378852844,1.7042636871337891,0.0000000000000000,0.0000000000000000,0.0000000000000000,1.0000000000000000
M 0.7660444378852844,0.0000000280971371,0.6427875757217407,1.5757024288177490,0.0000000000000000,1.0000000000000000,-0.0000000437113883,-0.0000000201204529,-0.6427875757217407,0.0000000334848664,0.7660444378852844,1.7042636871337891,0.0000000000000000,0.0000000000000000,0.0000000000000000,1.0000000000000000
M 0.7660444378852844,0.0000000280971371,0.6427875757217407,1.5757024288177490,0.0000000000000000,1.0000000000000000,-0.0000000437113883,-0.0000000201204529,-0.6427875757217407,0.0000000334848664,0.7660444378852844,1.7042636871337891,0.0000000000000000,0.0000000000000000,0.0000000000000000,1.0000000000000000
M 0.7660444378852844,0.0000000280971371,0.6427875757217407,1.5757024288177490,0.0000000000000000,1.0000000000000000,-0.0000000437113883,-0.0000000201204529,-0.6427875757217407,0.0000000334848664,0.7660444378852844,1.7042636871337891,0.0000000000000000,0.0000000000000000,0.0000000000000000,1.0000000000000000
M 0.7660444378852844,0.0000000280971371,0.6427875757217407,1.5757024288177490,0.0000000000000000,1.0000000000000000,-0.0000000437113883,-0.0000000201204529,-0.6427875757217407,0.0000000334848664,0.7660444378852844,1.7042636871337891,0.0000000000000000,0.0000000000000000,0.0000000000000000,1.0000000000000000
M 0.7660444378852844,0.0000000280971371,0.6427875757217407,1.5757024288177490,0.0000000000000000,1.0000000000000000,-0.0000000437113883,-0.0000000201204529,-0.6427875757217407,0.0000000334848664,0.7660444378852844,1.7042636871337891,0.0000000000000000,0.0000000000000000,0.0000000000000000,1.0000000000000000
M 0.7660444378852844,0.0000000280971371,0.6427875757217407,1.5757024288177490,0.0000000000000000,1.0000000000000000,-0.0000000437113883,-0.0000000201204529,-0.6427875757217407,0.0000000334848664,0.7660444378852844,1.7042636871337891,0.0000000000000000,0.0000000000000000,0.0000000000000000,1.0000000000000000
M 0.7660444378852844,0.0000000280971371,0.6427875757217407,1.5757024288177490,0.0000000000000000,1.0000000000000000,-0.0000000437113883,-0.0000000201204529,-0.6427875757217407,0.0000000334848664,0.7660444378852844,1.7042636871337891,0.0000000000000000,0.0000000000000000,0.0000000000000000,1.0000000000000000
M 0.7660444378852844,0.0000000280971371,0.6427875757217407,1.5757024288177490,0.0000000000000000,1.0000000000000000,-0.0000000437113883,-0.0000000201204529,-0.6427875757217407,0.0000000334848664,0.7660444378852844,1.7042636871337891,0.0000000000000000,0.0000000000000000,0.0000000000000000,1.0000000000000000
M 0.7660444378852844,0.0000000280971371,0.6427875757217407,1.5757024288177490,0.0000000000000000,1.0000000000000000,-0.0000000437113883,-0.0000000201204529,-0.6427875757217407,0.0000000334848664,0.7660444378852844,1.7042636871337891,0.0000000000000000,0.0000000000000000,0.0000000000000000,1.0000000000000000
M 0.7660444378852844,0.0000000280971371,0.6427875757217407,1.5757024288177490,0.0000000000000000,1.0000000000000000,-0.0000000437113883,-0.0000000201204529,-0.6427875757217407,0.0000000334848664,0.7660444378852844,1.7042636871337891,0.0000000000000000,0.0000000000000000,0.0000000000000000,1.0000000000000000
M 0.7660444378852844,0.0000000280971371,0.6427875757217407,1.5757024288177490,0.0000000000000000,1.0000000000000000,-0.0000000437113883,-0.0000000201204529,-0.6427875757217407,0.0000000334848664,0.7660444378852844,1.7042636871337891,0.0000000000000000,0.0000000000000000,0.0000000000000000,1.0000000000000000
M 0.7660444378852844,0.0000000280971371,0.6427875757217407,1.5757024288177490,0.0000000000000000,1.0000000000000000,-0.0000000437113883,-0.0000000201204529,-0.6427875757217407,0.0000000334848664,0.7660444378852844,1.7042636871337891,0.0000000000000000,0.0000000000000000,0.0000000000000000,1.0000000000000000
M 0.7660444378852844,0.0000000280971371,0.6427875757217407,1.5757024288177490,0.0000000000000000,1.0000000000000000,-0.0000000437113883,-0.0000000201204529,-0.6427875757217407,0.0000000334848664,0.7660444378852844,1.7042636871337891,0.0000000000000000,0.0000000000000000,0.0000000000000000,1.0000000000000000
M 0.7660444378852844,0.0000000280971371,0.6427875757217407,1.5757024288177490,0.0000000000000000,1.0000000000000000,-0.0000000437113883,-0.0000000201204529,-0.6427875757217407,0.0000000334848664,0.7660444378852844,1.7042636871337891,0.0000000000000000,0.0000000000000000,0.0000000000000000,1.0000000000000000
M 0.7660444378852844,0.0000000280971371,0.6427875757217407,1.5757024288177490,0.0000000000000000,1.0000000000000000,-0.0000000437113883,-0.0000000201204529,-0.6427875757217407,0.0000000334848664,0.7660444378852844,1.7042636871337891,0.0000000000000000,0.0000000000000000,0.0000000000000000,1.0000000000000000
M 0.7660444378852844,0.0000000280971371,0.6427875757217407,1.5757024288177490,0.0000000000000000,1.0000000000000000,-0.0000000437113883,-0.0000000201204529,-0.6427875757217407,0.0000000334848664,0.7660444378852844,1.7042636871337891,0.0000000000000000,0.0000000000000000,0.0000000000000000,1.0000000000000000
M 0.7660444378852844,0.0000000280971371,0.6427875757217407,1.5757024288177490,0.0000000000000000,1.0000000000000000,-0.0000000437113883,-0.0000000201204529,-0.6427875757217407,0.0000000334848664,0.7660444378852844,1.7042636871337891,0.0000000000000000,0.0000000000000000,0.0000000000000000,1.0000000000000000
M 0.7660444378852844,0.0000000280971371,0.6427875757217407,1.5757024288177490,0.0000000000000000,1.0000000000000000,-0.0000000437113883,-0.0000000201204529,-0.6427875757217407,0.0000000334848664,0.7660444378852844,1.7042636871337891,0.0000000000000000,0.0000000000000000,0.0000000000000000,1.0000000000000000
M 0.7660444378852844,0.0000000280971371,0.6427875757217407,1.5757024288177490,0.0000000000000000,1.0000000000000000,-0.0000000437113883,-0.0000000201204529,-0.6427875757217407,0.0000000334848664,0.7660444378852844,1.7042636871337891,0.0000000000000000,0.0000000000000000,0.0000000000000000,1.0000000000000000
M 0.7660444378852844,0.0000000280971371,0.6427875757217407,1.5757024288177490,0.0000000000000000,1.0000000000000000,-0.0000000437113883,-0.0000000201204529,-0.6427875757217407,0.0000000334848664,0.7660444378852844,1.7042636871337891,0.0000000000000000,0.0000000000000000,0.0000000000000000,1.0000000000000000
M 0.7660444378852844,0.0000000280971371,0.6427875757217407,1.5757024288177490,0.0000000000000000,1.0000000000000000,-0.0000000437113883,-0.0000000201204529,-0.6427875757217407,0.0000000334848664,0.7660444378852844,1.7042636871337891,0.0000000000000000,0.0000000000000000,0.0000000000000000,1.0000000000000000
M 0.7660444378852844,0.0000000280971371,0.6427875757217407,1.5757024288177490,0.0000000000000000,1.0000000000000000,-0.0000000437113883,-0.0000000201204529,-0.6427875757217407,0.0000000334848664,0.7660444378852844,1.7042636871337891,0.0000000000000000,0.0000000000000000,0.0000000000000000,1.0000000000000000
M 0.7660444378852844,0.0000000280971371,0.6427875757217407,1.5757024288177490,0.0000000000000000,1.0000000000000000,-0.0000000437113883,-0.0000000201204529,-0.6427875757217407,0.0000000334848664,0.7660444378852844,1.7042636871337891,0.0000000000000000,0.0000000000000000,0.0000000000000000,1.0000000000000000
M 0.7660444378852844,0.0000000280971371,0.6427875757217407,1.5757024288177490,0.0000000000000000,1.0000000000000000,-0.0000000437113883,-0.0000000201204529,-0.6427875757217407,0.0000000334848664,0.7660444378852844,1.7042636871337891,0.0000000000000000,0.0000000000000000,0.0000000000000000,1.0000000000000000
M 0.7660444378852844,0.0000000280971371,0.6427875757217407,1.5757024288177490,0.0000000000000000,1.0000000000000000,-0.0000000437113883,-0.0000000201204529,-0.6427875757217407,0.0000000334848664,0.7660444378852844,1.7042636871337891,0.0000000000000000,0.0000000000000000,0.0000000000000000,1.0000000000000000
M 0.7660444378852844,0.0000000280971371,0.6427875757217407,1.5757024288177490,0.0000000000000000,1.0000000000000000,-0.0000000437113883,-0.0000000201204529,-0.6427875757217407,0.0000000334848664,0.7660444378852844,1.7042636871337891,0.0000000000000000,0.0000000000000000,0.0000000000000000,1.0000000000000000
M 0.7660444378852844,0.0000000280971371,0.6427875757217407,1.5757024288177490,0.0000000000000000,1.0000000000000000,-0.0000000437113883,-0.0000000201204529,-0.6427875757217407,0.0000000334848664,0.7660444378852844,1.7042636871337891,0.0000000000000000,0.0000000000000000,0.0000000000000000,1.0000000000000000
M 0.7660444378852844,0.0000000280971371,0.6427875757217407,1.5757024288177490,0.0000000000000000,1.0000000000000000,-0.0000000437113883,-0.0000000201204529,-0.6427875757217407,0.0000000334848664,0.7660444378852844,1.7042636871337891,0.0000000000000000,0.0000000000000000,0.0000000000000000,1.0000000000000000
M 0.7660444378852844,0.0000000280971371,0.6427875757217407,1.5757024288177490,0.0000000000000000,1.0000000000000000,-0.0000000437113883,-0.0000000201204529,-0.6427875757217407,0.0000000334848664,0.7660444378852844,1.7042636871337891,0.0000000000000000,0.0000000000000000,0.0000000000000000,1.0000000000000000
M 0.7660444378852844,0.0000000280971371,0.6427875757217407,1.5757024288177490,0.0000000000000000,1.0000000000000000,-0.0000000437113883,-0.0000000201204529,-0.6427875757217407,0.0000000334848664,0.7660444378852844,1.7042636871337891,0.0000000000000000,0.0000000000000000,0.0000000000000000,1.0000000000000000
M 0.7660444378852844,0.0000000280971371,0.6427875757217407,1.5757024288177490,0.0000000000000000,1.0000000000000000,-0.0000000437113883,-0.0000000201204529,-0.6427875757217407,0.0000000334848664,0.7660444378852844,1.7042636871337891,0.0000000000000000,0.0000000000000000,0.0000000000000000,1.0000000000000000
M 0.7660444378852844,0.0000000280971371,0.6427875757217407,1.5757024288177490,0.0000000000000000,1.0000000000000000,-0.0000000437113883,-0.0000000201204529,-0.6427875757217407,0.0000000334848664,0.7660444378852844,1.7042636871337891,0.0000000000000000,0.0000000000000000,0.0000000000000000,1.0000000000000000
M 0.7660444378852844,0.0000000280971371,0.6427875757217407,1.5757024288177490,0.0000000000000000,1.0000000000000000,-0.0000000437113883,-0.0000000201204529,-0.6427875757217407,0.0000000334848664,0.7660444378852844,1.7042636871337891,0.0000000000000000,0.0000000000000000,0.0000000000000000,1.0000000000000000
M 0.7660444378852844,0.0000000280971371,0.6427875757217407,1.5757024288177490,0.0000000000000000,1.0000000000000000,-0.0000000437113883,-0.0000000201204529,-0.6427875757217407,0.0000000334848664,0.7660444378852844,1.7042636871337891,0.0000000000000000,0.0000000000000000,0.0000000000000000,1.0000000000000000
M 0.7660444378852844,0.0000000280971371,0.6427875757217407,1.5757024288177490,0.0000000000000000,1.0000000000000000,-0.0000000437113883,-0.0000000201204529,-0.6427875757217407,0.0000000334848664,0.7660444378852844,1.7042636871337891,0.0000000000000000,0.0000000000000000,0.0000000000000000,1.0000000000000000
M 0.7660444378852844,0.0000000280971371,0.6427875757217407,1.5757024288177490,0.0000000000000000,1.0000000000000000,-0.0000000437113883,-0.0000000201204529,-0.6427875757217407,0.0000000334848664,0.7660444378852844,1.7042636871337891,0.0000000000000000,0.0000000000000000,0.0000000000000000,1.0000000000000000
M 0.7660444378852844,0.0000000280971371,0.6427875757217407,1.5757024288177490,0.0000000000000000,1.0000000000000000,-0.0000000437113883,-0.0000000201204529,-0.6427875757217407,0.0000000334848664,0.7660444378852844,1.7042636871337891,0.0000000000000000,0.0000000000000000,0.0000000000000000,1.0000000000000000
M 0.7660444378852844,0.0000000280971371,0.6427875757217407,1.5757024288177490,0.0000000000000000,1.0000000000000000,-0.0000000437113883,-0.0000000201204529,-0.6427875757217407,0.0000000334848664,0.7660444378852844,1.7042636871337891,0.0000000000000000,0.0000000000000000,0.0000000000000000,1.0000000000000000
M 0.7660444378852844,0.0000000280971371,0.6427875757217407,1.5757024288177490,0.0000000000000000,1.0000000000000000,-0.0000000437113883,-0.0000000201204529,-0.6427875757217407,0.0000000334848664,0.7660444378852844,1.7042636871337891,0.0000000000000000,0.0000000000000000,0.0000000000000000,1.0000000000000000
M 0.7660444378852844,0.0000000280971371,0.6427875757217407,1.5757024288177490,0.0000000000000000,1.0000000000000000,-0.0000000437113883,-0.0000000201204529,-0.6427875757217407,0.0000000334848664,0.7660444378852844,1.7042636871337891,0.0000000000000000,0.0000000000000000,0.0000000000000000,1.0000000000000000
M 0.7660444378852844,0.0000000280971371,0.6427875757217407,1.5757024288177490,0.0000000000000000,1.0000000000000000,-0.0000000437113883,-0.0000000201204529,-0.6427875757217407,0.0000000334848664,0.7660444378852844,1.7042636871337891,0.0000000000000000,0.0000000000000000,0.0000000000000000,1.0000000000000000
M 0.7660444378852844,0.0000000280971371,0.6427875757217407,1.5757024288177490,0.0000000000000000,1.0000000000000000,-0.0000000437113883,-0.0000000201204529,-0.6427875757217407,0.0000000334848664,0.7660444378852844,1.7042636871337891,0.0000000000000000,0.0000000000000000,0.0000000000000000,1.0000000000000000
M 0.7660444378852844,0.0000000280971371,0.6427875757217407,1.5757024288177490,0.0000000000000000,1.0000000000000000,-0.0000000437113883,-0.0000000201204529,-0.6427875757217407,0.0000000334848664,0.7660444378852844,1.7042636871337891,0.0000000000000000,0.0000000000000000,0.0000000000000000,1.0000000000000000
M 0.7660444378852844,0.0000000280971371,0.6427875757217407,1.5757024288177490,0.0000000000000000,1.0000000000000000,-0.0000000437113883,-0.0000000201204529,-0.6427875757217407,0.0000000334848664,0.7660444378852844,1.7042636871337891,0.0000000000000000,0.0000000000000000,0.0000000000000000,1.0000000000000000
M 0.7660444378852844,0.0000000280971371,0.6427875757217407,1.5757024288177490,0.0000000000000000,1.0000000000000000,-0.0000000437113883,-0.0000000201204529,-0.6427875757217407,0.0000000334848664,0.7660444378852844,1.7042636871337891,0.0000000000000000,0.0000000000000000,0.0000000000000000,1.0000000000000000
M 0.7660444378852844,0.0000000280971371,0.6427875757217407,1.5757024288177490,0.0000000000000000,1.0000000000000000,-0.0000000437113883,-0.0000000201204529,-0.6427875757217407,0.0000000334848664,0.7660444378852844,1.7042636871337891,0.0000000000000000,0.0000000000000000,0.0000000000000000,1.0000000000000000
M 0.7660444378852844,0.0000000280971371,0.6427875757217407,1.5757024288177490,0.0000000000000000,1.0000000000000000,-0.0000000437113883,-0.0000000201204529,-0.6427875757217407,0.0000000334848664,0.7660444378852844,1.7042636871337891,0.0000000000000000,0.0000000000000000,0.0000000000000000,1.0000000000000000
M 0.7660444378852844,0.0000000280971371,0.6427875757217407,1.5757024288177490,0.0000000000000000,1.0000000000000000,-0.0000000437113883,-0.0000000201204529,-0.6427875757217407,0.0000000334848664,0.7660444378852844,1.7042636871337891,0.0000000000000000,0.0000000000000000,0.0000000000000000,1.0000000000000000
M 0.7660444378852844,0.0000000280971371,0.6427875757217407,1.5757024288177490,0.0000000000000000,1.0000000000000000,-0.0000000437113883,-0.0000000201204529,-0.6427875757217407,0.0000000334848664,0.7660444378852844,1.7042636871337891,0.0000000000000000,0.0000000000000000,0.0000000000000000,1.0000000000000000
M 0.7660444378852844,0.0000000280971371,0.6427875757217407,1.5757024288177490,0.0000000000000000,1.0000000000000000,-0.0000000437113883,-0.0000000201204529,-0.6427875757217407,0.0000000334848664,0.7660444378852844,1.7042636871337891,0.0000000000000000,0.0000000000000000,0.0000000000000000,1.0000000000000000
M 0.7660444378852844,0.0000000280971371,0.6427875757217407,1.5757024288177490,0.0000000000000000,1.0000000000000000,-0.0000000437113883,-0.0000000201204529,-0.6427875757217407,0.0000000334848664,0.7660444378852844,1.7042636871337891,0.0000000000000000,0.0000000000000000,0.0000000000000000,1.0000000000000000
M 0.7660444378852844,0.0000000280971371,0.6427875757217407,1.5757024288177490,0.0000000000000000,1.0000000000000000,-0.0000000437113883,-0.0000000201204529,-0.6427875757217407,0.0000000334848664,0.7660444378852844,1.7042636871337891,0.0000000000000000,0.0000000000000000,0.0000000000000000,1.0000000000000000
M 0.7660444378852844,0.0000000280971371,0.6427875757217407,1.5757024288177490,0.0000000000000000,1.0000000000000000,-0.0000000437113883,-0.0000000201204529,-0.6427875757217407,0.0000000334848664,0.7660444378852844,1.7042636871337891,0.0000000000000000,0.0000000000000000,0.0000000000000000,1.0000000000000000
M 0.7660444378852844,0.0000000280971371,0.6427875757217407,1.5757024288177490,0.0000000000000000,1.0000000000000000,-0.0000000437113883,-0.0000000201204529,-0.6427875757217407,0.0000000334848664,0.7660444378852844,1.7042636871337891,0.0000000000000000,0.0000000000000000,0.0000000000000000,1.0000000000000000
M 0.7660444378852844,0.0000000280971371,0.6427875757217407,1.5757024288177490,0.0000000000000000,1.0000000000000000,-0.0000000437113883,-0.0000000201204529,-0.6427875757217407,0.0000000334848664,0.7660444378852844,1.7042636871337891,0.0000000000000000,0.0000000000000000,0.0000000000000000,1.0000000000000000
M 0.7660444378852844,0.0000000280971371,0.6427875757217407,1.5757024288177490,0.0000000000000000,1.0000000000000000,-0.0000000437113883,-0.0000000201204529,-0.6427875757217407,0.0000000334848664,0.7660444378852844,1.7042636871337891,0.0000000000000000,0.0000000000000000,0.0000000000000000,1.0000000000000000
M 0.7660444378852844,0.0000000280971371,0.6427875757217407,1.5757024288177490,0.0000000000000000,1.0000000000000000,-0.0000000437113883,-0.0000000201204529,-0.6427875757217407,0.0000000334848664,0.7660444378852844,1.7042636871337891,0.0000000000000000,0.0000000000000000,0.0000000000000000,1.0000000000000000
M 0.7660444378852844,0.0000000280971371,0.6427875757217407,1.5757024288177490,0.0000000000000000,1.0000000000000000,-0.0000000437113883,-0.0000000201204529,-0.6427875757217407,0.0000000334848664,0.7660444378852844,1.7042636871337891,0.0000000000000000,0.0000000000000000,0.0000000000000000,1.0000000000000000
M 0.7660444378852844,0.0000000280971371,0.6427875757217407,1.5757024288177490,0.0000000000000000,1.0000000000000000,-0.0000000437113883,-0.0000000201204529,-0.6427875757217407,0.0000000334848664,0.7660444378852844,1.7042636871337891,0.0000000000000000,0.0000000000000000,0.0000000000000000,1.0000000000000000
M 0.7660444378852844,0.0000000280971371,0.6427875757217407,1.5757024288177490,0.0000000000000000,1.0000000000000000,-0.0000000437113883,-0.0000000201204529,-0.6427875757217407,0.0000000334848664,0.7660444378852844,1.7042636871337891,0.0000000000000000,0.0000000000000000,0.0000000000000000,1.0000000000000000
M 0.7660444378852844,0.0000000280971371,0.6427875757217407,1.5757024288177490,0.0000000000000000,1.0000000000000000,-0.0000000437113883,-0.0000000201204529,-0.6427875757217407,0.0000000334848664,0.7660444378852844,1.7042636871337891,0.0000000000000000,0.0000000000000000,0.0000000000000000,1.0000000000000000
M 0.7660444378852844,0.0000000280971371,0.6427875757217407,1.5757024288177490,0.0000000000000000,1.0000000000000000,-0.0000000437113883,-0.0000000201204529,-0.6427875757217407,0.0000000334848664,0.7660444378852844,1.7042636871337891,0.0000000000000000,0.0000000000000000,0.0000000000000000,1.0000000000000000
M 0.7660444378852844,0.0000000280971371,0.6427875757217407,1.5757024288177490,0.0000000000000000,1.0000000000000000,-0.0000000437113883,-0.0000000201204529,-0.6427875757217407,0.0000000334848664,0.7660444378852844,1.7042636871337891,0.0000000000000000,0.0000000000000000,0.0000000000000000,1.0000000000000000
M 0.7660444378852844,0.0000000280971371,0.6427875757217407,1.5757024288177490,0.0000000000000000,1.0000000000000000,-0.0000000437113883,-0.0000000201204529,-0.6427875757217407,0.0000000334848664,0.7660444378852844,1.7042636871337891,0.0000000000000000,0.0000000000000000,0.0000000000000000,1.0000000000000000
M 0.7660444378852844,0.0000000280971371,0.6427875757217407,1.5757024288177490,0.0000000000000000,1.0000000000000000,-0.0000000437113883,-0.0000000201204529,-0.6427875757217407,0.0000000334848664,0.7660444378852844,1.7042636871337891,0.0000000000000000,0.0000000000000000,0.0000000000000000,1.0000000000000000
M 0.7660444378852844,0.0000000280971371,0.6427875757217407,1.5757024288177490,0.0000000000000000,1.0000000000000000,-0.0000000437113883,-0.0000000201204529,-0.6427875757217407,0.0000000334848664,0.7660444378852844,1.7042636871337891,0.0000000000000000,0.0000000000000000,0.0000000000000000,1.0000000000000000
M 0.7660444378852844,0.0000000280971371,0.6427875757217407,1.5757024288177490,0.0000000000000000,1.0000000000000000,-0.0000000437113883,-0.0000000201204529,-0.6427875757217407,0.0000000334848664,0.7660444378852844,1.7042636871337891,0.0000000000000000,0.0000000000000000,0.0000000000000000,1.0000000000000000
M 0.7660444378852844,0.0000000280971371,0.6427875757217407,1.5757024288177490,0.0000000000000000,1.0000000000000000,-0.0000000437113883,-0.0000000201204529,-0.6427875757217407,0.0000000334848664,0.7660444378852844,1.7042636871337891,0.0000000000000000,0.0000000000000000,0.0000000000000000,1.0000000000000000
M 0.7660444378852844,0.0000000280971371,0.6427875757217407,1.5757024288177490,0.0000000000000000,1.0000000000000000,-0.0000000437113883,-0.0000000201204529,-0.6427875757217407,0.0000000334848664,0.7660444378852844,1.7042636871337891,0.0000000000000000,0.0000000000000000,0.0000000000000000,1.0000000000000000
M 0.7660444378852844,0.0000000280971371,0.6427875757217407,1.5757024288177490,0.0000000000000000,1.0000000000000000,-0.0000000437113883,-0.0000000201204529,-0.6427875757217407,0.0000000334848664,0.7660444378852844,1.7042636871337891,0.0000000000000000,0.0000000000000000,0.0000000000000000,1.0000000000000000
M 0.7660444378852844,0.0000000280971371,0.6427875757217407,1.5757024288177490,0.0000000000000000,1.0000000000000000,-0.0000000437113883,-0.0000000201204529,-0.6427875757217407,0.0000000334848664,0.7660444378852844,1.7042636871337891,0.0000000000000000,0.0000000000000000,0.0000000000000000,1.0000000000000000
M 0.7660444378852844,0.0000000280971371,0.6427875757217407,1.5757024288177490,0.0000000000000000,1.0000000000000000,-0.0000000437113883,-0.0000000201204529,-0.6427875757217407,0.0000000334848664,0.7660444378852844,1.7042636871337891,0.0000000000000000,0.0000000000000000,0.0000000000000000,1.0000000000000000
M 0.7660444378852844,0.0000000280971371,0.6427875757217407,1.5757024288177490,0.0000000000000000,1.0000000000000000,-0.0000000437113883,-0.0000000201204529,-0.6427875757217407,0.0000000334848664,0.7660444378852844,1.7042636871337891,0.0000000000000000,0.0000000000000000,0.0000000000000000,1.0000000000000000
M 0.7660444378852844,0.0000000280971371,0.6427875757217407,1.5757024288177490,0.0000000000000000,1.0000000000000000,-0.0000000437113883,-0.0000000201204529,-0.6427875757217407,0.0000000334848664,0.7660444378852844,1.7042636871337891,0.0000000000000000,0.0000000000000000,0.0000000000000000,1.0000000000000000
M 0.7660444378852844,0.0000000280971371,0.6427875757217407,1.5757024288177490,0.0000000000000000,1.0000000000000000,-0.0000000437113883,-0.0000000201204529,-0.6427875757217407,0.0000000334848664,0.7660444378852844,1.7042636871337891,0.0000000000000000,0.0000000000000000,0.0000000000000000,1.0000000000000000
M 0.7660444378852844,0.0000000280971371,0.6427875757217407,1.5757024288177490,0.0000000000000000,1.0000000000000000,-0.0000000437113883,-0.0000000201204529,-0.6427875757217407,0.0000000334848664,0.7660444378852844,1.7042636871337891,0.0000000000000000,0.0000000000000000,0.0000000000000000,1.0000000000000000
M 0.7660444378852844,0.0000000280971371,0.6427875757217407,1.5757024288177490,0.0000000000000000,1.0000000000000000,-0.0000000437113883,-0.0000000201204529,-0.6427875757217407,0.0000000334848664,0.7660444378852844,1.7042636871337891,0.0000000000000000,0.0000000000000000,0.0000000000000000,1.0000000000000000
M 0.7660444378852844,0.0000000280971371,0.6427875757217407,1.5757024288177490,0.0000000000000000,1.0000000000000000,-0.0000000437113883,-0.0000000201204529,-0.6427875757217407,0.0000000334848664,0.7660444378852844,1.7042636871337891,0.0000000000000000,0.0000000000000000,0.0000000000000000,1.0000000000000000
