O DOOR_17_Arm_INTERIOR_LCG_il_LINVERT
A DOOR_17_Arm_INTERIOR_LCG_il_LINVERT_DOOR_17_Arm_INTERIOR_LCG_il_LINVERT
M 1.0000000000000000,0.0000000000000000,0.0000000000000000,0.0000000000000000,0.0000000000000000,1.0000000000000000,-0.0000000437113883,-0.0000000201190318,-0.0000000000000000,0.0000000437113883,1.0000000000000000,-0.0000000340315935,0.0000000000000000,0.0000000000000000,0.0000000000000000,1.0000000000000000
M 0.9999984502792358,0.0000000000776417,0.0017762349452823,0.0023436890915036,0.0000000000000000,1.0000000000000000,-0.0000000437113883,-0.0000000201190318,-0.0017762349452823,0.0000000437113279,0.9999984502792358,0.0145530840381980,0.0000000000000000,0.0000000000000000,0.0000000000000000,1.0000000000000000
M 0.9999757409095764,0.0000000003043532,0.0069627882912755,0.0093369567766786,0.0000000000000000,1.0000000000000000,-0.0000000437113883,-0.0000000201190318,-0.0069627882912755,0.0000000437103296,0.9999757409095764,0.0570238754153252,0.0000000000000000,0.0000000000000000,0.0000000000000000,1.0000000000000000
M 0.9998822212219238,0.0000000006707983,0.0153460754081607,0.0211066938936710,0.0000000000000000,1.0000000000000000,-0.0000000437113883,-0.0000000201190318,-0.0153460754081607,0.0000000437062404,0.9998822212219238,0.1255969405174255,0.0000000000000000,0.0000000000000000,0.0000000000000000,1.0000000000000000
M 0.9996432065963745,0.0000000011675928,0.0267114099115133,0.0379824340343475,0.0000000000000000,1.0000000000000000,-0.0000000437113883,-0.0000000201190318,-0.0267114099115133,0.0000000436957990,0.9996432065963745,0.2184151858091354,0.0000000000000000,0.0000000000000000,0.0000000000000000,1.0000000000000000
M 0.9991655945777893,0.0000000017852629,0.0408420562744141,0.0604426488280296,0.0000000000000000,1.0000000000000000,-0.0000000437113883,-0.0000000201190318,-0.0408420562744141,0.0000000436749161,0.9991655945777893,0.3335801661014557,0.0000000000000000,0.0000000000000000,0.0000000000000000,1.0000000000000000
M 0.9983444809913635,0.0000000025142037,0.0575182661414146,0.0890581831336021,0.0000000000000000,1.0000000000000000,-0.0000000437113883,-0.0000000201190318,-0.0575182661414146,0.0000000436390231,0.9983444809913635,0.4691537022590637,0.0000000000000000,0.0000000000000000,0.0000000000000000,1.0000000000000000
M 0.9970683455467224,0.0000000033446386,0.0765164121985435,0.1244501098990440,0.0000000000000000,1.0000000000000000,-0.0000000437113883,-0.0000000201190318,-0.0765164121985435,0.0000000435832419,0.9970683455467224,0.6231568455696106,0.0000000000000000,0.0000000000000000,0.0000000000000000,1.0000000000000000
M 0.9952248930931091,0.0000000042665969,0.0976083502173424,0.1672392785549164,0.0000000000000000,1.0000000000000000,-0.0000000437113883,-0.0000000201190318,-0.0976083502173424,0.0000000435026628,0.9952248930931091,0.7935726046562195,0.0000000000000000,0.0000000000000000,0.0000000000000000,1.0000000000000000
M 0.9927059412002563,0.0000000052698921,0.1205610781908035,0.2180058360099792,0.0000000000000000,1.0000000000000000,-0.0000000437113883,-0.0000000201190318,-0.1205610781908035,0.0000000433925607,0.9927059412002563,0.9783499836921692,0.0000000000000000,0.0000000000000000,0.0000000000000000,1.0000000000000000
M 0.9894115924835205,0.0000000063441359,0.1451368927955627,0.2772560417652130,0.0000000000000000,1.0000000000000000,-0.0000000437113883,-0.0000000201190318,-0.1451368927955627,0.0000000432485550,0.9894115924835205,1.1754097938537598,0.0000000000000000,0.0000000000000000,0.0000000000000000,1.0000000000000000
M 0.9852547645568848,0.0000000074787430,0.1710936874151230,0.3453864753246307,0.0000000000000000,1.0000000000000000,-0.0000000437113883,-0.0000000201190318,-0.1710936874151230,0.0000000430668550,0.9852547645568848,1.3826538324356079,0.0000000000000000,0.0000000000000000,0.0000000000000000,1.0000000000000000
M 0.9801644682884216,0.0000000086629806,0.1981858909130096,0.4226565659046173,0.0000000000000000,1.0000000000000000,-0.0000000437113883,-0.0000000201190318,-0.1981858909130096,0.0000000428443556,0.9801644682884216,1.5979766845703125,0.0000000000000000,0.0000000000000000,0.0000000000000000,1.0000000000000000
M 0.9740887880325317,0.0000000098860236,0.2261658459901810,0.5091670155525208,0.0000000000000000,1.0000000000000000,-0.0000000437113883,-0.0000000201190318,-0.2261658459901810,0.0000000425787725,0.9740887880325317,1.8192807435989380,0.0000000000000000,0.0000000000000000,0.0000000000000000,1.0000000000000000
M 0.9669977426528931,0.0000000111370024,0.2547848820686340,0.6048356294631958,0.0000000000000000,1.0000000000000000,-0.0000000437113883,-0.0000000201190318,-0.2547848820686340,0.0000000422688125,0.9669977426528931,2.0444891452789307,0.0000000000000000,0.0000000000000000,0.0000000000000000,1.0000000000000000
M 0.9588847756385803,0.0000000124050992,0.2837955951690674,0.7093925476074219,0.0000000000000000,1.0000000000000000,-0.0000000437113883,-0.0000000201190318,-0.2837955951690674,0.0000000419141841,0.9588847756385803,2.2715656757354736,0.0000000000000000,0.0000000000000000,0.0000000000000000,1.0000000000000000
M 0.9497683644294739,0.0000000136796441,0.3129537701606750,0.8223660588264465,0.0000000000000000,1.0000000000000000,-0.0000000437113883,-0.0000000201190318,-0.3129537701606750,0.0000000415157011,0.9497683644294739,2.4985337257385254,0.0000000000000000,0.0000000000000000,0.0000000000000000,1.0000000000000000
M 0.9396926164627075,0.0000000149501744,0.3420201241970062,0.9430797100067139,0.0000000000000000,1.0000000000000000,-0.0000000437113883,-0.0000000201190318,-0.3420201241970062,0.0000000410752676,0.9396926164627075,2.7234902381896973,0.0000000000000000,0.0000000000000000,0.0000000000000000,1.0000000000000000
M 0.9287276268005371,0.0000000162065579,0.3707627952098846,1.0706555843353271,0.0000000000000000,1.0000000000000000,-0.0000000437113883,-0.0000000201190318,-0.3707627952098846,0.0000000405959817,0.9287276268005371,2.9446272850036621,0.0000000000000000,0.0000000000000000,0.0000000000000000,1.0000000000000000
M 0.9169687032699585,0.0000000174390600,0.3989591896533966,1.2040199041366577,0.0000000000000000,1.0000000000000000,-0.0000000437113883,-0.0000000201190318,-0.3989591896533966,0.0000000400819822,0.9169687032699585,3.1602456569671631,0.0000000000000000,0.0000000000000000,0.0000000000000000,1.0000000000000000
M 0.9045358300209045,0.0000000186384312,0.4263976216316223,1.3419127464294434,0.0000000000000000,1.0000000000000000,-0.0000000437113883,-0.0000000201190318,-0.4263976216316223,0.0000000395385165,0.9045358300209045,3.3687686920166016,0.0000000000000000,0.0000000000000000,0.0000000000000000,1.0000000000000000
M 0.8915719389915466,0.0000000197959746,0.4528791010379791,1.4829001426696777,0.0000000000000000,1.0000000000000000,-0.0000000437113883,-0.0000000201190318,-0.4528791010379791,0.0000000389718480,0.8915719389915466,3.5687530040740967,0.0000000000000000,0.0000000000000000,0.0000000000000000,1.0000000000000000
M 0.8782410025596619,0.0000000209035864,0.4782183170318604,1.6253967285156250,0.0000000000000000,1.0000000000000000,-0.0000000437113883,-0.0000000201190318,-0.4782183170318604,0.0000000383891390,0.8782410025596619,3.7588956356048584,0.0000000000000000,0.0000000000000000,0.0000000000000000,1.0000000000000000
M 0.8647258877754211,0.0000000219537881,0.5022441148757935,1.7676781415939331,0.0000000000000000,1.0000000000000000,-0.0000000437113883,-0.0000000201190318,-0.5022441148757935,0.0000000377983689,0.8647258877754211,3.9380335807800293,0.0000000000000000,0.0000000000000000,0.0000000000000000,1.0000000000000000
M 0.8512254953384399,0.0000000229397461,0.5248001217842102,1.9079098701477051,0.0000000000000000,1.0000000000000000,-0.0000000437113883,-0.0000000201190318,-0.5248001217842102,0.0000000372082560,0.8512254953384399,4.1051468849182129,0.0000000000000000,0.0000000000000000,0.0000000000000000,1.0000000000000000
M 0.8379520773887634,0.0000000238552200,0.5457438230514526,2.0441658496856689,0.0000000000000000,1.0000000000000000,-0.0000000437113883,-0.0000000201190318,-0.5457438230514526,0.0000000366280482,0.8379520773887634,4.2593460083007812,0.0000000000000000,0.0000000000000000,0.0000000000000000,1.0000000000000000
M 0.8251278996467590,0.0000000246945717,0.5649459362030029,2.1744546890258789,0.0000000000000000,1.0000000000000000,-0.0000000437113883,-0.0000000201190318,-0.5649459362030029,0.0000000360674868,0.8251278996467590,4.3998641967773438,0.0000000000000000,0.0000000000000000,0.0000000000000000,1.0000000000000000
M 0.8129824995994568,0.0000000254526231,0.5822881460189819,2.2967400550842285,0.0000000000000000,1.0000000000000000,-0.0000000437113883,-0.0000000201190318,-0.5822881460189819,0.0000000355365941,0.8129824995994568,4.5260319709777832,0.0000000000000000,0.0000000000000000,0.0000000000000000,1.0000000000000000
M 0.8017482757568359,0.0000000261246331,0.5976618528366089,2.4089756011962891,0.0000000000000000,1.0000000000000000,-0.0000000437113883,-0.0000000201190318,-0.5976618528366089,0.0000000350455309,0.8017482757568359,4.6372652053833008,0.0000000000000000,0.0000000000000000,0.0000000000000000,1.0000000000000000
M 0.7916581034660339,0.0000000267061004,0.6109643578529358,2.5091178417205811,0.0000000000000000,1.0000000000000000,-0.0000000437113883,-0.0000000201190318,-0.6109643578529358,0.0000000346044757,0.7916581034660339,4.7330279350280762,0.0000000000000000,0.0000000000000000,0.0000000000000000,1.0000000000000000
M 0.7829409241676331,0.0000000271926854,0.6220960617065430,2.5951595306396484,0.0000000000000000,1.0000000000000000,-0.0000000437113883,-0.0000000201190318,-0.6220960617065430,0.0000000342234330,0.7829409241676331,4.8128042221069336,0.0000000000000000,0.0000000000000000,0.0000000000000000,1.0000000000000000
M 0.7758184671401978,0.0000000275799739,0.6309561729431152,2.6651527881622314,0.0000000000000000,1.0000000000000000,-0.0000000437113883,-0.0000000201190318,-0.6309561729431152,0.0000000339121016,0.7758184671401978,4.8760590553283691,0.0000000000000000,0.0000000000000000,0.0000000000000000,1.0000000000000000
M 0.7705014944076538,0.0000000278633081,0.6374381780624390,2.7172293663024902,0.0000000000000000,1.0000000000000000,-0.0000000437113883,-0.0000000201190318,-0.6374381780624390,0.0000000336796901,0.7705014944076538,4.9221963882446289,0.0000000000000000,0.0000000000000000,0.0000000000000000,1.0000000000000000
M 0.7671849727630615,0.0000000280376167,0.6414259076118469,2.7496402263641357,0.0000000000000000,1.0000000000000000,-0.0000000437113883,-0.0000000201190318,-0.6414259076118469,0.0000000335347217,0.7671849727630615,4.9505205154418945,0.0000000000000000,0.0000000000000000,0.0000000000000000,1.0000000000000000
M 0.7660444378852844,0.0000000280971371,0.6427875757217407,2.7607734203338623,0.0000000000000000,1.0000000000000000,-0.0000000437113883,-0.0000000201190318,-0.6427875757217407,0.0000000334848664,0.7660444378852844,4.9601817131042480,0.0000000000000000,0.0000000000000000,0.0000000000000000,1.0000000000000000
M 0.7660444378852844,0.0000000280971371,0.6427875757217407,2.7607734203338623,0.0000000000000000,1.0000000000000000,-0.0000000437113883,-0.0000000201190318,-0.6427875757217407,0.0000000334848664,0.7660444378852844,4.9601817131042480,0.0000000000000000,0.0000000000000000,0.0000000000000000,1.0000000000000000
M 0.7660444378852844,0.0000000280971371,0.6427875757217407,2.7607734203338623,0.0000000000000000,1.0000000000000000,-0.0000000437113883,-0.0000000201190318,-0.6427875757217407,0.0000000334848664,0.7660444378852844,4.9601817131042480,0.0000000000000000,0.0000000000000000,0.0000000000000000,1.0000000000000000
M 0.7660444378852844,0.0000000280971371,0.6427875757217407,2.7607734203338623,0.0000000000000000,1.0000000000000000,-0.0000000437113883,-0.0000000201190318,-0.6427875757217407,0.0000000334848664,0.7660444378852844,4.9601817131042480,0.0000000000000000,0.0000000000000000,0.0000000000000000,1.0000000000000000
M 0.7660444378852844,0.0000000280971371,0.6427875757217407,2.7607734203338623,0.0000000000000000,1.0000000000000000,-0.0000000437113883,-0.0000000201190318,-0.6427875757217407,0.0000000334848664,0.7660444378852844,4.9601817131042480,0.0000000000000000,0.0000000000000000,0.0000000000000000,1.0000000000000000
M 0.7660444378852844,0.0000000280971371,0.6427875757217407,2.7607734203338623,0.0000000000000000,1.0000000000000000,-0.0000000437113883,-0.0000000201190318,-0.6427875757217407,0.0000000334848664,0.7660444378852844,4.9601817131042480,0.0000000000000000,0.0000000000000000,0.0000000000000000,1.0000000000000000
M 0.7660444378852844,0.0000000280971371,0.6427875757217407,2.7607734203338623,0.0000000000000000,1.0000000000000000,-0.0000000437113883,-0.0000000201190318,-0.6427875757217407,0.0000000334848664,0.7660444378852844,4.9601817131042480,0.0000000000000000,0.0000000000000000,0.0000000000000000,1.0000000000000000
M 0.7660444378852844,0.0000000280971371,0.6427875757217407,2.7607734203338623,0.0000000000000000,1.0000000000000000,-0.0000000437113883,-0.0000000201190318,-0.6427875757217407,0.0000000334848664,0.7660444378852844,4.9601817131042480,0.0000000000000000,0.0000000000000000,0.0000000000000000,1.0000000000000000
M 0.7660444378852844,0.0000000280971371,0.6427875757217407,2.7607734203338623,0.0000000000000000,1.0000000000000000,-0.0000000437113883,-0.0000000201190318,-0.6427875757217407,0.0000000334848664,0.7660444378852844,4.9601817131042480,0.0000000000000000,0.0000000000000000,0.0000000000000000,1.0000000000000000
M 0.7660444378852844,0.0000000280971371,0.6427875757217407,2.7607734203338623,0.0000000000000000,1.0000000000000000,-0.0000000437113883,-0.0000000201190318,-0.6427875757217407,0.0000000334848664,0.7660444378852844,4.9601817131042480,0.0000000000000000,0.0000000000000000,0.0000000000000000,1.0000000000000000
M 0.7660444378852844,0.0000000280971371,0.6427875757217407,2.7607734203338623,0.0000000000000000,1.0000000000000000,-0.0000000437113883,-0.0000000201190318,-0.6427875757217407,0.0000000334848664,0.7660444378852844,4.9601817131042480,0.0000000000000000,0.0000000000000000,0.0000000000000000,1.0000000000000000
M 0.7660444378852844,0.0000000280971371,0.6427875757217407,2.7607734203338623,0.0000000000000000,1.0000000000000000,-0.0000000437113883,-0.0000000201190318,-0.6427875757217407,0.0000000334848664,0.7660444378852844,4.9601817131042480,0.0000000000000000,0.0000000000000000,0.0000000000000000,1.0000000000000000
M 0.7660444378852844,0.0000000280971371,0.6427875757217407,2.7607734203338623,0.0000000000000000,1.0000000000000000,-0.0000000437113883,-0.0000000201190318,-0.6427875757217407,0.0000000334848664,0.7660444378852844,4.9601817131042480,0.0000000000000000,0.0000000000000000,0.0000000000000000,1.0000000000000000
M 0.7660444378852844,0.0000000280971371,0.6427875757217407,2.7607734203338623,0.0000000000000000,1.0000000000000000,-0.0000000437113883,-0.0000000201190318,-0.6427875757217407,0.0000000334848664,0.7660444378852844,4.9601817131042480,0.0000000000000000,0.0000000000000000,0.0000000000000000,1.0000000000000000
M 0.7660444378852844,0.0000000280971371,0.6427875757217407,2.7607734203338623,0.0000000000000000,1.0000000000000000,-0.0000000437113883,-0.0000000201190318,-0.6427875757217407,0.0000000334848664,0.7660444378852844,4.9601817131042480,0.0000000000000000,0.0000000000000000,0.0000000000000000,1.0000000000000000
M 0.7660444378852844,0.0000000280971371,0.6427875757217407,2.7607734203338623,0.0000000000000000,1.0000000000000000,-0.0000000437113883,-0.0000000201190318,-0.6427875757217407,0.0000000334848664,0.7660444378852844,4.9601817131042480,0.0000000000000000,0.0000000000000000,0.0000000000000000,1.0000000000000000
M 0.7660444378852844,0.0000000280971371,0.6427875757217407,2.7607734203338623,0.0000000000000000,1.0000000000000000,-0.0000000437113883,-0.0000000201190318,-0.6427875757217407,0.0000000334848664,0.7660444378852844,4.9601817131042480,0.0000000000000000,0.0000000000000000,0.0000000000000000,1.0000000000000000
M 0.7660444378852844,0.0000000280971371,0.6427875757217407,2.7607734203338623,0.0000000000000000,1.0000000000000000,-0.0000000437113883,-0.0000000201190318,-0.6427875757217407,0.0000000334848664,0.7660444378852844,4.9601817131042480,0.0000000000000000,0.0000000000000000,0.0000000000000000,1.0000000000000000
M 0.7660444378852844,0.0000000280971371,0.6427875757217407,2.7607734203338623,0.0000000000000000,1.0000000000000000,-0.0000000437113883,-0.0000000201190318,-0.6427875757217407,0.0000000334848664,0.7660444378852844,4.9601817131042480,0.0000000000000000,0.0000000000000000,0.0000000000000000,1.0000000000000000
M 0.7660444378852844,0.0000000280971371,0.6427875757217407,2.7607734203338623,0.0000000000000000,1.0000000000000000,-0.0000000437113883,-0.0000000201190318,-0.6427875757217407,0.0000000334848664,0.7660444378852844,4.9601817131042480,0.0000000000000000,0.0000000000000000,0.0000000000000000,1.0000000000000000
M 0.7660444378852844,0.0000000280971371,0.6427875757217407,2.7607734203338623,0.0000000000000000,1.0000000000000000,-0.0000000437113883,-0.0000000201190318,-0.6427875757217407,0.0000000334848664,0.7660444378852844,4.9601817131042480,0.0000000000000000,0.0000000000000000,0.0000000000000000,1.0000000000000000
M 0.7660444378852844,0.0000000280971371,0.6427875757217407,2.7607734203338623,0.0000000000000000,1.0000000000000000,-0.0000000437113883,-0.0000000201190318,-0.6427875757217407,0.0000000334848664,0.7660444378852844,4.9601817131042480,0.0000000000000000,0.0000000000000000,0.0000000000000000,1.0000000000000000
M 0.7660444378852844,0.0000000280971371,0.6427875757217407,2.7607734203338623,0.0000000000000000,1.0000000000000000,-0.0000000437113883,-0.0000000201190318,-0.6427875757217407,0.0000000334848664,0.7660444378852844,4.9601817131042480,0.0000000000000000,0.0000000000000000,0.0000000000000000,1.0000000000000000
M 0.7660444378852844,0.0000000280971371,0.6427875757217407,2.7607734203338623,0.0000000000000000,1.0000000000000000,-0.0000000437113883,-0.0000000201190318,-0.6427875757217407,0.0000000334848664,0.7660444378852844,4.9601817131042480,0.0000000000000000,0.0000000000000000,0.0000000000000000,1.0000000000000000
M 0.7660444378852844,0.0000000280971371,0.6427875757217407,2.7607734203338623,0.0000000000000000,1.0000000000000000,-0.0000000437113883,-0.0000000201190318,-0.6427875757217407,0.0000000334848664,0.7660444378852844,4.9601817131042480,0.0000000000000000,0.0000000000000000,0.0000000000000000,1.0000000000000000
M 0.7660444378852844,0.0000000280971371,0.6427875757217407,2.7607734203338623,0.0000000000000000,1.0000000000000000,-0.0000000437113883,-0.0000000201190318,-0.6427875757217407,0.0000000334848664,0.7660444378852844,4.9601817131042480,0.0000000000000000,0.0000000000000000,0.0000000000000000,1.0000000000000000
M 0.7660444378852844,0.0000000280971371,0.6427875757217407,2.7607734203338623,0.0000000000000000,1.0000000000000000,-0.0000000437113883,-0.0000000201190318,-0.6427875757217407,0.0000000334848664,0.7660444378852844,4.9601817131042480,0.0000000000000000,0.0000000000000000,0.0000000000000000,1.0000000000000000
M 0.7660444378852844,0.0000000280971371,0.6427875757217407,2.7607734203338623,0.0000000000000000,1.0000000000000000,-0.0000000437113883,-0.0000000201190318,-0.6427875757217407,0.0000000334848664,0.7660444378852844,4.9601817131042480,0.0000000000000000,0.0000000000000000,0.0000000000000000,1.0000000000000000
M 0.7660444378852844,0.0000000280971371,0.6427875757217407,2.7607734203338623,0.0000000000000000,1.0000000000000000,-0.0000000437113883,-0.0000000201190318,-0.6427875757217407,0.0000000334848664,0.7660444378852844,4.9601817131042480,0.0000000000000000,0.0000000000000000,0.0000000000000000,1.0000000000000000
M 0.7660444378852844,0.0000000280971371,0.6427875757217407,2.7607734203338623,0.0000000000000000,1.0000000000000000,-0.0000000437113883,-0.0000000201190318,-0.6427875757217407,0.0000000334848664,0.7660444378852844,4.9601817131042480,0.0000000000000000,0.0000000000000000,0.0000000000000000,1.0000000000000000
M 0.7660444378852844,0.0000000280971371,0.6427875757217407,2.7607734203338623,0.0000000000000000,1.0000000000000000,-0.0000000437113883,-0.0000000201190318,-0.6427875757217407,0.0000000334848664,0.7660444378852844,4.9601817131042480,0.0000000000000000,0.0000000000000000,0.0000000000000000,1.0000000000000000
M 0.7660444378852844,0.0000000280971371,0.6427875757217407,2.7607734203338623,0.0000000000000000,1.0000000000000000,-0.0000000437113883,-0.0000000201190318,-0.6427875757217407,0.0000000334848664,0.7660444378852844,4.9601817131042480,0.0000000000000000,0.0000000000000000,0.0000000000000000,1.0000000000000000
M 0.7660444378852844,0.0000000280971371,0.6427875757217407,2.7607734203338623,0.0000000000000000,1.0000000000000000,-0.0000000437113883,-0.0000000201190318,-0.6427875757217407,0.0000000334848664,0.7660444378852844,4.9601817131042480,0.0000000000000000,0.0000000000000000,0.0000000000000000,1.0000000000000000
M 0.7660444378852844,0.0000000280971371,0.6427875757217407,2.7607734203338623,0.0000000000000000,1.0000000000000000,-0.0000000437113883,-0.0000000201190318,-0.6427875757217407,0.0000000334848664,0.7660444378852844,4.9601817131042480,0.0000000000000000,0.0000000000000000,0.0000000000000000,1.0000000000000000
M 0.7660444378852844,0.0000000280971371,0.6427875757217407,2.7607734203338623,0.0000000000000000,1.0000000000000000,-0.0000000437113883,-0.0000000201190318,-0.6427875757217407,0.0000000334848664,0.7660444378852844,4.9601817131042480,0.0000000000000000,0.0000000000000000,0.0000000000000000,1.0000000000000000
M 0.7660444378852844,0.0000000280971371,0.6427875757217407,2.7607734203338623,0.0000000000000000,1.0000000000000000,-0.0000000437113883,-0.0000000201190318,-0.6427875757217407,0.0000000334848664,0.7660444378852844,4.9601817131042480,0.0000000000000000,0.0000000000000000,0.0000000000000000,1.0000000000000000
M 0.7660444378852844,0.0000000280971371,0.6427875757217407,2.7607734203338623,0.0000000000000000,1.0000000000000000,-0.0000000437113883,-0.0000000201190318,-0.6427875757217407,0.0000000334848664,0.7660444378852844,4.9601817131042480,0.0000000000000000,0.0000000000000000,0.0000000000000000,1.0000000000000000
M 0.7660444378852844,0.0000000280971371,0.6427875757217407,2.7607734203338623,0.0000000000000000,1.0000000000000000,-0.0000000437113883,-0.0000000201190318,-0.6427875757217407,0.0000000334848664,0.7660444378852844,4.9601817131042480,0.0000000000000000,0.0000000000000000,0.0000000000000000,1.0000000000000000
M 0.7660444378852844,0.0000000280971371,0.6427875757217407,2.7607734203338623,0.0000000000000000,1.0000000000000000,-0.0000000437113883,-0.0000000201190318,-0.6427875757217407,0.0000000334848664,0.7660444378852844,4.9601817131042480,0.0000000000000000,0.0000000000000000,0.0000000000000000,1.0000000000000000
M 0.7660444378852844,0.0000000280971371,0.6427875757217407,2.7607734203338623,0.0000000000000000,1.0000000000000000,-0.0000000437113883,-0.0000000201190318,-0.6427875757217407,0.0000000334848664,0.7660444378852844,4.9601817131042480,0.0000000000000000,0.0000000000000000,0.0000000000000000,1.0000000000000000
M 0.7660444378852844,0.0000000280971371,0.6427875757217407,2.7607734203338623,0.0000000000000000,1.0000000000000000,-0.0000000437113883,-0.0000000201190318,-0.6427875757217407,0.0000000334848664,0.7660444378852844,4.9601817131042480,0.0000000000000000,0.0000000000000000,0.0000000000000000,1.0000000000000000
M 0.7660444378852844,0.0000000280971371,0.6427875757217407,2.7607734203338623,0.0000000000000000,1.0000000000000000,-0.0000000437113883,-0.0000000201190318,-0.6427875757217407,0.0000000334848664,0.7660444378852844,4.9601817131042480,0.0000000000000000,0.0000000000000000,0.0000000000000000,1.0000000000000000
M 0.7660444378852844,0.0000000280971371,0.6427875757217407,2.7607734203338623,0.0000000000000000,1.0000000000000000,-0.0000000437113883,-0.0000000201190318,-0.6427875757217407,0.0000000334848664,0.7660444378852844,4.9601817131042480,0.0000000000000000,0.0000000000000000,0.0000000000000000,1.0000000000000000
M 0.7660444378852844,0.0000000280971371,0.6427875757217407,2.7607734203338623,0.0000000000000000,1.0000000000000000,-0.0000000437113883,-0.0000000201190318,-0.6427875757217407,0.0000000334848664,0.7660444378852844,4.9601817131042480,0.0000000000000000,0.0000000000000000,0.0000000000000000,1.0000000000000000
M 0.7660444378852844,0.0000000280971371,0.6427875757217407,2.7607734203338623,0.0000000000000000,1.0000000000000000,-0.0000000437113883,-0.0000000201190318,-0.6427875757217407,0.0000000334848664,0.7660444378852844,4.9601817131042480,0.0000000000000000,0.0000000000000000,0.0000000000000000,1.0000000000000000
M 0.7660444378852844,0.0000000280971371,0.6427875757217407,2.7607734203338623,0.0000000000000000,1.0000000000000000,-0.0000000437113883,-0.0000000201190318,-0.6427875757217407,0.0000000334848664,0.7660444378852844,4.9601817131042480,0.0000000000000000,0.0000000000000000,0.0000000000000000,1.0000000000000000
M 0.7660444378852844,0.0000000280971371,0.6427875757217407,2.7607734203338623,0.0000000000000000,1.0000000000000000,-0.0000000437113883,-0.0000000201190318,-0.6427875757217407,0.0000000334848664,0.7660444378852844,4.9601817131042480,0.0000000000000000,0.0000000000000000,0.0000000000000000,1.0000000000000000
M 0.7660444378852844,0.0000000280971371,0.6427875757217407,2.7607734203338623,0.0000000000000000,1.0000000000000000,-0.0000000437113883,-0.0000000201190318,-0.6427875757217407,0.0000000334848664,0.7660444378852844,4.9601817131042480,0.0000000000000000,0.0000000000000000,0.0000000000000000,1.0000000000000000
M 0.7660444378852844,0.0000000280971371,0.6427875757217407,2.7607734203338623,0.0000000000000000,1.0000000000000000,-0.0000000437113883,-0.0000000201190318,-0.6427875757217407,0.0000000334848664,0.7660444378852844,4.9601817131042480,0.0000000000000000,0.0000000000000000,0.0000000000000000,1.0000000000000000
M 0.7660444378852844,0.0000000280971371,0.6427875757217407,2.7607734203338623,0.0000000000000000,1.0000000000000000,-0.0000000437113883,-0.0000000201190318,-0.6427875757217407,0.0000000334848664,0.7660444378852844,4.9601817131042480,0.0000000000000000,0.0000000000000000,0.0000000000000000,1.0000000000000000
M 0.7660444378852844,0.0000000280971371,0.6427875757217407,2.7607734203338623,0.0000000000000000,1.0000000000000000,-0.0000000437113883,-0.0000000201190318,-0.6427875757217407,0.0000000334848664,0.7660444378852844,4.9601817131042480,0.0000000000000000,0.0000000000000000,0.0000000000000000,1.0000000000000000
M 0.7660444378852844,0.0000000280971371,0.6427875757217407,2.7607734203338623,0.0000000000000000,1.0000000000000000,-0.0000000437113883,-0.0000000201190318,-0.6427875757217407,0.0000000334848664,0.7660444378852844,4.9601817131042480,0.0000000000000000,0.0000000000000000,0.0000000000000000,1.0000000000000000
M 0.7660444378852844,0.0000000280971371,0.6427875757217407,2.7607734203338623,0.0000000000000000,1.0000000000000000,-0.0000000437113883,-0.0000000201190318,-0.6427875757217407,0.0000000334848664,0.7660444378852844,4.9601817131042480,0.0000000000000000,0.0000000000000000,0.0000000000000000,1.0000000000000000
M 0.7660444378852844,0.0000000280971371,0.6427875757217407,2.7607734203338623,0.0000000000000000,1.0000000000000000,-0.0000000437113883,-0.0000000201190318,-0.6427875757217407,0.0000000334848664,0.7660444378852844,4.9601817131042480,0.0000000000000000,0.0000000000000000,0.0000000000000000,1.0000000000000000
M 0.7660444378852844,0.0000000280971371,0.6427875757217407,2.7607734203338623,0.0000000000000000,1.0000000000000000,-0.0000000437113883,-0.0000000201190318,-0.6427875757217407,0.0000000334848664,0.7660444378852844,4.9601817131042480,0.0000000000000000,0.0000000000000000,0.0000000000000000,1.0000000000000000
M 0.7660444378852844,0.0000000280971371,0.6427875757217407,2.7607734203338623,0.0000000000000000,1.0000000000000000,-0.0000000437113883,-0.0000000201190318,-0.6427875757217407,0.0000000334848664,0.7660444378852844,4.9601817131042480,0.0000000000000000,0.0000000000000000,0.0000000000000000,1.0000000000000000
M 0.7660444378852844,0.0000000280971371,0.6427875757217407,2.7607734203338623,0.0000000000000000,1.0000000000000000,-0.0000000437113883,-0.0000000201190318,-0.6427875757217407,0.0000000334848664,0.7660444378852844,4.9601817131042480,0.0000000000000000,0.0000000000000000,0.0000000000000000,1.0000000000000000
M 0.7660444378852844,0.0000000280971371,0.6427875757217407,2.7607734203338623,0.0000000000000000,1.0000000000000000,-0.0000000437113883,-0.0000000201190318,-0.6427875757217407,0.0000000334848664,0.7660444378852844,4.9601817131042480,0.0000000000000000,0.0000000000000000,0.0000000000000000,1.0000000000000000
M 0.7660444378852844,0.0000000280971371,0.6427875757217407,2.7607734203338623,0.0000000000000000,1.0000000000000000,-0.0000000437113883,-0.0000000201190318,-0.6427875757217407,0.0000000334848664,0.7660444378852844,4.9601817131042480,0.0000000000000000,0.0000000000000000,0.0000000000000000,1.0000000000000000
M 0.7660444378852844,0.0000000280971371,0.6427875757217407,2.7607734203338623,0.0000000000000000,1.0000000000000000,-0.0000000437113883,-0.0000000201190318,-0.6427875757217407,0.0000000334848664,0.7660444378852844,4.9601817131042480,0.0000000000000000,0.0000000000000000,0.0000000000000000,1.0000000000000000
M 0.7660444378852844,0.0000000280971371,0.6427875757217407,2.7607734203338623,0.0000000000000000,1.0000000000000000,-0.0000000437113883,-0.0000000201190318,-0.6427875757217407,0.0000000334848664,0.7660444378852844,4.9601817131042480,0.0000000000000000,0.0000000000000000,0.0000000000000000,1.0000000000000000
M 0.7660444378852844,0.0000000280971371,0.6427875757217407,2.7607734203338623,0.0000000000000000,1.0000000000000000,-0.0000000437113883,-0.0000000201190318,-0.6427875757217407,0.0000000334848664,0.7660444378852844,4.9601817131042480,0.0000000000000000,0.0000000000000000,0.0000000000000000,1.0000000000000000
M 0.7660444378852844,0.0000000280971371,0.6427875757217407,2.7607734203338623,0.0000000000000000,1.0000000000000000,-0.0000000437113883,-0.0000000201190318,-0.6427875757217407,0.0000000334848664,0.7660444378852844,4.9601817131042480,0.0000000000000000,0.0000000000000000,0.0000000000000000,1.0000000000000000
M 0.7660444378852844,0.0000000280971371,0.6427875757217407,2.7607734203338623,0.0000000000000000,1.0000000000000000,-0.0000000437113883,-0.0000000201190318,-0.6427875757217407,0.0000000334848664,0.7660444378852844,4.9601817131042480,0.0000000000000000,0.0000000000000000,0.0000000000000000,1.0000000000000000
M 0.7660444378852844,0.0000000280971371,0.6427875757217407,2.7607734203338623,0.0000000000000000,1.0000000000000000,-0.0000000437113883,-0.0000000201190318,-0.6427875757217407,0.0000000334848664,0.7660444378852844,4.9601817131042480,0.0000000000000000,0.0000000000000000,0.0000000000000000,1.0000000000000000
M 0.7660444378852844,0.0000000280971371,0.6427875757217407,2.7607734203338623,0.0000000000000000,1.0000000000000000,-0.0000000437113883,-0.0000000201190318,-0.6427875757217407,0.0000000334848664,0.7660444378852844,4.9601817131042480,0.0000000000000000,0.0000000000000000,0.0000000000000000,1.0000000000000000
M 0.7660444378852844,0.0000000280971371,0.6427875757217407,2.7607734203338623,0.0000000000000000,1.0000000000000000,-0.0000000437113883,-0.0000000201190318,-0.6427875757217407,0.0000000334848664,0.7660444378852844,4.9601817131042480,0.0000000000000000,0.0000000000000000,0.0000000000000000,1.0000000000000000
M 0.7660444378852844,0.0000000280971371,0.6427875757217407,2.7607734203338623,0.0000000000000000,1.0000000000000000,-0.0000000437113883,-0.0000000201190318,-0.6427875757217407,0.0000000334848664,0.7660444378852844,4.9601817131042480,0.0000000000000000,0.0000000000000000,0.0000000000000000,1.0000000000000000
M 0.7660444378852844,0.0000000280971371,0.6427875757217407,2.7607734203338623,0.0000000000000000,1.0000000000000000,-0.0000000437113883,-0.0000000201190318,-0.6427875757217407,0.0000000334848664,0.7660444378852844,4.9601817131042480,0.0000000000000000,0.0000000000000000,0.0000000000000000,1.0000000000000000
M 0.7660444378852844,0.0000000280971371,0.6427875757217407,2.7607734203338623,0.0000000000000000,1.0000000000000000,-0.0000000437113883,-0.0000000201190318,-0.6427875757217407,0.0000000334848664,0.7660444378852844,4.9601817131042480,0.0000000000000000,0.0000000000000000,0.0000000000000000,1.0000000000000000
M 0.7660444378852844,0.0000000280971371,0.6427875757217407,2.7607734203338623,0.0000000000000000,1.0000000000000000,-0.0000000437113883,-0.0000000201190318,-0.6427875757217407,0.0000000334848664,0.7660444378852844,4.9601817131042480,0.0000000000000000,0.0000000000000000,0.0000000000000000,1.0000000000000000
M 0.7660444378852844,0.0000000280971371,0.6427875757217407,2.7607734203338623,0.0000000000000000,1.0000000000000000,-0.0000000437113883,-0.0000000201190318,-0.6427875757217407,0.0000000334848664,0.7660444378852844,4.9601817131042480,0.0000000000000000,0.0000000000000000,0.0000000000000000,1.0000000000000000
M 0.7660444378852844,0.0000000280971371,0.6427875757217407,2.7607734203338623,0.0000000000000000,1.0000000000000000,-0.0000000437113883,-0.0000000201190318,-0.6427875757217407,0.0000000334848664,0.7660444378852844,4.9601817131042480,0.0000000000000000,0.0000000000000000,0.0000000000000000,1.0000000000000000
M 0.7660444378852844,0.0000000280971371,0.6427875757217407,2.7607734203338623,0.0000000000000000,1.0000000000000000,-0.0000000437113883,-0.0000000201190318,-0.6427875757217407,0.0000000334848664,0.7660444378852844,4.9601817131042480,0.0000000000000000,0.0000000000000000,0.0000000000000000,1.0000000000000000
M 0.7660444378852844,0.0000000280971371,0.6427875757217407,2.7607734203338623,0.0000000000000000,1.0000000000000000,-0.0000000437113883,-0.0000000201190318,-0.6427875757217407,0.0000000334848664,0.7660444378852844,4.9601817131042480,0.0000000000000000,0.0000000000000000,0.0000000000000000,1.0000000000000000
M 0.7660444378852844,0.0000000280971371,0.6427875757217407,2.7607734203338623,0.0000000000000000,1.0000000000000000,-0.0000000437113883,-0.0000000201190318,-0.6427875757217407,0.0000000334848664,0.7660444378852844,4.9601817131042480,0.0000000000000000,0.0000000000000000,0.0000000000000000,1.0000000000000000
M 0.7660444378852844,0.0000000280971371,0.6427875757217407,2.7607734203338623,0.0000000000000000,1.0000000000000000,-0.0000000437113883,-0.0000000201190318,-0.6427875757217407,0.0000000334848664,0.7660444378852844,4.9601817131042480,0.0000000000000000,0.0000000000000000,0.0000000000000000,1.0000000000000000
M 0.7660444378852844,0.0000000280971371,0.6427875757217407,2.7607734203338623,0.0000000000000000,1.0000000000000000,-0.0000000437113883,-0.0000000201190318,-0.6427875757217407,0.0000000334848664,0.7660444378852844,4.9601817131042480,0.0000000000000000,0.0000000000000000,0.0000000000000000,1.0000000000000000
M 0.7660444378852844,0.0000000280971371,0.6427875757217407,2.7607734203338623,0.0000000000000000,1.0000000000000000,-0.0000000437113883,-0.0000000201190318,-0.6427875757217407,0.0000000334848664,0.7660444378852844,4.9601817131042480,0.0000000000000000,0.0000000000000000,0.0000000000000000,1.0000000000000000
M 0.7660444378852844,0.0000000280971371,0.6427875757217407,2.7607734203338623,0.0000000000000000,1.0000000000000000,-0.0000000437113883,-0.0000000201190318,-0.6427875757217407,0.0000000334848664,0.7660444378852844,4.9601817131042480,0.0000000000000000,0.0000000000000000,0.0000000000000000,1.0000000000000000
M 0.7660444378852844,0.0000000280971371,0.6427875757217407,2.7607734203338623,0.0000000000000000,1.0000000000000000,-0.0000000437113883,-0.0000000201190318,-0.6427875757217407,0.0000000334848664,0.7660444378852844,4.9601817131042480,0.0000000000000000,0.0000000000000000,0.0000000000000000,1.0000000000000000
M 0.7660444378852844,0.0000000280971371,0.6427875757217407,2.7607734203338623,0.0000000000000000,1.0000000000000000,-0.0000000437113883,-0.0000000201190318,-0.6427875757217407,0.0000000334848664,0.7660444378852844,4.9601817131042480,0.0000000000000000,0.0000000000000000,0.0000000000000000,1.0000000000000000
M 0.7660444378852844,0.0000000280971371,0.6427875757217407,2.7607734203338623,0.0000000000000000,1.0000000000000000,-0.0000000437113883,-0.0000000201190318,-0.6427875757217407,0.0000000334848664,0.7660444378852844,4.9601817131042480,0.0000000000000000,0.0000000000000000,0.0000000000000000,1.0000000000000000
M 0.7660444378852844,0.0000000280971371,0.6427875757217407,2.7607734203338623,0.0000000000000000,1.0000000000000000,-0.0000000437113883,-0.0000000201190318,-0.6427875757217407,0.0000000334848664,0.7660444378852844,4.9601817131042480,0.0000000000000000,0.0000000000000000,0.0000000000000000,1.0000000000000000
M 0.7660444378852844,0.0000000280971371,0.6427875757217407,2.7607734203338623,0.0000000000000000,1.0000000000000000,-0.0000000437113883,-0.0000000201190318,-0.6427875757217407,0.0000000334848664,0.7660444378852844,4.9601817131042480,0.0000000000000000,0.0000000000000000,0.0000000000000000,1.0000000000000000
M 0.7660444378852844,0.0000000280971371,0.6427875757217407,2.7607734203338623,0.0000000000000000,1.0000000000000000,-0.0000000437113883,-0.0000000201190318,-0.6427875757217407,0.0000000334848664,0.7660444378852844,4.9601817131042480,0.0000000000000000,0.0000000000000000,0.0000000000000000,1.0000000000000000
M 0.7660444378852844,0.0000000280971371,0.6427875757217407,2.7607734203338623,0.0000000000000000,1.0000000000000000,-0.0000000437113883,-0.0000000201190318,-0.6427875757217407,0.0000000334848664,0.7660444378852844,4.9601817131042480,0.0000000000000000,0.0000000000000000,0.0000000000000000,1.0000000000000000
M 0.7660444378852844,0.0000000280971371,0.6427875757217407,2.7607734203338623,0.0000000000000000,1.0000000000000000,-0.0000000437113883,-0.0000000201190318,-0.6427875757217407,0.0000000334848664,0.7660444378852844,4.9601817131042480,0.0000000000000000,0.0000000000000000,0.0000000000000000,1.0000000000000000
M 0.7660444378852844,0.0000000280971371,0.6427875757217407,2.7607734203338623,0.0000000000000000,1.0000000000000000,-0.0000000437113883,-0.0000000201190318,-0.6427875757217407,0.0000000334848664,0.7660444378852844,4.9601817131042480,0.0000000000000000,0.0000000000000000,0.0000000000000000,1.0000000000000000
M 0.7660444378852844,0.0000000280971371,0.6427875757217407,2.7607734203338623,0.0000000000000000,1.0000000000000000,-0.0000000437113883,-0.0000000201190318,-0.6427875757217407,0.0000000334848664,0.7660444378852844,4.9601817131042480,0.0000000000000000,0.0000000000000000,0.0000000000000000,1.0000000000000000
M 0.7660444378852844,0.0000000280971371,0.6427875757217407,2.7607734203338623,0.0000000000000000,1.0000000000000000,-0.0000000437113883,-0.0000000201190318,-0.6427875757217407,0.0000000334848664,0.7660444378852844,4.9601817131042480,0.0000000000000000,0.0000000000000000,0.0000000000000000,1.0000000000000000
M 0.7660444378852844,0.0000000280971371,0.6427875757217407,2.7607734203338623,0.0000000000000000,1.0000000000000000,-0.0000000437113883,-0.0000000201190318,-0.6427875757217407,0.0000000334848664,0.7660444378852844,4.9601817131042480,0.0000000000000000,0.0000000000000000,0.0000000000000000,1.0000000000000000
M 0.7660444378852844,0.0000000280971371,0.6427875757217407,2.7607734203338623,0.0000000000000000,1.0000000000000000,-0.0000000437113883,-0.0000000201190318,-0.6427875757217407,0.0000000334848664,0.7660444378852844,4.9601817131042480,0.0000000000000000,0.0000000000000000,0.0000000000000000,1.0000000000000000
M 0.7660444378852844,0.0000000280971371,0.6427875757217407,2.7607734203338623,0.0000000000000000,1.0000000000000000,-0.0000000437113883,-0.0000000201190318,-0.6427875757217407,0.0000000334848664,0.7660444378852844,4.9601817131042480,0.0000000000000000,0.0000000000000000,0.0000000000000000,1.0000000000000000
M 0.7660444378852844,0.0000000280971371,0.6427875757217407,2.7607734203338623,0.0000000000000000,1.0000000000000000,-0.0000000437113883,-0.0000000201190318,-0.6427875757217407,0.0000000334848664,0.7660444378852844,4.9601817131042480,0.0000000000000000,0.0000000000000000,0.0000000000000000,1.0000000000000000
