O Amogus
A Amogus_Amogus
M 1.0000000000000000,0.0000000000000000,0.0000000000000000,0.0000000000000000,0.0000000000000000,1.0000000000000000,-0.0000000437113883,0.0000000031584302,-0.0000000000000000,0.0000000437113883,1.0000000000000000,0.0000000010747279,0.0000000000000000,0.0000000000000000,0.0000000000000000,1.0000000000000000
M 0.9997733831405640,-0.0212881322950125,0.0000000009305339,0.0141330705955625,0.0212881322950125,0.9997733831405640,-0.0000000437014833,-0.1149515733122826,-0.0000000000000000,0.0000000437113883,1.0000000000000000,0.0000000010747279,0.0000000000000000,0.0000000000000000,0.0000000000000000,1.0000000000000000
M 0.9965445995330811,-0.0830594152212143,0.0000000036306425,0.0690437108278275,0.0830594152212143,0.9965445995330811,-0.0000000435603482,-0.4469448029994965,-0.0000000000000000,0.0000000437113883,1.0000000000000000,0.0000000010747279,0.0000000000000000,0.0000000000000000,0.0000000000000000,1.0000000000000000
M 0.9833765625953674,-0.1815779358148575,0.0000000079370235,0.1999703794717789,0.1815779358148575,0.9833765625953674,-0.0000000429847624,-0.9715760946273804,-0.0000000000000000,0.0000000437113883,1.0000000000000000,0.0000000010747279,0.0000000000000000,0.0000000000000000,0.0000000000000000,1.0000000000000000
M 0.9503023028373718,-0.3113287389278412,0.0000000136086129,0.4574525952339172,0.3113287389278412,0.9503023028373718,-0.0000000415390389,-1.6529866456985474,-0.0000000000000000,0.0000000437113883,1.0000000000000000,0.0000000010747279,0.0000000000000000,0.0000000000000000,0.0000000000000000,1.0000000000000000
M 0.8860000967979431,-0.4636850953102112,0.0000000202683186,0.8974678516387939,0.4636850953102112,0.8860000967979431,-0.0000000387282952,-2.4376735687255859,-0.0000000000000000,0.0000000437113883,1.0000000000000000,0.0000000010747279,0.0000000000000000,0.0000000000000000,0.0000000000000000,1.0000000000000000
M 0.7799175381660461,-0.6258823275566101,0.0000000273581851,1.5693249702453613,0.6258823275566101,0.7799175381660461,-0.0000000340912827,-3.2502291202545166,-0.0000000000000000,0.0000000437113883,1.0000000000000000,0.0000000010747279,0.0000000000000000,0.0000000000000000,0.0000000000000000,1.0000000000000000
M 0.6247989535331726,-0.7807856798171997,0.0000000341292292,2.5018606185913086,0.7807856798171997,0.6247989535331726,-0.0000000273108292,-3.9936192035675049,-0.0000000000000000,0.0000000437113883,1.0000000000000000,0.0000000010747279,0.0000000000000000,0.0000000000000000,0.0000000000000000,1.0000000000000000
M 0.4192979335784912,-0.9078486561775208,0.0000000396833180,3.6898951530456543,0.9078486561775208,0.4192979335784912,-0.0000000183280946,-4.5559477806091309,-0.0000000000000000,0.0000000437113883,1.0000000000000000,0.0000000010747279,0.0000000000000000,0.0000000000000000,0.0000000000000000,1.0000000000000000
M 0.1701020300388336,-0.9854264855384827,0.0000000430743654,5.0841498374938965,0.9854264855384827,0.1701020300388336,-0.0000000074353959,-4.8242526054382324,-0.0000000000000000,0.0000000437113883,1.0000000000000000,0.0000000010747279,0.0000000000000000,0.0000000000000000,0.0000000000000000,1.0000000000000000
M -0.1071299836039543,-0.9942450523376465,0.0000000434598313,6.5882825851440430,0.9942450523376465,-0.1071299836039543,0.0000000046828013,-4.7038283348083496,-0.0000000000000000,0.0000000437113883,1.0000000000000000,0.0000000010747279,0.0000000000000000,0.0000000000000000,0.0000000000000000,1.0000000000000000
M -0.3886175453662872,-0.9213991761207581,0.0000000402756442,8.0659046173095703,0.9213991761207581,-0.3886175453662872,0.0000000169870127,-4.1393246650695801,-0.0000000000000000,0.0000000437113883,1.0000000000000000,0.0000000010747279,0.0000000000000000,0.0000000000000000,0.0000000000000000,1.0000000000000000
M -0.6453224420547485,-0.7639102935791016,0.0000000333915793,9.3582220077514648,0.7639102935791016,-0.6453224420547485,0.0000000282079426,-3.1322474479675293,-0.0000000000000000,0.0000000437113883,1.0000000000000000,0.0000000010747279,0.0000000000000000,0.0000000000000000,0.0000000000000000,1.0000000000000000
M -0.8475084900856018,-0.5307818055152893,0.0000000232012098,10.3099327087402344,0.5307818055152893,-0.8475084900856018,0.0000000370457727,-1.7493008375167847,-0.0000000000000000,0.0000000437113883,1.0000000000000000,0.0000000010747279,0.0000000000000000,0.0000000000000000,0.0000000000000000,1.0000000000000000
M -0.9700921177864075,-0.2427369952201843,0.0000000106103712,10.7979946136474609,0.2427369952201843,-0.9700921177864075,0.0000000424040749,-0.1177299618721008,-0.0000000000000000,0.0000000437113883,1.0000000000000000,0.0000000010747279,0.0000000000000000,0.0000000000000000,0.0000000000000000,1.0000000000000000
M -0.9975050687789917,0.0705949962139130,-0.0000000030858054,10.7562065124511719,-0.0705949962139130,-0.9975050687789917,0.0000000436023306,1.5928429365158081,-0.0000000000000000,0.0000000437113883,1.0000000000000000,0.0000000010747279,0.0000000000000000,0.0000000000000000,0.0000000000000000,1.0000000000000000
M -0.9268019795417786,0.3755503594875336,-0.0000000164158269,10.1890583038330078,-0.3755503594875336,-0.9268019795417786,0.0000000405118001,3.1986370086669922,-0.0000000000000000,0.0000000437113883,1.0000000000000000,0.0000000010747279,0.0000000000000000,0.0000000000000000,0.0000000000000000,1.0000000000000000
M -0.7681699991226196,0.6402459144592285,-0.0000000279860419,9.1709556579589844,-0.6402459144592285,-0.7681699991226196,0.0000000335777770,4.5334606170654297,-0.0000000000000000,0.0000000437113883,1.0000000000000000,0.0000000010747279,0.0000000000000000,0.0000000000000000,0.0000000000000000,1.0000000000000000
M -0.5427125096321106,0.8399185538291931,-0.0000000367140061,7.8310041427612305,-0.8399185538291931,-0.5427125096321106,0.0000000237227216,5.4762344360351562,-0.0000000000000000,0.0000000437113883,1.0000000000000000,0.0000000010747279,0.0000000000000000,0.0000000000000000,0.0000000000000000,1.0000000000000000
M -0.2781513035297394,0.9605372548103333,-0.0000000419864179,6.3275828361511230,-0.9605372548103333,-0.2781513035297394,0.0000000121583810,5.9679126739501953,-0.0000000000000000,0.0000000437113883,1.0000000000000000,0.0000000010747279,0.0000000000000000,0.0000000000000000,0.0000000000000000,1.0000000000000000
M -0.0035986702423543,0.9999935030937195,-0.0000000437111041,4.8193583488464355,-0.9999935030937195,-0.0035986702423543,0.0000000001573029,6.0147476196289062,-0.0000000000000000,0.0000000437113883,1.0000000000000000,0.0000000010747279,0.0000000000000000,0.0000000000000000,0.0000000000000000,1.0000000000000000
M 0.2552818059921265,0.9668666720390320,-0.0000000422630855,3.4398722648620605,-0.9668666720390320,0.2552818059921265,-0.0000000111587237,5.6786832809448242,-0.0000000000000000,0.0000000437113883,1.0000000000000000,0.0000000010747279,0.0000000000000000,0.0000000000000000,0.0000000000000000,1.0000000000000000
M 0.4797247350215912,0.8774190545082092,-0.0000000383532033,2.2807145118713379,-0.8774190545082092,0.4797247350215912,-0.0000000209694342,5.0590162277221680,-0.0000000000000000,0.0000000437113883,1.0000000000000000,0.0000000010747279,0.0000000000000000,0.0000000000000000,0.0000000000000000,1.0000000000000000
M 0.6593856215476990,0.7518048882484436,-0.0000000328624346,1.3855888843536377,-0.7518048882484436,0.6593856215476990,-0.0000000288226651,4.2709770202636719,-0.0000000000000000,0.0000000437113883,1.0000000000000000,0.0000000010747279,0.0000000000000000,0.0000000000000000,0.0000000000000000,1.0000000000000000
M 0.7920216917991638,0.6104929447174072,-0.0000000266854983,0.7542096376419067,-0.6104929447174072,0.7920216917991638,-0.0000000346203670,3.4265854358673096,-0.0000000000000000,0.0000000437113883,1.0000000000000000,0.0000000010747279,0.0000000000000000,0.0000000000000000,0.0000000000000000,1.0000000000000000
M 0.8818030953407288,0.4716177284717560,-0.0000000206150652,0.3530360758304596,-0.4716177284717560,0.8818030953407288,-0.0000000385448367,2.6213521957397461,-0.0000000000000000,0.0000000437113883,1.0000000000000000,0.0000000010747279,0.0000000000000000,0.0000000000000000,0.0000000000000000,1.0000000000000000
M 0.9369062185287476,0.3495808243751526,-0.0000000152806621,0.1291320919990540,-0.3495808243751526,0.9369062185287476,-0.0000000409534699,1.9281783103942871,-0.0000000000000000,0.0000000437113883,1.0000000000000000,0.0000000010747279,0.0000000000000000,0.0000000000000000,0.0000000000000000,1.0000000000000000
M 0.9669817686080933,0.2548454403877258,-0.0000000111396483,0.0239792168140411,-0.2548454403877258,0.9669817686080933,-0.0000000422681161,1.3977787494659424,-0.0000000000000000,0.0000000437113883,1.0000000000000000,0.0000000010747279,0.0000000000000000,0.0000000000000000,0.0000000000000000,1.0000000000000000
M 0.9808878898620605,0.1945738941431046,-0.0000000085050962,-0.0146551420912147,-0.1945738941431046,0.9808878898620605,-0.0000000428759712,1.0635038614273071,-0.0000000000000000,0.0000000437113883,1.0000000000000000,0.0000000010747279,0.0000000000000000,0.0000000000000000,0.0000000000000000,1.0000000000000000
M 0.9848077297210693,0.1736484467983246,-0.0000000075904154,-0.0231585800647736,-0.1736484467983246,0.9848077297210693,-0.0000000430473115,0.9479987621307373,-0.0000000000000000,0.0000000437113883,1.0000000000000000,0.0000000010747279,0.0000000000000000,0.0000000000000000,0.0000000000000000,1.0000000000000000
