O DOOR_137-1_INTERNAL_CG_bd1_LCG_il_LINVERT
A DOOR_137-1_INTERNAL_CG_bd1_LCG_il_LINVERT_DOOR_137-1_INTERNAL_CG_bd2_LCG_il_LINVERT
M 1.0000000000000000,0.0000000000000000,0.0000000000000000,0.0000000000000000,0.0000000000000000,1.0000000000000000,-0.0000000437113883,0.0000000000000000,-0.0000000000000000,0.0000000437113883,1.0000000000000000,-0.0000000000000000,0.0000000000000000,0.0000000000000000,0.0000000000000000,1.0000000000000000
M 1.0000000000000000,0.0000000000000000,0.0000000000000000,0.0000000000000000,0.0000000000000000,1.0000000000000000,-0.0000000437113883,0.0000000000000000,-0.0000000000000000,0.0000000437113883,1.0000000000000000,-0.0000000000000000,0.0000000000000000,0.0000000000000000,0.0000000000000000,1.0000000000000000
M 1.0000000000000000,0.0000000000000000,0.0000000000000000,0.0000000000000000,0.0000000000000000,1.0000000000000000,-0.0000000437113883,0.0000000000000000,-0.0000000000000000,0.0000000437113883,1.0000000000000000,-0.0000000000000000,0.0000000000000000,0.0000000000000000,0.0000000000000000,1.0000000000000000
M 1.0000000000000000,0.0000000000000000,0.0000000000000000,0.0000000000000000,0.0000000000000000,1.0000000000000000,-0.0000000437113883,0.0000000000000000,-0.0000000000000000,0.0000000437113883,1.0000000000000000,-0.0000000000000000,0.0000000000000000,0.0000000000000000,0.0000000000000000,1.0000000000000000
M 1.0000000000000000,0.0000000000000000,0.0000000000000000,0.0000000000000000,0.0000000000000000,1.0000000000000000,-0.0000000437113883,0.0000000000000000,-0.0000000000000000,0.0000000437113883,1.0000000000000000,-0.0000000000000000,0.0000000000000000,0.0000000000000000,0.0000000000000000,1.0000000000000000
M 1.0000000000000000,0.0000000000000000,0.0000000000000000,0.0000000000000000,0.0000000000000000,1.0000000000000000,-0.0000000437113883,0.0000000000000000,-0.0000000000000000,0.0000000437113883,1.0000000000000000,-0.0000000000000000,0.0000000000000000,0.0000000000000000,0.0000000000000000,1.0000000000000000
M 1.0000000000000000,0.0000000000000000,0.0000000000000000,0.0000000000000000,0.0000000000000000,1.0000000000000000,-0.0000000437113883,0.0000000000000000,-0.0000000000000000,0.0000000437113883,1.0000000000000000,-0.0000000000000000,0.0000000000000000,0.0000000000000000,0.0000000000000000,1.0000000000000000
M 1.0000000000000000,0.0000000000000000,0.0000000000000000,0.0000000000000000,0.0000000000000000,1.0000000000000000,-0.0000000437113883,0.0000000000000000,-0.0000000000000000,0.0000000437113883,1.0000000000000000,-0.0000000000000000,0.0000000000000000,0.0000000000000000,0.0000000000000000,1.0000000000000000
M 1.0000000000000000,0.0000000000000000,0.0000000000000000,0.0000000000000000,0.0000000000000000,1.0000000000000000,-0.0000000437113883,0.0000000000000000,-0.0000000000000000,0.0000000437113883,1.0000000000000000,-0.0000000000000000,0.0000000000000000,0.0000000000000000,0.0000000000000000,1.0000000000000000
M 1.0000000000000000,0.0000000000000000,0.0000000000000000,0.0000000000000000,0.0000000000000000,1.0000000000000000,-0.0000000437113883,0.0000000000000000,-0.0000000000000000,0.0000000437113883,1.0000000000000000,-0.0000000000000000,0.0000000000000000,0.0000000000000000,0.0000000000000000,1.0000000000000000
M 1.0000000000000000,0.0000000000000000,0.0000000000000000,0.0000000000000000,0.0000000000000000,1.0000000000000000,-0.0000000437113883,0.0000000000000000,-0.0000000000000000,0.0000000437113883,1.0000000000000000,-0.0000000000000000,0.0000000000000000,0.0000000000000000,0.0000000000000000,1.0000000000000000
M 1.0000000000000000,0.0000000000000000,0.0000000000000000,0.0000000000000000,0.0000000000000000,1.0000000000000000,-0.0000000437113883,0.0000000000000000,-0.0000000000000000,0.0000000437113883,1.0000000000000000,-0.0000000000000000,0.0000000000000000,0.0000000000000000,0.0000000000000000,1.0000000000000000
M 1.0000000000000000,0.0000000000000000,0.0000000000000000,0.0000000000000000,0.0000000000000000,1.0000000000000000,-0.0000000437113883,0.0000000000000000,-0.0000000000000000,0.0000000437113883,1.0000000000000000,-0.0000000000000000,0.0000000000000000,0.0000000000000000,0.0000000000000000,1.0000000000000000
M 1.0000000000000000,0.0000000000000000,0.0000000000000000,0.0000000000000000,0.0000000000000000,1.0000000000000000,-0.0000000437113883,0.0000000000000000,-0.0000000000000000,0.0000000437113883,1.0000000000000000,-0.0000000000000000,0.0000000000000000,0.0000000000000000,0.0000000000000000,1.0000000000000000
M 1.0000000000000000,0.0000000000000000,0.0000000000000000,0.0000000000000000,0.0000000000000000,1.0000000000000000,-0.0000000437113883,0.0000000000000000,-0.0000000000000000,0.0000000437113883,1.0000000000000000,-0.0000000000000000,0.0000000000000000,0.0000000000000000,0.0000000000000000,1.0000000000000000
M 1.0000000000000000,0.0000000000000000,0.0000000000000000,0.0000000000000000,0.0000000000000000,1.0000000000000000,-0.0000000437113883,0.0000000000000000,-0.0000000000000000,0.0000000437113883,1.0000000000000000,-0.0000000000000000,0.0000000000000000,0.0000000000000000,0.0000000000000000,1.0000000000000000
M 1.0000000000000000,0.0000000000000000,0.0000000000000000,0.0000000000000000,0.0000000000000000,1.0000000000000000,-0.0000000437113883,0.0000000000000000,-0.0000000000000000,0.0000000437113883,1.0000000000000000,-0.0000000000000000,0.0000000000000000,0.0000000000000000,0.0000000000000000,1.0000000000000000
M 1.0000000000000000,0.0000000000000000,0.0000000000000000,0.0000000000000000,0.0000000000000000,1.0000000000000000,-0.0000000437113883,0.0000000000000000,-0.0000000000000000,0.0000000437113883,1.0000000000000000,-0.0000000000000000,0.0000000000000000,0.0000000000000000,0.0000000000000000,1.0000000000000000
M 1.0000000000000000,0.0000000000000000,0.0000000000000000,0.0000000000000000,0.0000000000000000,1.0000000000000000,-0.0000000437113883,0.0000000000000000,-0.0000000000000000,0.0000000437113883,1.0000000000000000,-0.0000000000000000,0.0000000000000000,0.0000000000000000,0.0000000000000000,1.0000000000000000
M 1.0000000000000000,0.0000000000000000,0.0000000000000000,0.0000000000000000,0.0000000000000000,1.0000000000000000,-0.0000000437113883,0.0000000000000000,-0.0000000000000000,0.0000000437113883,1.0000000000000000,-0.0000000000000000,0.0000000000000000,0.0000000000000000,0.0000000000000000,1.0000000000000000
M 1.0000000000000000,0.0000000000000000,0.0000000000000000,0.0000000000000000,0.0000000000000000,1.0000000000000000,-0.0000000437113883,0.0000000000000000,-0.0000000000000000,0.0000000437113883,1.0000000000000000,-0.0000000000000000,0.0000000000000000,0.0000000000000000,0.0000000000000000,1.0000000000000000
M 1.0000000000000000,0.0000000000000000,0.0000000000000000,0.0000000000000000,0.0000000000000000,1.0000000000000000,-0.0000000437113883,0.0000000000000000,-0.0000000000000000,0.0000000437113883,1.0000000000000000,-0.0000000000000000,0.0000000000000000,0.0000000000000000,0.0000000000000000,1.0000000000000000
M 1.0000000000000000,0.0000000000000000,0.0000000000000000,0.0000000000000000,0.0000000000000000,1.0000000000000000,-0.0000000437113883,0.0000000000000000,-0.0000000000000000,0.0000000437113883,1.0000000000000000,-0.0000000000000000,0.0000000000000000,0.0000000000000000,0.0000000000000000,1.0000000000000000
M 1.0000000000000000,0.0000000000000000,0.0000000000000000,0.0000000000000000,0.0000000000000000,1.0000000000000000,-0.0000000437113883,0.0000000000000000,-0.0000000000000000,0.0000000437113883,1.0000000000000000,-0.0000000000000000,0.0000000000000000,0.0000000000000000,0.0000000000000000,1.0000000000000000
M 1.0000000000000000,0.0000000000000000,0.0000000000000000,0.0000000000000000,0.0000000000000000,1.0000000000000000,-0.0000000437113883,0.0000000000000000,-0.0000000000000000,0.0000000437113883,1.0000000000000000,-0.0000000000000000,0.0000000000000000,0.0000000000000000,0.0000000000000000,1.0000000000000000
M 1.0000000000000000,0.0000000000000000,0.0000000000000000,0.0000000000000000,0.0000000000000000,1.0000000000000000,-0.0000000437113883,0.0000000000000000,-0.0000000000000000,0.0000000437113883,1.0000000000000000,-0.0000000000000000,0.0000000000000000,0.0000000000000000,0.0000000000000000,1.0000000000000000
M 1.0000000000000000,0.0000000000000000,0.0000000000000000,0.0000000000000000,0.0000000000000000,1.0000000000000000,-0.0000000437113883,0.0000000000000000,-0.0000000000000000,0.0000000437113883,1.0000000000000000,-0.0000000000000000,0.0000000000000000,0.0000000000000000,0.0000000000000000,1.0000000000000000
M 1.0000000000000000,0.0000000000000000,0.0000000000000000,0.0000000000000000,0.0000000000000000,1.0000000000000000,-0.0000000437113883,0.0000000000000000,-0.0000000000000000,0.0000000437113883,1.0000000000000000,-0.0000000000000000,0.0000000000000000,0.0000000000000000,0.0000000000000000,1.0000000000000000
M 1.0000000000000000,0.0000000000000000,0.0000000000000000,0.0000000000000000,0.0000000000000000,1.0000000000000000,-0.0000000437113883,0.0000000000000000,-0.0000000000000000,0.0000000437113883,1.0000000000000000,-0.0000000000000000,0.0000000000000000,0.0000000000000000,0.0000000000000000,1.0000000000000000
M 1.0000000000000000,0.0000000000000000,0.0000000000000000,0.0000000000000000,0.0000000000000000,1.0000000000000000,-0.0000000437113883,0.0000000000000000,-0.0000000000000000,0.0000000437113883,1.0000000000000000,-0.0000000000000000,0.0000000000000000,0.0000000000000000,0.0000000000000000,1.0000000000000000
M 1.0000000000000000,0.0000000000000000,0.0000000000000000,0.0000000000000000,0.0000000000000000,1.0000000000000000,-0.0000000437113883,0.0000000000000000,-0.0000000000000000,0.0000000437113883,1.0000000000000000,-0.0000000000000000,0.0000000000000000,0.0000000000000000,0.0000000000000000,1.0000000000000000
M 1.0000000000000000,0.0000000000000000,0.0000000000000000,0.0000000000000000,0.0000000000000000,1.0000000000000000,-0.0000000437113883,0.0000000000000000,-0.0000000000000000,0.0000000437113883,1.0000000000000000,-0.0000000000000000,0.0000000000000000,0.0000000000000000,0.0000000000000000,1.0000000000000000
M 1.0000000000000000,0.0000000000000000,0.0000000000000000,0.0000000000000000,0.0000000000000000,1.0000000000000000,-0.0000000437113883,0.0000000000000000,-0.0000000000000000,0.0000000437113883,1.0000000000000000,-0.0000000000000000,0.0000000000000000,0.0000000000000000,0.0000000000000000,1.0000000000000000
M 1.0000000000000000,0.0000000000000000,0.0000000000000000,0.0000000000000000,0.0000000000000000,1.0000000000000000,-0.0000000437113883,0.0000000000000000,-0.0000000000000000,0.0000000437113883,1.0000000000000000,-0.0000000000000000,0.0000000000000000,0.0000000000000000,0.0000000000000000,1.0000000000000000
M 1.0000000000000000,0.0000000000000000,0.0000000000000000,0.0000000000000000,0.0000000000000000,1.0000000000000000,-0.0000000437113883,0.0000000000000000,-0.0000000000000000,0.0000000437113883,1.0000000000000000,-0.0000000000000000,0.0000000000000000,0.0000000000000000,0.0000000000000000,1.0000000000000000
M 1.0000000000000000,0.0000000000000000,0.0000000000000000,0.0000000000000000,0.0000000000000000,1.0000000000000000,-0.0000000437113883,0.0000000000000000,-0.0000000000000000,0.0000000437113883,1.0000000000000000,-0.0000000000000000,0.0000000000000000,0.0000000000000000,0.0000000000000000,1.0000000000000000
M 1.0000000000000000,0.0000000000000000,0.0000000000000000,0.0000000000000000,0.0000000000000000,1.0000000000000000,-0.0000000437113883,0.0000000000000000,-0.0000000000000000,0.0000000437113883,1.0000000000000000,-0.0000000000000000,0.0000000000000000,0.0000000000000000,0.0000000000000000,1.0000000000000000
M 1.0000000000000000,0.0000000000000000,0.0000000000000000,0.0000000000000000,0.0000000000000000,1.0000000000000000,-0.0000000437113883,0.0000000000000000,-0.0000000000000000,0.0000000437113883,1.0000000000000000,-0.0000000000000000,0.0000000000000000,0.0000000000000000,0.0000000000000000,1.0000000000000000
M 1.0000000000000000,0.0000000000000000,0.0000000000000000,0.0000000000000000,0.0000000000000000,1.0000000000000000,-0.0000000437113883,0.0000000000000000,-0.0000000000000000,0.0000000437113883,1.0000000000000000,-0.0000000000000000,0.0000000000000000,0.0000000000000000,0.0000000000000000,1.0000000000000000
M 1.0000000000000000,0.0000000000000000,0.0000000000000000,0.0000000000000000,0.0000000000000000,1.0000000000000000,-0.0000000437113883,0.0000000000000000,-0.0000000000000000,0.0000000437113883,1.0000000000000000,-0.0000000000000000,0.0000000000000000,0.0000000000000000,0.0000000000000000,1.0000000000000000
M 0.9999998807907104,0.0000000000197791,0.0004524941905402,-0.0006089926464483,0.0000000000000000,1.0000000000000000,-0.0000000437113883,0.0000000000000000,-0.0004524941905402,0.0000000437113847,0.9999998807907104,-0.0033511659130454,0.0000000000000000,0.0000000000000000,0.0000000000000000,1.0000000000000000
M 0.9999983906745911,0.0000000000785856,0.0017978284740821,-0.0024277525953948,0.0000000000000000,1.0000000000000000,-0.0000000437113883,0.0000000000000000,-0.0017978284740821,0.0000000437113172,0.9999983906745911,-0.0133130215108395,0.0000000000000000,0.0000000000000000,0.0000000000000000,1.0000000000000000
M 0.9999919533729553,0.0000000001756225,0.0040177735500038,-0.0054584867320955,0.0000000000000000,1.0000000000000000,-0.0000000437113883,0.0000000000000000,-0.0040177735500038,0.0000000437110366,0.9999919533729553,-0.0297457873821259,0.0000000000000000,0.0000000000000000,0.0000000000000000,1.0000000000000000
M 0.9999748468399048,0.0000000003100920,0.0070940777659416,-0.0097191082313657,0.0000000000000000,1.0000000000000000,-0.0000000437113883,0.0000000000000000,-0.0070940777659416,0.0000000437102905,0.9999748468399048,-0.0525066591799259,0.0000000000000000,0.0000000000000000,0.0000000000000000,1.0000000000000000
M 0.9999393820762634,0.0000000004811945,0.0110084461048245,-0.0152417775243521,0.0000000000000000,1.0000000000000000,-0.0000000437113883,0.0000000000000000,-0.0110084461048245,0.0000000437087380,0.9999393820762634,-0.0814498811960220,0.0000000000000000,0.0000000000000000,0.0000000000000000,1.0000000000000000
M 0.9998760819435120,0.0000000006881267,0.0157425031065941,-0.0220718961209059,0.0000000000000000,1.0000000000000000,-0.0000000437113883,0.0000000000000000,-0.0157425031065941,0.0000000437059704,0.9998760819435120,-0.1164263784885406,0.0000000000000000,0.0000000000000000,0.0000000000000000,1.0000000000000000
M 0.9997736215591431,0.0000000009300807,0.0212777666747570,-0.0302685536444187,0.0000000000000000,1.0000000000000000,-0.0000000437113883,0.0000000000000000,-0.0212777666747570,0.0000000437014940,0.9997736215591431,-0.1572842299938202,0.0000000000000000,0.0000000000000000,0.0000000000000000,1.0000000000000000
M 0.9996191859245300,0.0000000012062422,0.0275956057012081,-0.0399020798504353,0.0000000000000000,1.0000000000000000,-0.0000000437113883,0.0000000000000000,-0.0275956057012081,0.0000000436947438,0.9996191859245300,-0.2038681954145432,0.0000000000000000,0.0000000000000000,0.0000000000000000,1.0000000000000000
M 0.9993985891342163,0.0000000015157876,0.0346771776676178,-0.0510515868663788,0.0000000000000000,1.0000000000000000,-0.0000000437113883,0.0000000000000000,-0.0346771776676178,0.0000000436850982,0.9993985891342163,-0.2560197412967682,0.0000000000000000,0.0000000000000000,0.0000000000000000,1.0000000000000000
M 0.9990963339805603,0.0000000018578833,0.0425034165382385,-0.0638068467378616,0.0000000000000000,1.0000000000000000,-0.0000000437113883,0.0000000000000000,-0.0425034165382385,0.0000000436718892,0.9990963339805603,-0.3135766685009003,0.0000000000000000,0.0000000000000000,0.0000000000000000,1.0000000000000000
M 0.9986958503723145,0.0000000022316835,0.0510549694299698,-0.0782639160752296,0.0000000000000000,1.0000000000000000,-0.0000000437113883,0.0000000000000000,-0.0510549694299698,0.0000000436543814,0.9986958503723145,-0.3763733804225922,0.0000000000000000,0.0000000000000000,0.0000000000000000,1.0000000000000000
M 0.9981795549392700,0.0000000026363267,0.0603121258318424,-0.0945269763469696,0.0000000000000000,1.0000000000000000,-0.0000000437113883,0.0000000000000000,-0.0603121258318424,0.0000000436318146,0.9981795549392700,-0.4442405104637146,0.0000000000000000,0.0000000000000000,0.0000000000000000,1.0000000000000000
M 0.9975290894508362,0.0000000030709353,0.0702548101544380,-0.1127049401402473,0.0000000000000000,1.0000000000000000,-0.0000000437113883,0.0000000000000000,-0.0702548101544380,0.0000000436033822,0.9975290894508362,-0.5170043706893921,0.0000000000000000,0.0000000000000000,0.0000000000000000,1.0000000000000000
M 0.9967252612113953,0.0000000035346124,0.0808625072240829,-0.1329123377799988,0.0000000000000000,1.0000000000000000,-0.0000000437113883,0.0000000000000000,-0.0808625072240829,0.0000000435682459,0.9967252612113953,-0.5944875478744507,0.0000000000000000,0.0000000000000000,0.0000000000000000,1.0000000000000000
M 0.9957484602928162,0.0000000040264427,0.0921142697334290,-0.1552664637565613,0.0000000000000000,1.0000000000000000,-0.0000000437113883,0.0000000000000000,-0.0921142697334290,0.0000000435255458,0.9957484602928162,-0.6765083074569702,0.0000000000000000,0.0000000000000000,0.0000000000000000,1.0000000000000000
M 0.9945784807205200,0.0000000045454844,0.1039885580539703,-0.1798876225948334,0.0000000000000000,1.0000000000000000,-0.0000000437113883,0.0000000000000000,-0.1039885580539703,0.0000000434744045,0.9945784807205200,-0.7628801465034485,0.0000000000000000,0.0000000000000000,0.0000000000000000,1.0000000000000000
M 0.9931949973106384,0.0000000050907771,0.1164634078741074,-0.2068974524736404,0.0000000000000000,1.0000000000000000,-0.0000000437113883,0.0000000000000000,-0.1164634078741074,0.0000000434139338,0.9931949973106384,-0.8534129261970520,0.0000000000000000,0.0000000000000000,0.0000000000000000,1.0000000000000000
M 0.9915773272514343,0.0000000056613296,0.1295161247253418,-0.2364175766706467,0.0000000000000000,1.0000000000000000,-0.0000000437113883,0.0000000000000000,-0.1295161247253418,0.0000000433432206,0.9915773272514343,-0.9479108452796936,0.0000000000000000,0.0000000000000000,0.0000000000000000,1.0000000000000000
M 0.9897048473358154,0.0000000062561298,0.1431235671043396,-0.2685708999633789,0.0000000000000000,1.0000000000000000,-0.0000000437113883,0.0000000000000000,-0.1431235671043396,0.0000000432613732,0.9897048473358154,-1.0461747646331787,0.0000000000000000,0.0000000000000000,0.0000000000000000,1.0000000000000000
M 0.9875569343566895,0.0000000068741350,0.1572618782520294,-0.3034770190715790,0.0000000000000000,1.0000000000000000,-0.0000000437113883,0.0000000000000000,-0.1572618782520294,0.0000000431674856,0.9875569343566895,-1.1480003595352173,0.0000000000000000,0.0000000000000000,0.0000000000000000,1.0000000000000000
M 0.9851132631301880,0.0000000075142728,0.1719065308570862,-0.3412541151046753,0.0000000000000000,1.0000000000000000,-0.0000000437113883,0.0000000000000000,-0.1719065308570862,0.0000000430606697,0.9851132631301880,-1.2531787157058716,0.0000000000000000,0.0000000000000000,0.0000000000000000,1.0000000000000000
M 0.9823537468910217,0.0000000081754461,0.1870324015617371,-0.3820172250270844,0.0000000000000000,1.0000000000000000,-0.0000000437113883,0.0000000000000000,-0.1870324015617371,0.0000000429400444,0.9823537468910217,-1.3614965677261353,0.0000000000000000,0.0000000000000000,0.0000000000000000,1.0000000000000000
M 0.9792587161064148,0.0000000088565262,0.2026137113571167,-0.4258771240711212,0.0000000000000000,1.0000000000000000,-0.0000000437113883,0.0000000000000000,-0.2026137113571167,0.0000000428047571,0.9792587161064148,-1.4727367162704468,0.0000000000000000,0.0000000000000000,0.0000000000000000,1.0000000000000000
M 0.9758091568946838,0.0000000095563566,0.2186239510774612,-0.4729393422603607,0.0000000000000000,1.0000000000000000,-0.0000000437113883,0.0000000000000000,-0.2186239510774612,0.0000000426539728,0.9758091568946838,-1.5866771936416626,0.0000000000000000,0.0000000000000000,0.0000000000000000,1.0000000000000000
M 0.9719866514205933,0.0000000102737534,0.2350360900163651,-0.5233034491539001,0.0000000000000000,1.0000000000000000,-0.0000000437113883,0.0000000000000000,-0.2350360900163651,0.0000000424868851,0.9719866514205933,-1.7030930519104004,0.0000000000000000,0.0000000000000000,0.0000000000000000,1.0000000000000000
M 0.9677734971046448,0.0000000110075060,0.2518223822116852,-0.5770637989044189,0.0000000000000000,1.0000000000000000,-0.0000000437113883,0.0000000000000000,-0.2518223822116852,0.0000000423027231,0.9677734971046448,-1.8217551708221436,0.0000000000000000,0.0000000000000000,0.0000000000000000,1.0000000000000000
M 0.9631528854370117,0.0000000117563701,0.2689543962478638,-0.6343065500259399,0.0000000000000000,1.0000000000000000,-0.0000000437113883,0.0000000000000000,-0.2689543962478638,0.0000000421007513,0.9631528854370117,-1.9424301385879517,0.0000000000000000,0.0000000000000000,0.0000000000000000,1.0000000000000000
M 0.9581091403961182,0.0000000125190871,0.2864033281803131,-0.6951085329055786,0.0000000000000000,1.0000000000000000,-0.0000000437113883,0.0000000000000000,-0.2864033281803131,0.0000000418802806,0.9581091403961182,-2.0648837089538574,0.0000000000000000,0.0000000000000000,0.0000000000000000,1.0000000000000000
M 0.9526274204254150,0.0000000132943709,0.3041397631168365,-0.7595406770706177,0.0000000000000000,1.0000000000000000,-0.0000000437113883,0.0000000000000000,-0.3041397631168365,0.0000000416406678,0.9526274204254150,-2.1888780593872070,0.0000000000000000,0.0000000000000000,0.0000000000000000,1.0000000000000000
M 0.9466942548751831,0.0000000140809027,0.3221335113048553,-0.8276627063751221,0.0000000000000000,1.0000000000000000,-0.0000000437113883,0.0000000000000000,-0.3221335113048553,0.0000000413813197,0.9466942548751831,-2.3141717910766602,0.0000000000000000,0.0000000000000000,0.0000000000000000,1.0000000000000000
M 0.9402972459793091,0.0000000148773625,0.3403543829917908,-0.8995245695114136,0.0000000000000000,1.0000000000000000,-0.0000000437113883,0.0000000000000000,-0.3403543829917908,0.0000000411016963,0.9402972459793091,-2.4405241012573242,0.0000000000000000,0.0000000000000000,0.0000000000000000,1.0000000000000000
M 0.9334254264831543,0.0000000156824012,0.3587715029716492,-0.9751668572425842,0.0000000000000000,1.0000000000000000,-0.0000000437113883,0.0000000000000000,-0.3587715029716492,0.0000000408013214,0.9334254264831543,-2.5676918029785156,0.0000000000000000,0.0000000000000000,0.0000000000000000,1.0000000000000000
M 0.9260692000389099,0.0000000164946563,0.3773537576198578,-1.0546193122863770,0.0000000000000000,1.0000000000000000,-0.0000000437113883,0.0000000000000000,-0.3773537576198578,0.0000000404797689,0.9260692000389099,-2.6954317092895508,0.0000000000000000,0.0000000000000000,0.0000000000000000,1.0000000000000000
M 0.9182204604148865,0.0000000173127574,0.3960697352886200,-1.1378982067108154,0.0000000000000000,1.0000000000000000,-0.0000000437113883,0.0000000000000000,-0.3960697352886200,0.0000000401366904,0.9182204604148865,-2.8235001564025879,0.0000000000000000,0.0000000000000000,0.0000000000000000,1.0000000000000000
M 0.9098725914955139,0.0000000181353244,0.4148878455162048,-1.2250115871429443,0.0000000000000000,1.0000000000000000,-0.0000000437113883,0.0000000000000000,-0.4148878455162048,0.0000000397717947,0.9098725914955139,-2.9516544342041016,0.0000000000000000,0.0000000000000000,0.0000000000000000,1.0000000000000000
M 0.9010205864906311,0.0000000189609661,0.4337763488292694,-1.3159530162811279,0.0000000000000000,1.0000000000000000,-0.0000000437113883,0.0000000000000000,-0.4337763488292694,0.0000000393848616,0.9010205864906311,-3.0796523094177246,0.0000000000000000,0.0000000000000000,0.0000000000000000,1.0000000000000000
M 0.8916610479354858,0.0000000197883061,0.4527036547660828,-1.4107058048248291,0.0000000000000000,1.0000000000000000,-0.0000000437113883,0.0000000000000000,-0.4527036547660828,0.0000000389757417,0.8916610479354858,-3.2072558403015137,0.0000000000000000,0.0000000000000000,0.0000000000000000,1.0000000000000000
M 0.8817923069000244,0.0000000206159498,0.4716379642486572,-1.5092391967773438,0.0000000000000000,1.0000000000000000,-0.0000000437113883,0.0000000000000000,-0.4716379642486572,0.0000000385443641,0.8817923069000244,-3.3342270851135254,0.0000000000000000,0.0000000000000000,0.0000000000000000,1.0000000000000000
M 0.8714142441749573,0.0000000214425278,0.4905478358268738,-1.6115117073059082,0.0000000000000000,1.0000000000000000,-0.0000000437113883,0.0000000000000000,-0.4905478358268738,0.0000000380907252,0.8714142441749573,-3.4603328704833984,0.0000000000000000,0.0000000000000000,0.0000000000000000,1.0000000000000000
M 0.8605287075042725,0.0000000222666650,0.5094019174575806,-1.7174681425094604,0.0000000000000000,1.0000000000000000,-0.0000000437113883,0.0000000000000000,-0.5094019174575806,0.0000000376149032,0.8605287075042725,-3.5853433609008789,0.0000000000000000,0.0000000000000000,0.0000000000000000,1.0000000000000000
M 0.8491390943527222,0.0000000230870114,0.5281692743301392,-1.8270406723022461,0.0000000000000000,1.0000000000000000,-0.0000000437113883,0.0000000000000000,-0.5281692743301392,0.0000000371170472,0.8491390943527222,-3.7090344429016113,0.0000000000000000,0.0000000000000000,0.0000000000000000,1.0000000000000000
M 0.8372504711151123,0.0000000239022420,0.5468195676803589,-1.9401524066925049,0.0000000000000000,1.0000000000000000,-0.0000000437113883,0.0000000000000000,-0.5468195676803589,0.0000000365973811,0.8372504711151123,-3.8311877250671387,0.0000000000000000,0.0000000000000000,0.0000000000000000,1.0000000000000000
M 0.8248700499534607,0.0000000247110261,0.5653223991394043,-2.0567080974578857,0.0000000000000000,1.0000000000000000,-0.0000000437113883,0.0000000000000000,-0.5653223991394043,0.0000000360562140,0.8248700499534607,-3.9515883922576904,0.0000000000000000,0.0000000000000000,0.0000000000000000,1.0000000000000000
M 0.8120062947273254,0.0000000255120938,0.5836486816406250,-2.1766061782836914,0.0000000000000000,1.0000000000000000,-0.0000000437113883,0.0000000000000000,-0.5836486816406250,0.0000000354939225,0.8120062947273254,-4.0700316429138184,0.0000000000000000,0.0000000000000000,0.0000000000000000,1.0000000000000000
M 0.7986696362495422,0.0000000263041908,0.6017697453498840,-2.2997312545776367,0.0000000000000000,1.0000000000000000,-0.0000000437113883,0.0000000000000000,-0.6017697453498840,0.0000000349109577,0.7986696362495422,-4.1863193511962891,0.0000000000000000,0.0000000000000000,0.0000000000000000,1.0000000000000000
M 0.7848722338676453,0.0000000270860951,0.6196576356887817,-2.4259545803070068,0.0000000000000000,1.0000000000000000,-0.0000000437113883,0.0000000000000000,-0.6196576356887817,0.0000000343078561,0.7848722338676453,-4.3002614974975586,0.0000000000000000,0.0000000000000000,0.0000000000000000,1.0000000000000000
M 0.7706278562545776,0.0000000278566308,0.6372854113578796,-2.5551393032073975,0.0000000000000000,1.0000000000000000,-0.0000000437113883,0.0000000000000000,-0.6372854113578796,0.0000000336852146,0.7706278562545776,-4.4116764068603516,0.0000000000000000,0.0000000000000000,0.0000000000000000,1.0000000000000000
M 0.7559518218040466,0.0000000286146662,0.6546272635459900,-2.6871371269226074,0.0000000000000000,1.0000000000000000,-0.0000000437113883,0.0000000000000000,-0.6546272635459900,0.0000000330437047,0.7559518218040466,-4.5203938484191895,0.0000000000000000,0.0000000000000000,0.0000000000000000,1.0000000000000000
M 0.7408611178398132,0.0000000293591125,0.6716582179069519,-2.8217878341674805,0.0000000000000000,1.0000000000000000,-0.0000000437113883,0.0000000000000000,-0.6716582179069519,0.0000000323840688,0.7408611178398132,-4.6262507438659668,0.0000000000000000,0.0000000000000000,0.0000000000000000,1.0000000000000000
M 0.7253744006156921,0.0000000300889340,0.6883545517921448,-2.9589223861694336,0.0000000000000000,1.0000000000000000,-0.0000000437113883,0.0000000000000000,-0.6883545517921448,0.0000000317071205,0.7253744006156921,-4.7290978431701660,0.0000000000000000,0.0000000000000000,0.0000000000000000,1.0000000000000000
M 0.7095114588737488,0.0000000308031467,0.7046938538551331,-3.0983629226684570,0.0000000000000000,1.0000000000000000,-0.0000000437113883,0.0000000000000000,-0.7046938538551331,0.0000000310137303,0.7095114588737488,-4.8287944793701172,0.0000000000000000,0.0000000000000000,0.0000000000000000,1.0000000000000000
M 0.6932935714721680,0.0000000315008464,0.7206553220748901,-3.2399249076843262,0.0000000000000000,1.0000000000000000,-0.0000000437113883,0.0000000000000000,-0.7206553220748901,0.0000000303048253,0.6932935714721680,-4.9252171516418457,0.0000000000000000,0.0000000000000000,0.0000000000000000,1.0000000000000000
M 0.6767436861991882,0.0000000321811413,0.7362186908721924,-3.3834104537963867,0.0000000000000000,1.0000000000000000,-0.0000000437113883,0.0000000000000000,-0.7362186908721924,0.0000000295814058,0.6767436861991882,-5.0182437896728516,0.0000000000000000,0.0000000000000000,0.0000000000000000,1.0000000000000000
M 0.6598854064941406,0.0000000328432606,0.7513662576675415,-3.5286221504211426,0.0000000000000000,1.0000000000000000,-0.0000000437113883,0.0000000000000000,-0.7513662576675415,0.0000000288445072,0.6598854064941406,-5.1077775955200195,0.0000000000000000,0.0000000000000000,0.0000000000000000,1.0000000000000000
M 0.6427441835403442,0.0000000334864581,0.7660808563232422,-3.6753468513488770,0.0000000000000000,1.0000000000000000,-0.0000000437113883,0.0000000000000000,-0.7660808563232422,0.0000000280952399,0.6427441835403442,-5.1937236785888672,0.0000000000000000,0.0000000000000000,0.0000000000000000,1.0000000000000000
M 0.6253459453582764,0.0000000341100801,0.7803476452827454,-3.8233737945556641,0.0000000000000000,1.0000000000000000,-0.0000000437113883,0.0000000000000000,-0.7803476452827454,0.0000000273347389,0.6253459453582764,-5.2760086059570312,0.0000000000000000,0.0000000000000000,0.0000000000000000,1.0000000000000000
M 0.6077179908752441,0.0000000347135263,0.7941529154777527,-3.9724817276000977,0.0000000000000000,1.0000000000000000,-0.0000000437113883,0.0000000000000000,-0.7941529154777527,0.0000000265641980,0.6077179908752441,-5.3545660972595215,0.0000000000000000,0.0000000000000000,0.0000000000000000,1.0000000000000000
M 0.5898883938789368,0.0000000352962815,0.8074848055839539,-4.1224470138549805,0.0000000000000000,1.0000000000000000,-0.0000000437113883,0.0000000000000000,-0.8074848055839539,0.0000000257848409,0.5898883938789368,-5.4293470382690430,0.0000000000000000,0.0000000000000000,0.0000000000000000,1.0000000000000000
M 0.5718860626220703,0.0000000358578980,0.8203330636024475,-4.2730407714843750,0.0000000000000000,1.0000000000000000,-0.0000000437113883,0.0000000000000000,-0.8203330636024475,0.0000000249979344,0.5718860626220703,-5.5003137588500977,0.0000000000000000,0.0000000000000000,0.0000000000000000,1.0000000000000000
M 0.5537404417991638,0.0000000363980064,0.8326893448829651,-4.4240360260009766,0.0000000000000000,1.0000000000000000,-0.0000000437113883,0.0000000000000000,-0.8326893448829651,0.0000000242047626,0.5537404417991638,-5.5674443244934082,0.0000000000000000,0.0000000000000000,0.0000000000000000,1.0000000000000000
M 0.5354817509651184,0.0000000369163118,0.8445467948913574,-4.5751981735229492,0.0000000000000000,1.0000000000000000,-0.0000000437113883,0.0000000000000000,-0.8445467948913574,0.0000000234066508,0.5354817509651184,-5.6307287216186523,0.0000000000000000,0.0000000000000000,0.0000000000000000,1.0000000000000000
M 0.5171409845352173,0.0000000374125868,0.8559002280235291,-4.7262902259826660,0.0000000000000000,1.0000000000000000,-0.0000000437113883,0.0000000000000000,-0.8559002280235291,0.0000000226049508,0.5171409845352173,-5.6901693344116211,0.0000000000000000,0.0000000000000000,0.0000000000000000,1.0000000000000000
M 0.4987492263317108,0.0000000378866858,0.8667463064193726,-4.8770785331726074,0.0000000000000000,1.0000000000000000,-0.0000000437113883,0.0000000000000000,-0.8667463064193726,0.0000000218010214,0.4987492263317108,-5.7457838058471680,0.0000000000000000,0.0000000000000000,0.0000000000000000,1.0000000000000000
M 0.4803377091884613,0.0000000383385412,0.8770835995674133,-5.0273299217224121,0.0000000000000000,1.0000000000000000,-0.0000000437113883,0.0000000000000000,-0.8770835995674133,0.0000000209962288,0.4803377091884613,-5.7976045608520508,0.0000000000000000,0.0000000000000000,0.0000000000000000,1.0000000000000000
M 0.4619382917881012,0.0000000387681567,0.8869120478630066,-5.1768074035644531,0.0000000000000000,1.0000000000000000,-0.0000000437113883,0.0000000000000000,-0.8869120478630066,0.0000000201919637,0.4619382917881012,-5.8456716537475586,0.0000000000000000,0.0000000000000000,0.0000000000000000,1.0000000000000000
M 0.4435828626155853,0.0000000391756068,0.8962333798408508,-5.3252778053283691,0.0000000000000000,1.0000000000000000,-0.0000000437113883,0.0000000000000000,-0.8962333798408508,0.0000000193896224,0.4435828626155853,-5.8900432586669922,0.0000000000000000,0.0000000000000000,0.0000000000000000,1.0000000000000000
M 0.4253031313419342,0.0000000395610336,0.9050509333610535,-5.4725103378295898,0.0000000000000000,1.0000000000000000,-0.0000000437113883,0.0000000000000000,-0.9050509333610535,0.0000000185905904,0.4253031313419342,-5.9307847023010254,0.0000000000000000,0.0000000000000000,0.0000000000000000,1.0000000000000000
M 0.4071313440799713,0.0000000399246538,0.9133695960044861,-5.6182737350463867,0.0000000000000000,1.0000000000000000,-0.0000000437113883,0.0000000000000000,-0.9133695960044861,0.0000000177962765,0.4071313440799713,-5.9679765701293945,0.0000000000000000,0.0000000000000000,0.0000000000000000,1.0000000000000000
M 0.3890993893146515,0.0000000402667482,0.9211958050727844,-5.7623395919799805,0.0000000000000000,1.0000000000000000,-0.0000000437113883,0.0000000000000000,-0.9211958050727844,0.0000000170080749,0.3890993893146515,-6.0017089843750000,0.0000000000000000,0.0000000000000000,0.0000000000000000,1.0000000000000000
M 0.3712383508682251,0.0000000405876683,0.9285376071929932,-5.9044880867004395,0.0000000000000000,1.0000000000000000,-0.0000000437113883,0.0000000000000000,-0.9285376071929932,0.0000000162273430,0.3712383508682251,-6.0320835113525391,0.0000000000000000,0.0000000000000000,0.0000000000000000,1.0000000000000000
M 0.3535796403884888,0.0000000408878265,0.9354044198989868,-6.0445003509521484,0.0000000000000000,1.0000000000000000,-0.0000000437113883,0.0000000000000000,-0.9354044198989868,0.0000000154554574,0.3535796403884888,-6.0592117309570312,0.0000000000000000,0.0000000000000000,0.0000000000000000,1.0000000000000000
M 0.3361544311046600,0.0000000411676844,0.9418068528175354,-6.1821589469909668,0.0000000000000000,1.0000000000000000,-0.0000000437113883,0.0000000000000000,-0.9418068528175354,0.0000000146937769,0.3361544311046600,-6.0832147598266602,0.0000000000000000,0.0000000000000000,0.0000000000000000,1.0000000000000000
M 0.3189935982227325,0.0000000414277679,0.9477568864822388,-6.3172516822814941,0.0000000000000000,1.0000000000000000,-0.0000000437113883,0.0000000000000000,-0.9477568864822388,0.0000000139436533,0.3189935982227325,-6.1042222976684570,0.0000000000000000,0.0000000000000000,0.0000000000000000,1.0000000000000000
M 0.3021265268325806,0.0000000416686596,0.9532678127288818,-6.4495787620544434,0.0000000000000000,1.0000000000000000,-0.0000000437113883,0.0000000000000000,-0.9532678127288818,0.0000000132063702,0.3021265268325806,-6.1223721504211426,0.0000000000000000,0.0000000000000000,0.0000000000000000,1.0000000000000000
M 0.2855838537216187,0.0000000418909742,0.9583537578582764,-6.5789322853088379,0.0000000000000000,1.0000000000000000,-0.0000000437113883,0.0000000000000000,-0.9583537578582764,0.0000000124832669,0.2855838537216187,-6.1378107070922852,0.0000000000000000,0.0000000000000000,0.0000000000000000,1.0000000000000000
M 0.2693941891193390,0.0000000420953761,0.9630299806594849,-6.7051205635070801,0.0000000000000000,1.0000000000000000,-0.0000000437113883,0.0000000000000000,-0.9630299806594849,0.0000000117755938,0.2693941891193390,-6.1506891250610352,0.0000000000000000,0.0000000000000000,0.0000000000000000,1.0000000000000000
M 0.2535864710807800,0.0000000422825828,0.9673127532005310,-6.8279514312744141,0.0000000000000000,1.0000000000000000,-0.0000000437113883,0.0000000000000000,-0.9673127532005310,0.0000000110846168,0.2535864710807800,-6.1611671447753906,0.0000000000000000,0.0000000000000000,0.0000000000000000,1.0000000000000000
M 0.2381886541843414,0.0000000424533262,0.9712188839912415,-6.9472403526306152,0.0000000000000000,1.0000000000000000,-0.0000000437113883,0.0000000000000000,-0.9712188839912415,0.0000000104115569,0.2381886541843414,-6.1694059371948242,0.0000000000000000,0.0000000000000000,0.0000000000000000,1.0000000000000000
M 0.2232277691364288,0.0000000426083879,0.9747663140296936,-7.0628113746643066,0.0000000000000000,1.0000000000000000,-0.0000000437113883,0.0000000000000000,-0.9747663140296936,0.0000000097575956,0.2232277691364288,-6.1755757331848145,0.0000000000000000,0.0000000000000000,0.0000000000000000,1.0000000000000000
M 0.2087309658527374,0.0000000427485638,0.9779731035232544,-7.1744875907897949,0.0000000000000000,1.0000000000000000,-0.0000000437113883,0.0000000000000000,-0.9779731035232544,0.0000000091239203,0.2087309658527374,-6.1798458099365234,0.0000000000000000,0.0000000000000000,0.0000000000000000,1.0000000000000000
M 0.1947246193885803,0.0000000428746638,0.9808579683303833,-7.2820982933044434,0.0000000000000000,1.0000000000000000,-0.0000000437113883,0.0000000000000000,-0.9808579683303833,0.0000000085116838,0.1947246193885803,-6.1823906898498535,0.0000000000000000,0.0000000000000000,0.0000000000000000,1.0000000000000000
M 0.1812338382005692,0.0000000429875300,0.9834400415420532,-7.3854842185974121,0.0000000000000000,1.0000000000000000,-0.0000000437113883,0.0000000000000000,-0.9834400415420532,0.0000000079219831,0.1812338382005692,-6.1833858489990234,0.0000000000000000,0.0000000000000000,0.0000000000000000,1.0000000000000000
M 0.1682836264371872,0.0000000430880043,0.9857386350631714,-7.4844856262207031,0.0000000000000000,1.0000000000000000,-0.0000000437113883,0.0000000000000000,-0.9857386350631714,0.0000000073559110,0.1682836264371872,-6.1830081939697266,0.0000000000000000,0.0000000000000000,0.0000000000000000,1.0000000000000000
M 0.1558982729911804,0.0000000431769358,0.9877731204032898,-7.5789480209350586,0.0000000000000000,1.0000000000000000,-0.0000000437113883,0.0000000000000000,-0.9877731204032898,0.0000000068145298,0.1558982729911804,-6.1814332008361816,0.0000000000000000,0.0000000000000000,0.0000000000000000,1.0000000000000000
M 0.1441014409065247,0.0000000432551701,0.9895629286766052,-7.6687235832214355,0.0000000000000000,1.0000000000000000,-0.0000000437113883,0.0000000000000000,-0.9895629286766052,0.0000000062988739,0.1441014409065247,-6.1788368225097656,0.0000000000000000,0.0000000000000000,0.0000000000000000,1.0000000000000000
M 0.1329162418842316,0.0000000433235492,0.9911272525787354,-7.7536659240722656,0.0000000000000000,1.0000000000000000,-0.0000000437113883,0.0000000000000000,-0.9911272525787354,0.0000000058099534,0.1329162418842316,-6.1753926277160645,0.0000000000000000,0.0000000000000000,0.0000000000000000,1.0000000000000000
M 0.1223650723695755,0.0000000433829044,0.9924851655960083,-7.8336353302001953,0.0000000000000000,1.0000000000000000,-0.0000000437113883,0.0000000000000000,-0.9924851655960083,0.0000000053487472,0.1223650723695755,-6.1712713241577148,0.0000000000000000,0.0000000000000000,0.0000000000000000,1.0000000000000000
M 0.1124701648950577,0.0000000434340421,0.9936550855636597,-7.9084916114807129,0.0000000000000000,1.0000000000000000,-0.0000000437113883,0.0000000000000000,-0.9936550855636597,0.0000000049162270,0.1124701648950577,-6.1666402816772461,0.0000000000000000,0.0000000000000000,0.0000000000000000,1.0000000000000000
