O DOOR_135-1_EXTERIOR_CG_bd2
A DOOR_135-1_EXTERIOR_CG_bd2_DOOR_135-1_EXTERIOR_CG_bd2
M 1.0000000000000000,0.0000000000000000,0.0000000000000000,0.0000000000000000,0.0000000000000000,1.0000000000000000,-0.0000000437113883,0.0000000000000000,-0.0000000000000000,0.0000000437113883,1.0000000000000000,-0.0000000000000000,0.0000000000000000,0.0000000000000000,0.0000000000000000,1.0000000000000000
M 0.9999999403953552,-0.0000000000141430,-0.0003235545882490,-0.0004352534015197,0.0000000000000000,1.0000000000000000,-0.0000000437113883,0.0000000000000000,0.0003235545882490,0.0000000437113847,0.9999999403953552,0.0023962070699781,0.0000000000000000,0.0000000000000000,0.0000000000000000,1.0000000000000000
M 0.9999991655349731,-0.0000000000562533,-0.0012869265628979,-0.0017355068121105,0.0000000000000000,1.0000000000000000,-0.0000000437113883,0.0000000000000000,0.0012869265628979,0.0000000437113528,0.9999991655349731,0.0095302267000079,0.0000000000000000,0.0000000000000000,0.0000000000000000,1.0000000000000000
M 0.9999958276748657,-0.0000000001258528,-0.0028791760560125,-0.0038998879026622,0.0000000000000000,1.0000000000000000,-0.0000000437113883,0.0000000000000000,0.0028791760560125,0.0000000437112071,0.9999958276748657,0.0213182941079140,0.0000000000000000,0.0000000000000000,0.0000000000000000,1.0000000000000000
M 0.9999870657920837,-0.0000000002224628,-0.0050893547013402,-0.0069346660748124,0.0000000000000000,1.0000000000000000,-0.0000000437113883,0.0000000000000000,0.0050893547013402,0.0000000437108234,0.9999870657920837,0.0376756303012371,0.0000000000000000,0.0000000000000000,0.0000000000000000,1.0000000000000000
M 0.9999687671661377,-0.0000000003456040,-0.0079064983874559,-0.0108556253835559,0.0000000000000000,1.0000000000000000,-0.0000000437113883,0.0000000000000000,0.0079064983874559,0.0000000437100240,0.9999687671661377,0.0585155412554741,0.0000000000000000,0.0000000000000000,0.0000000000000000,1.0000000000000000
M 0.9999359250068665,-0.0000000004947959,-0.0113196102902293,-0.0156851820647717,0.0000000000000000,1.0000000000000000,-0.0000000437113883,0.0000000000000000,0.0113196102902293,0.0000000437085887,0.9999359250068665,0.0837497934699059,0.0000000000000000,0.0000000000000000,0.0000000000000000,1.0000000000000000
M 0.9998826980590820,-0.0000000006695562,-0.0153176598250866,-0.0214519072324038,0.0000000000000000,1.0000000000000000,-0.0000000437113883,0.0000000000000000,0.0153176598250866,0.0000000437062617,0.9998826980590820,0.1132888197898865,0.0000000000000000,0.0000000000000000,0.0000000000000000,1.0000000000000000
M 0.9998021721839905,-0.0000000008693998,-0.0198895484209061,-0.0281919054687023,0.0000000000000000,1.0000000000000000,-0.0000000437113883,0.0000000000000000,0.0198895484209061,0.0000000437027410,0.9998021721839905,0.1470411270856857,0.0000000000000000,0.0000000000000000,0.0000000000000000,1.0000000000000000
M 0.9996868371963501,-0.0000000010938385,-0.0250241067260504,-0.0359454862773418,0.0000000000000000,1.0000000000000000,-0.0000000437113883,0.0000000000000000,0.0250241067260504,0.0000000436976997,0.9996868371963501,0.1849139779806137,0.0000000000000000,0.0000000000000000,0.0000000000000000,1.0000000000000000
M 0.9995283484458923,-0.0000000013423799,-0.0307100713253021,-0.0447599738836288,0.0000000000000000,1.0000000000000000,-0.0000000437113883,0.0000000000000000,0.0307100713253021,0.0000000436907719,0.9995283484458923,0.2268126308917999,0.0000000000000000,0.0000000000000000,0.0000000000000000,1.0000000000000000
M 0.9993176460266113,-0.0000000016145264,-0.0369360595941544,-0.0546863600611687,0.0000000000000000,1.0000000000000000,-0.0000000437113883,0.0000000000000000,0.0369360595941544,0.0000000436815633,0.9993176460266113,0.2726407349109650,0.0000000000000000,0.0000000000000000,0.0000000000000000,1.0000000000000000
M 0.9990451335906982,-0.0000000019097752,-0.0436905659735203,-0.0657811760902405,0.0000000000000000,1.0000000000000000,-0.0000000437113883,0.0000000000000000,0.0436905659735203,0.0000000436696510,0.9990451335906982,0.3223001956939697,0.0000000000000000,0.0000000000000000,0.0000000000000000,1.0000000000000000
M 0.9987006187438965,-0.0000000022276159,-0.0509619116783142,-0.0781036093831062,0.0000000000000000,1.0000000000000000,-0.0000000437113883,0.0000000000000000,0.0509619116783142,0.0000000436545911,0.9987006187438965,0.3756906092166901,0.0000000000000000,0.0000000000000000,0.0000000000000000,1.0000000000000000
M 0.9982734322547913,-0.0000000025675311,-0.0587382651865482,-0.0917169004678726,0.0000000000000000,1.0000000000000000,-0.0000000437113883,0.0000000000000000,0.0587382651865482,0.0000000436359180,0.9982734322547913,0.4327102303504944,0.0000000000000000,0.0000000000000000,0.0000000000000000,1.0000000000000000
M 0.9977524876594543,-0.0000000029289944,-0.0670075789093971,-0.1066868826746941,0.0000000000000000,1.0000000000000000,-0.0000000437113883,0.0000000000000000,0.0670075789093971,0.0000000436131451,0.9977524876594543,0.4932548403739929,0.0000000000000000,0.0000000000000000,0.0000000000000000,1.0000000000000000
M 0.9971262812614441,-0.0000000033114700,-0.0757576003670692,-0.1230829209089279,0.0000000000000000,1.0000000000000000,-0.0000000437113883,0.0000000000000000,0.0757576003670692,0.0000000435857750,0.9971262812614441,0.5572181940078735,0.0000000000000000,0.0000000000000000,0.0000000000000000,1.0000000000000000
M 0.9963830113410950,-0.0000000037144121,-0.0849758461117744,-0.1409745514392853,0.0000000000000000,1.0000000000000000,-0.0000000437113883,0.0000000000000000,0.0849758461117744,0.0000000435532854,0.9963830113410950,0.6244920492172241,0.0000000000000000,0.0000000000000000,0.0000000000000000,1.0000000000000000
M 0.9955106377601624,-0.0000000041372643,-0.0946495756506920,-0.1604347676038742,0.0000000000000000,1.0000000000000000,-0.0000000437113883,0.0000000000000000,0.0946495756506920,0.0000000435151506,0.9955106377601624,0.6949658393859863,0.0000000000000000,0.0000000000000000,0.0000000000000000,1.0000000000000000
M 0.9944969415664673,-0.0000000045794568,-0.1047657579183578,-0.1815361976623535,0.0000000000000000,1.0000000000000000,-0.0000000437113883,0.0000000000000000,0.1047657579183578,0.0000000434708411,0.9944969415664673,0.7685266137123108,0.0000000000000000,0.0000000000000000,0.0000000000000000,1.0000000000000000
M 0.9933294057846069,-0.0000000050404103,-0.1153111457824707,-0.2043535262346268,0.0000000000000000,1.0000000000000000,-0.0000000437113883,0.0000000000000000,0.1153111457824707,0.0000000434198064,0.9933294057846069,0.8450595736503601,0.0000000000000000,0.0000000000000000,0.0000000000000000,1.0000000000000000
M 0.9919956326484680,-0.0000000055195288,-0.1262720972299576,-0.2289604693651199,0.0000000000000000,1.0000000000000000,-0.0000000437113883,0.0000000000000000,0.1262720972299576,0.0000000433615064,0.9919956326484680,0.9244468212127686,0.0000000000000000,0.0000000000000000,0.0000000000000000,1.0000000000000000
M 0.9904830455780029,-0.0000000060162062,-0.1376347541809082,-0.2554318308830261,0.0000000000000000,1.0000000000000000,-0.0000000437113883,0.0000000000000000,0.1376347541809082,0.0000000432953904,0.9904830455780029,1.0065690279006958,0.0000000000000000,0.0000000000000000,0.0000000000000000,1.0000000000000000
M 0.9887791275978088,-0.0000000065298194,-0.1493848562240601,-0.2838405370712280,0.0000000000000000,1.0000000000000000,-0.0000000437113883,0.0000000000000000,0.1493848562240601,0.0000000432209077,0.9887791275978088,1.0913034677505493,0.0000000000000000,0.0000000000000000,0.0000000000000000,1.0000000000000000
M 0.9868714213371277,-0.0000000070597341,-0.1615078896284103,-0.3142600357532501,0.0000000000000000,1.0000000000000000,-0.0000000437113883,0.0000000000000000,0.1615078896284103,0.0000000431375184,0.9868714213371277,1.1785262823104858,0.0000000000000000,0.0000000000000000,0.0000000000000000,1.0000000000000000
M 0.9847475886344910,-0.0000000076052986,-0.1739889532327652,-0.3467608988285065,0.0000000000000000,1.0000000000000000,-0.0000000437113883,0.0000000000000000,0.1739889532327652,0.0000000430446825,0.9847475886344910,1.2681102752685547,0.0000000000000000,0.0000000000000000,0.0000000000000000,1.0000000000000000
M 0.9823955297470093,-0.0000000081658467,-0.1868128031492233,-0.3814127743244171,0.0000000000000000,1.0000000000000000,-0.0000000437113883,0.0000000000000000,0.1868128031492233,0.0000000429418741,0.9823955297470093,1.3599263429641724,0.0000000000000000,0.0000000000000000,0.0000000000000000,1.0000000000000000
M 0.9798032641410828,-0.0000000087407006,-0.1999639272689819,-0.4182834923267365,0.0000000000000000,1.0000000000000000,-0.0000000437113883,0.0000000000000000,0.1999639272689819,0.0000000428285603,0.9798032641410828,1.4538433551788330,0.0000000000000000,0.0000000000000000,0.0000000000000000,1.0000000000000000
M 0.9769591093063354,-0.0000000093291668,-0.2134264558553696,-0.4574385285377502,0.0000000000000000,1.0000000000000000,-0.0000000437113883,0.0000000000000000,0.2134264558553696,0.0000000427042401,0.9769591093063354,1.5497285127639771,0.0000000000000000,0.0000000000000000,0.0000000000000000,1.0000000000000000
M 0.9738518595695496,-0.0000000099305284,-0.2271840125322342,-0.4989383518695831,0.0000000000000000,1.0000000000000000,-0.0000000437113883,0.0000000000000000,0.2271840125322342,0.0000000425684163,0.9738518595695496,1.6474449634552002,0.0000000000000000,0.0000000000000000,0.0000000000000000,1.0000000000000000
M 0.9704704284667969,-0.0000000105440670,-0.2412201315164566,-0.5428428649902344,0.0000000000000000,1.0000000000000000,-0.0000000437113883,0.0000000000000000,0.2412201315164566,0.0000000424206092,0.9704704284667969,1.7468562126159668,0.0000000000000000,0.0000000000000000,0.0000000000000000,1.0000000000000000
M 0.9668043255805969,-0.0000000111690435,-0.2555179297924042,-0.5892076492309570,0.0000000000000000,1.0000000000000000,-0.0000000437113883,0.0000000000000000,0.2555179297924042,0.0000000422603605,0.9668043255805969,1.8478230237960815,0.0000000000000000,0.0000000000000000,0.0000000000000000,1.0000000000000000
M 0.9628434181213379,-0.0000000118047065,-0.2700602114200592,-0.6380842924118042,0.0000000000000000,1.0000000000000000,-0.0000000437113883,0.0000000000000000,0.2700602114200592,0.0000000420872226,0.9628434181213379,1.9502043724060059,0.0000000000000000,0.0000000000000000,0.0000000000000000,1.0000000000000000
M 0.9585782289505005,-0.0000000124502915,-0.2848294675350189,-0.6895195245742798,0.0000000000000000,1.0000000000000000,-0.0000000437113883,0.0000000000000000,0.2848294675350189,0.0000000419007868,0.9585782289505005,2.0538578033447266,0.0000000000000000,0.0000000000000000,0.0000000000000000,1.0000000000000000
M 0.9539995789527893,-0.0000000131050202,-0.2998079061508179,-0.7435575723648071,0.0000000000000000,1.0000000000000000,-0.0000000437113883,0.0000000000000000,0.2998079061508179,0.0000000417006447,0.9539995789527893,2.1586391925811768,0.0000000000000000,0.0000000000000000,0.0000000000000000,1.0000000000000000
M 0.9490991234779358,-0.0000000137681049,-0.3149775266647339,-0.8002357482910156,0.0000000000000000,1.0000000000000000,-0.0000000437113883,0.0000000000000000,0.3149775266647339,0.0000000414864409,0.9490991234779358,2.2644042968750000,0.0000000000000000,0.0000000000000000,0.0000000000000000,1.0000000000000000
M 0.9438689947128296,-0.0000000144387462,-0.3303200006484985,-0.8595880270004272,0.0000000000000000,1.0000000000000000,-0.0000000437113883,0.0000000000000000,0.3303200006484985,0.0000000412578238,0.9438689947128296,2.3710064888000488,0.0000000000000000,0.0000000000000000,0.0000000000000000,1.0000000000000000
M 0.9383020401000977,-0.0000000151161359,-0.3458168804645538,-0.9216421842575073,0.0000000000000000,1.0000000000000000,-0.0000000437113883,0.0000000000000000,0.3458168804645538,0.0000000410144843,0.9383020401000977,2.4782996177673340,0.0000000000000000,0.0000000000000000,0.0000000000000000,1.0000000000000000
M 0.9323917031288147,-0.0000000157994560,-0.3614494204521179,-0.9864215850830078,0.0000000000000000,1.0000000000000000,-0.0000000437113883,0.0000000000000000,0.3614494204521179,0.0000000407561345,0.9323917031288147,2.5861361026763916,0.0000000000000000,0.0000000000000000,0.0000000000000000,1.0000000000000000
M 0.9261323213577271,-0.0000000164878831,-0.3771988153457642,-1.0539433956146240,0.0000000000000000,1.0000000000000000,-0.0000000437113883,0.0000000000000000,0.3771988153457642,0.0000000404825293,0.9261323213577271,2.6943688392639160,0.0000000000000000,0.0000000000000000,0.0000000000000000,1.0000000000000000
M 0.9195187687873840,-0.0000000171805894,-0.3930460810661316,-1.1242198944091797,0.0000000000000000,1.0000000000000000,-0.0000000437113883,0.0000000000000000,0.3930460810661316,0.0000000401934415,0.9195187687873840,2.8028509616851807,0.0000000000000000,0.0000000000000000,0.0000000000000000,1.0000000000000000
M 0.9125469326972961,-0.0000000178767348,-0.4089720249176025,-1.1972556114196777,0.0000000000000000,1.0000000000000000,-0.0000000437113883,0.0000000000000000,0.4089720249176025,0.0000000398886932,0.9125469326972961,2.9114339351654053,0.0000000000000000,0.0000000000000000,0.0000000000000000,1.0000000000000000
M 0.9052132964134216,-0.0000000185754825,-0.4249575138092041,-1.2730507850646973,0.0000000000000000,1.0000000000000000,-0.0000000437113883,0.0000000000000000,0.4249575138092041,0.0000000395681283,0.9052132964134216,3.0199718475341797,0.0000000000000000,0.0000000000000000,0.0000000000000000,1.0000000000000000
M 0.8975152373313904,-0.0000000192759959,-0.4409833848476410,-1.3515994548797607,0.0000000000000000,1.0000000000000000,-0.0000000437113883,0.0000000000000000,0.4409833848476410,0.0000000392316366,0.8975152373313904,3.1283192634582520,0.0000000000000000,0.0000000000000000,0.0000000000000000,1.0000000000000000
M 0.8894510865211487,-0.0000000199774330,-0.4570303857326508,-1.4328874349594116,0.0000000000000000,1.0000000000000000,-0.0000000437113883,0.0000000000000000,0.4570303857326508,0.0000000388791435,0.8894510865211487,3.2363309860229492,0.0000000000000000,0.0000000000000000,0.0000000000000000,1.0000000000000000
M 0.8810198307037354,-0.0000000206789554,-0.4730793535709381,-1.5168974399566650,0.0000000000000000,1.0000000000000000,-0.0000000437113883,0.0000000000000000,0.4730793535709381,0.0000000385105992,0.8810198307037354,3.3438642024993896,0.0000000000000000,0.0000000000000000,0.0000000000000000,1.0000000000000000
M 0.8722214698791504,-0.0000000213797264,-0.4891111254692078,-1.6036028861999512,0.0000000000000000,1.0000000000000000,-0.0000000437113883,0.0000000000000000,0.4891111254692078,0.0000000381260108,0.8722214698791504,3.4507768154144287,0.0000000000000000,0.0000000000000000,0.0000000000000000,1.0000000000000000
M 0.8630567789077759,-0.0000000220789218,-0.5051068663597107,-1.6929728984832764,0.0000000000000000,1.0000000000000000,-0.0000000437113883,0.0000000000000000,0.5051068663597107,0.0000000377254104,0.8630567789077759,3.5569300651550293,0.0000000000000000,0.0000000000000000,0.0000000000000000,1.0000000000000000
M 0.8535276651382446,-0.0000000227757102,-0.5210475325584412,-1.7849684953689575,0.0000000000000000,1.0000000000000000,-0.0000000437113883,0.0000000000000000,0.5210475325584412,0.0000000373088795,0.8535276651382446,3.6621861457824707,0.0000000000000000,0.0000000000000000,0.0000000000000000,1.0000000000000000
M 0.8436366319656372,-0.0000000234692816,-0.5369145870208740,-1.8795454502105713,0.0000000000000000,1.0000000000000000,-0.0000000437113883,0.0000000000000000,0.5369145870208740,0.0000000368765285,0.8436366319656372,3.7664103507995605,0.0000000000000000,0.0000000000000000,0.0000000000000000,1.0000000000000000
M 0.8333870768547058,-0.0000000241588349,-0.5526897311210632,-1.9766538143157959,0.0000000000000000,1.0000000000000000,-0.0000000437113883,0.0000000000000000,0.5526897311210632,0.0000000364285064,0.8333870768547058,3.8694725036621094,0.0000000000000000,0.0000000000000000,0.0000000000000000,1.0000000000000000
M 0.8227836489677429,-0.0000000248435708,-0.5683546662330627,-2.0762352943420410,0.0000000000000000,1.0000000000000000,-0.0000000437113883,0.0000000000000000,0.5683546662330627,0.0000000359650159,0.8227836489677429,3.9712424278259277,0.0000000000000000,0.0000000000000000,0.0000000000000000,1.0000000000000000
M 0.8118315339088440,-0.0000000255227182,-0.5838917493820190,-2.1782274246215820,0.0000000000000000,1.0000000000000000,-0.0000000437113883,0.0000000000000000,0.5838917493820190,0.0000000354862841,0.8118315339088440,4.0715966224670410,0.0000000000000000,0.0000000000000000,0.0000000000000000,1.0000000000000000
M 0.8005368113517761,-0.0000000261955151,-0.5992835164070129,-2.2825617790222168,0.0000000000000000,1.0000000000000000,-0.0000000437113883,0.0000000000000000,0.5992835164070129,0.0000000349925742,0.8005368113517761,4.1704149246215820,0.0000000000000000,0.0000000000000000,0.0000000000000000,1.0000000000000000
M 0.7889067530632019,-0.0000000268612137,-0.6145129203796387,-2.3891611099243164,0.0000000000000000,1.0000000000000000,-0.0000000437113883,0.0000000000000000,0.6145129203796387,0.0000000344842093,0.7889067530632019,4.2675795555114746,0.0000000000000000,0.0000000000000000,0.0000000000000000,1.0000000000000000
M 0.7769490480422974,-0.0000000275190946,-0.6295635104179382,-2.4979474544525146,0.0000000000000000,1.0000000000000000,-0.0000000437113883,0.0000000000000000,0.6295635104179382,0.0000000339615198,0.7769490480422974,4.3629798889160156,0.0000000000000000,0.0000000000000000,0.0000000000000000,1.0000000000000000
M 0.7646725177764893,-0.0000000281684525,-0.6444190740585327,-2.6088323593139648,0.0000000000000000,1.0000000000000000,-0.0000000437113883,0.0000000000000000,0.6444190740585327,0.0000000334248966,0.7646725177764893,4.4565076828002930,0.0000000000000000,0.0000000000000000,0.0000000000000000,1.0000000000000000
M 0.7520868778228760,-0.0000000288086017,-0.6590639948844910,-2.7217240333557129,0.0000000000000000,1.0000000000000000,-0.0000000437113883,0.0000000000000000,0.6590639948844910,0.0000000328747625,0.7520868778228760,4.5480594635009766,0.0000000000000000,0.0000000000000000,0.0000000000000000,1.0000000000000000
M 0.7392023205757141,-0.0000000294388958,-0.6734834313392639,-2.8365263938903809,0.0000000000000000,1.0000000000000000,-0.0000000437113883,0.0000000000000000,0.6734834313392639,0.0000000323115614,0.7392023205757141,4.6375398635864258,0.0000000000000000,0.0000000000000000,0.0000000000000000,1.0000000000000000
M 0.7260299921035767,-0.0000000300587040,-0.6876630187034607,-2.9531378746032715,0.0000000000000000,1.0000000000000000,-0.0000000437113883,0.0000000000000000,0.6876630187034607,0.0000000317357802,0.7260299921035767,4.7248568534851074,0.0000000000000000,0.0000000000000000,0.0000000000000000,1.0000000000000000
M 0.7125821113586426,-0.0000000306674188,-0.7015887498855591,-3.0714488029479980,0.0000000000000000,1.0000000000000000,-0.0000000437113883,0.0000000000000000,0.7015887498855591,0.0000000311479518,0.7125821113586426,4.8099241256713867,0.0000000000000000,0.0000000000000000,0.0000000000000000,1.0000000000000000
M 0.6988708972930908,-0.0000000312644737,-0.7152478098869324,-3.1913518905639648,0.0000000000000000,1.0000000000000000,-0.0000000437113883,0.0000000000000000,0.7152478098869324,0.0000000305486161,0.6988708972930908,4.8926620483398438,0.0000000000000000,0.0000000000000000,0.0000000000000000,1.0000000000000000
M 0.6849099397659302,-0.0000000318493285,-0.7286277413368225,-3.3127295970916748,0.0000000000000000,1.0000000000000000,-0.0000000437113883,0.0000000000000000,0.7286277413368225,0.0000000299383629,0.6849099397659302,4.9729967117309570,0.0000000000000000,0.0000000000000000,0.0000000000000000,1.0000000000000000
M 0.6707130670547485,-0.0000000324214753,-0.7417169213294983,-3.4354634284973145,0.0000000000000000,1.0000000000000000,-0.0000000437113883,0.0000000000000000,0.7417169213294983,0.0000000293177997,0.6707130670547485,5.0508613586425781,0.0000000000000000,0.0000000000000000,0.0000000000000000,1.0000000000000000
M 0.6562950611114502,-0.0000000329804344,-0.7545043826103210,-3.5594301223754883,0.0000000000000000,1.0000000000000000,-0.0000000437113883,0.0000000000000000,0.7545043826103210,0.0000000286875679,0.6562950611114502,5.1261944770812988,0.0000000000000000,0.0000000000000000,0.0000000000000000,1.0000000000000000
M 0.6416709423065186,-0.0000000335257617,-0.7669800519943237,-3.6845040321350098,0.0000000000000000,1.0000000000000000,-0.0000000437113883,0.0000000000000000,0.7669800519943237,0.0000000280483281,0.6416709423065186,5.1989412307739258,0.0000000000000000,0.0000000000000000,0.0000000000000000,1.0000000000000000
M 0.6268566846847534,-0.0000000340570523,-0.7791345715522766,-3.8105549812316895,0.0000000000000000,1.0000000000000000,-0.0000000437113883,0.0000000000000000,0.7791345715522766,0.0000000274007768,0.6268566846847534,5.2690539360046387,0.0000000000000000,0.0000000000000000,0.0000000000000000,1.0000000000000000
M 0.6118685603141785,-0.0000000345739366,-0.7909594774246216,-3.9374504089355469,0.0000000000000000,1.0000000000000000,-0.0000000437113883,0.0000000000000000,0.7909594774246216,0.0000000267456244,0.6118685603141785,5.3364920616149902,0.0000000000000000,0.0000000000000000,0.0000000000000000,1.0000000000000000
M 0.5967230796813965,-0.0000000350760843,-0.8024472594261169,-4.0650582313537598,0.0000000000000000,1.0000000000000000,-0.0000000437113883,0.0000000000000000,0.8024472594261169,0.0000000260835940,0.5967230796813965,5.4012217521667480,0.0000000000000000,0.0000000000000000,0.0000000000000000,1.0000000000000000
M 0.5814377665519714,-0.0000000355631862,-0.8135908842086792,-4.1932392120361328,0.0000000000000000,1.0000000000000000,-0.0000000437113883,0.0000000000000000,0.8135908842086792,0.0000000254154529,0.5814377665519714,5.4632143974304199,0.0000000000000000,0.0000000000000000,0.0000000000000000,1.0000000000000000
M 0.5660299658775330,-0.0000000360350008,-0.8243846893310547,-4.3218574523925781,0.0000000000000000,1.0000000000000000,-0.0000000437113883,0.0000000000000000,0.8243846893310547,0.0000000247419560,0.5660299658775330,5.5224514007568359,0.0000000000000000,0.0000000000000000,0.0000000000000000,1.0000000000000000
M 0.5505177378654480,-0.0000000364912935,-0.8348234891891479,-4.4507722854614258,0.0000000000000000,1.0000000000000000,-0.0000000437113883,0.0000000000000000,0.8348234891891479,0.0000000240638940,0.5505177378654480,5.5789194107055664,0.0000000000000000,0.0000000000000000,0.0000000000000000,1.0000000000000000
M 0.5349192619323730,-0.0000000369318904,-0.8449031710624695,-4.5798430442810059,0.0000000000000000,1.0000000000000000,-0.0000000437113883,0.0000000000000000,0.8449031710624695,0.0000000233820643,0.5349192619323730,5.6326117515563965,0.0000000000000000,0.0000000000000000,0.0000000000000000,1.0000000000000000
M 0.5192532539367676,-0.0000000373566458,-0.8546203970909119,-4.7089271545410156,0.0000000000000000,1.0000000000000000,-0.0000000437113883,0.0000000000000000,0.8546203970909119,0.0000000226972805,0.5192532539367676,5.6835284233093262,0.0000000000000000,0.0000000000000000,0.0000000000000000,1.0000000000000000
M 0.5035383105278015,-0.0000000377654565,-0.8639729022979736,-4.8378829956054688,0.0000000000000000,1.0000000000000000,-0.0000000437113883,0.0000000000000000,0.8639729022979736,0.0000000220103580,0.5035383105278015,5.7316789627075195,0.0000000000000000,0.0000000000000000,0.0000000000000000,1.0000000000000000
M 0.4877933561801910,-0.0000000381582552,-0.8729591369628906,-4.9665694236755371,0.0000000000000000,1.0000000000000000,-0.0000000437113883,0.0000000000000000,0.8729591369628906,0.0000000213221245,0.4877933561801910,5.7770757675170898,0.0000000000000000,0.0000000000000000,0.0000000000000000,1.0000000000000000
M 0.4720375239849091,-0.0000000385350170,-0.8815784454345703,-5.0948433876037598,0.0000000000000000,1.0000000000000000,-0.0000000437113883,0.0000000000000000,0.8815784454345703,0.0000000206334150,0.4720375239849091,5.8197407722473145,0.0000000000000000,0.0000000000000000,0.0000000000000000,1.0000000000000000
M 0.4562901854515076,-0.0000000388957488,-0.8898310065269470,-5.2225613594055176,0.0000000000000000,1.0000000000000000,-0.0000000437113883,0.0000000000000000,0.8898310065269470,0.0000000199450767,0.4562901854515076,5.8597006797790527,0.0000000000000000,0.0000000000000000,0.0000000000000000,1.0000000000000000
M 0.4405702650547028,-0.0000000392405042,-0.8977181315422058,-5.3495855331420898,0.0000000000000000,1.0000000000000000,-0.0000000437113883,0.0000000000000000,0.8977181315422058,0.0000000192579375,0.4405702650547028,5.8969912528991699,0.0000000000000000,0.0000000000000000,0.0000000000000000,1.0000000000000000
M 0.4248974323272705,-0.0000000395693611,-0.9052414894104004,-5.4757719039916992,0.0000000000000000,1.0000000000000000,-0.0000000437113883,0.0000000000000000,0.9052414894104004,0.0000000185728570,0.4248974323272705,5.9316506385803223,0.0000000000000000,0.0000000000000000,0.0000000000000000,1.0000000000000000
M 0.4092904329299927,-0.0000000398824547,-0.9124041795730591,-5.6009860038757324,0.0000000000000000,1.0000000000000000,-0.0000000437113883,0.0000000000000000,0.9124041795730591,0.0000000178906525,0.4092904329299927,5.9637274742126465,0.0000000000000000,0.0000000000000000,0.0000000000000000,1.0000000000000000
M 0.3937690854072571,-0.0000000401799198,-0.9192094206809998,-5.7250857353210449,0.0000000000000000,1.0000000000000000,-0.0000000437113883,0.0000000000000000,0.9192094206809998,0.0000000172121926,0.3937690854072571,5.9932718276977539,0.0000000000000000,0.0000000000000000,0.0000000000000000,1.0000000000000000
M 0.3783523738384247,-0.0000000404619556,-0.9256616234779358,-5.8479356765747070,0.0000000000000000,1.0000000000000000,-0.0000000437113883,0.0000000000000000,0.9256616234779358,0.0000000165383067,0.3783523738384247,6.0203423500061035,0.0000000000000000,0.0000000000000000,0.0000000000000000,1.0000000000000000
M 0.3630591332912445,-0.0000000407287892,-0.9317660927772522,-5.9694042205810547,0.0000000000000000,1.0000000000000000,-0.0000000437113883,0.0000000000000000,0.9317660927772522,0.0000000158698192,0.3630591332912445,6.0450034141540527,0.0000000000000000,0.0000000000000000,0.0000000000000000,1.0000000000000000
M 0.3479085564613342,-0.0000000409806731,-0.9375284910202026,-6.0893564224243164,0.0000000000000000,1.0000000000000000,-0.0000000437113883,0.0000000000000000,0.9375284910202026,0.0000000152075668,0.3479085564613342,6.0673227310180664,0.0000000000000000,0.0000000000000000,0.0000000000000000,1.0000000000000000
M 0.3329192399978638,-0.0000000412178842,-0.9429553151130676,-6.2076630592346191,0.0000000000000000,1.0000000000000000,-0.0000000437113883,0.0000000000000000,0.9429553151130676,0.0000000145523620,0.3329192399978638,6.0873727798461914,0.0000000000000000,0.0000000000000000,0.0000000000000000,1.0000000000000000
M 0.3181097209453583,-0.0000000414407531,-0.9480538964271545,-6.3241972923278809,0.0000000000000000,1.0000000000000000,-0.0000000437113883,0.0000000000000000,0.9480538964271545,0.0000000139050176,0.3181097209453583,6.1052336692810059,0.0000000000000000,0.0000000000000000,0.0000000000000000,1.0000000000000000
M 0.3034983873367310,-0.0000000416496064,-0.9528319239616394,-6.4388332366943359,0.0000000000000000,1.0000000000000000,-0.0000000437113883,0.0000000000000000,0.9528319239616394,0.0000000132663356,0.3034983873367310,6.1209874153137207,0.0000000000000000,0.0000000000000000,0.0000000000000000,1.0000000000000000
M 0.2891032695770264,-0.0000000418448209,-0.9572979211807251,-6.5514483451843262,0.0000000000000000,1.0000000000000000,-0.0000000437113883,0.0000000000000000,0.9572979211807251,0.0000000126371056,0.2891032695770264,6.1347203254699707,0.0000000000000000,0.0000000000000000,0.0000000000000000,1.0000000000000000
M 0.2749418616294861,-0.0000000420267874,-0.9614608287811279,-6.6619248390197754,0.0000000000000000,1.0000000000000000,-0.0000000437113883,0.0000000000000000,0.9614608287811279,0.0000000120180905,0.2749418616294861,6.1465220451354980,0.0000000000000000,0.0000000000000000,0.0000000000000000,1.0000000000000000
M 0.2610324323177338,-0.0000000421959143,-0.9653300046920776,-6.7701411247253418,0.0000000000000000,1.0000000000000000,-0.0000000437113883,0.0000000000000000,0.9653300046920776,0.0000000114100898,0.2610324323177338,6.1564879417419434,0.0000000000000000,0.0000000000000000,0.0000000000000000,1.0000000000000000
M 0.2473915517330170,-0.0000000423526458,-0.9689155817031860,-6.8759870529174805,0.0000000000000000,1.0000000000000000,-0.0000000437113883,0.0000000000000000,0.9689155817031860,0.0000000108138281,0.2473915517330170,6.1647133827209473,0.0000000000000000,0.0000000000000000,0.0000000000000000,1.0000000000000000
M 0.2340366542339325,-0.0000000424974260,-0.9722277522087097,-6.9793472290039062,0.0000000000000000,1.0000000000000000,-0.0000000437113883,0.0000000000000000,0.9722277522087097,0.0000000102300675,0.2340366542339325,6.1712985038757324,0.0000000000000000,0.0000000000000000,0.0000000000000000,1.0000000000000000
M 0.2209840416908264,-0.0000000426307309,-0.9752774238586426,-7.0801162719726562,0.0000000000000000,1.0000000000000000,-0.0000000437113883,0.0000000000000000,0.9752774238586426,0.0000000096595194,0.2209840416908264,6.1763453483581543,0.0000000000000000,0.0000000000000000,0.0000000000000000,1.0000000000000000
M 0.2082500308752060,-0.0000000427530438,-0.9780756235122681,-7.1781873703002930,0.0000000000000000,1.0000000000000000,-0.0000000437113883,0.0000000000000000,0.9780756235122681,0.0000000091028980,0.2082500308752060,6.1799583435058594,0.0000000000000000,0.0000000000000000,0.0000000000000000,1.0000000000000000
M 0.1958507448434830,-0.0000000428648619,-0.9806337356567383,-7.2734575271606445,0.0000000000000000,1.0000000000000000,-0.0000000437113883,0.0000000000000000,0.9806337356567383,0.0000000085609075,0.1958507448434830,6.1822428703308105,0.0000000000000000,0.0000000000000000,0.0000000000000000,1.0000000000000000
M 0.1838017255067825,-0.0000000429666898,-0.9829633235931396,-7.3658256530761719,0.0000000000000000,1.0000000000000000,-0.0000000437113883,0.0000000000000000,0.9829633235931396,0.0000000080342284,0.1838017255067825,6.1833057403564453,0.0000000000000000,0.0000000000000000,0.0000000000000000,1.0000000000000000
M 0.1721180677413940,-0.0000000430590532,-0.9850763082504272,-7.4551973342895508,0.0000000000000000,1.0000000000000000,-0.0000000437113883,0.0000000000000000,0.9850763082504272,0.0000000075235196,0.1721180677413940,6.1832551956176758,0.0000000000000000,0.0000000000000000,0.0000000000000000,1.0000000000000000
M 0.1608153879642487,-0.0000000431424638,-0.9869844913482666,-7.5414714813232422,0.0000000000000000,1.0000000000000000,-0.0000000437113883,0.0000000000000000,0.9869844913482666,0.0000000070294637,0.1608153879642487,6.1821994781494141,0.0000000000000000,0.0000000000000000,0.0000000000000000,1.0000000000000000
M 0.1499076485633850,-0.0000000432174510,-0.9887000322341919,-7.6245622634887695,0.0000000000000000,1.0000000000000000,-0.0000000437113883,0.0000000000000000,0.9887000322341919,0.0000000065526713,0.1499076485633850,6.1802482604980469,0.0000000000000000,0.0000000000000000,0.0000000000000000,1.0000000000000000
M 0.1394093185663223,-0.0000000432845404,-0.9902348518371582,-7.7043781280517578,0.0000000000000000,1.0000000000000000,-0.0000000437113883,0.0000000000000000,0.9902348518371582,0.0000000060937748,0.1394093185663223,6.1775078773498535,0.0000000000000000,0.0000000000000000,0.0000000000000000,1.0000000000000000
M 0.1293345540761948,-0.0000000433442544,-0.9916009902954102,-7.7808299064636230,0.0000000000000000,1.0000000000000000,-0.0000000437113883,0.0000000000000000,0.9916009902954102,0.0000000056533929,0.1293345540761948,6.1740880012512207,0.0000000000000000,0.0000000000000000,0.0000000000000000,1.0000000000000000
M 0.1196974962949753,-0.0000000433971223,-0.9928104281425476,-7.8538298606872559,0.0000000000000000,1.0000000000000000,-0.0000000437113883,0.0000000000000000,0.9928104281425476,0.0000000052321436,0.1196974962949753,6.1700954437255859,0.0000000000000000,0.0000000000000000,0.0000000000000000,1.0000000000000000
M 0.1105106174945831,-0.0000000434436558,-0.9938749670982361,-7.9233002662658691,0.0000000000000000,1.0000000000000000,-0.0000000437113883,0.0000000000000000,0.9938749670982361,0.0000000048305724,0.1105106174945831,6.1656351089477539,0.0000000000000000,0.0000000000000000,0.0000000000000000,1.0000000000000000
M 0.1017877236008644,-0.0000000434843592,-0.9948061704635620,-7.9891557693481445,0.0000000000000000,1.0000000000000000,-0.0000000437113883,0.0000000000000000,0.9948061704635620,0.0000000044492827,0.1017877236008644,6.1608099937438965,0.0000000000000000,0.0000000000000000,0.0000000000000000,1.0000000000000000
M 0.0935418307781219,-0.0000000435197300,-0.9956153631210327,-8.0513143539428711,0.0000000000000000,1.0000000000000000,-0.0000000437113883,0.0000000000000000,0.9956153631210327,0.0000000040888435,0.0935418307781219,6.1557230949401855,0.0000000000000000,0.0000000000000000,0.0000000000000000,1.0000000000000000
M 0.0857850387692451,-0.0000000435502550,-0.9963136911392212,-8.1097011566162109,0.0000000000000000,1.0000000000000000,-0.0000000437113883,0.0000000000000000,0.9963136911392212,0.0000000037497832,0.0857850387692451,6.1504716873168945,0.0000000000000000,0.0000000000000000,0.0000000000000000,1.0000000000000000
M 0.0785302668809891,-0.0000000435763958,-0.9969117045402527,-8.1642351150512695,0.0000000000000000,1.0000000000000000,-0.0000000437113883,0.0000000000000000,0.9969117045402527,0.0000000034326670,0.0785302668809891,6.1451520919799805,0.0000000000000000,0.0000000000000000,0.0000000000000000,1.0000000000000000
M 0.0717892870306969,-0.0000000435986074,-0.9974198341369629,-8.2148437500000000,0.0000000000000000,1.0000000000000000,-0.0000000437113883,0.0000000000000000,0.9974198341369629,0.0000000031380094,0.0717892870306969,6.1398572921752930,0.0000000000000000,0.0000000000000000,0.0000000000000000,1.0000000000000000
M 0.0655743628740311,-0.0000000436173089,-0.9978476762771606,-8.2614479064941406,0.0000000000000000,1.0000000000000000,-0.0000000437113883,0.0000000000000000,0.9978476762771606,0.0000000028663465,0.0655743628740311,6.1346745491027832,0.0000000000000000,0.0000000000000000,0.0000000000000000,1.0000000000000000
M 0.0598973892629147,-0.0000000436329053,-0.9982045292854309,-8.3039722442626953,0.0000000000000000,1.0000000000000000,-0.0000000437113883,0.0000000000000000,0.9982045292854309,0.0000000026181981,0.0598973892629147,6.1296892166137695,0.0000000000000000,0.0000000000000000,0.0000000000000000,1.0000000000000000
M 0.0547700673341751,-0.0000000436457768,-0.9984989762306213,-8.3423423767089844,0.0000000000000000,1.0000000000000000,-0.0000000437113883,0.0000000000000000,0.9984989762306213,0.0000000023940756,0.0547700673341751,6.1249799728393555,0.0000000000000000,0.0000000000000000,0.0000000000000000,1.0000000000000000
M 0.0502035059034824,-0.0000000436562679,-0.9987390041351318,-8.3764858245849609,0.0000000000000000,1.0000000000000000,-0.0000000437113883,0.0000000000000000,0.9987390041351318,0.0000000021944648,0.0502035059034824,6.1206212043762207,0.0000000000000000,0.0000000000000000,0.0000000000000000,1.0000000000000000
M 0.0462098754942417,-0.0000000436646950,-0.9989317655563354,-8.4063224792480469,0.0000000000000000,1.0000000000000000,-0.0000000437113883,0.0000000000000000,0.9989317655563354,0.0000000020198978,0.0462098754942417,6.1166825294494629,0.0000000000000000,0.0000000000000000,0.0000000000000000,1.0000000000000000
M 0.0428002998232841,-0.0000000436713314,-0.9990836381912231,-8.4317789077758789,0.0000000000000000,1.0000000000000000,-0.0000000437113883,0.0000000000000000,0.9990836381912231,0.0000000018708606,0.0428002998232841,6.1132259368896484,0.0000000000000000,0.0000000000000000,0.0000000000000000,1.0000000000000000
M 0.0399853214621544,-0.0000000436764331,-0.9992002844810486,-8.4527845382690430,0.0000000000000000,1.0000000000000000,-0.0000000437113883,0.0000000000000000,0.9992002844810486,0.0000000017478139,0.0399853214621544,6.1103072166442871,0.0000000000000000,0.0000000000000000,0.0000000000000000,1.0000000000000000
M 0.0377770923078060,-0.0000000436801848,-0.9992861747741699,-8.4692544937133789,0.0000000000000000,1.0000000000000000,-0.0000000437113883,0.0000000000000000,0.9992861747741699,0.0000000016512891,0.0377770923078060,6.1079759597778320,0.0000000000000000,0.0000000000000000,0.0000000000000000,1.0000000000000000
M 0.0361857824027538,-0.0000000436827605,-0.9993450641632080,-8.4811191558837891,0.0000000000000000,1.0000000000000000,-0.0000000437113883,0.0000000000000000,0.9993450641632080,0.0000000015817307,0.0361857824027538,6.1062741279602051,0.0000000000000000,0.0000000000000000,0.0000000000000000,1.0000000000000000
M 0.0352229475975037,-0.0000000436842633,-0.9993794560432434,-8.4882965087890625,0.0000000000000000,1.0000000000000000,-0.0000000437113883,0.0000000000000000,0.9993794560432434,0.0000000015396440,0.0352229475975037,6.1052346229553223,0.0000000000000000,0.0000000000000000,0.0000000000000000,1.0000000000000000
M 0.0348994955420494,-0.0000000436847607,-0.9993908405303955,-8.4907073974609375,0.0000000000000000,1.0000000000000000,-0.0000000437113883,0.0000000000000000,0.9993908405303955,0.0000000015255054,0.0348994955420494,6.1048846244812012,0.0000000000000000,0.0000000000000000,0.0000000000000000,1.0000000000000000
M 0.0348994955420494,-0.0000000436847607,-0.9993908405303955,-8.4907073974609375,0.0000000000000000,1.0000000000000000,-0.0000000437113883,0.0000000000000000,0.9993908405303955,0.0000000015255054,0.0348994955420494,6.1048846244812012,0.0000000000000000,0.0000000000000000,0.0000000000000000,1.0000000000000000
M 0.0348994955420494,-0.0000000436847607,-0.9993908405303955,-8.4907073974609375,0.0000000000000000,1.0000000000000000,-0.0000000437113883,0.0000000000000000,0.9993908405303955,0.0000000015255054,0.0348994955420494,6.1048846244812012,0.0000000000000000,0.0000000000000000,0.0000000000000000,1.0000000000000000
M 0.0348994955420494,-0.0000000436847607,-0.9993908405303955,-8.4907073974609375,0.0000000000000000,1.0000000000000000,-0.0000000437113883,0.0000000000000000,0.9993908405303955,0.0000000015255054,0.0348994955420494,6.1048846244812012,0.0000000000000000,0.0000000000000000,0.0000000000000000,1.0000000000000000
M 0.0348994955420494,-0.0000000436847607,-0.9993908405303955,-8.4907073974609375,0.0000000000000000,1.0000000000000000,-0.0000000437113883,0.0000000000000000,0.9993908405303955,0.0000000015255054,0.0348994955420494,6.1048846244812012,0.0000000000000000,0.0000000000000000,0.0000000000000000,1.0000000000000000
M 0.0348994955420494,-0.0000000436847607,-0.9993908405303955,-8.4907073974609375,0.0000000000000000,1.0000000000000000,-0.0000000437113883,0.0000000000000000,0.9993908405303955,0.0000000015255054,0.0348994955420494,6.1048846244812012,0.0000000000000000,0.0000000000000000,0.0000000000000000,1.0000000000000000
M 0.0348994955420494,-0.0000000436847607,-0.9993908405303955,-8.4907073974609375,0.0000000000000000,1.0000000000000000,-0.0000000437113883,0.0000000000000000,0.9993908405303955,0.0000000015255054,0.0348994955420494,6.1048846244812012,0.0000000000000000,0.0000000000000000,0.0000000000000000,1.0000000000000000
M 0.0348994955420494,-0.0000000436847607,-0.9993908405303955,-8.4907073974609375,0.0000000000000000,1.0000000000000000,-0.0000000437113883,0.0000000000000000,0.9993908405303955,0.0000000015255054,0.0348994955420494,6.1048846244812012,0.0000000000000000,0.0000000000000000,0.0000000000000000,1.0000000000000000
M 0.0348994955420494,-0.0000000436847607,-0.9993908405303955,-8.4907073974609375,0.0000000000000000,1.0000000000000000,-0.0000000437113883,0.0000000000000000,0.9993908405303955,0.0000000015255054,0.0348994955420494,6.1048846244812012,0.0000000000000000,0.0000000000000000,0.0000000000000000,1.0000000000000000
