O DOOR_2_EXTERNAL_CG_dfr
A DOOR_2_EXTERNAL_CG_dfr_DOOR_2_EXTERNAL_CG_dfr
M 1.0000000000000000,0.0000000000000000,0.0000000000000000,0.0000000000000000,0.0000000000000000,1.0000000000000000,-0.0000000437113883,0.0000000000000000,-0.0000000000000000,0.0000000437113883,1.0000000000000000,-0.0000000000000000,0.0000000000000000,0.0000000000000000,0.0000000000000000,1.0000000000000000
M 1.0000000000000000,0.0000000000000000,0.0000000000000000,0.0000000000000000,0.0000000000000000,1.0000000000000000,-0.0000000437113883,0.0000000000000000,-0.0000000000000000,0.0000000437113883,1.0000000000000000,-0.0000000000000000,0.0000000000000000,0.0000000000000000,0.0000000000000000,1.0000000000000000
M 1.0000000000000000,0.0000000000000000,0.0000000000000000,0.0000000000000000,0.0000000000000000,1.0000000000000000,-0.0000000437113883,0.0000000000000000,-0.0000000000000000,0.0000000437113883,1.0000000000000000,-0.0000000000000000,0.0000000000000000,0.0000000000000000,0.0000000000000000,1.0000000000000000
M 1.0000000000000000,0.0000000000000000,0.0000000000000000,0.0000000000000000,0.0000000000000000,1.0000000000000000,-0.0000000437113883,0.0000000000000000,-0.0000000000000000,0.0000000437113883,1.0000000000000000,-0.0000000000000000,0.0000000000000000,0.0000000000000000,0.0000000000000000,1.0000000000000000
M 1.0000000000000000,0.0000000000000000,0.0000000000000000,0.0000000000000000,0.0000000000000000,1.0000000000000000,-0.0000000437113883,0.0000000000000000,-0.0000000000000000,0.0000000437113883,1.0000000000000000,-0.0000000000000000,0.0000000000000000,0.0000000000000000,0.0000000000000000,1.0000000000000000
M 1.0000000000000000,0.0000000000000000,0.0000000000000000,0.0000000000000000,0.0000000000000000,1.0000000000000000,-0.0000000437113883,0.0000000000000000,-0.0000000000000000,0.0000000437113883,1.0000000000000000,-0.0000000000000000,0.0000000000000000,0.0000000000000000,0.0000000000000000,1.0000000000000000
M 1.0000000000000000,0.0000000000000000,0.0000000000000000,0.0000000000000000,0.0000000000000000,1.0000000000000000,-0.0000000437113883,0.0000000000000000,-0.0000000000000000,0.0000000437113883,1.0000000000000000,-0.0000000000000000,0.0000000000000000,0.0000000000000000,0.0000000000000000,1.0000000000000000
M 1.0000000000000000,0.0000000000000000,0.0000000000000000,0.0000000000000000,0.0000000000000000,1.0000000000000000,-0.0000000437113883,0.0000000000000000,-0.0000000000000000,0.0000000437113883,1.0000000000000000,-0.0000000000000000,0.0000000000000000,0.0000000000000000,0.0000000000000000,1.0000000000000000
M 1.0000000000000000,0.0000000000000000,0.0000000000000000,0.0000000000000000,0.0000000000000000,1.0000000000000000,-0.0000000437113883,0.0000000000000000,-0.0000000000000000,0.0000000437113883,1.0000000000000000,-0.0000000000000000,0.0000000000000000,0.0000000000000000,0.0000000000000000,1.0000000000000000
M 1.0000000000000000,0.0000000000000000,0.0000000000000000,0.0000000000000000,0.0000000000000000,1.0000000000000000,-0.0000000437113883,0.0000000000000000,-0.0000000000000000,0.0000000437113883,1.0000000000000000,-0.0000000000000000,0.0000000000000000,0.0000000000000000,0.0000000000000000,1.0000000000000000
M 1.0000000000000000,0.0000000000000000,0.0000000000000000,0.0000000000000000,0.0000000000000000,1.0000000000000000,-0.0000000437113883,0.0000000000000000,-0.0000000000000000,0.0000000437113883,1.0000000000000000,-0.0000000000000000,0.0000000000000000,0.0000000000000000,0.0000000000000000,1.0000000000000000
M 1.0000000000000000,0.0000000000000000,0.0000000000000000,0.0000000000000000,0.0000000000000000,1.0000000000000000,-0.0000000437113883,0.0000000000000000,-0.0000000000000000,0.0000000437113883,1.0000000000000000,-0.0000000000000000,0.0000000000000000,0.0000000000000000,0.0000000000000000,1.0000000000000000
M 1.0000000000000000,0.0000000000000000,0.0000000000000000,0.0000000000000000,0.0000000000000000,1.0000000000000000,-0.0000000437113883,0.0000000000000000,-0.0000000000000000,0.0000000437113883,1.0000000000000000,-0.0000000000000000,0.0000000000000000,0.0000000000000000,0.0000000000000000,1.0000000000000000
M 1.0000000000000000,0.0000000000000000,0.0000000000000000,0.0000000000000000,0.0000000000000000,1.0000000000000000,-0.0000000437113883,0.0000000000000000,-0.0000000000000000,0.0000000437113883,1.0000000000000000,-0.0000000000000000,0.0000000000000000,0.0000000000000000,0.0000000000000000,1.0000000000000000
M 1.0000000000000000,0.0000000000000000,0.0000000000000000,0.0000000000000000,0.0000000000000000,1.0000000000000000,-0.0000000437113883,0.0000000000000000,-0.0000000000000000,0.0000000437113883,1.0000000000000000,-0.0000000000000000,0.0000000000000000,0.0000000000000000,0.0000000000000000,1.0000000000000000
M 1.0000000000000000,0.0000000000000000,0.0000000000000000,0.0000000000000000,0.0000000000000000,1.0000000000000000,-0.0000000437113883,0.0000000000000000,-0.0000000000000000,0.0000000437113883,1.0000000000000000,-0.0000000000000000,0.0000000000000000,0.0000000000000000,0.0000000000000000,1.0000000000000000
M 1.0000000000000000,0.0000000000000000,0.0000000000000000,0.0000000000000000,0.0000000000000000,1.0000000000000000,-0.0000000437113883,0.0000000000000000,-0.0000000000000000,0.0000000437113883,1.0000000000000000,-0.0000000000000000,0.0000000000000000,0.0000000000000000,0.0000000000000000,1.0000000000000000
M 1.0000000000000000,0.0000000000000000,0.0000000000000000,0.0000000000000000,0.0000000000000000,1.0000000000000000,-0.0000000437113883,0.0000000000000000,-0.0000000000000000,0.0000000437113883,1.0000000000000000,-0.0000000000000000,0.0000000000000000,0.0000000000000000,0.0000000000000000,1.0000000000000000
M 1.0000000000000000,0.0000000000000000,0.0000000000000000,0.0000000000000000,0.0000000000000000,1.0000000000000000,-0.0000000437113883,0.0000000000000000,-0.0000000000000000,0.0000000437113883,1.0000000000000000,-0.0000000000000000,0.0000000000000000,0.0000000000000000,0.0000000000000000,1.0000000000000000
M 1.0000000000000000,0.0000000000000000,0.0000000000000000,0.0000000000000000,0.0000000000000000,1.0000000000000000,-0.0000000437113883,0.0000000000000000,-0.0000000000000000,0.0000000437113883,1.0000000000000000,-0.0000000000000000,0.0000000000000000,0.0000000000000000,0.0000000000000000,1.0000000000000000
M 1.0000000000000000,0.0000000000000000,0.0000000000000000,0.0000000000000000,0.0000000000000000,1.0000000000000000,-0.0000000437113883,0.0000000000000000,-0.0000000000000000,0.0000000437113883,1.0000000000000000,-0.0000000000000000,0.0000000000000000,0.0000000000000000,0.0000000000000000,1.0000000000000000
M 1.0000000000000000,0.0000000000000000,0.0000000000000000,0.0000000000000000,0.0000000000000000,1.0000000000000000,-0.0000000437113883,0.0000000000000000,-0.0000000000000000,0.0000000437113883,1.0000000000000000,-0.0000000000000000,0.0000000000000000,0.0000000000000000,0.0000000000000000,1.0000000000000000
M 1.0000000000000000,0.0000000000000000,0.0000000000000000,0.0000000000000000,0.0000000000000000,1.0000000000000000,-0.0000000437113883,0.0000000000000000,-0.0000000000000000,0.0000000437113883,1.0000000000000000,-0.0000000000000000,0.0000000000000000,0.0000000000000000,0.0000000000000000,1.0000000000000000
M 1.0000000000000000,0.0000000000000000,0.0000000000000000,0.0000000000000000,0.0000000000000000,1.0000000000000000,-0.0000000437113883,0.0000000000000000,-0.0000000000000000,0.0000000437113883,1.0000000000000000,-0.0000000000000000,0.0000000000000000,0.0000000000000000,0.0000000000000000,1.0000000000000000
M 1.0000000000000000,0.0000000000000000,0.0000000000000000,0.0000000000000000,0.0000000000000000,1.0000000000000000,-0.0000000437113883,0.0000000000000000,-0.0000000000000000,0.0000000437113883,1.0000000000000000,-0.0000000000000000,0.0000000000000000,0.0000000000000000,0.0000000000000000,1.0000000000000000
M 1.0000000000000000,0.0000000000000000,0.0000000000000000,0.0000000000000000,0.0000000000000000,1.0000000000000000,-0.0000000437113883,0.0000000000000000,-0.0000000000000000,0.0000000437113883,1.0000000000000000,-0.0000000000000000,0.0000000000000000,0.0000000000000000,0.0000000000000000,1.0000000000000000
M 1.0000000000000000,0.0000000000000000,0.0000000000000000,0.0000000000000000,0.0000000000000000,1.0000000000000000,-0.0000000437113883,0.0000000000000000,-0.0000000000000000,0.0000000437113883,1.0000000000000000,-0.0000000000000000,0.0000000000000000,0.0000000000000000,0.0000000000000000,1.0000000000000000
M 1.0000000000000000,0.0000000000000000,0.0000000000000000,0.0000000000000000,0.0000000000000000,1.0000000000000000,-0.0000000437113883,0.0000000000000000,-0.0000000000000000,0.0000000437113883,1.0000000000000000,-0.0000000000000000,0.0000000000000000,0.0000000000000000,0.0000000000000000,1.0000000000000000
M 1.0000000000000000,0.0000000000000000,0.0000000000000000,0.0000000000000000,0.0000000000000000,1.0000000000000000,-0.0000000437113883,0.0000000000000000,-0.0000000000000000,0.0000000437113883,1.0000000000000000,-0.0000000000000000,0.0000000000000000,0.0000000000000000,0.0000000000000000,1.0000000000000000
M 1.0000000000000000,0.0000000000000000,0.0000000000000000,0.0000000000000000,0.0000000000000000,1.0000000000000000,-0.0000000437113883,0.0000000000000000,-0.0000000000000000,0.0000000437113883,1.0000000000000000,-0.0000000000000000,0.0000000000000000,0.0000000000000000,0.0000000000000000,1.0000000000000000
M 1.0000000000000000,0.0000000000000000,0.0000000000000000,0.0000000000000000,0.0000000000000000,1.0000000000000000,-0.0000000437113883,0.0000000000000000,-0.0000000000000000,0.0000000437113883,1.0000000000000000,-0.0000000000000000,0.0000000000000000,0.0000000000000000,0.0000000000000000,1.0000000000000000
M 1.0000000000000000,0.0000000000000000,0.0000000000000000,0.0000000000000000,0.0000000000000000,1.0000000000000000,-0.0000000437113883,0.0000000000000000,-0.0000000000000000,0.0000000437113883,1.0000000000000000,-0.0000000000000000,0.0000000000000000,0.0000000000000000,0.0000000000000000,1.0000000000000000
M 1.0000000000000000,0.0000000000000000,0.0000000000000000,0.0000000000000000,0.0000000000000000,1.0000000000000000,-0.0000000437113883,0.0000000000000000,-0.0000000000000000,0.0000000437113883,1.0000000000000000,-0.0000000000000000,0.0000000000000000,0.0000000000000000,0.0000000000000000,1.0000000000000000
M 1.0000000000000000,0.0000000000000000,0.0000000000000000,0.0000000000000000,0.0000000000000000,1.0000000000000000,-0.0000000437113883,0.0000000000000000,-0.0000000000000000,0.0000000437113883,1.0000000000000000,-0.0000000000000000,0.0000000000000000,0.0000000000000000,0.0000000000000000,1.0000000000000000
M 1.0000000000000000,0.0000000000000000,0.0000000000000000,0.0000000000000000,0.0000000000000000,1.0000000000000000,-0.0000000437113883,0.0000000000000000,-0.0000000000000000,0.0000000437113883,1.0000000000000000,-0.0000000000000000,0.0000000000000000,0.0000000000000000,0.0000000000000000,1.0000000000000000
M 1.0000000000000000,0.0000000000000000,0.0000000000000000,0.0000000000000000,0.0000000000000000,1.0000000000000000,-0.0000000437113883,0.0000000000000000,-0.0000000000000000,0.0000000437113883,1.0000000000000000,-0.0000000000000000,0.0000000000000000,0.0000000000000000,0.0000000000000000,1.0000000000000000
M 1.0000000000000000,0.0000000000000000,0.0000000000000000,0.0000000000000000,0.0000000000000000,1.0000000000000000,-0.0000000437113883,0.0000000000000000,-0.0000000000000000,0.0000000437113883,1.0000000000000000,-0.0000000000000000,0.0000000000000000,0.0000000000000000,0.0000000000000000,1.0000000000000000
M 1.0000000000000000,0.0000000000000000,0.0000000000000000,0.0000000000000000,0.0000000000000000,1.0000000000000000,-0.0000000437113883,0.0000000000000000,-0.0000000000000000,0.0000000437113883,1.0000000000000000,-0.0000000000000000,0.0000000000000000,0.0000000000000000,0.0000000000000000,1.0000000000000000
M 1.0000000000000000,0.0000000000000000,0.0000000000000000,0.0000000000000000,0.0000000000000000,1.0000000000000000,-0.0000000437113883,0.0000000000000000,-0.0000000000000000,0.0000000437113883,1.0000000000000000,-0.0000000000000000,0.0000000000000000,0.0000000000000000,0.0000000000000000,1.0000000000000000
M 1.0000000000000000,0.0000000000000000,0.0000000000000000,0.0000000000000000,0.0000000000000000,1.0000000000000000,-0.0000000437113883,0.0000000000000000,-0.0000000000000000,0.0000000437113883,1.0000000000000000,-0.0000000000000000,0.0000000000000000,0.0000000000000000,0.0000000000000000,1.0000000000000000
M 0.9999998211860657,-0.0000000000272816,-0.0006241298979148,-0.0008795901667327,0.0000000000000000,1.0000000000000000,-0.0000000437113883,0.0000000000000000,0.0006241298979148,0.0000000437113812,0.9999998211860657,0.0074308081530035,0.0000000000000000,0.0000000000000000,0.0000000000000000,1.0000000000000000
M 0.9999969005584717,-0.0000000001083938,-0.0024797620717436,-0.0035243593156338,0.0000000000000000,1.0000000000000000,-0.0000000437113883,0.0000000000000000,0.0024797620717436,0.0000000437112533,0.9999969005584717,0.0295202564448118,0.0000000000000000,0.0000000000000000,0.0000000000000000,1.0000000000000000
M 0.9999846220016479,-0.0000000002422373,-0.0055417427793145,-0.0079761827364564,0.0000000000000000,1.0000000000000000,-0.0000000437113883,0.0000000000000000,0.0055417427793145,0.0000000437107168,0.9999846220016479,0.0659597963094711,0.0000000000000000,0.0000000000000000,0.0000000000000000,1.0000000000000000
M 0.9999521374702454,-0.0000000004277098,-0.0097848605364561,-0.0143302595242858,0.0000000000000000,1.0000000000000000,-0.0000000437113883,0.0000000000000000,0.0097848605364561,0.0000000437092957,0.9999521374702454,0.1164336428046227,0.0000000000000000,0.0000000000000000,0.0000000000000000,1.0000000000000000
M 0.9998847246170044,-0.0000000006637044,-0.0151837868615985,-0.0227245409041643,0.0000000000000000,1.0000000000000000,-0.0000000437113883,0.0000000000000000,0.0151837868615985,0.0000000437063505,0.9998847246170044,0.1806198358535767,0.0000000000000000,0.0000000000000000,0.0000000000000000,1.0000000000000000
M 0.9997642636299133,-0.0000000009491047,-0.0217129848897457,-0.0333405509591103,0.0000000000000000,1.0000000000000000,-0.0000000437113883,0.0000000000000000,0.0217129848897457,0.0000000437010854,0.9997642636299133,0.2581886947154999,0.0000000000000000,0.0000000000000000,0.0000000000000000,1.0000000000000000
M 0.9995692968368530,-0.0000000012827827,-0.0293466467410326,-0.0463966354727745,0.0000000000000000,1.0000000000000000,-0.0000000437113883,0.0000000000000000,0.0293466467410326,0.0000000436925625,0.9995692968368530,0.3488028049468994,0.0000000000000000,0.0000000000000000,0.0000000000000000,1.0000000000000000
M 0.9992755055427551,-0.0000000016635918,-0.0380585454404354,-0.0621458217501640,0.0000000000000000,1.0000000000000000,-0.0000000437113883,0.0000000000000000,0.0380585454404354,0.0000000436797194,0.9992755055427551,0.4521158039569855,0.0000000000000000,0.0000000000000000,0.0000000000000000,1.0000000000000000
M 0.9988558888435364,-0.0000000020903634,-0.0478219427168369,-0.0808719024062157,0.0000000000000000,1.0000000000000000,-0.0000000437113883,0.0000000000000000,0.0478219427168369,0.0000000436613767,0.9988558888435364,0.5677711367607117,0.0000000000000000,0.0000000000000000,0.0000000000000000,1.0000000000000000
M 0.9982810020446777,-0.0000000025619011,-0.0586094669997692,-0.1028863787651062,0.0000000000000000,1.0000000000000000,-0.0000000437113883,0.0000000000000000,0.0586094669997692,0.0000000436362484,0.9982810020446777,0.6954016685485840,0.0000000000000000,0.0000000000000000,0.0000000000000000,1.0000000000000000
M 0.9975193142890930,-0.0000000030769762,-0.0703930109739304,-0.1285254806280136,0.0000000000000000,1.0000000000000000,-0.0000000437113883,0.0000000000000000,0.0703930109739304,0.0000000436029524,0.9975193142890930,0.8346283435821533,0.0000000000000000,0.0000000000000000,0.0000000000000000,1.0000000000000000
M 0.9965375661849976,-0.0000000036343206,-0.0831435620784760,-0.1581451296806335,0.0000000000000000,1.0000000000000000,-0.0000000437113883,0.0000000000000000,0.0831435620784760,0.0000000435600391,0.9965375661849976,0.9850589036941528,0.0000000000000000,0.0000000000000000,0.0000000000000000,1.0000000000000000
M 0.9953008294105530,-0.0000000042326223,-0.0968311131000519,-0.1921179890632629,0.0000000000000000,1.0000000000000000,-0.0000000437113883,0.0000000000000000,0.0968311131000519,0.0000000435059810,0.9953008294105530,1.1462872028350830,0.0000000000000000,0.0000000000000000,0.0000000000000000,1.0000000000000000
M 0.9937729239463806,-0.0000000048705218,-0.1114245504140854,-0.2308323085308075,0.0000000000000000,1.0000000000000000,-0.0000000437113883,0.0000000000000000,0.1114245504140854,0.0000000434391936,0.9937729239463806,1.3178917169570923,0.0000000000000000,0.0000000000000000,0.0000000000000000,1.0000000000000000
M 0.9919165968894958,-0.0000000055466045,-0.1268915235996246,-0.2746841311454773,0.0000000000000000,1.0000000000000000,-0.0000000437113883,0.0000000000000000,0.1268915235996246,0.0000000433580531,0.9919165968894958,1.4994348287582397,0.0000000000000000,0.0000000000000000,0.0000000000000000,1.0000000000000000
M 0.9896939992904663,-0.0000000062593970,-0.1431983113288879,-0.3240781128406525,0.0000000000000000,1.0000000000000000,-0.0000000437113883,0.0000000000000000,0.1431983113288879,0.0000000432608971,0.9896939992904663,1.6904619932174683,0.0000000000000000,0.0000000000000000,0.0000000000000000,1.0000000000000000
M 0.9870667457580566,-0.0000000070073662,-0.1603098511695862,-0.3794226944446564,0.0000000000000000,1.0000000000000000,-0.0000000437113883,0.0000000000000000,0.1603098511695862,0.0000000431460592,0.9870667457580566,1.8905017375946045,0.0000000000000000,0.0000000000000000,0.0000000000000000,1.0000000000000000
M 0.9839962124824524,-0.0000000077889100,-0.1781894862651825,-0.4411240816116333,0.0000000000000000,1.0000000000000000,-0.0000000437113883,0.0000000000000000,0.1781894862651825,0.0000000430118412,0.9839962124824524,2.0990633964538574,0.0000000000000000,0.0000000000000000,0.0000000000000000,1.0000000000000000
M 0.9804438352584839,-0.0000000086023615,-0.1967990994453430,-0.5095893144607544,0.0000000000000000,1.0000000000000000,-0.0000000437113883,0.0000000000000000,0.1967990994453430,0.0000000428565627,0.9804438352584839,2.3156383037567139,0.0000000000000000,0.0000000000000000,0.0000000000000000,1.0000000000000000
M 0.9763714671134949,-0.0000000094459809,-0.2160988450050354,-0.5852162837982178,0.0000000000000000,1.0000000000000000,-0.0000000437113883,0.0000000000000000,0.2160988450050354,0.0000000426785540,0.9763714671134949,2.5396990776062012,0.0000000000000000,0.0000000000000000,0.0000000000000000,1.0000000000000000
M 0.9717415571212769,-0.0000000103179527,-0.2360472381114960,-0.6683939695358276,0.0000000000000000,1.0000000000000000,-0.0000000437113883,0.0000000000000000,0.2360472381114960,0.0000000424761737,0.9717415571212769,2.7706990242004395,0.0000000000000000,0.0000000000000000,0.0000000000000000,1.0000000000000000
M 0.9665173888206482,-0.0000000112163940,-0.2566011846065521,-0.7594975233078003,0.0000000000000000,1.0000000000000000,-0.0000000437113883,0.0000000000000000,0.2566011846065521,0.0000000422478159,0.9665173888206482,3.0080728530883789,0.0000000000000000,0.0000000000000000,0.0000000000000000,1.0000000000000000
M 0.9606632590293884,-0.0000000121393420,-0.2777157723903656,-0.8588911294937134,0.0000000000000000,1.0000000000000000,-0.0000000437113883,0.0000000000000000,0.2777157723903656,0.0000000419919246,0.9606632590293884,3.2512359619140625,0.0000000000000000,0.0000000000000000,0.0000000000000000,1.0000000000000000
M 0.9541450738906860,-0.0000000130847670,-0.2993445694446564,-0.9669138193130493,0.0000000000000000,1.0000000000000000,-0.0000000437113883,0.0000000000000000,0.2993445694446564,0.0000000417070041,0.9541450738906860,3.4995875358581543,0.0000000000000000,0.0000000000000000,0.0000000000000000,1.0000000000000000
M 0.9469301104545593,-0.0000000140505643,-0.3214394450187683,-1.0838879346847534,0.0000000000000000,1.0000000000000000,-0.0000000437113883,0.0000000000000000,0.3214394450187683,0.0000000413916297,0.9469301104545593,3.7525088787078857,0.0000000000000000,0.0000000000000000,0.0000000000000000,1.0000000000000000
M 0.9389876723289490,-0.0000000150345691,-0.3439508378505707,-1.2101089954376221,0.0000000000000000,1.0000000000000000,-0.0000000437113883,0.0000000000000000,0.3439508378505707,0.0000000410444549,0.9389876723289490,4.0093660354614258,0.0000000000000000,0.0000000000000000,0.0000000000000000,1.0000000000000000
M 0.9302890300750732,-0.0000000160345301,-0.3668273091316223,-1.3458471298217773,0.0000000000000000,1.0000000000000000,-0.0000000437113883,0.0000000000000000,0.3668273091316223,0.0000000406642258,0.9302890300750732,4.2695064544677734,0.0000000000000000,0.0000000000000000,0.0000000000000000,1.0000000000000000
M 0.9208078980445862,-0.0000000170481602,-0.3900164365768433,-1.4913413524627686,0.0000000000000000,1.0000000000000000,-0.0000000437113883,0.0000000000000000,0.3900164365768433,0.0000000402497911,0.9208078980445862,4.5322694778442383,0.0000000000000000,0.0000000000000000,0.0000000000000000,1.0000000000000000
M 0.9105203151702881,-0.0000000180730986,-0.4134643077850342,-1.6468019485473633,0.0000000000000000,1.0000000000000000,-0.0000000437113883,0.0000000000000000,0.4134643077850342,0.0000000398001063,0.9105203151702881,4.7969789505004883,0.0000000000000000,0.0000000000000000,0.0000000000000000,1.0000000000000000
M 0.8994052410125732,-0.0000000191069400,-0.4371158182621002,-1.8124004602432251,0.0000000000000000,1.0000000000000000,-0.0000000437113883,0.0000000000000000,0.4371158182621002,0.0000000393142514,0.8994052410125732,5.0629487037658691,0.0000000000000000,0.0000000000000000,0.0000000000000000,1.0000000000000000
M 0.8874443173408508,-0.0000000201472314,-0.4609149098396301,-1.9882781505584717,0.0000000000000000,1.0000000000000000,-0.0000000437113883,0.0000000000000000,0.4609149098396301,0.0000000387914234,0.8874443173408508,5.3294868469238281,0.0000000000000000,0.0000000000000000,0.0000000000000000,1.0000000000000000
M 0.8746223449707031,-0.0000000211914912,-0.4848048090934753,-2.1745347976684570,0.0000000000000000,1.0000000000000000,-0.0000000437113883,0.0000000000000000,0.4848048090934753,0.0000000382309580,0.8746223449707031,5.5958948135375977,0.0000000000000000,0.0000000000000000,0.0000000000000000,1.0000000000000000
M 0.8609274029731750,-0.0000000222371987,-0.5087277889251709,-2.3712317943572998,0.0000000000000000,1.0000000000000000,-0.0000000437113883,0.0000000000000000,0.5087277889251709,0.0000000376323328,0.8609274029731750,5.8614692687988281,0.0000000000000000,0.0000000000000000,0.0000000000000000,1.0000000000000000
M 0.8463507890701294,-0.0000000232818156,-0.5326258540153503,-2.5783910751342773,0.0000000000000000,1.0000000000000000,-0.0000000437113883,0.0000000000000000,0.5326258540153503,0.0000000369951678,0.8463507890701294,6.1255073547363281,0.0000000000000000,0.0000000000000000,0.0000000000000000,1.0000000000000000
M 0.8308873176574707,-0.0000000243227962,-0.5564407110214233,-2.7959933280944824,0.0000000000000000,1.0000000000000000,-0.0000000437113883,0.0000000000000000,0.5564407110214233,0.0000000363192392,0.8308873176574707,6.3873071670532227,0.0000000000000000,0.0000000000000000,0.0000000000000000,1.0000000000000000
M 0.8145353198051453,-0.0000000253575880,-0.5801140069961548,-3.0239744186401367,0.0000000000000000,1.0000000000000000,-0.0000000437113883,0.0000000000000000,0.5801140069961548,0.0000000356044687,0.8145353198051453,6.6461725234985352,0.0000000000000000,0.0000000000000000,0.0000000000000000,1.0000000000000000
M 0.7972965836524963,-0.0000000263836561,-0.6035876870155334,-3.2622332572937012,0.0000000000000000,1.0000000000000000,-0.0000000437113883,0.0000000000000000,0.6035876870155334,0.0000000348509417,0.7972965836524963,6.9014139175415039,0.0000000000000000,0.0000000000000000,0.0000000000000000,1.0000000000000000
M 0.7791769504547119,-0.0000000273984746,-0.6268040537834167,-3.5106174945831299,0.0000000000000000,1.0000000000000000,-0.0000000437113883,0.0000000000000000,0.6268040537834167,0.0000000340589068,0.7791769504547119,7.1523532867431641,0.0000000000000000,0.0000000000000000,0.0000000000000000,1.0000000000000000
M 0.7601855397224426,-0.0000000283995512,-0.6497060060501099,-3.7689404487609863,0.0000000000000000,1.0000000000000000,-0.0000000437113883,0.0000000000000000,0.6497060060501099,0.0000000332287655,0.7601855397224426,7.3983230590820312,0.0000000000000000,0.0000000000000000,0.0000000000000000,1.0000000000000000
M 0.7403354644775391,-0.0000000293844398,-0.6722376346588135,-4.0369653701782227,0.0000000000000000,1.0000000000000000,-0.0000000437113883,0.0000000000000000,0.6722376346588135,0.0000000323610898,0.7403354644775391,7.6386756896972656,0.0000000000000000,0.0000000000000000,0.0000000000000000,1.0000000000000000
M 0.7196432948112488,-0.0000000303507406,-0.6943439841270447,-4.3144187927246094,0.0000000000000000,1.0000000000000000,-0.0000000437113883,0.0000000000000000,0.6943439841270447,0.0000000314566080,0.7196432948112488,7.8727807998657227,0.0000000000000000,0.0000000000000000,0.0000000000000000,1.0000000000000000
M 0.6981293559074402,-0.0000000312961141,-0.7159716486930847,-4.6009831428527832,0.0000000000000000,1.0000000000000000,-0.0000000437113883,0.0000000000000000,0.7159716486930847,0.0000000305162047,0.6981293559074402,8.1000318527221680,0.0000000000000000,0.0000000000000000,0.0000000000000000,1.0000000000000000
M 0.6758176088333130,-0.0000000322183062,-0.7370688915252686,-4.8962998390197754,0.0000000000000000,1.0000000000000000,-0.0000000437113883,0.0000000000000000,0.7370688915252686,0.0000000295409261,0.6758176088333130,8.3198451995849609,0.0000000000000000,0.0000000000000000,0.0000000000000000,1.0000000000000000
M 0.6527354717254639,-0.0000000331151320,-0.7575859427452087,-5.1999735832214355,0.0000000000000000,1.0000000000000000,-0.0000000437113883,0.0000000000000000,0.7575859427452087,0.0000000285319732,0.6527354717254639,8.5316677093505859,0.0000000000000000,0.0000000000000000,0.0000000000000000,1.0000000000000000
M 0.6289132833480835,-0.0000000339845307,-0.7774754166603088,-5.5115761756896973,0.0000000000000000,1.0000000000000000,-0.0000000437113883,0.0000000000000000,0.7774754166603088,0.0000000274906728,0.6289132833480835,8.7349758148193359,0.0000000000000000,0.0000000000000000,0.0000000000000000,1.0000000000000000
M 0.6043854355812073,-0.0000000348245131,-0.7966920137405396,-5.8306345939636230,0.0000000000000000,1.0000000000000000,-0.0000000437113883,0.0000000000000000,0.7966920137405396,0.0000000264185260,0.6043854355812073,8.9292812347412109,0.0000000000000000,0.0000000000000000,0.0000000000000000,1.0000000000000000
M 0.5791889429092407,-0.0000000356332315,-0.8151932954788208,-6.1566472053527832,0.0000000000000000,1.0000000000000000,-0.0000000437113883,0.0000000000000000,0.8151932954788208,0.0000000253171528,0.5791889429092407,9.1141300201416016,0.0000000000000000,0.0000000000000000,0.0000000000000000,1.0000000000000000
M 0.5533636212348938,-0.0000000364089559,-0.8329398036003113,-6.4890861511230469,0.0000000000000000,1.0000000000000000,-0.0000000437113883,0.0000000000000000,0.8329398036003113,0.0000000241882923,0.5533636212348938,9.2891073226928711,0.0000000000000000,0.0000000000000000,0.0000000000000000,1.0000000000000000
M 0.5269521474838257,-0.0000000371500875,-0.8498949408531189,-6.8273906707763672,0.0000000000000000,1.0000000000000000,-0.0000000437113883,0.0000000000000000,0.8498949408531189,0.0000000230338095,0.5269521474838257,9.4538373947143555,0.0000000000000000,0.0000000000000000,0.0000000000000000,1.0000000000000000
M 0.4999999701976776,-0.0000000378551732,-0.8660254478454590,-7.1709737777709961,0.0000000000000000,1.0000000000000000,-0.0000000437113883,0.0000000000000000,0.8660254478454590,0.0000000218556924,0.4999999701976776,9.6079902648925781,0.0000000000000000,0.0000000000000000,0.0000000000000000,1.0000000000000000
M 0.4725545048713684,-0.0000000385229093,-0.8813014626502991,-7.5192279815673828,0.0000000000000000,1.0000000000000000,-0.0000000437113883,0.0000000000000000,0.8813014626502991,0.0000000206560138,0.4725545048713684,9.7512750625610352,0.0000000000000000,0.0000000000000000,0.0000000000000000,1.0000000000000000
M 0.4446651339530945,-0.0000000391521553,-0.8956968784332275,-7.8715295791625977,0.0000000000000000,1.0000000000000000,-0.0000000437113883,0.0000000000000000,0.8956968784332275,0.0000000194369303,0.4446651339530945,9.8834505081176758,0.0000000000000000,0.0000000000000000,0.0000000000000000,1.0000000000000000
M 0.4163836836814880,-0.0000000397419129,-0.9091889858245850,-8.2272291183471680,0.0000000000000000,1.0000000000000000,-0.0000000437113883,0.0000000000000000,0.9091889858245850,0.0000000182007085,0.4163836836814880,10.0043210983276367,0.0000000000000000,0.0000000000000000,0.0000000000000000,1.0000000000000000
M 0.3877625465393066,-0.0000000402913791,-0.9217593073844910,-8.5856761932373047,0.0000000000000000,1.0000000000000000,-0.0000000437113883,0.0000000000000000,0.9217593073844910,0.0000000169496399,0.3877625465393066,10.1137380599975586,0.0000000000000000,0.0000000000000000,0.0000000000000000,1.0000000000000000
M 0.3588567078113556,-0.0000000407998897,-0.9333926439285278,-8.9461956024169922,0.0000000000000000,1.0000000000000000,-0.0000000437113883,0.0000000000000000,0.9333926439285278,0.0000000156861244,0.3588567078113556,10.2115983963012695,0.0000000000000000,0.0000000000000000,0.0000000000000000,1.0000000000000000
M 0.3297208845615387,-0.0000000412669792,-0.9440784454345703,-9.3081207275390625,0.0000000000000000,1.0000000000000000,-0.0000000437113883,0.0000000000000000,0.9440784454345703,0.0000000144125574,0.3297208845615387,10.2978534698486328,0.0000000000000000,0.0000000000000000,0.0000000000000000,1.0000000000000000
M 0.3004115521907806,-0.0000000416923456,-0.9538096785545349,-9.6707696914672852,0.0000000000000000,1.0000000000000000,-0.0000000437113883,0.0000000000000000,0.9538096785545349,0.0000000131314062,0.3004115521907806,10.3725004196166992,0.0000000000000000,0.0000000000000000,0.0000000000000000,1.0000000000000000
M 0.2709848880767822,-0.0000000420758646,-0.9625836014747620,-10.0334701538085938,0.0000000000000000,1.0000000000000000,-0.0000000437113883,0.0000000000000000,0.9625836014747620,0.0000000118451258,0.2709848880767822,10.4355831146240234,0.0000000000000000,0.0000000000000000,0.0000000000000000,1.0000000000000000
M 0.2414978295564651,-0.0000000424175894,-0.9704013466835022,-10.3955440521240234,0.0000000000000000,1.0000000000000000,-0.0000000437113883,0.0000000000000000,0.9704013466835022,0.0000000105562057,0.2414978295564651,10.4871969223022461,0.0000000000000000,0.0000000000000000,0.0000000000000000,1.0000000000000000
M 0.2120071798563004,-0.0000000427177440,-0.9772680997848511,-10.7563228607177734,0.0000000000000000,1.0000000000000000,-0.0000000437113883,0.0000000000000000,0.9772680997848511,0.0000000092671284,0.2120071798563004,10.5274829864501953,0.0000000000000000,0.0000000000000000,0.0000000000000000,1.0000000000000000
M 0.1825688630342484,-0.0000000429767333,-0.9831930398941040,-11.1151552200317383,0.0000000000000000,1.0000000000000000,-0.0000000437113883,0.0000000000000000,0.9831930398941040,0.0000000079803382,0.1825688630342484,10.5566301345825195,0.0000000000000000,0.0000000000000000,0.0000000000000000,1.0000000000000000
M 0.1532396972179413,-0.0000000431951150,-0.9881890416145325,-11.4713811874389648,0.0000000000000000,1.0000000000000000,-0.0000000437113883,0.0000000000000000,0.9881890416145325,0.0000000066983201,0.1532396972179413,10.5748691558837891,0.0000000000000000,0.0000000000000000,0.0000000000000000,1.0000000000000000
M 0.1240738108754158,-0.0000000433736282,-0.9922729730606079,-11.8243799209594727,0.0000000000000000,1.0000000000000000,-0.0000000437113883,0.0000000000000000,0.9922729730606079,0.0000000054234386,0.1240738108754158,10.5824785232543945,0.0000000000000000,0.0000000000000000,0.0000000000000000,1.0000000000000000
M 0.0951258242130280,-0.0000000435131682,-0.9954652786254883,-12.1735315322875977,0.0000000000000000,1.0000000000000000,-0.0000000437113883,0.0000000000000000,0.9954652786254883,0.0000000041580819,0.0951258242130280,10.5797796249389648,0.0000000000000000,0.0000000000000000,0.0000000000000000,1.0000000000000000
M 0.0664480477571487,-0.0000000436147793,-0.9977898597717285,-12.5182447433471680,0.0000000000000000,1.0000000000000000,-0.0000000437113883,0.0000000000000000,0.9977898597717285,0.0000000029045364,0.0664480477571487,10.5671272277832031,0.0000000000000000,0.0000000000000000,0.0000000000000000,1.0000000000000000
M 0.0380919352173805,-0.0000000436796661,-0.9992742538452148,-12.8579473495483398,0.0000000000000000,1.0000000000000000,-0.0000000437113883,0.0000000000000000,0.9992742538452148,0.0000000016650513,0.0380919352173805,10.5449256896972656,0.0000000000000000,0.0000000000000000,0.0000000000000000,1.0000000000000000
M 0.0101073011755943,-0.0000000437091572,-0.9999489188194275,-13.1920881271362305,0.0000000000000000,1.0000000000000000,-0.0000000437113883,0.0000000000000000,0.9999489188194275,0.0000000004418042,0.0101073011755943,10.5136051177978516,0.0000000000000000,0.0000000000000000,0.0000000000000000,1.0000000000000000
M -0.0174581911414862,-0.0000000437047269,-0.9998475909233093,-13.5201473236083984,0.0000000000000000,1.0000000000000000,-0.0000000437113883,0.0000000000000000,0.9998475909233093,-0.0000000007631218,-0.0174581911414862,10.4736347198486328,0.0000000000000000,0.0000000000000000,0.0000000000000000,1.0000000000000000
M -0.0445581153035164,-0.0000000436679741,-0.9990068078041077,-13.8416233062744141,0.0000000000000000,1.0000000000000000,-0.0000000437113883,0.0000000000000000,0.9990068078041077,-0.0000000019476971,-0.0445581153035164,10.4255142211914062,0.0000000000000000,0.0000000000000000,0.0000000000000000,1.0000000000000000
M -0.0711493119597435,-0.0000000436006076,-0.9974656701087952,-14.1560573577880859,0.0000000000000000,1.0000000000000000,-0.0000000437113883,0.0000000000000000,0.9974656701087952,-0.0000000031100351,-0.0711493119597435,10.3697719573974609,0.0000000000000000,0.0000000000000000,0.0000000000000000,1.0000000000000000
M -0.0971897095441818,-0.0000000435044534,-0.9952659010887146,-14.4630079269409180,0.0000000000000000,1.0000000000000000,-0.0000000437113883,0.0000000000000000,0.9952659010887146,-0.0000000042482973,-0.0971897095441818,10.3069620132446289,0.0000000000000000,0.0000000000000000,0.0000000000000000,1.0000000000000000
M -0.1226398795843124,-0.0000000433814229,-0.9924512505531311,-14.7620658874511719,0.0000000000000000,1.0000000000000000,-0.0000000437113883,0.0000000000000000,0.9924512505531311,-0.0000000053607594,-0.1226398795843124,10.2376604080200195,0.0000000000000000,0.0000000000000000,0.0000000000000000,1.0000000000000000
M -0.1474626958370209,-0.0000000432335199,-0.9890676140785217,-15.0528545379638672,0.0000000000000000,1.0000000000000000,-0.0000000437113883,0.0000000000000000,0.9890676140785217,-0.0000000064457990,-0.1474626958370209,10.1624660491943359,0.0000000000000000,0.0000000000000000,0.0000000000000000,1.0000000000000000
M -0.1716239899396896,-0.0000000430628226,-0.9851625561714172,-15.3350334167480469,0.0000000000000000,1.0000000000000000,-0.0000000437113883,0.0000000000000000,0.9851625561714172,-0.0000000075019226,-0.1716239899396896,10.0819950103759766,0.0000000000000000,0.0000000000000000,0.0000000000000000,1.0000000000000000
M -0.1950903236865997,-0.0000000428714841,-0.9807852506637573,-15.6082735061645508,0.0000000000000000,1.0000000000000000,-0.0000000437113883,0.0000000000000000,0.9807852506637573,-0.0000000085276692,-0.1950903236865997,9.9968776702880859,0.0000000000000000,0.0000000000000000,0.0000000000000000,1.0000000000000000
M -0.2178327441215515,-0.0000000426617071,-0.9759861230850220,-15.8723020553588867,0.0000000000000000,1.0000000000000000,-0.0000000437113883,0.0000000000000000,0.9759861230850220,-0.0000000095217718,-0.2178327441215515,9.9077568054199219,0.0000000000000000,0.0000000000000000,0.0000000000000000,1.0000000000000000
M -0.2398227304220200,-0.0000000424357438,-0.9708166718482971,-16.1268501281738281,0.0000000000000000,1.0000000000000000,-0.0000000437113883,0.0000000000000000,0.9708166718482971,-0.0000000104829843,-0.2398227304220200,9.8152856826782227,0.0000000000000000,0.0000000000000000,0.0000000000000000,1.0000000000000000
M -0.2610355019569397,-0.0000000421958788,-0.9653291702270508,-16.3716983795166016,0.0000000000000000,1.0000000000000000,-0.0000000437113883,0.0000000000000000,0.9653291702270508,-0.0000000114102239,-0.2610355019569397,9.7201185226440430,0.0000000000000000,0.0000000000000000,0.0000000000000000,1.0000000000000000
M -0.2814477980136871,-0.0000000419444213,-0.9595765471458435,-16.6066417694091797,0.0000000000000000,1.0000000000000000,-0.0000000437113883,0.0000000000000000,0.9595765471458435,-0.0000000123024737,-0.2814477980136871,9.6229219436645508,0.0000000000000000,0.0000000000000000,0.0000000000000000,1.0000000000000000
M -0.3010387718677521,-0.0000000416837018,-0.9536119103431702,-16.8315105438232422,0.0000000000000000,1.0000000000000000,-0.0000000437113883,0.0000000000000000,0.9536119103431702,-0.0000000131588225,-0.3010387718677521,9.5243558883666992,0.0000000000000000,0.0000000000000000,0.0000000000000000,1.0000000000000000
M -0.3197890520095825,-0.0000000414160510,-0.9474887847900391,-17.0461444854736328,0.0000000000000000,1.0000000000000000,-0.0000000437113883,0.0000000000000000,0.9474887847900391,-0.0000000139784238,-0.3197890520095825,9.4250850677490234,0.0000000000000000,0.0000000000000000,0.0000000000000000,1.0000000000000000
M -0.3376816511154175,-0.0000000411437995,-0.9412603974342346,-17.2504196166992188,0.0000000000000000,1.0000000000000000,-0.0000000437113883,0.0000000000000000,0.9412603974342346,-0.0000000147605341,-0.3376816511154175,9.3257665634155273,0.0000000000000000,0.0000000000000000,0.0000000000000000,1.0000000000000000
M -0.3547010421752930,-0.0000000408692635,-0.9349797964096069,-17.4442253112792969,0.0000000000000000,1.0000000000000000,-0.0000000437113883,0.0000000000000000,0.9349797964096069,-0.0000000155044741,-0.3547010421752930,9.2270545959472656,0.0000000000000000,0.0000000000000000,0.0000000000000000,1.0000000000000000
M -0.3708337247371674,-0.0000000405947347,-0.9286992549896240,-17.6274719238281250,0.0000000000000000,1.0000000000000000,-0.0000000437113883,0.0000000000000000,0.9286992549896240,-0.0000000162096576,-0.3708337247371674,9.1295900344848633,0.0000000000000000,0.0000000000000000,0.0000000000000000,1.0000000000000000
M -0.3860671520233154,-0.0000000403224760,-0.9224706888198853,-17.8000869750976562,0.0000000000000000,1.0000000000000000,-0.0000000437113883,0.0000000000000000,0.9224706888198853,-0.0000000168755303,-0.3860671520233154,9.0340099334716797,0.0000000000000000,0.0000000000000000,0.0000000000000000,1.0000000000000000
M -0.4003902077674866,-0.0000000400547009,-0.9163447618484497,-17.9620056152343750,0.0000000000000000,1.0000000000000000,-0.0000000437113883,0.0000000000000000,0.9163447618484497,-0.0000000175016126,-0.4003902077674866,8.9409303665161133,0.0000000000000000,0.0000000000000000,0.0000000000000000,1.0000000000000000
M -0.4137921631336212,-0.0000000397935978,-0.9103713631629944,-18.1131725311279297,0.0000000000000000,1.0000000000000000,-0.0000000437113883,0.0000000000000000,0.9103713631629944,-0.0000000180874302,-0.4137921631336212,8.8509635925292969,0.0000000000000000,0.0000000000000000,0.0000000000000000,1.0000000000000000
M -0.4262642860412598,-0.0000000395412627,-0.9045986533164978,-18.2535514831542969,0.0000000000000000,1.0000000000000000,-0.0000000437113883,0.0000000000000000,0.9045986533164978,-0.0000000186326030,-0.4262642860412598,8.7646932601928711,0.0000000000000000,0.0000000000000000,0.0000000000000000,1.0000000000000000
