O DOOR_4_EXTERNAL_CG_drl
A DOOR_4_EXTERNAL_CG_drl_DOOR_4_EXTERNAL_CG_drl
M 1.0000000000000000,0.0000000000000000,0.0000000000000000,0.0000000000000000,0.0000000000000000,1.0000000000000000,-0.0000000437113883,0.0000000000000000,-0.0000000000000000,0.0000000437113883,1.0000000000000000,-0.0000000000000000,0.0000000000000000,0.0000000000000000,0.0000000000000000,1.0000000000000000
M 1.0000000000000000,0.0000000000000000,0.0000000000000000,0.0000000000000000,0.0000000000000000,1.0000000000000000,-0.0000000437113883,0.0000000000000000,-0.0000000000000000,0.0000000437113883,1.0000000000000000,-0.0000000000000000,0.0000000000000000,0.0000000000000000,0.0000000000000000,1.0000000000000000
M 1.0000000000000000,0.0000000000000000,0.0000000000000000,0.0000000000000000,0.0000000000000000,1.0000000000000000,-0.0000000437113883,0.0000000000000000,-0.0000000000000000,0.0000000437113883,1.0000000000000000,-0.0000000000000000,0.0000000000000000,0.0000000000000000,0.0000000000000000,1.0000000000000000
M 1.0000000000000000,0.0000000000000000,0.0000000000000000,0.0000000000000000,0.0000000000000000,1.0000000000000000,-0.0000000437113883,0.0000000000000000,-0.0000000000000000,0.0000000437113883,1.0000000000000000,-0.0000000000000000,0.0000000000000000,0.0000000000000000,0.0000000000000000,1.0000000000000000
M 1.0000000000000000,0.0000000000000000,0.0000000000000000,0.0000000000000000,0.0000000000000000,1.0000000000000000,-0.0000000437113883,0.0000000000000000,-0.0000000000000000,0.0000000437113883,1.0000000000000000,-0.0000000000000000,0.0000000000000000,0.0000000000000000,0.0000000000000000,1.0000000000000000
M 1.0000000000000000,0.0000000000000000,0.0000000000000000,0.0000000000000000,0.0000000000000000,1.0000000000000000,-0.0000000437113883,0.0000000000000000,-0.0000000000000000,0.0000000437113883,1.0000000000000000,-0.0000000000000000,0.0000000000000000,0.0000000000000000,0.0000000000000000,1.0000000000000000
M 1.0000000000000000,0.0000000000000000,0.0000000000000000,0.0000000000000000,0.0000000000000000,1.0000000000000000,-0.0000000437113883,0.0000000000000000,-0.0000000000000000,0.0000000437113883,1.0000000000000000,-0.0000000000000000,0.0000000000000000,0.0000000000000000,0.0000000000000000,1.0000000000000000
M 1.0000000000000000,0.0000000000000000,0.0000000000000000,0.0000000000000000,0.0000000000000000,1.0000000000000000,-0.0000000437113883,0.0000000000000000,-0.0000000000000000,0.0000000437113883,1.0000000000000000,-0.0000000000000000,0.0000000000000000,0.0000000000000000,0.0000000000000000,1.0000000000000000
M 1.0000000000000000,0.0000000000000000,0.0000000000000000,0.0000000000000000,0.0000000000000000,1.0000000000000000,-0.0000000437113883,0.0000000000000000,-0.0000000000000000,0.0000000437113883,1.0000000000000000,-0.0000000000000000,0.0000000000000000,0.0000000000000000,0.0000000000000000,1.0000000000000000
M 1.0000000000000000,0.0000000000000000,0.0000000000000000,0.0000000000000000,0.0000000000000000,1.0000000000000000,-0.0000000437113883,0.0000000000000000,-0.0000000000000000,0.0000000437113883,1.0000000000000000,-0.0000000000000000,0.0000000000000000,0.0000000000000000,0.0000000000000000,1.0000000000000000
M 1.0000000000000000,0.0000000000000000,0.0000000000000000,0.0000000000000000,0.0000000000000000,1.0000000000000000,-0.0000000437113883,0.0000000000000000,-0.0000000000000000,0.0000000437113883,1.0000000000000000,-0.0000000000000000,0.0000000000000000,0.0000000000000000,0.0000000000000000,1.0000000000000000
M 1.0000000000000000,0.0000000000000000,0.0000000000000000,0.0000000000000000,0.0000000000000000,1.0000000000000000,-0.0000000437113883,0.0000000000000000,-0.0000000000000000,0.0000000437113883,1.0000000000000000,-0.0000000000000000,0.0000000000000000,0.0000000000000000,0.0000000000000000,1.0000000000000000
M 1.0000000000000000,0.0000000000000000,0.0000000000000000,0.0000000000000000,0.0000000000000000,1.0000000000000000,-0.0000000437113883,0.0000000000000000,-0.0000000000000000,0.0000000437113883,1.0000000000000000,-0.0000000000000000,0.0000000000000000,0.0000000000000000,0.0000000000000000,1.0000000000000000
M 1.0000000000000000,0.0000000000000000,0.0000000000000000,0.0000000000000000,0.0000000000000000,1.0000000000000000,-0.0000000437113883,0.0000000000000000,-0.0000000000000000,0.0000000437113883,1.0000000000000000,-0.0000000000000000,0.0000000000000000,0.0000000000000000,0.0000000000000000,1.0000000000000000
M 1.0000000000000000,0.0000000000000000,0.0000000000000000,0.0000000000000000,0.0000000000000000,1.0000000000000000,-0.0000000437113883,0.0000000000000000,-0.0000000000000000,0.0000000437113883,1.0000000000000000,-0.0000000000000000,0.0000000000000000,0.0000000000000000,0.0000000000000000,1.0000000000000000
M 1.0000000000000000,0.0000000000000000,0.0000000000000000,0.0000000000000000,0.0000000000000000,1.0000000000000000,-0.0000000437113883,0.0000000000000000,-0.0000000000000000,0.0000000437113883,1.0000000000000000,-0.0000000000000000,0.0000000000000000,0.0000000000000000,0.0000000000000000,1.0000000000000000
M 1.0000000000000000,0.0000000000000000,0.0000000000000000,0.0000000000000000,0.0000000000000000,1.0000000000000000,-0.0000000437113883,0.0000000000000000,-0.0000000000000000,0.0000000437113883,1.0000000000000000,-0.0000000000000000,0.0000000000000000,0.0000000000000000,0.0000000000000000,1.0000000000000000
M 1.0000000000000000,0.0000000000000000,0.0000000000000000,0.0000000000000000,0.0000000000000000,1.0000000000000000,-0.0000000437113883,0.0000000000000000,-0.0000000000000000,0.0000000437113883,1.0000000000000000,-0.0000000000000000,0.0000000000000000,0.0000000000000000,0.0000000000000000,1.0000000000000000
M 1.0000000000000000,0.0000000000000000,0.0000000000000000,0.0000000000000000,0.0000000000000000,1.0000000000000000,-0.0000000437113883,0.0000000000000000,-0.0000000000000000,0.0000000437113883,1.0000000000000000,-0.0000000000000000,0.0000000000000000,0.0000000000000000,0.0000000000000000,1.0000000000000000
M 1.0000000000000000,0.0000000000000000,0.0000000000000000,0.0000000000000000,0.0000000000000000,1.0000000000000000,-0.0000000437113883,0.0000000000000000,-0.0000000000000000,0.0000000437113883,1.0000000000000000,-0.0000000000000000,0.0000000000000000,0.0000000000000000,0.0000000000000000,1.0000000000000000
M 1.0000000000000000,0.0000000000000000,0.0000000000000000,0.0000000000000000,0.0000000000000000,1.0000000000000000,-0.0000000437113883,0.0000000000000000,-0.0000000000000000,0.0000000437113883,1.0000000000000000,-0.0000000000000000,0.0000000000000000,0.0000000000000000,0.0000000000000000,1.0000000000000000
M 1.0000000000000000,0.0000000000000000,0.0000000000000000,0.0000000000000000,0.0000000000000000,1.0000000000000000,-0.0000000437113883,0.0000000000000000,-0.0000000000000000,0.0000000437113883,1.0000000000000000,-0.0000000000000000,0.0000000000000000,0.0000000000000000,0.0000000000000000,1.0000000000000000
M 1.0000000000000000,0.0000000000000000,0.0000000000000000,0.0000000000000000,0.0000000000000000,1.0000000000000000,-0.0000000437113883,0.0000000000000000,-0.0000000000000000,0.0000000437113883,1.0000000000000000,-0.0000000000000000,0.0000000000000000,0.0000000000000000,0.0000000000000000,1.0000000000000000
M 1.0000000000000000,0.0000000000000000,0.0000000000000000,0.0000000000000000,0.0000000000000000,1.0000000000000000,-0.0000000437113883,0.0000000000000000,-0.0000000000000000,0.0000000437113883,1.0000000000000000,-0.0000000000000000,0.0000000000000000,0.0000000000000000,0.0000000000000000,1.0000000000000000
M 1.0000000000000000,0.0000000000000000,0.0000000000000000,0.0000000000000000,0.0000000000000000,1.0000000000000000,-0.0000000437113883,0.0000000000000000,-0.0000000000000000,0.0000000437113883,1.0000000000000000,-0.0000000000000000,0.0000000000000000,0.0000000000000000,0.0000000000000000,1.0000000000000000
M 1.0000000000000000,0.0000000000000000,0.0000000000000000,0.0000000000000000,0.0000000000000000,1.0000000000000000,-0.0000000437113883,0.0000000000000000,-0.0000000000000000,0.0000000437113883,1.0000000000000000,-0.0000000000000000,0.0000000000000000,0.0000000000000000,0.0000000000000000,1.0000000000000000
M 1.0000000000000000,0.0000000000000000,0.0000000000000000,0.0000000000000000,0.0000000000000000,1.0000000000000000,-0.0000000437113883,0.0000000000000000,-0.0000000000000000,0.0000000437113883,1.0000000000000000,-0.0000000000000000,0.0000000000000000,0.0000000000000000,0.0000000000000000,1.0000000000000000
M 1.0000000000000000,0.0000000000000000,0.0000000000000000,0.0000000000000000,0.0000000000000000,1.0000000000000000,-0.0000000437113883,0.0000000000000000,-0.0000000000000000,0.0000000437113883,1.0000000000000000,-0.0000000000000000,0.0000000000000000,0.0000000000000000,0.0000000000000000,1.0000000000000000
M 1.0000000000000000,0.0000000000000000,0.0000000000000000,0.0000000000000000,0.0000000000000000,1.0000000000000000,-0.0000000437113883,0.0000000000000000,-0.0000000000000000,0.0000000437113883,1.0000000000000000,-0.0000000000000000,0.0000000000000000,0.0000000000000000,0.0000000000000000,1.0000000000000000
M 1.0000000000000000,0.0000000000000000,0.0000000000000000,0.0000000000000000,0.0000000000000000,1.0000000000000000,-0.0000000437113883,0.0000000000000000,-0.0000000000000000,0.0000000437113883,1.0000000000000000,-0.0000000000000000,0.0000000000000000,0.0000000000000000,0.0000000000000000,1.0000000000000000
M 1.0000000000000000,0.0000000000000000,0.0000000000000000,0.0000000000000000,0.0000000000000000,1.0000000000000000,-0.0000000437113883,0.0000000000000000,-0.0000000000000000,0.0000000437113883,1.0000000000000000,-0.0000000000000000,0.0000000000000000,0.0000000000000000,0.0000000000000000,1.0000000000000000
M 1.0000000000000000,0.0000000000000000,0.0000000000000000,0.0000000000000000,0.0000000000000000,1.0000000000000000,-0.0000000437113883,0.0000000000000000,-0.0000000000000000,0.0000000437113883,1.0000000000000000,-0.0000000000000000,0.0000000000000000,0.0000000000000000,0.0000000000000000,1.0000000000000000
M 1.0000000000000000,0.0000000000000000,0.0000000000000000,0.0000000000000000,0.0000000000000000,1.0000000000000000,-0.0000000437113883,0.0000000000000000,-0.0000000000000000,0.0000000437113883,1.0000000000000000,-0.0000000000000000,0.0000000000000000,0.0000000000000000,0.0000000000000000,1.0000000000000000
M 1.0000000000000000,0.0000000000000000,0.0000000000000000,0.0000000000000000,0.0000000000000000,1.0000000000000000,-0.0000000437113883,0.0000000000000000,-0.0000000000000000,0.0000000437113883,1.0000000000000000,-0.0000000000000000,0.0000000000000000,0.0000000000000000,0.0000000000000000,1.0000000000000000
M 1.0000000000000000,0.0000000000000000,0.0000000000000000,0.0000000000000000,0.0000000000000000,1.0000000000000000,-0.0000000437113883,0.0000000000000000,-0.0000000000000000,0.0000000437113883,1.0000000000000000,-0.0000000000000000,0.0000000000000000,0.0000000000000000,0.0000000000000000,1.0000000000000000
M 1.0000000000000000,0.0000000000000000,0.0000000000000000,0.0000000000000000,0.0000000000000000,1.0000000000000000,-0.0000000437113883,0.0000000000000000,-0.0000000000000000,0.0000000437113883,1.0000000000000000,-0.0000000000000000,0.0000000000000000,0.0000000000000000,0.0000000000000000,1.0000000000000000
M 1.0000000000000000,0.0000000000000000,0.0000000000000000,0.0000000000000000,0.0000000000000000,1.0000000000000000,-0.0000000437113883,0.0000000000000000,-0.0000000000000000,0.0000000437113883,1.0000000000000000,-0.0000000000000000,0.0000000000000000,0.0000000000000000,0.0000000000000000,1.0000000000000000
M 1.0000000000000000,0.0000000000000000,0.0000000000000000,0.0000000000000000,0.0000000000000000,1.0000000000000000,-0.0000000437113883,0.0000000000000000,-0.0000000000000000,0.0000000437113883,1.0000000000000000,-0.0000000000000000,0.0000000000000000,0.0000000000000000,0.0000000000000000,1.0000000000000000
M 1.0000000000000000,0.0000000000000000,0.0000000000000000,0.0000000000000000,0.0000000000000000,1.0000000000000000,-0.0000000437113883,0.0000000000000000,-0.0000000000000000,0.0000000437113883,1.0000000000000000,-0.0000000000000000,0.0000000000000000,0.0000000000000000,0.0000000000000000,1.0000000000000000
M 1.0000000000000000,0.0000000000000000,0.0000000000000000,0.0000000000000000,0.0000000000000000,1.0000000000000000,-0.0000000437113883,0.0000000000000000,-0.0000000000000000,0.0000000437113883,1.0000000000000000,-0.0000000000000000,0.0000000000000000,0.0000000000000000,0.0000000000000000,1.0000000000000000
M 1.0000000000000000,0.0000000000000000,0.0000000000000000,0.0000000000000000,0.0000000000000000,1.0000000000000000,-0.0000000437113883,0.0000000000000000,-0.0000000000000000,0.0000000437113883,1.0000000000000000,-0.0000000000000000,0.0000000000000000,0.0000000000000000,0.0000000000000000,1.0000000000000000
M 1.0000000000000000,0.0000000000000000,0.0000000000000000,0.0000000000000000,0.0000000000000000,1.0000000000000000,-0.0000000437113883,0.0000000000000000,-0.0000000000000000,0.0000000437113883,1.0000000000000000,-0.0000000000000000,0.0000000000000000,0.0000000000000000,0.0000000000000000,1.0000000000000000
M 1.0000000000000000,0.0000000000000000,0.0000000000000000,0.0000000000000000,0.0000000000000000,1.0000000000000000,-0.0000000437113883,0.0000000000000000,-0.0000000000000000,0.0000000437113883,1.0000000000000000,-0.0000000000000000,0.0000000000000000,0.0000000000000000,0.0000000000000000,1.0000000000000000
M 1.0000000000000000,0.0000000000000000,0.0000000000000000,0.0000000000000000,0.0000000000000000,1.0000000000000000,-0.0000000437113883,0.0000000000000000,-0.0000000000000000,0.0000000437113883,1.0000000000000000,-0.0000000000000000,0.0000000000000000,0.0000000000000000,0.0000000000000000,1.0000000000000000
M 1.0000000000000000,0.0000000000000000,0.0000000000000000,0.0000000000000000,0.0000000000000000,1.0000000000000000,-0.0000000437113883,0.0000000000000000,-0.0000000000000000,0.0000000437113883,1.0000000000000000,-0.0000000000000000,0.0000000000000000,0.0000000000000000,0.0000000000000000,1.0000000000000000
M 1.0000000000000000,0.0000000000000000,0.0000000000000000,0.0000000000000000,0.0000000000000000,1.0000000000000000,-0.0000000437113883,0.0000000000000000,-0.0000000000000000,0.0000000437113883,1.0000000000000000,-0.0000000000000000,0.0000000000000000,0.0000000000000000,0.0000000000000000,1.0000000000000000
M 1.0000000000000000,0.0000000000000000,0.0000000000000000,0.0000000000000000,0.0000000000000000,1.0000000000000000,-0.0000000437113883,0.0000000000000000,-0.0000000000000000,0.0000000437113883,1.0000000000000000,-0.0000000000000000,0.0000000000000000,0.0000000000000000,0.0000000000000000,1.0000000000000000
M 1.0000000000000000,0.0000000000000000,0.0000000000000000,0.0000000000000000,0.0000000000000000,1.0000000000000000,-0.0000000437113883,0.0000000000000000,-0.0000000000000000,0.0000000437113883,1.0000000000000000,-0.0000000000000000,0.0000000000000000,0.0000000000000000,0.0000000000000000,1.0000000000000000
M 1.0000000000000000,0.0000000000000000,0.0000000000000000,0.0000000000000000,0.0000000000000000,1.0000000000000000,-0.0000000437113883,0.0000000000000000,-0.0000000000000000,0.0000000437113883,1.0000000000000000,-0.0000000000000000,0.0000000000000000,0.0000000000000000,0.0000000000000000,1.0000000000000000
M 1.0000000000000000,0.0000000000000000,0.0000000000000000,0.0000000000000000,0.0000000000000000,1.0000000000000000,-0.0000000437113883,0.0000000000000000,-0.0000000000000000,0.0000000437113883,1.0000000000000000,-0.0000000000000000,0.0000000000000000,0.0000000000000000,0.0000000000000000,1.0000000000000000
M 1.0000000000000000,0.0000000000000000,0.0000000000000000,0.0000000000000000,0.0000000000000000,1.0000000000000000,-0.0000000437113883,0.0000000000000000,-0.0000000000000000,0.0000000437113883,1.0000000000000000,-0.0000000000000000,0.0000000000000000,0.0000000000000000,0.0000000000000000,1.0000000000000000
M 1.0000000000000000,0.0000000000000000,0.0000000000000000,0.0000000000000000,0.0000000000000000,1.0000000000000000,-0.0000000437113883,0.0000000000000000,-0.0000000000000000,0.0000000437113883,1.0000000000000000,-0.0000000000000000,0.0000000000000000,0.0000000000000000,0.0000000000000000,1.0000000000000000
M 1.0000000000000000,0.0000000000000000,0.0000000000000000,0.0000000000000000,0.0000000000000000,1.0000000000000000,-0.0000000437113883,0.0000000000000000,-0.0000000000000000,0.0000000437113883,1.0000000000000000,-0.0000000000000000,0.0000000000000000,0.0000000000000000,0.0000000000000000,1.0000000000000000
M 1.0000000000000000,0.0000000000000000,0.0000000000000000,0.0000000000000000,0.0000000000000000,1.0000000000000000,-0.0000000437113883,0.0000000000000000,-0.0000000000000000,0.0000000437113883,1.0000000000000000,-0.0000000000000000,0.0000000000000000,0.0000000000000000,0.0000000000000000,1.0000000000000000
M 1.0000000000000000,0.0000000000000000,0.0000000000000000,0.0000000000000000,0.0000000000000000,1.0000000000000000,-0.0000000437113883,0.0000000000000000,-0.0000000000000000,0.0000000437113883,1.0000000000000000,-0.0000000000000000,0.0000000000000000,0.0000000000000000,0.0000000000000000,1.0000000000000000
M 1.0000000000000000,0.0000000000000000,0.0000000000000000,0.0000000000000000,0.0000000000000000,1.0000000000000000,-0.0000000437113883,0.0000000000000000,-0.0000000000000000,0.0000000437113883,1.0000000000000000,-0.0000000000000000,0.0000000000000000,0.0000000000000000,0.0000000000000000,1.0000000000000000
M 1.0000000000000000,0.0000000000000000,0.0000000000000000,0.0000000000000000,0.0000000000000000,1.0000000000000000,-0.0000000437113883,0.0000000000000000,-0.0000000000000000,0.0000000437113883,1.0000000000000000,-0.0000000000000000,0.0000000000000000,0.0000000000000000,0.0000000000000000,1.0000000000000000
M 1.0000000000000000,0.0000000000000000,0.0000000000000000,0.0000000000000000,0.0000000000000000,1.0000000000000000,-0.0000000437113883,0.0000000000000000,-0.0000000000000000,0.0000000437113883,1.0000000000000000,-0.0000000000000000,0.0000000000000000,0.0000000000000000,0.0000000000000000,1.0000000000000000
M 1.0000000000000000,0.0000000000000000,0.0000000000000000,0.0000000000000000,0.0000000000000000,1.0000000000000000,-0.0000000437113883,0.0000000000000000,-0.0000000000000000,0.0000000437113883,1.0000000000000000,-0.0000000000000000,0.0000000000000000,0.0000000000000000,0.0000000000000000,1.0000000000000000
M 1.0000000000000000,0.0000000000000000,0.0000000000000000,0.0000000000000000,0.0000000000000000,1.0000000000000000,-0.0000000437113883,0.0000000000000000,-0.0000000000000000,0.0000000437113883,1.0000000000000000,-0.0000000000000000,0.0000000000000000,0.0000000000000000,0.0000000000000000,1.0000000000000000
M 1.0000000000000000,0.0000000000032697,0.0000748015881982,-0.0000947925800574,0.0000000000000000,1.0000000000000000,-0.0000000437113883,0.0000000000000000,-0.0000748015881982,0.0000000437113883,1.0000000000000000,0.0009099806775339,0.0000000000000000,0.0000000000000000,0.0000000000000000,1.0000000000000000
M 0.9999999403953552,0.0000000000131241,0.0003002449229825,-0.0003786585584749,0.0000000000000000,1.0000000000000000,-0.0000000437113883,0.0000000000000000,-0.0003002449229825,0.0000000437113847,0.9999999403953552,0.0036525041796267,0.0000000000000000,0.0000000000000000,0.0000000000000000,1.0000000000000000
M 0.9999997615814209,0.0000000000296314,0.0006778878741898,-0.0008546449826099,0.0000000000000000,1.0000000000000000,-0.0000000437113883,0.0000000000000000,-0.0006778878741898,0.0000000437113776,0.9999997615814209,0.0082465615123510,0.0000000000000000,0.0000000000000000,0.0000000000000000,1.0000000000000000
M 0.9999992847442627,0.0000000000528597,0.0012092879042029,-0.0015210299752653,0.0000000000000000,1.0000000000000000,-0.0000000437113883,0.0000000000000000,-0.0012092879042029,0.0000000437113563,0.9999992847442627,0.0147116174921393,0.0000000000000000,0.0000000000000000,0.0000000000000000,1.0000000000000000
M 0.9999982118606567,0.0000000000828769,0.0018960027955472,-0.0023760921321809,0.0000000000000000,1.0000000000000000,-0.0000000437113883,0.0000000000000000,-0.0018960027955472,0.0000000437113101,0.9999982118606567,0.0230666603893042,0.0000000000000000,0.0000000000000000,0.0000000000000000,1.0000000000000000
M 0.9999962449073792,0.0000000001197513,0.0027395896613598,-0.0034181091468781,0.0000000000000000,1.0000000000000000,-0.0000000437113883,0.0000000000000000,-0.0027395896613598,0.0000000437112249,0.9999962449073792,0.0333312712609768,0.0000000000000000,0.0000000000000000,0.0000000000000000,1.0000000000000000
M 0.9999930262565613,0.0000000001635507,0.0037416042760015,-0.0046472642570734,0.0000000000000000,1.0000000000000000,-0.0000000437113883,0.0000000000000000,-0.0037416042760015,0.0000000437110828,0.9999930262565613,0.0455248877406120,0.0000000000000000,0.0000000000000000,0.0000000000000000,1.0000000000000000
M 0.9999879598617554,0.0000000002143433,0.0049036019481719,-0.0060542030259967,0.0000000000000000,1.0000000000000000,-0.0000000437113883,0.0000000000000000,-0.0049036019481719,0.0000000437108625,0.9999879598617554,0.0596670731902122,0.0000000000000000,0.0000000000000000,0.0000000000000000,1.0000000000000000
M 0.9999806284904480,0.0000000002721968,0.0062271375209093,-0.0076372008770704,0.0000000000000000,1.0000000000000000,-0.0000000437113883,0.0000000000000000,-0.0062271375209093,0.0000000437105427,0.9999806284904480,0.0757772549986839,0.0000000000000000,0.0000000000000000,0.0000000000000000,1.0000000000000000
M 0.9999702572822571,0.0000000003371792,0.0077137607149780,-0.0093907099217176,0.0000000000000000,1.0000000000000000,-0.0000000437113883,0.0000000000000000,-0.0077137607149780,0.0000000437100880,0.9999702572822571,0.0938755124807358,0.0000000000000000,0.0000000000000000,0.0000000000000000,1.0000000000000000
M 0.9999561309814453,0.0000000004093581,0.0093650221824646,-0.0113044166937470,0.0000000000000000,1.0000000000000000,-0.0000000437113883,0.0000000000000000,-0.0093650221824646,0.0000000437094698,0.9999561309814453,0.1139815822243690,0.0000000000000000,0.0000000000000000,0.0000000000000000,1.0000000000000000
M 0.9999374747276306,0.0000000004888013,0.0111824711784720,-0.0133737269788980,0.0000000000000000,1.0000000000000000,-0.0000000437113883,0.0000000000000000,-0.0111824711784720,0.0000000437086562,0.9999374747276306,0.1361154317855835,0.0000000000000000,0.0000000000000000,0.0000000000000000,1.0000000000000000
M 0.9999132752418518,0.0000000005755760,0.0131676439195871,-0.0155854467302561,0.0000000000000000,1.0000000000000000,-0.0000000437113883,0.0000000000000000,-0.0131676439195871,0.0000000437075975,0.9999132752418518,0.1602969765663147,0.0000000000000000,0.0000000000000000,0.0000000000000000,1.0000000000000000
M 0.9998826384544373,0.0000000006697495,0.0153220817446709,-0.0179330632090569,0.0000000000000000,1.0000000000000000,-0.0000000437113883,0.0000000000000000,-0.0153220817446709,0.0000000437062582,0.9998826384544373,0.1865461766719818,0.0000000000000000,0.0000000000000000,0.0000000000000000,1.0000000000000000
M 0.9998442530632019,0.0000000007713887,0.0176473166793585,-0.0204014685004950,0.0000000000000000,1.0000000000000000,-0.0000000437113883,0.0000000000000000,-0.0176473166793585,0.0000000437045813,0.9998442530632019,0.2148835211992264,0.0000000000000000,0.0000000000000000,0.0000000000000000,1.0000000000000000
M 0.9997970461845398,0.0000000008805602,0.0201448705047369,-0.0229774508625269,0.0000000000000000,1.0000000000000000,-0.0000000437113883,0.0000000000000000,-0.0201448705047369,0.0000000437025172,0.9997970461845398,0.2453288435935974,0.0000000000000000,0.0000000000000000,0.0000000000000000,1.0000000000000000
M 0.9997396469116211,0.0000000009973307,0.0228162668645382,-0.0256487503647804,0.0000000000000000,1.0000000000000000,-0.0000000437113883,0.0000000000000000,-0.0228162668645382,0.0000000437000089,0.9997396469116211,0.2779026329517365,0.0000000000000000,0.0000000000000000,0.0000000000000000,1.0000000000000000
M 0.9996706247329712,0.0000000011217658,0.0256630089133978,-0.0283973626792431,0.0000000000000000,1.0000000000000000,-0.0000000437113883,0.0000000000000000,-0.0256630089133978,0.0000000436969891,0.9996706247329712,0.3126249909400940,0.0000000000000000,0.0000000000000000,0.0000000000000000,1.0000000000000000
M 0.9995884299278259,0.0000000012539310,0.0286865960806608,-0.0312071777880192,0.0000000000000000,1.0000000000000000,-0.0000000437113883,0.0000000000000000,-0.0286865960806608,0.0000000436933973,0.9995884299278259,0.3495162129402161,0.0000000000000000,0.0000000000000000,0.0000000000000000,1.0000000000000000
M 0.9994914531707764,0.0000000013938912,0.0318885147571564,-0.0340601727366447,0.0000000000000000,1.0000000000000000,-0.0000000437113883,0.0000000000000000,-0.0318885147571564,0.0000000436891590,0.9994914531707764,0.3885965645313263,0.0000000000000000,0.0000000000000000,0.0000000000000000,1.0000000000000000
M 0.9993777871131897,0.0000000015417109,0.0352702327072620,-0.0369344726204872,0.0000000000000000,1.0000000000000000,-0.0000000437113883,0.0000000000000000,-0.0352702327072620,0.0000000436841923,0.9993777871131897,0.4298866391181946,0.0000000000000000,0.0000000000000000,0.0000000000000000,1.0000000000000000
M 0.9992457032203674,0.0000000016974534,0.0388332083821297,-0.0398120097815990,0.0000000000000000,1.0000000000000000,-0.0000000437113883,0.0000000000000000,-0.0388332083821297,0.0000000436784156,0.9992457032203674,0.4734062552452087,0.0000000000000000,0.0000000000000000,0.0000000000000000,1.0000000000000000
M 0.9990931153297424,0.0000000018611824,0.0425788909196854,-0.0426661260426044,0.0000000000000000,1.0000000000000000,-0.0000000437113883,0.0000000000000000,-0.0425788909196854,0.0000000436717471,0.9990931153297424,0.5191758275032043,0.0000000000000000,0.0000000000000000,0.0000000000000000,1.0000000000000000
M 0.9989178776741028,0.0000000020329591,0.0465086847543716,-0.0454729534685612,0.0000000000000000,1.0000000000000000,-0.0000000437113883,0.0000000000000000,-0.0465086847543716,0.0000000436640875,0.9989178776741028,0.5672153234481812,0.0000000000000000,0.0000000000000000,0.0000000000000000,1.0000000000000000
M 0.9987177848815918,0.0000000022128448,0.0506239868700504,-0.0482095777988434,0.0000000000000000,1.0000000000000000,-0.0000000437113883,0.0000000000000000,-0.0506239868700504,0.0000000436553407,0.9987177848815918,0.6175447702407837,0.0000000000000000,0.0000000000000000,0.0000000000000000,1.0000000000000000
M 0.9984903931617737,0.0000000024008997,0.0549261830747128,-0.0508444830775261,0.0000000000000000,1.0000000000000000,-0.0000000437113883,0.0000000000000000,-0.0549261830747128,0.0000000436454002,0.9984903931617737,0.6701842546463013,0.0000000000000000,0.0000000000000000,0.0000000000000000,1.0000000000000000
M 0.9982332587242126,0.0000000025971825,0.0594166107475758,-0.0533489435911179,0.0000000000000000,1.0000000000000000,-0.0000000437113883,0.0000000000000000,-0.0594166107475758,0.0000000436341629,0.9982332587242126,0.7251530289649963,0.0000000000000000,0.0000000000000000,0.0000000000000000,1.0000000000000000
M 0.9979436993598938,0.0000000028017511,0.0640965923666954,-0.0556951835751534,0.0000000000000000,1.0000000000000000,-0.0000000437113883,0.0000000000000000,-0.0640965923666954,0.0000000436215046,0.9979436993598938,0.7824711799621582,0.0000000000000000,0.0000000000000000,0.0000000000000000,1.0000000000000000
M 0.9976189136505127,0.0000000030146616,0.0689674168825150,-0.0578467696905136,0.0000000000000000,1.0000000000000000,-0.0000000437113883,0.0000000000000000,-0.0689674168825150,0.0000000436073080,0.9976189136505127,0.8421578407287598,0.0000000000000000,0.0000000000000000,0.0000000000000000,1.0000000000000000
M 0.9972559809684753,0.0000000032359684,0.0740303248167038,-0.0597691461443901,0.0000000000000000,1.0000000000000000,-0.0000000437113883,0.0000000000000000,-0.0740303248167038,0.0000000435914451,0.9972559809684753,0.9042319059371948,0.0000000000000000,0.0000000000000000,0.0000000000000000,1.0000000000000000
M 0.9968518614768982,0.0000000034657239,0.0792865231633186,-0.0614295974373817,0.0000000000000000,1.0000000000000000,-0.0000000437113883,0.0000000000000000,-0.0792865231633186,0.0000000435737775,0.9968518614768982,0.9687122106552124,0.0000000000000000,0.0000000000000000,0.0000000000000000,1.0000000000000000
M 0.9964033365249634,0.0000000037039802,0.0847371891140938,-0.0627858340740204,0.0000000000000000,1.0000000000000000,-0.0000000437113883,0.0000000000000000,-0.0847371891140938,0.0000000435541736,0.9964033365249634,1.0356173515319824,0.0000000000000000,0.0000000000000000,0.0000000000000000,1.0000000000000000
M 0.9959070682525635,0.0000000039507855,0.0903834402561188,-0.0638012140989304,0.0000000000000000,1.0000000000000000,-0.0000000437113883,0.0000000000000000,-0.0903834402561188,0.0000000435324807,0.9959070682525635,1.1049652099609375,0.0000000000000000,0.0000000000000000,0.0000000000000000,1.0000000000000000
M 0.9953594803810120,0.0000000042061878,0.0962263569235802,-0.0644304603338242,0.0000000000000000,1.0000000000000000,-0.0000000437113883,0.0000000000000000,-0.0962263569235802,0.0000000435085461,0.9953594803810120,1.1767739057540894,0.0000000000000000,0.0000000000000000,0.0000000000000000,1.0000000000000000
M 0.9947569966316223,0.0000000044702309,0.1022669598460197,-0.0646320283412933,0.0000000000000000,1.0000000000000000,-0.0000000437113883,0.0000000000000000,-0.1022669598460197,0.0000000434822098,0.9947569966316223,1.2510602474212646,0.0000000000000000,0.0000000000000000,0.0000000000000000,1.0000000000000000
M 0.9940957427024841,0.0000000047429567,0.1085062026977539,-0.0643595010042191,0.0000000000000000,1.0000000000000000,-0.0000000437113883,0.0000000000000000,-0.1085062026977539,0.0000000434533050,0.9940957427024841,1.3278410434722900,0.0000000000000000,0.0000000000000000,0.0000000000000000,1.0000000000000000
M 0.9933718442916870,0.0000000050244044,0.1149449795484543,-0.0635654628276825,0.0000000000000000,1.0000000000000000,-0.0000000437113883,0.0000000000000000,-0.1149449795484543,0.0000000434216609,0.9933718442916870,1.4071322679519653,0.0000000000000000,0.0000000000000000,0.0000000000000000,1.0000000000000000
M 0.9925811290740967,0.0000000053146101,0.1215841099619865,-0.0622004568576813,0.0000000000000000,1.0000000000000000,-0.0000000437113883,0.0000000000000000,-0.1215841099619865,0.0000000433871001,0.9925811290740967,1.4889494180679321,0.0000000000000000,0.0000000000000000,0.0000000000000000,1.0000000000000000
M 0.9917193055152893,0.0000000056136082,0.1284243911504745,-0.0602102577686310,0.0000000000000000,1.0000000000000000,-0.0000000437113883,0.0000000000000000,-0.1284243911504745,0.0000000433494272,0.9917193055152893,1.5733078718185425,0.0000000000000000,0.0000000000000000,0.0000000000000000,1.0000000000000000
M 0.9907819628715515,0.0000000059214269,0.1354664564132690,-0.0575432479381561,0.0000000000000000,1.0000000000000000,-0.0000000437113883,0.0000000000000000,-0.1354664564132690,0.0000000433084537,0.9907819628715515,1.6602208614349365,0.0000000000000000,0.0000000000000000,0.0000000000000000,1.0000000000000000
M 0.9897643923759460,0.0000000062380932,0.1427109390497208,-0.0541402101516724,0.0000000000000000,1.0000000000000000,-0.0000000437113883,0.0000000000000000,-0.1427109390497208,0.0000000432639773,0.9897643923759460,1.7497024536132812,0.0000000000000000,0.0000000000000000,0.0000000000000000,1.0000000000000000
M 0.9886619448661804,0.0000000065636279,0.1501583009958267,-0.0499464273452759,0.0000000000000000,1.0000000000000000,-0.0000000437113883,0.0000000000000000,-0.1501583009958267,0.0000000432157847,0.9886619448661804,1.8417643308639526,0.0000000000000000,0.0000000000000000,0.0000000000000000,1.0000000000000000
M 0.9874696731567383,0.0000000068980506,0.1578090041875839,-0.0448996126651764,0.0000000000000000,1.0000000000000000,-0.0000000437113883,0.0000000000000000,-0.1578090041875839,0.0000000431636700,0.9874696731567383,1.9364184141159058,0.0000000000000000,0.0000000000000000,0.0000000000000000,1.0000000000000000
M 0.9861823916435242,0.0000000072413751,0.1656633466482162,-0.0389371961355209,0.0000000000000000,1.0000000000000000,-0.0000000437113883,0.0000000000000000,-0.1656633466482162,0.0000000431074021,0.9861823916435242,2.0336751937866211,0.0000000000000000,0.0000000000000000,0.0000000000000000,1.0000000000000000
M 0.9847947955131531,0.0000000075936075,0.1737214922904968,-0.0319936126470566,0.0000000000000000,1.0000000000000000,-0.0000000437113883,0.0000000000000000,-0.1737214922904968,0.0000000430467466,0.9847947955131531,2.1335434913635254,0.0000000000000000,0.0000000000000000,0.0000000000000000,1.0000000000000000
M 0.9833015799522400,0.0000000079547551,0.1819835901260376,-0.0240022838115692,0.0000000000000000,1.0000000000000000,-0.0000000437113883,0.0000000000000000,-0.1819835901260376,0.0000000429814762,0.9833015799522400,2.2360317707061768,0.0000000000000000,0.0000000000000000,0.0000000000000000,1.0000000000000000
M 0.9816969633102417,0.0000000083248137,0.1904495358467102,-0.0148925185203552,0.0000000000000000,1.0000000000000000,-0.0000000437113883,0.0000000000000000,-0.1904495358467102,0.0000000429113385,0.9816969633102417,2.3411469459533691,0.0000000000000000,0.0000000000000000,0.0000000000000000,1.0000000000000000
M 0.9799752831459045,0.0000000087037781,0.1991192251443863,-0.0045936107635498,0.0000000000000000,1.0000000000000000,-0.0000000437113883,0.0000000000000000,-0.1991192251443863,0.0000000428360813,0.9799752831459045,2.4488940238952637,0.0000000000000000,0.0000000000000000,0.0000000000000000,1.0000000000000000
M 0.9781304597854614,0.0000000090916306,0.2079922705888748,0.0069684386253357,0.0000000000000000,1.0000000000000000,-0.0000000437113883,0.0000000000000000,-0.2079922705888748,0.0000000427554419,0.9781304597854614,2.5592770576477051,0.0000000000000000,0.0000000000000000,0.0000000000000000,1.0000000000000000
M 0.9761564135551453,0.0000000094883594,0.2170683592557907,0.0198721885681152,0.0000000000000000,1.0000000000000000,-0.0000000437113883,0.0000000000000000,-0.2170683592557907,0.0000000426691535,0.9761564135551453,2.6722998619079590,0.0000000000000000,0.0000000000000000,0.0000000000000000,1.0000000000000000
M 0.9740467667579651,0.0000000098939310,0.2263467609882355,0.0341939926147461,0.0000000000000000,1.0000000000000000,-0.0000000437113883,0.0000000000000000,-0.2263467609882355,0.0000000425769358,0.9740467667579651,2.7879610061645508,0.0000000000000000,0.0000000000000000,0.0000000000000000,1.0000000000000000
M 0.9717950820922852,0.0000000103083169,0.2358268052339554,0.0500177443027496,0.0000000000000000,1.0000000000000000,-0.0000000437113883,0.0000000000000000,-0.2358268052339554,0.0000000424785114,0.9717950820922852,2.9062614440917969,0.0000000000000000,0.0000000000000000,0.0000000000000000,1.0000000000000000
M 0.9693946838378906,0.0000000107314717,0.2455074489116669,0.0674249231815338,0.0000000000000000,1.0000000000000000,-0.0000000437113883,0.0000000000000000,-0.2455074489116669,0.0000000423735891,0.9693946838378906,3.0271964073181152,0.0000000000000000,0.0000000000000000,0.0000000000000000,1.0000000000000000
M 0.9668387174606323,0.0000000111633502,0.2553876936435699,0.0865017473697662,0.0000000000000000,1.0000000000000000,-0.0000000437113883,0.0000000000000000,-0.2553876936435699,0.0000000422618633,0.9668387174606323,3.1507630348205566,0.0000000000000000,0.0000000000000000,0.0000000000000000,1.0000000000000000
M 0.9641201496124268,0.0000000116038956,0.2654661834239960,0.1073387265205383,0.0000000000000000,1.0000000000000000,-0.0000000437113883,0.0000000000000000,-0.2654661834239960,0.0000000421430286,0.9641201496124268,3.2769536972045898,0.0000000000000000,0.0000000000000000,0.0000000000000000,1.0000000000000000
M 0.9612318277359009,0.0000000120530403,0.2757414281368256,0.1300256252288818,0.0000000000000000,1.0000000000000000,-0.0000000437113883,0.0000000000000000,-0.2757414281368256,0.0000000420167794,0.9612318277359009,3.4057586193084717,0.0000000000000000,0.0000000000000000,0.0000000000000000,1.0000000000000000
M 0.9581664204597473,0.0000000125107098,0.2862116694450378,0.1546534895896912,0.0000000000000000,1.0000000000000000,-0.0000000437113883,0.0000000000000000,-0.2862116694450378,0.0000000418827852,0.9581664204597473,3.5371665954589844,0.0000000000000000,0.0000000000000000,0.0000000000000000,1.0000000000000000
M 0.9549162983894348,0.0000000129768223,0.2968750894069672,0.1813229620456696,0.0000000000000000,1.0000000000000000,-0.0000000437113883,0.0000000000000000,-0.2968750894069672,0.0000000417407158,0.9549162983894348,3.6711645126342773,0.0000000000000000,0.0000000000000000,0.0000000000000000,1.0000000000000000
M 0.9514739513397217,0.0000000134512774,0.3077293634414673,0.2101249396800995,0.0000000000000000,1.0000000000000000,-0.0000000437113883,0.0000000000000000,-0.3077293634414673,0.0000000415902477,0.9514739513397217,3.8077337741851807,0.0000000000000000,0.0000000000000000,0.0000000000000000,1.0000000000000000
M 0.9478313326835632,0.0000000139339749,0.3187721967697144,0.2411664724349976,0.0000000000000000,1.0000000000000000,-0.0000000437113883,0.0000000000000000,-0.3187721967697144,0.0000000414310222,0.9478313326835632,3.9468562602996826,0.0000000000000000,0.0000000000000000,0.0000000000000000,1.0000000000000000
M 0.9439806342124939,0.0000000144247965,0.3300008773803711,0.2745455503463745,0.0000000000000000,1.0000000000000000,-0.0000000437113883,0.0000000000000000,-0.3300008773803711,0.0000000412627053,0.9439806342124939,4.0885090827941895,0.0000000000000000,0.0000000000000000,0.0000000000000000,1.0000000000000000
M 0.9399135112762451,0.0000000149236179,0.3414125740528107,0.3103680908679962,0.0000000000000000,1.0000000000000000,-0.0000000437113883,0.0000000000000000,-0.3414125740528107,0.0000000410849239,0.9399135112762451,4.2326688766479492,0.0000000000000000,0.0000000000000000,0.0000000000000000,1.0000000000000000
M 0.9356218576431274,0.0000000154302935,0.3530039489269257,0.3487415313720703,0.0000000000000000,1.0000000000000000,-0.0000000437113883,0.0000000000000000,-0.3530039489269257,0.0000000408973300,0.9356218576431274,4.3793029785156250,0.0000000000000000,0.0000000000000000,0.0000000000000000,1.0000000000000000
M 0.9310969710350037,0.0000000159446767,0.3647716939449310,0.3897762000560760,0.0000000000000000,1.0000000000000000,-0.0000000437113883,0.0000000000000000,-0.3647716939449310,0.0000000406995397,0.9310969710350037,4.5283842086791992,0.0000000000000000,0.0000000000000000,0.0000000000000000,1.0000000000000000
M 0.9263305068016052,0.0000000164665970,0.3767118155956268,0.4335804581642151,0.0000000000000000,1.0000000000000000,-0.0000000437113883,0.0000000000000000,-0.3767118155956268,0.0000000404911908,0.9263305068016052,4.6798734664916992,0.0000000000000000,0.0000000000000000,0.0000000000000000,1.0000000000000000
M 0.9213135838508606,0.0000000169958820,0.3888204395771027,0.4802700877189636,0.0000000000000000,1.0000000000000000,-0.0000000437113883,0.0000000000000000,-0.3888204395771027,0.0000000402718960,0.9213135838508606,4.8337335586547852,0.0000000000000000,0.0000000000000000,0.0000000000000000,1.0000000000000000
M 0.9160373806953430,0.0000000175323311,0.4010929763317108,0.5299591422080994,0.0000000000000000,1.0000000000000000,-0.0000000437113883,0.0000000000000000,-0.4010929763317108,0.0000000400412645,0.9160373806953430,4.9899210929870605,0.0000000000000000,0.0000000000000000,0.0000000000000000,1.0000000000000000
M 0.9104928970336914,0.0000000180757400,0.4135247468948364,0.5827662944793701,0.0000000000000000,1.0000000000000000,-0.0000000437113883,0.0000000000000000,-0.4135247468948364,0.0000000397989091,0.9104928970336914,5.1483888626098633,0.0000000000000000,0.0000000000000000,0.0000000000000000,1.0000000000000000
M 0.9046711325645447,0.0000000186258831,0.4261105358600616,0.6388083100318909,0.0000000000000000,1.0000000000000000,-0.0000000437113883,0.0000000000000000,-0.4261105358600616,0.0000000395444317,0.9046711325645447,5.3090844154357910,0.0000000000000000,0.0000000000000000,0.0000000000000000,1.0000000000000000
