O DOOR_4_EXTERNAL_CG_drl
A DOOR_4_EXTERNAL_CG_drl_DOOR_4_EXTERNAL_CG_drl
M 1.0000000000000000,0.0000000000000000,0.0000000000000000,0.0000000000000000,0.0000000000000000,1.0000000000000000,-0.0000000437113883,0.0000000000000000,-0.0000000000000000,0.0000000437113883,1.0000000000000000,-0.0000000000000000,0.0000000000000000,0.0000000000000000,0.0000000000000000,1.0000000000000000
M 1.0000000000000000,0.0000000000000000,0.0000000000000000,0.0000000000000000,0.0000000000000000,1.0000000000000000,-0.0000000437113883,0.0000000000000000,-0.0000000000000000,0.0000000437113883,1.0000000000000000,-0.0000000000000000,0.0000000000000000,0.0000000000000000,0.0000000000000000,1.0000000000000000
M 1.0000000000000000,0.0000000000000000,0.0000000000000000,0.0000000000000000,0.0000000000000000,1.0000000000000000,-0.0000000437113883,0.0000000000000000,-0.0000000000000000,0.0000000437113883,1.0000000000000000,-0.0000000000000000,0.0000000000000000,0.0000000000000000,0.0000000000000000,1.0000000000000000
M 1.0000000000000000,0.0000000000000000,0.0000000000000000,0.0000000000000000,0.0000000000000000,1.0000000000000000,-0.0000000437113883,0.0000000000000000,-0.0000000000000000,0.0000000437113883,1.0000000000000000,-0.0000000000000000,0.0000000000000000,0.0000000000000000,0.0000000000000000,1.0000000000000000
M 1.0000000000000000,0.0000000000000000,0.0000000000000000,0.0000000000000000,0.0000000000000000,1.0000000000000000,-0.0000000437113883,0.0000000000000000,-0.0000000000000000,0.0000000437113883,1.0000000000000000,-0.0000000000000000,0.0000000000000000,0.0000000000000000,0.0000000000000000,1.0000000000000000
M 1.0000000000000000,0.0000000000000000,0.0000000000000000,0.0000000000000000,0.0000000000000000,1.0000000000000000,-0.0000000437113883,0.0000000000000000,-0.0000000000000000,0.0000000437113883,1.0000000000000000,-0.0000000000000000,0.0000000000000000,0.0000000000000000,0.0000000000000000,1.0000000000000000
M 1.0000000000000000,0.0000000000000000,0.0000000000000000,0.0000000000000000,0.0000000000000000,1.0000000000000000,-0.0000000437113883,0.0000000000000000,-0.0000000000000000,0.0000000437113883,1.0000000000000000,-0.0000000000000000,0.0000000000000000,0.0000000000000000,0.0000000000000000,1.0000000000000000
M 1.0000000000000000,0.0000000000000000,0.0000000000000000,0.0000000000000000,0.0000000000000000,1.0000000000000000,-0.0000000437113883,0.0000000000000000,-0.0000000000000000,0.0000000437113883,1.0000000000000000,-0.0000000000000000,0.0000000000000000,0.0000000000000000,0.0000000000000000,1.0000000000000000
M 1.0000000000000000,0.0000000000000000,0.0000000000000000,0.0000000000000000,0.0000000000000000,1.0000000000000000,-0.0000000437113883,0.0000000000000000,-0.0000000000000000,0.0000000437113883,1.0000000000000000,-0.0000000000000000,0.0000000000000000,0.0000000000000000,0.0000000000000000,1.0000000000000000
M 1.0000000000000000,0.0000000000000000,0.0000000000000000,0.0000000000000000,0.0000000000000000,1.0000000000000000,-0.0000000437113883,0.0000000000000000,-0.0000000000000000,0.0000000437113883,1.0000000000000000,-0.0000000000000000,0.0000000000000000,0.0000000000000000,0.0000000000000000,1.0000000000000000
M 1.0000000000000000,0.0000000000000000,0.0000000000000000,0.0000000000000000,0.0000000000000000,1.0000000000000000,-0.0000000437113883,0.0000000000000000,-0.0000000000000000,0.0000000437113883,1.0000000000000000,-0.0000000000000000,0.0000000000000000,0.0000000000000000,0.0000000000000000,1.0000000000000000
M 1.0000000000000000,0.0000000000000000,0.0000000000000000,0.0000000000000000,0.0000000000000000,1.0000000000000000,-0.0000000437113883,0.0000000000000000,-0.0000000000000000,0.0000000437113883,1.0000000000000000,-0.0000000000000000,0.0000000000000000,0.0000000000000000,0.0000000000000000,1.0000000000000000
M 1.0000000000000000,0.0000000000000000,0.0000000000000000,0.0000000000000000,0.0000000000000000,1.0000000000000000,-0.0000000437113883,0.0000000000000000,-0.0000000000000000,0.0000000437113883,1.0000000000000000,-0.0000000000000000,0.0000000000000000,0.0000000000000000,0.0000000000000000,1.0000000000000000
M 1.0000000000000000,0.0000000000000000,0.0000000000000000,0.0000000000000000,0.0000000000000000,1.0000000000000000,-0.0000000437113883,0.0000000000000000,-0.0000000000000000,0.0000000437113883,1.0000000000000000,-0.0000000000000000,0.0000000000000000,0.0000000000000000,0.0000000000000000,1.0000000000000000
M 1.0000000000000000,0.0000000000000000,0.0000000000000000,0.0000000000000000,0.0000000000000000,1.0000000000000000,-0.0000000437113883,0.0000000000000000,-0.0000000000000000,0.0000000437113883,1.0000000000000000,-0.0000000000000000,0.0000000000000000,0.0000000000000000,0.0000000000000000,1.0000000000000000
M 1.0000000000000000,0.0000000000000000,0.0000000000000000,0.0000000000000000,0.0000000000000000,1.0000000000000000,-0.0000000437113883,0.0000000000000000,-0.0000000000000000,0.0000000437113883,1.0000000000000000,-0.0000000000000000,0.0000000000000000,0.0000000000000000,0.0000000000000000,1.0000000000000000
M 1.0000000000000000,0.0000000000000000,0.0000000000000000,0.0000000000000000,0.0000000000000000,1.0000000000000000,-0.0000000437113883,0.0000000000000000,-0.0000000000000000,0.0000000437113883,1.0000000000000000,-0.0000000000000000,0.0000000000000000,0.0000000000000000,0.0000000000000000,1.0000000000000000
M 1.0000000000000000,0.0000000000000000,0.0000000000000000,0.0000000000000000,0.0000000000000000,1.0000000000000000,-0.0000000437113883,0.0000000000000000,-0.0000000000000000,0.0000000437113883,1.0000000000000000,-0.0000000000000000,0.0000000000000000,0.0000000000000000,0.0000000000000000,1.0000000000000000
M 1.0000000000000000,0.0000000000000000,0.0000000000000000,0.0000000000000000,0.0000000000000000,1.0000000000000000,-0.0000000437113883,0.0000000000000000,-0.0000000000000000,0.0000000437113883,1.0000000000000000,-0.0000000000000000,0.0000000000000000,0.0000000000000000,0.0000000000000000,1.0000000000000000
M 1.0000000000000000,0.0000000000000000,0.0000000000000000,0.0000000000000000,0.0000000000000000,1.0000000000000000,-0.0000000437113883,0.0000000000000000,-0.0000000000000000,0.0000000437113883,1.0000000000000000,-0.0000000000000000,0.0000000000000000,0.0000000000000000,0.0000000000000000,1.0000000000000000
M 1.0000000000000000,0.0000000000000000,0.0000000000000000,0.0000000000000000,0.0000000000000000,1.0000000000000000,-0.0000000437113883,0.0000000000000000,-0.0000000000000000,0.0000000437113883,1.0000000000000000,-0.0000000000000000,0.0000000000000000,0.0000000000000000,0.0000000000000000,1.0000000000000000
M 1.0000000000000000,0.0000000000000000,0.0000000000000000,0.0000000000000000,0.0000000000000000,1.0000000000000000,-0.0000000437113883,0.0000000000000000,-0.0000000000000000,0.0000000437113883,1.0000000000000000,-0.0000000000000000,0.0000000000000000,0.0000000000000000,0.0000000000000000,1.0000000000000000
M 1.0000000000000000,0.0000000000000000,0.0000000000000000,0.0000000000000000,0.0000000000000000,1.0000000000000000,-0.0000000437113883,0.0000000000000000,-0.0000000000000000,0.0000000437113883,1.0000000000000000,-0.0000000000000000,0.0000000000000000,0.0000000000000000,0.0000000000000000,1.0000000000000000
M 1.0000000000000000,0.0000000000000000,0.0000000000000000,0.0000000000000000,0.0000000000000000,1.0000000000000000,-0.0000000437113883,0.0000000000000000,-0.0000000000000000,0.0000000437113883,1.0000000000000000,-0.0000000000000000,0.0000000000000000,0.0000000000000000,0.0000000000000000,1.0000000000000000
M 1.0000000000000000,0.0000000000000000,0.0000000000000000,0.0000000000000000,0.0000000000000000,1.0000000000000000,-0.0000000437113883,0.0000000000000000,-0.0000000000000000,0.0000000437113883,1.0000000000000000,-0.0000000000000000,0.0000000000000000,0.0000000000000000,0.0000000000000000,1.0000000000000000
M 1.0000000000000000,0.0000000000000000,0.0000000000000000,0.0000000000000000,0.0000000000000000,1.0000000000000000,-0.0000000437113883,0.0000000000000000,-0.0000000000000000,0.0000000437113883,1.0000000000000000,-0.0000000000000000,0.0000000000000000,0.0000000000000000,0.0000000000000000,1.0000000000000000
M 1.0000000000000000,0.0000000000000000,0.0000000000000000,0.0000000000000000,0.0000000000000000,1.0000000000000000,-0.0000000437113883,0.0000000000000000,-0.0000000000000000,0.0000000437113883,1.0000000000000000,-0.0000000000000000,0.0000000000000000,0.0000000000000000,0.0000000000000000,1.0000000000000000
M 1.0000000000000000,0.0000000000000000,0.0000000000000000,0.0000000000000000,0.0000000000000000,1.0000000000000000,-0.0000000437113883,0.0000000000000000,-0.0000000000000000,0.0000000437113883,1.0000000000000000,-0.0000000000000000,0.0000000000000000,0.0000000000000000,0.0000000000000000,1.0000000000000000
M 1.0000000000000000,0.0000000000000000,0.0000000000000000,0.0000000000000000,0.0000000000000000,1.0000000000000000,-0.0000000437113883,0.0000000000000000,-0.0000000000000000,0.0000000437113883,1.0000000000000000,-0.0000000000000000,0.0000000000000000,0.0000000000000000,0.0000000000000000,1.0000000000000000
M 1.0000000000000000,0.0000000000000000,0.0000000000000000,0.0000000000000000,0.0000000000000000,1.0000000000000000,-0.0000000437113883,0.0000000000000000,-0.0000000000000000,0.0000000437113883,1.0000000000000000,-0.0000000000000000,0.0000000000000000,0.0000000000000000,0.0000000000000000,1.0000000000000000
M 1.0000000000000000,0.0000000000000000,0.0000000000000000,0.0000000000000000,0.0000000000000000,1.0000000000000000,-0.0000000437113883,0.0000000000000000,-0.0000000000000000,0.0000000437113883,1.0000000000000000,-0.0000000000000000,0.0000000000000000,0.0000000000000000,0.0000000000000000,1.0000000000000000
M 1.0000000000000000,0.0000000000000000,0.0000000000000000,0.0000000000000000,0.0000000000000000,1.0000000000000000,-0.0000000437113883,0.0000000000000000,-0.0000000000000000,0.0000000437113883,1.0000000000000000,-0.0000000000000000,0.0000000000000000,0.0000000000000000,0.0000000000000000,1.0000000000000000
M 1.0000000000000000,0.0000000000000000,0.0000000000000000,0.0000000000000000,0.0000000000000000,1.0000000000000000,-0.0000000437113883,0.0000000000000000,-0.0000000000000000,0.0000000437113883,1.0000000000000000,-0.0000000000000000,0.0000000000000000,0.0000000000000000,0.0000000000000000,1.0000000000000000
M 1.0000000000000000,0.0000000000000000,0.0000000000000000,0.0000000000000000,0.0000000000000000,1.0000000000000000,-0.0000000437113883,0.0000000000000000,-0.0000000000000000,0.0000000437113883,1.0000000000000000,-0.0000000000000000,0.0000000000000000,0.0000000000000000,0.0000000000000000,1.0000000000000000
M 1.0000000000000000,0.0000000000000000,0.0000000000000000,0.0000000000000000,0.0000000000000000,1.0000000000000000,-0.0000000437113883,0.0000000000000000,-0.0000000000000000,0.0000000437113883,1.0000000000000000,-0.0000000000000000,0.0000000000000000,0.0000000000000000,0.0000000000000000,1.0000000000000000
M 1.0000000000000000,0.0000000000000000,0.0000000000000000,0.0000000000000000,0.0000000000000000,1.0000000000000000,-0.0000000437113883,0.0000000000000000,-0.0000000000000000,0.0000000437113883,1.0000000000000000,-0.0000000000000000,0.0000000000000000,0.0000000000000000,0.0000000000000000,1.0000000000000000
M 1.0000000000000000,0.0000000000000000,0.0000000000000000,0.0000000000000000,0.0000000000000000,1.0000000000000000,-0.0000000437113883,0.0000000000000000,-0.0000000000000000,0.0000000437113883,1.0000000000000000,-0.0000000000000000,0.0000000000000000,0.0000000000000000,0.0000000000000000,1.0000000000000000
M 1.0000000000000000,0.0000000000000000,0.0000000000000000,0.0000000000000000,0.0000000000000000,1.0000000000000000,-0.0000000437113883,0.0000000000000000,-0.0000000000000000,0.0000000437113883,1.0000000000000000,-0.0000000000000000,0.0000000000000000,0.0000000000000000,0.0000000000000000,1.0000000000000000
M 1.0000000000000000,0.0000000000000000,0.0000000000000000,0.0000000000000000,0.0000000000000000,1.0000000000000000,-0.0000000437113883,0.0000000000000000,-0.0000000000000000,0.0000000437113883,1.0000000000000000,-0.0000000000000000,0.0000000000000000,0.0000000000000000,0.0000000000000000,1.0000000000000000
M 1.0000000000000000,0.0000000000000000,0.0000000000000000,0.0000000000000000,0.0000000000000000,1.0000000000000000,-0.0000000437113883,0.0000000000000000,-0.0000000000000000,0.0000000437113883,1.0000000000000000,-0.0000000000000000,0.0000000000000000,0.0000000000000000,0.0000000000000000,1.0000000000000000
M 1.0000000000000000,0.0000000000000000,0.0000000000000000,0.0000000000000000,0.0000000000000000,1.0000000000000000,-0.0000000437113883,0.0000000000000000,-0.0000000000000000,0.0000000437113883,1.0000000000000000,-0.0000000000000000,0.0000000000000000,0.0000000000000000,0.0000000000000000,1.0000000000000000
M 1.0000000000000000,0.0000000000000000,0.0000000000000000,0.0000000000000000,0.0000000000000000,1.0000000000000000,-0.0000000437113883,0.0000000000000000,-0.0000000000000000,0.0000000437113883,1.0000000000000000,-0.0000000000000000,0.0000000000000000,0.0000000000000000,0.0000000000000000,1.0000000000000000
M 1.0000000000000000,0.0000000000000000,0.0000000000000000,0.0000000000000000,0.0000000000000000,1.0000000000000000,-0.0000000437113883,0.0000000000000000,-0.0000000000000000,0.0000000437113883,1.0000000000000000,-0.0000000000000000,0.0000000000000000,0.0000000000000000,0.0000000000000000,1.0000000000000000
M 1.0000000000000000,0.0000000000000000,0.0000000000000000,0.0000000000000000,0.0000000000000000,1.0000000000000000,-0.0000000437113883,0.0000000000000000,-0.0000000000000000,0.0000000437113883,1.0000000000000000,-0.0000000000000000,0.0000000000000000,0.0000000000000000,0.0000000000000000,1.0000000000000000
M 1.0000000000000000,0.0000000000000000,0.0000000000000000,0.0000000000000000,0.0000000000000000,1.0000000000000000,-0.0000000437113883,0.0000000000000000,-0.0000000000000000,0.0000000437113883,1.0000000000000000,-0.0000000000000000,0.0000000000000000,0.0000000000000000,0.0000000000000000,1.0000000000000000
M 1.0000000000000000,0.0000000000000000,0.0000000000000000,0.0000000000000000,0.0000000000000000,1.0000000000000000,-0.0000000437113883,0.0000000000000000,-0.0000000000000000,0.0000000437113883,1.0000000000000000,-0.0000000000000000,0.0000000000000000,0.0000000000000000,0.0000000000000000,1.0000000000000000
M 1.0000000000000000,0.0000000000000000,0.0000000000000000,0.0000000000000000,0.0000000000000000,1.0000000000000000,-0.0000000437113883,0.0000000000000000,-0.0000000000000000,0.0000000437113883,1.0000000000000000,-0.0000000000000000,0.0000000000000000,0.0000000000000000,0.0000000000000000,1.0000000000000000
M 1.0000000000000000,0.0000000000000000,0.0000000000000000,0.0000000000000000,0.0000000000000000,1.0000000000000000,-0.0000000437113883,0.0000000000000000,-0.0000000000000000,0.0000000437113883,1.0000000000000000,-0.0000000000000000,0.0000000000000000,0.0000000000000000,0.0000000000000000,1.0000000000000000
M 1.0000000000000000,0.0000000000000000,0.0000000000000000,0.0000000000000000,0.0000000000000000,1.0000000000000000,-0.0000000437113883,0.0000000000000000,-0.0000000000000000,0.0000000437113883,1.0000000000000000,-0.0000000000000000,0.0000000000000000,0.0000000000000000,0.0000000000000000,1.0000000000000000
M 1.0000000000000000,0.0000000000000000,0.0000000000000000,0.0000000000000000,0.0000000000000000,1.0000000000000000,-0.0000000437113883,0.0000000000000000,-0.0000000000000000,0.0000000437113883,1.0000000000000000,-0.0000000000000000,0.0000000000000000,0.0000000000000000,0.0000000000000000,1.0000000000000000
M 0.9999999403953552,0.0000000000150403,0.0003440828586463,-0.0004394731076900,0.0000000000000000,1.0000000000000000,-0.0000000437113883,0.0000000000000000,-0.0003440828586463,0.0000000437113847,0.9999999403953552,0.0041882642544806,0.0000000000000000,0.0000000000000000,0.0000000000000000,1.0000000000000000
M 0.9999990463256836,0.0000000000597945,0.0013679387047887,-0.0017380316276103,0.0000000000000000,1.0000000000000000,-0.0000000437113883,0.0000000000000000,-0.0013679387047887,0.0000000437113457,0.9999990463256836,0.0166516043245792,0.0000000000000000,0.0000000000000000,0.0000000000000000,1.0000000000000000
M 0.9999953508377075,0.0000000001337121,0.0030589760281146,-0.0038558677770197,0.0000000000000000,1.0000000000000000,-0.0000000437113883,0.0000000000000000,-0.0030589760281146,0.0000000437111858,0.9999953508377075,0.0372397229075432,0.0000000000000000,0.0000000000000000,0.0000000000000000,1.0000000000000000
M 0.9999853968620300,0.0000000002362422,0.0054045920260251,-0.0067340843379498,0.0000000000000000,1.0000000000000000,-0.0000000437113883,0.0000000000000000,-0.0054045920260251,0.0000000437107488,0.9999853968620300,0.0658037215471268,0.0000000000000000,0.0000000000000000,0.0000000000000000,1.0000000000000000
M 0.9999647736549377,0.0000000003668332,0.0083921654149890,-0.0103013627231121,0.0000000000000000,1.0000000000000000,-0.0000000437113883,0.0000000000000000,-0.0083921654149890,0.0000000437098500,0.9999647736549377,0.1021955683827400,0.0000000000000000,0.0000000000000000,0.0000000000000000,1.0000000000000000
M 0.9999278783798218,0.0000000005249319,0.0120090423151851,-0.0144739411771297,0.0000000000000000,1.0000000000000000,-0.0000000437113883,0.0000000000000000,-0.0120090423151851,0.0000000437082370,0.9999278783798218,0.1462691873311996,0.0000000000000000,0.0000000000000000,0.0000000000000000,1.0000000000000000
M 0.9998680949211121,0.0000000007099829,0.0162425152957439,-0.0191508214920759,0.0000000000000000,1.0000000000000000,-0.0000000437113883,0.0000000000000000,-0.0162425152957439,0.0000000437056222,0.9998680949211121,0.1978788077831268,0.0000000000000000,0.0000000000000000,0.0000000000000000,1.0000000000000000
M 0.9997777938842773,0.0000000009214277,0.0210798084735870,-0.0242242366075516,0.0000000000000000,1.0000000000000000,-0.0000000437113883,0.0000000000000000,-0.0210798084735870,0.0000000437016752,0.9997777938842773,0.2568789124488831,0.0000000000000000,0.0000000000000000,0.0000000000000000,1.0000000000000000
M 0.9996485710144043,0.0000000011587040,0.0265080593526363,-0.0295729525387287,0.0000000000000000,1.0000000000000000,-0.0000000437113883,0.0000000000000000,-0.0265080593526363,0.0000000436960264,0.9996485710144043,0.3231240212917328,0.0000000000000000,0.0000000000000000,0.0000000000000000,1.0000000000000000
M 0.9994712471961975,0.0000000014212449,0.0325142927467823,-0.0350679531693459,0.0000000000000000,1.0000000000000000,-0.0000000437113883,0.0000000000000000,-0.0325142927467823,0.0000000436882743,0.9994712471961975,0.3964689373970032,0.0000000000000000,0.0000000000000000,0.0000000000000000,1.0000000000000000
M 0.9992358684539795,0.0000000017084774,0.0390854068100452,-0.0405695624649525,0.0000000000000000,1.0000000000000000,-0.0000000437113883,0.0000000000000000,-0.0390854068100452,0.0000000436779857,0.9992358684539795,0.4767673015594482,0.0000000000000000,0.0000000000000000,0.0000000000000000,1.0000000000000000
M 0.9989318251609802,0.0000000020198219,0.0462081395089626,-0.0459274016320705,0.0000000000000000,1.0000000000000000,-0.0000000437113883,0.0000000000000000,-0.0462081395089626,0.0000000436646985,0.9989318251609802,0.5638716816902161,0.0000000000000000,0.0000000000000000,0.0000000000000000,1.0000000000000000
M 0.9985480308532715,0.0000000023546909,0.0538690462708473,-0.0509908422827721,0.0000000000000000,1.0000000000000000,-0.0000000437113883,0.0000000000000000,-0.0538690462708473,0.0000000436479191,0.9985480308532715,0.6576332449913025,0.0000000000000000,0.0000000000000000,0.0000000000000000,1.0000000000000000
M 0.9980727434158325,0.0000000027124871,0.0620544739067554,-0.0555937141180038,0.0000000000000000,1.0000000000000000,-0.0000000437113883,0.0000000000000000,-0.0620544739067554,0.0000000436271463,0.9980727434158325,0.7579013109207153,0.0000000000000000,0.0000000000000000,0.0000000000000000,1.0000000000000000
M 0.9974940419197083,0.0000000030926064,0.0707505866885185,-0.0595734268426895,0.0000000000000000,1.0000000000000000,-0.0000000437113883,0.0000000000000000,-0.0707505866885185,0.0000000436018510,0.9974940419197083,0.8645237088203430,0.0000000000000000,0.0000000000000000,0.0000000000000000,1.0000000000000000
M 0.9967994093894958,0.0000000034944301,0.0799432396888733,-0.0627583786845207,0.0000000000000000,1.0000000000000000,-0.0000000437113883,0.0000000000000000,-0.0799432396888733,0.0000000435714860,0.9967994093894958,0.9773442745208740,0.0000000000000000,0.0000000000000000,0.0000000000000000,1.0000000000000000
M 0.9959762096405029,0.0000000039173318,0.0896181017160416,-0.0649719685316086,0.0000000000000000,1.0000000000000000,-0.0000000437113883,0.0000000000000000,-0.0896181017160416,0.0000000435355041,0.9959762096405029,1.0962055921554565,0.0000000000000000,0.0000000000000000,0.0000000000000000,1.0000000000000000
M 0.9950114488601685,0.0000000043606700,0.0997605025768280,-0.0660342574119568,0.0000000000000000,1.0000000000000000,-0.0000000437113883,0.0000000000000000,-0.0997605025768280,0.0000000434933334,0.9950114488601685,1.2209459543228149,0.0000000000000000,0.0000000000000000,0.0000000000000000,1.0000000000000000
M 0.9938921928405762,0.0000000048237903,0.1103554591536522,-0.0657687038183212,0.0000000000000000,1.0000000000000000,-0.0000000437113883,0.0000000000000000,-0.1103554591536522,0.0000000434444090,0.9938921928405762,1.3514001369476318,0.0000000000000000,0.0000000000000000,0.0000000000000000,1.0000000000000000
M 0.9926051497459412,0.0000000053060276,0.1213877573609352,-0.0639908313751221,0.0000000000000000,1.0000000000000000,-0.0000000437113883,0.0000000000000000,-0.1213877573609352,0.0000000433881482,0.9926051497459412,1.4874004125595093,0.0000000000000000,0.0000000000000000,0.0000000000000000,1.0000000000000000
M 0.9911372661590576,0.0000000058066978,0.1328417658805847,-0.0605175197124481,0.0000000000000000,1.0000000000000000,-0.0000000437113883,0.0000000000000000,-0.1328417658805847,0.0000000433239862,0.9911372661590576,1.6287732124328613,0.0000000000000000,0.0000000000000000,0.0000000000000000,1.0000000000000000
M 0.9894753694534302,0.0000000063251071,0.1447015851736069,-0.0551690906286240,0.0000000000000000,1.0000000000000000,-0.0000000437113883,0.0000000000000000,-0.1447015851736069,0.0000000432513438,0.9894753694534302,1.7753427028656006,0.0000000000000000,0.0000000000000000,0.0000000000000000,1.0000000000000000
M 0.9876064062118530,0.0000000068605428,0.1569509208202362,-0.0477596223354340,0.0000000000000000,1.0000000000000000,-0.0000000437113883,0.0000000000000000,-0.1569509208202362,0.0000000431696456,0.9876064062118530,1.9269268512725830,0.0000000000000000,0.0000000000000000,0.0000000000000000,1.0000000000000000
M 0.9855176210403442,0.0000000074122792,0.1695731878280640,-0.0381123274564743,0.0000000000000000,1.0000000000000000,-0.0000000437113883,0.0000000000000000,-0.1695731878280640,0.0000000430783444,0.9855176210403442,2.0833406448364258,0.0000000000000000,0.0000000000000000,0.0000000000000000,1.0000000000000000
M 0.9831963181495667,0.0000000079795743,0.1825513839721680,-0.0260498672723770,0.0000000000000000,1.0000000000000000,-0.0000000437113883,0.0000000000000000,-0.1825513839721680,0.0000000429768754,0.9831963181495667,2.2443933486938477,0.0000000000000000,0.0000000000000000,0.0000000000000000,1.0000000000000000
M 0.9806302189826965,0.0000000085616705,0.1958681941032410,-0.0113944709300995,0.0000000000000000,1.0000000000000000,-0.0000000437113883,0.0000000000000000,-0.1958681941032410,0.0000000428647091,0.9806302189826965,2.4098896980285645,0.0000000000000000,0.0000000000000000,0.0000000000000000,1.0000000000000000
M 0.9778073430061340,0.0000000091577981,0.2095059901475906,0.0060234665870667,0.0000000000000000,1.0000000000000000,-0.0000000437113883,0.0000000000000000,-0.2095059901475906,0.0000000427413163,0.9778073430061340,2.5796308517456055,0.0000000000000000,0.0000000000000000,0.0000000000000000,1.0000000000000000
M 0.9747161269187927,0.0000000097671657,0.2234466969966888,0.0263665020465851,0.0000000000000000,1.0000000000000000,-0.0000000437113883,0.0000000000000000,-0.2234466969966888,0.0000000426061959,0.9747161269187927,2.7534108161926270,0.0000000000000000,0.0000000000000000,0.0000000000000000,1.0000000000000000
M 0.9713454842567444,0.0000000103889723,0.2376719862222672,0.0498003959655762,0.0000000000000000,1.0000000000000000,-0.0000000437113883,0.0000000000000000,-0.2376719862222672,0.0000000424588613,0.9713454842567444,2.9310204982757568,0.0000000000000000,0.0000000000000000,0.0000000000000000,1.0000000000000000
M 0.9676847457885742,0.0000000110224034,0.2521632015705109,0.0764789879322052,0.0000000000000000,1.0000000000000000,-0.0000000437113883,0.0000000000000000,-0.2521632015705109,0.0000000422988435,0.9676847457885742,3.1122465133666992,0.0000000000000000,0.0000000000000000,0.0000000000000000,1.0000000000000000
M 0.9637238383293152,0.0000000116666348,0.2669014930725098,0.1065496802330017,0.0000000000000000,1.0000000000000000,-0.0000000437113883,0.0000000000000000,-0.2669014930725098,0.0000000421257056,0.9637238383293152,3.2968714237213135,0.0000000000000000,0.0000000000000000,0.0000000000000000,1.0000000000000000
M 0.9594533443450928,0.0000000123208164,0.2818674147129059,0.1401568353176117,0.0000000000000000,1.0000000000000000,-0.0000000437113883,0.0000000000000000,-0.2818674147129059,0.0000000419390389,0.9594533443450928,3.4846706390380859,0.0000000000000000,0.0000000000000000,0.0000000000000000,1.0000000000000000
M 0.9548645615577698,0.0000000129840991,0.2970415651798248,0.1774314343929291,0.0000000000000000,1.0000000000000000,-0.0000000437113883,0.0000000000000000,-0.2970415651798248,0.0000000417384562,0.9548645615577698,3.6754176616668701,0.0000000000000000,0.0000000000000000,0.0000000000000000,1.0000000000000000
M 0.9499492645263672,0.0000000136556206,0.3124041855335236,0.2185011208057404,0.0000000000000000,1.0000000000000000,-0.0000000437113883,0.0000000000000000,-0.3124041855335236,0.0000000415236023,0.9499492645263672,3.8688821792602539,0.0000000000000000,0.0000000000000000,0.0000000000000000,1.0000000000000000
M 0.9447001814842224,0.0000000143345051,0.3279352486133575,0.2634805738925934,0.0000000000000000,1.0000000000000000,-0.0000000437113883,0.0000000000000000,-0.3279352486133575,0.0000000412941574,0.9447001814842224,4.0648293495178223,0.0000000000000000,0.0000000000000000,0.0000000000000000,1.0000000000000000
M 0.9391107559204102,0.0000000150198716,0.3436146080493927,0.3124788403511047,0.0000000000000000,1.0000000000000000,-0.0000000437113883,0.0000000000000000,-0.3436146080493927,0.0000000410498338,0.9391107559204102,4.2630209922790527,0.0000000000000000,0.0000000000000000,0.0000000000000000,1.0000000000000000
M 0.9331751465797424,0.0000000157108335,0.3594219684600830,0.3655947446823120,0.0000000000000000,1.0000000000000000,-0.0000000437113883,0.0000000000000000,-0.3594219684600830,0.0000000407903826,0.9331751465797424,4.4632167816162109,0.0000000000000000,0.0000000000000000,0.0000000000000000,1.0000000000000000
M 0.9268884658813477,0.0000000164064993,0.3753369450569153,0.4229128956794739,0.0000000000000000,1.0000000000000000,-0.0000000437113883,0.0000000000000000,-0.3753369450569153,0.0000000405155802,0.9268884658813477,4.6651735305786133,0.0000000000000000,0.0000000000000000,0.0000000000000000,1.0000000000000000
M 0.9202466607093811,0.0000000171059664,0.3913388848304749,0.4845115542411804,0.0000000000000000,1.0000000000000000,-0.0000000437113883,0.0000000000000000,-0.3913388848304749,0.0000000402252596,0.9202466607093811,4.8686442375183105,0.0000000000000000,0.0000000000000000,0.0000000000000000,1.0000000000000000
M 0.9132465124130249,0.0000000178083415,0.4074073731899261,0.5504582524299622,0.0000000000000000,1.0000000000000000,-0.0000000437113883,0.0000000000000000,-0.4074073731899261,0.0000000399192714,0.9132465124130249,5.0733838081359863,0.0000000000000000,0.0000000000000000,0.0000000000000000,1.0000000000000000
M 0.9058859348297119,0.0000000185127256,0.4235217869281769,0.6208025813102722,0.0000000000000000,1.0000000000000000,-0.0000000437113883,0.0000000000000000,-0.4235217869281769,0.0000000395975306,0.9058859348297119,5.2791414260864258,0.0000000000000000,0.0000000000000000,0.0000000000000000,1.0000000000000000
M 0.8981635570526123,0.0000000192182128,0.4396614730358124,0.6955924034118652,0.0000000000000000,1.0000000000000000,-0.0000000437113883,0.0000000000000000,-0.4396614730358124,0.0000000392599766,0.8981635570526123,5.4856672286987305,0.0000000000000000,0.0000000000000000,0.0000000000000000,1.0000000000000000
M 0.8900790810585022,0.0000000199239167,0.4558060765266418,0.7748540639877319,0.0000000000000000,1.0000000000000000,-0.0000000437113883,0.0000000000000000,-0.4558060765266418,0.0000000389065917,0.8900790810585022,5.6927118301391602,0.0000000000000000,0.0000000000000000,0.0000000000000000,1.0000000000000000
M 0.8816331028938293,0.0000000206289528,0.4719354212284088,0.8586089611053467,0.0000000000000000,1.0000000000000000,-0.0000000437113883,0.0000000000000000,-0.4719354212284088,0.0000000385374079,0.8816331028938293,5.9000282287597656,0.0000000000000000,0.0000000000000000,0.0000000000000000,1.0000000000000000
M 0.8728274106979370,0.0000000213324274,0.4880290329456329,0.9468616843223572,0.0000000000000000,1.0000000000000000,-0.0000000437113883,0.0000000000000000,-0.4880290329456329,0.0000000381524963,0.8728274106979370,6.1073632240295410,0.0000000000000000,0.0000000000000000,0.0000000000000000,1.0000000000000000
M 0.8636644482612610,0.0000000220334790,0.5040672421455383,1.0396053791046143,0.0000000000000000,1.0000000000000000,-0.0000000437113883,0.0000000000000000,-0.5040672421455383,0.0000000377519704,0.8636644482612610,6.3144726753234863,0.0000000000000000,0.0000000000000000,0.0000000000000000,1.0000000000000000
M 0.8541479110717773,0.0000000227312391,0.5200301408767700,1.1368228197097778,0.0000000000000000,1.0000000000000000,-0.0000000437113883,0.0000000000000000,-0.5200301408767700,0.0000000373359903,0.8541479110717773,6.5211081504821777,0.0000000000000000,0.0000000000000000,0.0000000000000000,1.0000000000000000
M 0.8442823886871338,0.0000000234248709,0.5358985662460327,1.2384816408157349,0.0000000000000000,1.0000000000000000,-0.0000000437113883,0.0000000000000000,-0.5358985662460327,0.0000000369047548,0.8442823886871338,6.7270288467407227,0.0000000000000000,0.0000000000000000,0.0000000000000000,1.0000000000000000
M 0.8340734839439392,0.0000000241135325,0.5516533255577087,1.3445379734039307,0.0000000000000000,1.0000000000000000,-0.0000000437113883,0.0000000000000000,-0.5516533255577087,0.0000000364585091,0.8340734839439392,6.9319930076599121,0.0000000000000000,0.0000000000000000,0.0000000000000000,1.0000000000000000
M 0.8235278725624084,0.0000000247964138,0.5672758221626282,1.4549319744110107,0.0000000000000000,1.0000000000000000,-0.0000000437113883,0.0000000000000000,-0.5672758221626282,0.0000000359975481,0.8235278725624084,7.1357641220092773,0.0000000000000000,0.0000000000000000,0.0000000000000000,1.0000000000000000
M 0.8126528859138489,0.0000000254727262,0.5827480554580688,1.5695991516113281,0.0000000000000000,1.0000000000000000,-0.0000000437113883,0.0000000000000000,-0.5827480554580688,0.0000000355221843,0.8126528859138489,7.3381118774414062,0.0000000000000000,0.0000000000000000,0.0000000000000000,1.0000000000000000
M 0.8014572262763977,0.0000000261416861,0.5980520844459534,1.6884529590606689,0.0000000000000000,1.0000000000000000,-0.0000000437113883,0.0000000000000000,-0.5980520844459534,0.0000000350328087,0.8014572262763977,7.5388059616088867,0.0000000000000000,0.0000000000000000,0.0000000000000000,1.0000000000000000
M 0.7899502515792847,0.0000000268025548,0.6131709814071655,1.8114008903503418,0.0000000000000000,1.0000000000000000,-0.0000000437113883,0.0000000000000000,-0.6131709814071655,0.0000000345298226,0.7899502515792847,7.7376265525817871,0.0000000000000000,0.0000000000000000,0.0000000000000000,1.0000000000000000
M 0.7781421542167664,0.0000000274546057,0.6280881762504578,1.9383380413055420,0.0000000000000000,1.0000000000000000,-0.0000000437113883,0.0000000000000000,-0.6280881762504578,0.0000000340136737,0.7781421542167664,7.9343576431274414,0.0000000000000000,0.0000000000000000,0.0000000000000000,1.0000000000000000
M 0.7660444378852844,0.0000000280971371,0.6427875757217407,2.0691432952880859,0.0000000000000000,1.0000000000000000,-0.0000000437113883,0.0000000000000000,-0.6427875757217407,0.0000000334848664,0.7660444378852844,8.1287870407104492,0.0000000000000000,0.0000000000000000,0.0000000000000000,1.0000000000000000
M 0.7536690831184387,0.0000000287294863,0.6572540402412415,2.2036910057067871,0.0000000000000000,1.0000000000000000,-0.0000000437113883,0.0000000000000000,-0.6572540402412415,0.0000000329439231,0.7536690831184387,8.3207149505615234,0.0000000000000000,0.0000000000000000,0.0000000000000000,1.0000000000000000
M 0.7410290241241455,0.0000000293510176,0.6714730262756348,2.3418364524841309,0.0000000000000000,1.0000000000000000,-0.0000000437113883,0.0000000000000000,-0.6714730262756348,0.0000000323914087,0.7410290241241455,8.5099449157714844,0.0000000000000000,0.0000000000000000,0.0000000000000000,1.0000000000000000
M 0.7281380295753479,0.0000000299611216,0.6854305267333984,2.4834280014038086,0.0000000000000000,1.0000000000000000,-0.0000000437113883,0.0000000000000000,-0.6854305267333984,0.0000000318279234,0.7281380295753479,8.6962890625000000,0.0000000000000000,0.0000000000000000,0.0000000000000000,1.0000000000000000
M 0.7150103449821472,0.0000000305592351,0.6991138458251953,2.6283082962036133,0.0000000000000000,1.0000000000000000,-0.0000000437113883,0.0000000000000000,-0.6991138458251953,0.0000000312540962,0.7150103449821472,8.8795738220214844,0.0000000000000000,0.0000000000000000,0.0000000000000000,1.0000000000000000
M 0.7016617655754089,0.0000000311448076,0.7125101685523987,2.7762978076934814,0.0000000000000000,1.0000000000000000,-0.0000000437113883,0.0000000000000000,-0.7125101685523987,0.0000000306706092,0.7016617655754089,9.0596208572387695,0.0000000000000000,0.0000000000000000,0.0000000000000000,1.0000000000000000
M 0.6881077885627747,0.0000000317173523,0.7256084680557251,2.9272189140319824,0.0000000000000000,1.0000000000000000,-0.0000000437113883,0.0000000000000000,-0.7256084680557251,0.0000000300781480,0.6881077885627747,9.2362766265869141,0.0000000000000000,0.0000000000000000,0.0000000000000000,1.0000000000000000
M 0.6743651032447815,0.0000000322764038,0.7383980154991150,3.0808796882629395,0.0000000000000000,1.0000000000000000,-0.0000000437113883,0.0000000000000000,-0.7383980154991150,0.0000000294774356,0.6743651032447815,9.4093866348266602,0.0000000000000000,0.0000000000000000,0.0000000000000000,1.0000000000000000
M 0.6604509353637695,0.0000000328215357,0.7508692145347595,3.2370791435241699,0.0000000000000000,1.0000000000000000,-0.0000000437113883,0.0000000000000000,-0.7508692145347595,0.0000000288692270,0.6604509353637695,9.5788145065307617,0.0000000000000000,0.0000000000000000,0.0000000000000000,1.0000000000000000
M 0.6463831067085266,0.0000000333523609,0.7630130648612976,3.3956084251403809,0.0000000000000000,1.0000000000000000,-0.0000000437113883,0.0000000000000000,-0.7630130648612976,0.0000000282543038,0.6463831067085266,9.7444238662719727,0.0000000000000000,0.0000000000000000,0.0000000000000000,1.0000000000000000
M 0.6321796178817749,0.0000000338685382,0.7748218774795532,3.5562553405761719,0.0000000000000000,1.0000000000000000,-0.0000000437113883,0.0000000000000000,-0.7748218774795532,0.0000000276334493,0.6321796178817749,9.9060993194580078,0.0000000000000000,0.0000000000000000,0.0000000000000000,1.0000000000000000
M 0.6178596019744873,0.0000000343697586,0.7862884402275085,3.7187914848327637,0.0000000000000000,1.0000000000000000,-0.0000000437113883,0.0000000000000000,-0.7862884402275085,0.0000000270075002,0.6178596019744873,10.0637292861938477,0.0000000000000000,0.0000000000000000,0.0000000000000000,1.0000000000000000
M 0.6034420132637024,0.0000000348557627,0.7974069118499756,3.8829922676086426,0.0000000000000000,1.0000000000000000,-0.0000000437113883,0.0000000000000000,-0.7974069118499756,0.0000000263772879,0.6034420132637024,10.2172174453735352,0.0000000000000000,0.0000000000000000,0.0000000000000000,1.0000000000000000
M 0.5889465212821960,0.0000000353263196,0.8081719875335693,4.0486197471618652,0.0000000000000000,1.0000000000000000,-0.0000000437113883,0.0000000000000000,-0.8081719875335693,0.0000000257436703,0.5889465212821960,10.3664731979370117,0.0000000000000000,0.0000000000000000,0.0000000000000000,1.0000000000000000
M 0.5743930339813232,0.0000000357812553,0.8185796737670898,4.2154312133789062,0.0000000000000000,1.0000000000000000,-0.0000000437113883,0.0000000000000000,-0.8185796737670898,0.0000000251075161,0.5743930339813232,10.5114231109619141,0.0000000000000000,0.0000000000000000,0.0000000000000000,1.0000000000000000
M 0.5598015189170837,0.0000000362204240,0.8286266922950745,4.3831872940063477,0.0000000000000000,1.0000000000000000,-0.0000000437113883,0.0000000000000000,-0.8286266922950745,0.0000000244697009,0.5598015189170837,10.6520042419433594,0.0000000000000000,0.0000000000000000,0.0000000000000000,1.0000000000000000
M 0.5451927781105042,0.0000000366437263,0.8383107185363770,4.5516304969787598,0.0000000000000000,1.0000000000000000,-0.0000000437113883,0.0000000000000000,-0.8383107185363770,0.0000000238311326,0.5451927781105042,10.7881584167480469,0.0000000000000000,0.0000000000000000,0.0000000000000000,1.0000000000000000
M 0.5305871367454529,0.0000000370511017,0.8476303815841675,4.7205123901367188,0.0000000000000000,1.0000000000000000,-0.0000000437113883,0.0000000000000000,-0.8476303815841675,0.0000000231927011,0.5305871367454529,10.9198465347290039,0.0000000000000000,0.0000000000000000,0.0000000000000000,1.0000000000000000
M 0.5160056948661804,0.0000000374425255,0.8565851449966431,4.8895726203918457,0.0000000000000000,1.0000000000000000,-0.0000000437113883,0.0000000000000000,-0.8565851449966431,0.0000000225553247,0.5160056948661804,11.0470342636108398,0.0000000000000000,0.0000000000000000,0.0000000000000000,1.0000000000000000
M 0.5014691352844238,0.0000000378180225,0.8651755452156067,5.0585532188415527,0.0000000000000000,1.0000000000000000,-0.0000000437113883,0.0000000000000000,-0.8651755452156067,0.0000000219199112,0.5014691352844238,11.1697034835815430,0.0000000000000000,0.0000000000000000,0.0000000000000000,1.0000000000000000
M 0.4869986176490784,0.0000000381776459,0.8734027147293091,5.2271909713745117,0.0000000000000000,1.0000000000000000,-0.0000000437113883,0.0000000000000000,-0.8734027147293091,0.0000000212873861,0.4869986176490784,11.2878408432006836,0.0000000000000000,0.0000000000000000,0.0000000000000000,1.0000000000000000
M 0.4726150333881378,0.0000000385214918,0.8812689781188965,5.3952250480651855,0.0000000000000000,1.0000000000000000,-0.0000000437113883,0.0000000000000000,-0.8812689781188965,0.0000000206586588,0.4726150333881378,11.4014501571655273,0.0000000000000000,0.0000000000000000,0.0000000000000000,1.0000000000000000
M 0.4583394229412079,0.0000000388496879,0.8887772560119629,5.5623898506164551,0.0000000000000000,1.0000000000000000,-0.0000000437113883,0.0000000000000000,-0.8887772560119629,0.0000000200346530,0.4583394229412079,11.5105409622192383,0.0000000000000000,0.0000000000000000,0.0000000000000000,1.0000000000000000
M 0.4441924989223480,0.0000000391624049,0.8959313631057739,5.7284250259399414,0.0000000000000000,1.0000000000000000,-0.0000000437113883,0.0000000000000000,-0.8959313631057739,0.0000000194162713,0.4441924989223480,11.6151342391967773,0.0000000000000000,0.0000000000000000,0.0000000000000000,1.0000000000000000
M 0.4301956593990326,0.0000000394598274,0.9027356505393982,5.8930583000183105,0.0000000000000000,1.0000000000000000,-0.0000000437113883,0.0000000000000000,-0.9027356505393982,0.0000000188044496,0.4301956593990326,11.7152585983276367,0.0000000000000000,0.0000000000000000,0.0000000000000000,1.0000000000000000
