O DOOR_4_EXTERNAL_NOTOUCH
A DOOR_4_EXTERNAL_NOTOUCH_DOOR_4_EXTERNAL_NOTOUCH
M 1.0000000000000000,0.0000000000000000,0.0000000000000000,0.0000000000000000,0.0000000000000000,1.0000000000000000,-0.0000000437113883,-0.0000000050912714,-0.0000000000000000,0.0000000437113883,1.0000000000000000,0.0000000001643059,0.0000000000000000,0.0000000000000000,0.0000000000000000,1.0000000000000000
M 0.9999992251396179,-0.0000000000552551,-0.0012640904169530,-0.0003399100387469,0.0000000000000000,1.0000000000000000,-0.0000000437113883,-0.0000000050912714,0.0012640904169530,0.0000000437113385,0.9999992251396179,0.0165631659328938,0.0000000000000000,0.0000000000000000,0.0000000000000000,1.0000000000000000
M 0.9999874830245972,-0.0000000002184938,-0.0049985554069281,-0.0014627379132435,0.0000000000000000,1.0000000000000000,-0.0000000437113883,-0.0000000050912714,0.0049985554069281,0.0000000437108412,0.9999874830245972,0.0654949396848679,0.0000000000000000,0.0000000000000000,0.0000000000000000,1.0000000000000000
M 0.9999381899833679,-0.0000000004859195,-0.0111165456473827,-0.0036995555274189,0.0000000000000000,1.0000000000000000,-0.0000000437113883,-0.0000000050912714,0.0111165456473827,0.0000000437086882,0.9999381899833679,0.1456565260887146,0.0000000000000000,0.0000000000000000,0.0000000000000000,1.0000000000000000
M 0.9998092651367188,-0.0000000008537169,-0.0195307657122612,-0.0075750169344246,0.0000000000000000,1.0000000000000000,-0.0000000437113883,-0.0000000050912714,0.0195307657122612,0.0000000437030501,0.9998092651367188,0.2559027671813965,0.0000000000000000,0.0000000000000000,0.0000000000000000,1.0000000000000000
M 0.9995452761650085,-0.0000000013180307,-0.0301530268043280,-0.0137930391356349,0.0000000000000000,1.0000000000000000,-0.0000000437113883,-0.0000000050912714,0.0301530268043280,0.0000000436915109,0.9995452761650085,0.3950764536857605,0.0000000000000000,0.0000000000000000,0.0000000000000000,1.0000000000000000
M 0.9990796446800232,-0.0000000018749426,-0.0428936854004860,-0.0232043582946062,0.0000000000000000,1.0000000000000000,-0.0000000437113883,-0.0000000050912714,0.0428936854004860,0.0000000436711431,0.9990796446800232,0.5620009303092957,0.0000000000000000,0.0000000000000000,0.0000000000000000,1.0000000000000000
M 0.9983361959457397,-0.0000000025204470,-0.0576611049473286,-0.0367826744914055,0.0000000000000000,1.0000000000000000,-0.0000000437113883,-0.0000000050912714,0.0576611049473286,0.0000000436386607,0.9983361959457397,0.7554732561111450,0.0000000000000000,0.0000000000000000,0.0000000000000000,1.0000000000000000
M 0.9972313642501831,-0.0000000032504210,-0.0743609666824341,-0.0555979236960411,0.0000000000000000,1.0000000000000000,-0.0000000437113883,-0.0000000050912714,0.0743609666824341,0.0000000435903686,0.9972313642501831,0.9742548465728760,0.0000000000000000,0.0000000000000000,0.0000000000000000,1.0000000000000000
M 0.9956758618354797,-0.0000000040606012,-0.0928957238793373,-0.0807990953326225,0.0000000000000000,1.0000000000000000,-0.0000000437113883,-0.0000000050912714,0.0928957238793373,0.0000000435223591,0.9956758618354797,1.2170649766921997,0.0000000000000000,0.0000000000000000,0.0000000000000000,1.0000000000000000
M 0.9935762882232666,-0.0000000049465578,-0.1131640523672104,-0.1135827451944351,0.0000000000000000,1.0000000000000000,-0.0000000437113883,-0.0000000050912714,0.1131640523672104,0.0000000434305996,0.9935762882232666,1.4825732707977295,0.0000000000000000,0.0000000000000000,0.0000000000000000,1.0000000000000000
M 0.9908373951911926,-0.0000000059036758,-0.1350603997707367,-0.1551777273416519,0.0000000000000000,1.0000000000000000,-0.0000000437113883,-0.0000000050912714,0.1350603997707367,0.0000000433108625,0.9908373951911926,1.7693939208984375,0.0000000000000000,0.0000000000000000,0.0000000000000000,1.0000000000000000
M 0.9873631000518799,-0.0000000069271389,-0.1584744602441788,-0.2068136781454086,0.0000000000000000,1.0000000000000000,-0.0000000437113883,-0.0000000050912714,0.1584744602441788,0.0000000431589982,0.9873631000518799,2.0760786533355713,0.0000000000000000,0.0000000000000000,0.0000000000000000,1.0000000000000000
M 0.9830586910247803,-0.0000000080119085,-0.1832911819219589,-0.2697115540504456,0.0000000000000000,1.0000000000000000,-0.0000000437113883,-0.0000000050912714,0.1832911819219589,0.0000000429708464,0.9830586910247803,2.4011170864105225,0.0000000000000000,0.0000000000000000,0.0000000000000000,1.0000000000000000
M 0.9778321385383606,-0.0000000091527443,-0.2093903869390488,-0.3450491726398468,0.0000000000000000,1.0000000000000000,-0.0000000437113883,-0.0000000050912714,0.2093903869390488,0.0000000427423998,0.9778321385383606,2.7429327964782715,0.0000000000000000,0.0000000000000000,0.0000000000000000,1.0000000000000000
M 0.9715957641601562,-0.0000000103441593,-0.2366467714309692,-0.4339536726474762,0.0000000000000000,1.0000000000000000,-0.0000000437113883,-0.0000000050912714,0.2366467714309692,0.0000000424697859,0.9715957641601562,3.0998806953430176,0.0000000000000000,0.0000000000000000,0.0000000000000000,1.0000000000000000
M 0.9642675518989563,-0.0000000115804717,-0.2649303972721100,-0.5374738574028015,0.0000000000000000,1.0000000000000000,-0.0000000437113883,-0.0000000050912714,0.2649303972721100,0.0000000421494732,0.9642675518989563,3.4702563285827637,0.0000000000000000,0.0000000000000000,0.0000000000000000,1.0000000000000000
M 0.9557726979255676,-0.0000000128557964,-0.2941064238548279,-0.6565668582916260,0.0000000000000000,1.0000000000000000,-0.0000000437113883,-0.0000000050912714,0.2941064238548279,0.0000000417781365,0.9557726979255676,3.8522908687591553,0.0000000000000000,0.0000000000000000,0.0000000000000000,1.0000000000000000
M 0.9460447430610657,-0.0000000141640673,-0.3240360915660858,-0.7920741438865662,0.0000000000000000,1.0000000000000000,-0.0000000437113883,-0.0000000050912714,0.3240360915660858,0.0000000413529158,0.9460447430610657,4.2441649436950684,0.0000000000000000,0.0000000000000000,0.0000000000000000,1.0000000000000000
M 0.9350267648696899,-0.0000000154990580,-0.3545771241188049,-0.9447219371795654,0.0000000000000000,1.0000000000000000,-0.0000000437113883,-0.0000000050912714,0.3545771241188049,0.0000000408713028,0.9350267648696899,4.6440129280090332,0.0000000000000000,0.0000000000000000,0.0000000000000000,1.0000000000000000
M 0.9226726293563843,-0.0000000168544219,-0.3855842351913452,-1.1150863170623779,0.0000000000000000,1.0000000000000000,-0.0000000437113883,-0.0000000050912714,0.3855842351913452,0.0000000403312868,0.9226726293563843,5.0499300956726074,0.0000000000000000,0.0000000000000000,0.0000000000000000,1.0000000000000000
M 0.9089475274085999,-0.0000000182237301,-0.4169105291366577,-1.3036015033721924,0.0000000000000000,1.0000000000000000,-0.0000000437113883,-0.0000000050912714,0.4169105291366577,0.0000000397313435,0.9089475274085999,5.4599909782409668,0.0000000000000000,0.0000000000000000,0.0000000000000000,1.0000000000000000
M 0.8938291668891907,-0.0000000196005168,-0.4484077095985413,-1.5105308294296265,0.0000000000000000,1.0000000000000000,-0.0000000437113883,-0.0000000050912714,0.4484077095985413,0.0000000390704997,0.8938291668891907,5.8722524642944336,0.0000000000000000,0.0000000000000000,0.0000000000000000,1.0000000000000000
M 0.8773078322410583,-0.0000000209783231,-0.4799280762672424,-1.7359831333160400,0.0000000000000000,1.0000000000000000,-0.0000000437113883,-0.0000000050912714,0.4799280762672424,0.0000000383483290,0.8773078322410583,6.2847800254821777,0.0000000000000000,0.0000000000000000,0.0000000000000000,1.0000000000000000
M 0.8593875169754028,-0.0000000223507257,-0.5113248229026794,-1.9798765182495117,0.0000000000000000,1.0000000000000000,-0.0000000437113883,-0.0000000050912714,0.5113248229026794,0.0000000375650089,0.8593875169754028,6.6956505775451660,0.0000000000000000,0.0000000000000000,0.0000000000000000,1.0000000000000000
M 0.8400855660438538,-0.0000000237114079,-0.5424539446830750,-2.2419614791870117,0.0000000000000000,1.0000000000000000,-0.0000000437113883,-0.0000000050912714,0.5424539446830750,0.0000000367212927,0.8400855660438538,7.1029777526855469,0.0000000000000000,0.0000000000000000,0.0000000000000000,1.0000000000000000
M 0.8194330334663391,-0.0000000250542662,-0.5731749534606934,-2.5218074321746826,0.0000000000000000,1.0000000000000000,-0.0000000437113883,-0.0000000050912714,0.5731749534606934,0.0000000358185410,0.8194330334663391,7.5049223899841309,0.0000000000000000,0.0000000000000000,0.0000000000000000,1.0000000000000000
M 0.7974745631217957,-0.0000000263733710,-0.6033525466918945,-2.8188052177429199,0.0000000000000000,1.0000000000000000,-0.0000000437113883,-0.0000000050912714,0.6033525466918945,0.0000000348587186,0.7974745631217957,7.8997135162353516,0.0000000000000000,0.0000000000000000,0.0000000000000000,1.0000000000000000
M 0.7742682695388794,-0.0000000276630736,-0.6328575015068054,-3.1321709156036377,0.0000000000000000,1.0000000000000000,-0.0000000437113883,-0.0000000050912714,0.6328575015068054,0.0000000338443407,0.7742682695388794,8.2856607437133789,0.0000000000000000,0.0000000000000000,0.0000000000000000,1.0000000000000000
M 0.7498849630355835,-0.0000000289180591,-0.6615682244300842,-3.4609520435333252,0.0000000000000000,1.0000000000000000,-0.0000000437113883,-0.0000000050912714,0.6615682244300842,0.0000000327785123,0.7498849630355835,8.6611728668212891,0.0000000000000000,0.0000000000000000,0.0000000000000000,1.0000000000000000
M 0.7244077324867249,-0.0000000301333891,-0.6893717646598816,-3.8040392398834229,0.0000000000000000,1.0000000000000000,-0.0000000437113883,-0.0000000050912714,0.6893717646598816,0.0000000316648681,0.7244077324867249,9.0247726440429688,0.0000000000000000,0.0000000000000000,0.0000000000000000,1.0000000000000000
M 0.6979314088821411,-0.0000000313045483,-0.7161645889282227,-4.1601648330688477,0.0000000000000000,1.0000000000000000,-0.0000000437113883,-0.0000000050912714,0.7161645889282227,0.0000000305075432,0.6979314088821411,9.3751068115234375,0.0000000000000000,0.0000000000000000,0.0000000000000000,1.0000000000000000
M 0.6705613136291504,-0.0000000324274723,-0.7418541312217712,-4.5279312133789062,0.0000000000000000,1.0000000000000000,-0.0000000437113883,-0.0000000050912714,0.7418541312217712,0.0000000293111597,0.6705613136291504,9.7109651565551758,0.0000000000000000,0.0000000000000000,0.0000000000000000,1.0000000000000000
M 0.6424123644828796,-0.0000000334986225,-0.7663591504096985,-4.9058084487915039,0.0000000000000000,1.0000000000000000,-0.0000000437113883,-0.0000000050912714,0.7663591504096985,0.0000000280807289,0.6424123644828796,10.0312881469726562,0.0000000000000000,0.0000000000000000,0.0000000000000000,1.0000000000000000
M 0.6136082410812378,-0.0000000345149758,-0.7896106243133545,-5.2921552658081055,0.0000000000000000,1.0000000000000000,-0.0000000437113883,-0.0000000050912714,0.7896106243133545,0.0000000268216613,0.6136082410812378,10.3351736068725586,0.0000000000000000,0.0000000000000000,0.0000000000000000,1.0000000000000000
M 0.5842798948287964,-0.0000000354740735,-0.8115522265434265,-5.6852374076843262,0.0000000000000000,1.0000000000000000,-0.0000000437113883,-0.0000000050912714,0.8115522265434265,0.0000000255396788,0.5842798948287964,10.6218881607055664,0.0000000000000000,0.0000000000000000,0.0000000000000000,1.0000000000000000
M 0.5545643568038940,-0.0000000363740291,-0.8321408033370972,-6.0832357406616211,0.0000000000000000,1.0000000000000000,-0.0000000437113883,-0.0000000050912714,0.8321408033370972,0.0000000242407783,0.5545643568038940,10.8908700942993164,0.0000000000000000,0.0000000000000000,0.0000000000000000,1.0000000000000000
M 0.5246039628982544,-0.0000000372135318,-0.8513463735580444,-6.4842696189880371,0.0000000000000000,1.0000000000000000,-0.0000000437113883,-0.0000000050912714,0.8513463735580444,0.0000000229311681,0.5246039628982544,11.1417312622070312,0.0000000000000000,0.0000000000000000,0.0000000000000000,1.0000000000000000
M 0.4945440888404846,-0.0000000379918639,-0.8691525459289551,-6.8864130973815918,0.0000000000000000,1.0000000000000000,-0.0000000437113883,-0.0000000050912714,0.8691525459289551,0.0000000216172094,0.4945440888404846,11.3742599487304688,0.0000000000000000,0.0000000000000000,0.0000000000000000,1.0000000000000000
M 0.4645335078239441,-0.0000000387088477,-0.8855555653572083,-7.2876996994018555,0.0000000000000000,1.0000000000000000,-0.0000000437113883,-0.0000000050912714,0.8855555653572083,0.0000000203054054,0.4645335078239441,11.5884103775024414,0.0000000000000000,0.0000000000000000,0.0000000000000000,1.0000000000000000
M 0.4347211122512817,-0.0000000393649380,-0.9005651473999023,-7.6861591339111328,0.0000000000000000,1.0000000000000000,-0.0000000437113883,-0.0000000050912714,0.9005651473999023,0.0000000190022629,0.4347211122512817,11.7843132019042969,0.0000000000000000,0.0000000000000000,0.0000000000000000,1.0000000000000000
M 0.4052566289901733,-0.0000000399610691,-0.9142029881477356,-8.0798110961914062,0.0000000000000000,1.0000000000000000,-0.0000000437113883,-0.0000000050912714,0.9142029881477356,0.0000000177143225,0.4052566289901733,11.9622592926025391,0.0000000000000000,0.0000000000000000,0.0000000000000000,1.0000000000000000
M 0.3762883841991425,-0.0000000404987155,-0.9265025854110718,-8.4666967391967773,0.0000000000000000,1.0000000000000000,-0.0000000437113883,-0.0000000050912714,0.9265025854110718,0.0000000164480873,0.3762883841991425,12.1226882934570312,0.0000000000000000,0.0000000000000000,0.0000000000000000,1.0000000000000000
M 0.3479637503623962,-0.0000000409797600,-0.9375079870223999,-8.8448657989501953,0.0000000000000000,1.0000000000000000,-0.0000000437113883,-0.0000000050912714,0.9375079870223999,0.0000000152099791,0.3479637503623962,12.2661819458007812,0.0000000000000000,0.0000000000000000,0.0000000000000000,1.0000000000000000
M 0.3204264938831329,-0.0000000414066328,-0.9472733736038208,-9.2124204635620117,0.0000000000000000,1.0000000000000000,-0.0000000437113883,-0.0000000050912714,0.9472733736038208,0.0000000140062868,0.3204264938831329,12.3934516906738281,0.0000000000000000,0.0000000000000000,0.0000000000000000,1.0000000000000000
M 0.2938173115253448,-0.0000000417820232,-0.9558616280555725,-9.5674972534179688,0.0000000000000000,1.0000000000000000,-0.0000000437113883,-0.0000000050912714,0.9558616280555725,0.0000000128431594,0.2938173115253448,12.5053272247314453,0.0000000000000000,0.0000000000000000,0.0000000000000000,1.0000000000000000
M 0.2682729661464691,-0.0000000421090540,-0.9633429050445557,-9.9082908630371094,0.0000000000000000,1.0000000000000000,-0.0000000437113883,-0.0000000050912714,0.9633429050445557,0.0000000117265877,0.2682729661464691,12.6027297973632812,0.0000000000000000,0.0000000000000000,0.0000000000000000,1.0000000000000000
M 0.2439259141683578,-0.0000000423910365,-0.9697938561439514,-10.2330465316772461,0.0000000000000000,1.0000000000000000,-0.0000000437113883,-0.0000000050912714,0.9697938561439514,0.0000000106623403,0.2439259141683578,12.6866655349731445,0.0000000000000000,0.0000000000000000,0.0000000000000000,1.0000000000000000
M 0.2209036946296692,-0.0000000426315232,-0.9752956032752991,-10.5400800704956055,0.0000000000000000,1.0000000000000000,-0.0000000437113883,-0.0000000050912714,0.9752956032752991,0.0000000096560075,0.2209036946296692,12.7581996917724609,0.0000000000000000,0.0000000000000000,0.0000000000000000,1.0000000000000000
M 0.1993293911218643,-0.0000000428342126,-0.9799325466156006,-10.8277597427368164,0.0000000000000000,1.0000000000000000,-0.0000000437113883,-0.0000000050912714,0.9799325466156006,0.0000000087129646,0.1993293911218643,12.8184413909912109,0.0000000000000000,0.0000000000000000,0.0000000000000000,1.0000000000000000
M 0.1793212741613388,-0.0000000430028386,-0.9837905764579773,-11.0945224761962891,0.0000000000000000,1.0000000000000000,-0.0000000437113883,-0.0000000050912714,0.9837905764579773,0.0000000078383815,0.1793212741613388,12.8685178756713867,0.0000000000000000,0.0000000000000000,0.0000000000000000,1.0000000000000000
M 0.1609928160905838,-0.0000000431411991,-0.9869555830955505,-11.3388624191284180,0.0000000000000000,1.0000000000000000,-0.0000000437113883,-0.0000000050912714,0.9869555830955505,0.0000000070372197,0.1609928160905838,12.9095563888549805,0.0000000000000000,0.0000000000000000,0.0000000000000000,1.0000000000000000
M 0.1444526165723801,-0.0000000432529177,-0.9895117282867432,-11.5593442916870117,0.0000000000000000,1.0000000000000000,-0.0000000437113883,-0.0000000050912714,0.9895117282867432,0.0000000063142225,0.1444526165723801,12.9426612854003906,0.0000000000000000,0.0000000000000000,0.0000000000000000,1.0000000000000000
M 0.1298061907291412,-0.0000000433415615,-0.9915393590927124,-11.7545661926269531,0.0000000000000000,1.0000000000000000,-0.0000000437113883,-0.0000000050912714,0.9915393590927124,0.0000000056740088,0.1298061907291412,12.9688873291015625,0.0000000000000000,0.0000000000000000,0.0000000000000000,1.0000000000000000
M 0.1171546578407288,-0.0000000434103633,-0.9931136965751648,-11.9231872558593750,0.0000000000000000,1.0000000000000000,-0.0000000437113883,-0.0000000050912714,0.9931136965751648,0.0000000051209925,0.1171546578407288,12.9892215728759766,0.0000000000000000,0.0000000000000000,0.0000000000000000,1.0000000000000000
M 0.1065955758094788,-0.0000000434623395,-0.9943024516105652,-12.0639123916625977,0.0000000000000000,1.0000000000000000,-0.0000000437113883,-0.0000000050912714,0.9943024516105652,0.0000000046594404,0.1065955758094788,13.0045537948608398,0.0000000000000000,0.0000000000000000,0.0000000000000000,1.0000000000000000
M 0.0982248634099960,-0.0000000434999983,-0.9951642751693726,-12.1754674911499023,0.0000000000000000,1.0000000000000000,-0.0000000437113883,-0.0000000050912714,0.9951642751693726,0.0000000042935451,0.0982248634099960,13.0156536102294922,0.0000000000000000,0.0000000000000000,0.0000000000000000,1.0000000000000000
M 0.0921341180801392,-0.0000000435254535,-0.9957466125488281,-12.2566356658935547,0.0000000000000000,1.0000000000000000,-0.0000000437113883,-0.0000000050912714,0.9957466125488281,0.0000000040273100,0.0921341180801392,13.0231437683105469,0.0000000000000000,0.0000000000000000,0.0000000000000000,1.0000000000000000
M 0.0884150192141533,-0.0000000435401901,-0.9960837364196777,-12.3061981201171875,0.0000000000000000,1.0000000000000000,-0.0000000437113883,-0.0000000050912714,0.9960837364196777,0.0000000038647423,0.0884150192141533,13.0274763107299805,0.0000000000000000,0.0000000000000000,0.0000000000000000,1.0000000000000000
M 0.0871558040380478,-0.0000000435450538,-0.9961947202682495,-12.3229780197143555,0.0000000000000000,1.0000000000000000,-0.0000000437113883,-0.0000000050912714,0.9961947202682495,0.0000000038097001,0.0871558040380478,13.0289011001586914,0.0000000000000000,0.0000000000000000,0.0000000000000000,1.0000000000000000
M 0.0871558040380478,-0.0000000435450538,-0.9961947202682495,-12.3229780197143555,0.0000000000000000,1.0000000000000000,-0.0000000437113883,-0.0000000050912714,0.9961947202682495,0.0000000038097001,0.0871558040380478,13.0289011001586914,0.0000000000000000,0.0000000000000000,0.0000000000000000,1.0000000000000000
M 0.0871558040380478,-0.0000000435450538,-0.9961947202682495,-12.3229780197143555,0.0000000000000000,1.0000000000000000,-0.0000000437113883,-0.0000000050912714,0.9961947202682495,0.0000000038097001,0.0871558040380478,13.0289011001586914,0.0000000000000000,0.0000000000000000,0.0000000000000000,1.0000000000000000
M 0.0871558040380478,-0.0000000435450538,-0.9961947202682495,-12.3229780197143555,0.0000000000000000,1.0000000000000000,-0.0000000437113883,-0.0000000050912714,0.9961947202682495,0.0000000038097001,0.0871558040380478,13.0289011001586914,0.0000000000000000,0.0000000000000000,0.0000000000000000,1.0000000000000000
M 0.0871558040380478,-0.0000000435450538,-0.9961947202682495,-12.3229780197143555,0.0000000000000000,1.0000000000000000,-0.0000000437113883,-0.0000000050912714,0.9961947202682495,0.0000000038097001,0.0871558040380478,13.0289011001586914,0.0000000000000000,0.0000000000000000,0.0000000000000000,1.0000000000000000
M 0.0871558040380478,-0.0000000435450538,-0.9961947202682495,-12.3229780197143555,0.0000000000000000,1.0000000000000000,-0.0000000437113883,-0.0000000050912714,0.9961947202682495,0.0000000038097001,0.0871558040380478,13.0289011001586914,0.0000000000000000,0.0000000000000000,0.0000000000000000,1.0000000000000000
M 0.0871558040380478,-0.0000000435450538,-0.9961947202682495,-12.3229780197143555,0.0000000000000000,1.0000000000000000,-0.0000000437113883,-0.0000000050912714,0.9961947202682495,0.0000000038097001,0.0871558040380478,13.0289011001586914,0.0000000000000000,0.0000000000000000,0.0000000000000000,1.0000000000000000
M 0.0871558040380478,-0.0000000435450538,-0.9961947202682495,-12.3229780197143555,0.0000000000000000,1.0000000000000000,-0.0000000437113883,-0.0000000050912714,0.9961947202682495,0.0000000038097001,0.0871558040380478,13.0289011001586914,0.0000000000000000,0.0000000000000000,0.0000000000000000,1.0000000000000000
M 0.0871558040380478,-0.0000000435450538,-0.9961947202682495,-12.3229780197143555,0.0000000000000000,1.0000000000000000,-0.0000000437113883,-0.0000000050912714,0.9961947202682495,0.0000000038097001,0.0871558040380478,13.0289011001586914,0.0000000000000000,0.0000000000000000,0.0000000000000000,1.0000000000000000
M 0.0871558040380478,-0.0000000435450538,-0.9961947202682495,-12.3229780197143555,0.0000000000000000,1.0000000000000000,-0.0000000437113883,-0.0000000050912714,0.9961947202682495,0.0000000038097001,0.0871558040380478,13.0289011001586914,0.0000000000000000,0.0000000000000000,0.0000000000000000,1.0000000000000000
M 0.0871558040380478,-0.0000000435450538,-0.9961947202682495,-12.3229780197143555,0.0000000000000000,1.0000000000000000,-0.0000000437113883,-0.0000000050912714,0.9961947202682495,0.0000000038097001,0.0871558040380478,13.0289011001586914,0.0000000000000000,0.0000000000000000,0.0000000000000000,1.0000000000000000
M 0.0871558040380478,-0.0000000435450538,-0.9961947202682495,-12.3229780197143555,0.0000000000000000,1.0000000000000000,-0.0000000437113883,-0.0000000050912714,0.9961947202682495,0.0000000038097001,0.0871558040380478,13.0289011001586914,0.0000000000000000,0.0000000000000000,0.0000000000000000,1.0000000000000000
M 0.0871558040380478,-0.0000000435450538,-0.9961947202682495,-12.3229780197143555,0.0000000000000000,1.0000000000000000,-0.0000000437113883,-0.0000000050912714,0.9961947202682495,0.0000000038097001,0.0871558040380478,13.0289011001586914,0.0000000000000000,0.0000000000000000,0.0000000000000000,1.0000000000000000
M 0.0871558040380478,-0.0000000435450538,-0.9961947202682495,-12.3229780197143555,0.0000000000000000,1.0000000000000000,-0.0000000437113883,-0.0000000050912714,0.9961947202682495,0.0000000038097001,0.0871558040380478,13.0289011001586914,0.0000000000000000,0.0000000000000000,0.0000000000000000,1.0000000000000000
M 0.0871558040380478,-0.0000000435450538,-0.9961947202682495,-12.3229780197143555,0.0000000000000000,1.0000000000000000,-0.0000000437113883,-0.0000000050912714,0.9961947202682495,0.0000000038097001,0.0871558040380478,13.0289011001586914,0.0000000000000000,0.0000000000000000,0.0000000000000000,1.0000000000000000
M 0.0871558040380478,-0.0000000435450538,-0.9961947202682495,-12.3229780197143555,0.0000000000000000,1.0000000000000000,-0.0000000437113883,-0.0000000050912714,0.9961947202682495,0.0000000038097001,0.0871558040380478,13.0289011001586914,0.0000000000000000,0.0000000000000000,0.0000000000000000,1.0000000000000000
M 0.0871558040380478,-0.0000000435450538,-0.9961947202682495,-12.3229780197143555,0.0000000000000000,1.0000000000000000,-0.0000000437113883,-0.0000000050912714,0.9961947202682495,0.0000000038097001,0.0871558040380478,13.0289011001586914,0.0000000000000000,0.0000000000000000,0.0000000000000000,1.0000000000000000
M 0.0871558040380478,-0.0000000435450538,-0.9961947202682495,-12.3229780197143555,0.0000000000000000,1.0000000000000000,-0.0000000437113883,-0.0000000050912714,0.9961947202682495,0.0000000038097001,0.0871558040380478,13.0289011001586914,0.0000000000000000,0.0000000000000000,0.0000000000000000,1.0000000000000000
M 0.0871558040380478,-0.0000000435450538,-0.9961947202682495,-12.3229780197143555,0.0000000000000000,1.0000000000000000,-0.0000000437113883,-0.0000000050912714,0.9961947202682495,0.0000000038097001,0.0871558040380478,13.0289011001586914,0.0000000000000000,0.0000000000000000,0.0000000000000000,1.0000000000000000
M 0.0871558040380478,-0.0000000435450538,-0.9961947202682495,-12.3229780197143555,0.0000000000000000,1.0000000000000000,-0.0000000437113883,-0.0000000050912714,0.9961947202682495,0.0000000038097001,0.0871558040380478,13.0289011001586914,0.0000000000000000,0.0000000000000000,0.0000000000000000,1.0000000000000000
M 0.0871558040380478,-0.0000000435450538,-0.9961947202682495,-12.3229780197143555,0.0000000000000000,1.0000000000000000,-0.0000000437113883,-0.0000000050912714,0.9961947202682495,0.0000000038097001,0.0871558040380478,13.0289011001586914,0.0000000000000000,0.0000000000000000,0.0000000000000000,1.0000000000000000
M 0.0871558040380478,-0.0000000435450538,-0.9961947202682495,-12.3229780197143555,0.0000000000000000,1.0000000000000000,-0.0000000437113883,-0.0000000050912714,0.9961947202682495,0.0000000038097001,0.0871558040380478,13.0289011001586914,0.0000000000000000,0.0000000000000000,0.0000000000000000,1.0000000000000000
M 0.0871558040380478,-0.0000000435450538,-0.9961947202682495,-12.3229780197143555,0.0000000000000000,1.0000000000000000,-0.0000000437113883,-0.0000000050912714,0.9961947202682495,0.0000000038097001,0.0871558040380478,13.0289011001586914,0.0000000000000000,0.0000000000000000,0.0000000000000000,1.0000000000000000
M 0.0871558040380478,-0.0000000435450538,-0.9961947202682495,-12.3229780197143555,0.0000000000000000,1.0000000000000000,-0.0000000437113883,-0.0000000050912714,0.9961947202682495,0.0000000038097001,0.0871558040380478,13.0289011001586914,0.0000000000000000,0.0000000000000000,0.0000000000000000,1.0000000000000000
M 0.0871558040380478,-0.0000000435450538,-0.9961947202682495,-12.3229780197143555,0.0000000000000000,1.0000000000000000,-0.0000000437113883,-0.0000000050912714,0.9961947202682495,0.0000000038097001,0.0871558040380478,13.0289011001586914,0.0000000000000000,0.0000000000000000,0.0000000000000000,1.0000000000000000
M 0.0871558040380478,-0.0000000435450538,-0.9961947202682495,-12.3229780197143555,0.0000000000000000,1.0000000000000000,-0.0000000437113883,-0.0000000050912714,0.9961947202682495,0.0000000038097001,0.0871558040380478,13.0289011001586914,0.0000000000000000,0.0000000000000000,0.0000000000000000,1.0000000000000000
M 0.0871558040380478,-0.0000000435450538,-0.9961947202682495,-12.3229780197143555,0.0000000000000000,1.0000000000000000,-0.0000000437113883,-0.0000000050912714,0.9961947202682495,0.0000000038097001,0.0871558040380478,13.0289011001586914,0.0000000000000000,0.0000000000000000,0.0000000000000000,1.0000000000000000
M 0.0871558040380478,-0.0000000435450538,-0.9961947202682495,-12.3229780197143555,0.0000000000000000,1.0000000000000000,-0.0000000437113883,-0.0000000050912714,0.9961947202682495,0.0000000038097001,0.0871558040380478,13.0289011001586914,0.0000000000000000,0.0000000000000000,0.0000000000000000,1.0000000000000000
M 0.0871558040380478,-0.0000000435450538,-0.9961947202682495,-12.3229780197143555,0.0000000000000000,1.0000000000000000,-0.0000000437113883,-0.0000000050912714,0.9961947202682495,0.0000000038097001,0.0871558040380478,13.0289011001586914,0.0000000000000000,0.0000000000000000,0.0000000000000000,1.0000000000000000
M 0.0871558040380478,-0.0000000435450538,-0.9961947202682495,-12.3229780197143555,0.0000000000000000,1.0000000000000000,-0.0000000437113883,-0.0000000050912714,0.9961947202682495,0.0000000038097001,0.0871558040380478,13.0289011001586914,0.0000000000000000,0.0000000000000000,0.0000000000000000,1.0000000000000000
M 0.0871558040380478,-0.0000000435450538,-0.9961947202682495,-12.3229780197143555,0.0000000000000000,1.0000000000000000,-0.0000000437113883,-0.0000000050912714,0.9961947202682495,0.0000000038097001,0.0871558040380478,13.0289011001586914,0.0000000000000000,0.0000000000000000,0.0000000000000000,1.0000000000000000
M 0.0871558040380478,-0.0000000435450538,-0.9961947202682495,-12.3229780197143555,0.0000000000000000,1.0000000000000000,-0.0000000437113883,-0.0000000050912714,0.9961947202682495,0.0000000038097001,0.0871558040380478,13.0289011001586914,0.0000000000000000,0.0000000000000000,0.0000000000000000,1.0000000000000000
M 0.0871558040380478,-0.0000000435450538,-0.9961947202682495,-12.3229780197143555,0.0000000000000000,1.0000000000000000,-0.0000000437113883,-0.0000000050912714,0.9961947202682495,0.0000000038097001,0.0871558040380478,13.0289011001586914,0.0000000000000000,0.0000000000000000,0.0000000000000000,1.0000000000000000
M 0.0871558040380478,-0.0000000435450538,-0.9961947202682495,-12.3229780197143555,0.0000000000000000,1.0000000000000000,-0.0000000437113883,-0.0000000050912714,0.9961947202682495,0.0000000038097001,0.0871558040380478,13.0289011001586914,0.0000000000000000,0.0000000000000000,0.0000000000000000,1.0000000000000000
M 0.0871558040380478,-0.0000000435450538,-0.9961947202682495,-12.3229780197143555,0.0000000000000000,1.0000000000000000,-0.0000000437113883,-0.0000000050912714,0.9961947202682495,0.0000000038097001,0.0871558040380478,13.0289011001586914,0.0000000000000000,0.0000000000000000,0.0000000000000000,1.0000000000000000
M 0.0871558040380478,-0.0000000435450538,-0.9961947202682495,-12.3229780197143555,0.0000000000000000,1.0000000000000000,-0.0000000437113883,-0.0000000050912714,0.9961947202682495,0.0000000038097001,0.0871558040380478,13.0289011001586914,0.0000000000000000,0.0000000000000000,0.0000000000000000,1.0000000000000000
M 0.0871558040380478,-0.0000000435450538,-0.9961947202682495,-12.3229780197143555,0.0000000000000000,1.0000000000000000,-0.0000000437113883,-0.0000000050912714,0.9961947202682495,0.0000000038097001,0.0871558040380478,13.0289011001586914,0.0000000000000000,0.0000000000000000,0.0000000000000000,1.0000000000000000
M 0.0871558040380478,-0.0000000435450538,-0.9961947202682495,-12.3229780197143555,0.0000000000000000,1.0000000000000000,-0.0000000437113883,-0.0000000050912714,0.9961947202682495,0.0000000038097001,0.0871558040380478,13.0289011001586914,0.0000000000000000,0.0000000000000000,0.0000000000000000,1.0000000000000000
M 0.0871558040380478,-0.0000000435450538,-0.9961947202682495,-12.3229780197143555,0.0000000000000000,1.0000000000000000,-0.0000000437113883,-0.0000000050912714,0.9961947202682495,0.0000000038097001,0.0871558040380478,13.0289011001586914,0.0000000000000000,0.0000000000000000,0.0000000000000000,1.0000000000000000
M 0.0871558040380478,-0.0000000435450538,-0.9961947202682495,-12.3229780197143555,0.0000000000000000,1.0000000000000000,-0.0000000437113883,-0.0000000050912714,0.9961947202682495,0.0000000038097001,0.0871558040380478,13.0289011001586914,0.0000000000000000,0.0000000000000000,0.0000000000000000,1.0000000000000000
M 0.0871558040380478,-0.0000000435450538,-0.9961947202682495,-12.3229780197143555,0.0000000000000000,1.0000000000000000,-0.0000000437113883,-0.0000000050912714,0.9961947202682495,0.0000000038097001,0.0871558040380478,13.0289011001586914,0.0000000000000000,0.0000000000000000,0.0000000000000000,1.0000000000000000
M 0.0871558040380478,-0.0000000435450538,-0.9961947202682495,-12.3229780197143555,0.0000000000000000,1.0000000000000000,-0.0000000437113883,-0.0000000050912714,0.9961947202682495,0.0000000038097001,0.0871558040380478,13.0289011001586914,0.0000000000000000,0.0000000000000000,0.0000000000000000,1.0000000000000000
M 0.0871558040380478,-0.0000000435450538,-0.9961947202682495,-12.3229780197143555,0.0000000000000000,1.0000000000000000,-0.0000000437113883,-0.0000000050912714,0.9961947202682495,0.0000000038097001,0.0871558040380478,13.0289011001586914,0.0000000000000000,0.0000000000000000,0.0000000000000000,1.0000000000000000
M 0.0871558040380478,-0.0000000435450538,-0.9961947202682495,-12.3229780197143555,0.0000000000000000,1.0000000000000000,-0.0000000437113883,-0.0000000050912714,0.9961947202682495,0.0000000038097001,0.0871558040380478,13.0289011001586914,0.0000000000000000,0.0000000000000000,0.0000000000000000,1.0000000000000000
M 0.0871558040380478,-0.0000000435450538,-0.9961947202682495,-12.3229780197143555,0.0000000000000000,1.0000000000000000,-0.0000000437113883,-0.0000000050912714,0.9961947202682495,0.0000000038097001,0.0871558040380478,13.0289011001586914,0.0000000000000000,0.0000000000000000,0.0000000000000000,1.0000000000000000
M 0.0871558040380478,-0.0000000435450538,-0.9961947202682495,-12.3229780197143555,0.0000000000000000,1.0000000000000000,-0.0000000437113883,-0.0000000050912714,0.9961947202682495,0.0000000038097001,0.0871558040380478,13.0289011001586914,0.0000000000000000,0.0000000000000000,0.0000000000000000,1.0000000000000000
M 0.0871558040380478,-0.0000000435450538,-0.9961947202682495,-12.3229780197143555,0.0000000000000000,1.0000000000000000,-0.0000000437113883,-0.0000000050912714,0.9961947202682495,0.0000000038097001,0.0871558040380478,13.0289011001586914,0.0000000000000000,0.0000000000000000,0.0000000000000000,1.0000000000000000
M 0.0871558040380478,-0.0000000435450538,-0.9961947202682495,-12.3229780197143555,0.0000000000000000,1.0000000000000000,-0.0000000437113883,-0.0000000050912714,0.9961947202682495,0.0000000038097001,0.0871558040380478,13.0289011001586914,0.0000000000000000,0.0000000000000000,0.0000000000000000,1.0000000000000000
M 0.0871558040380478,-0.0000000435450538,-0.9961947202682495,-12.3229780197143555,0.0000000000000000,1.0000000000000000,-0.0000000437113883,-0.0000000050912714,0.9961947202682495,0.0000000038097001,0.0871558040380478,13.0289011001586914,0.0000000000000000,0.0000000000000000,0.0000000000000000,1.0000000000000000
M 0.0871558040380478,-0.0000000435450538,-0.9961947202682495,-12.3229780197143555,0.0000000000000000,1.0000000000000000,-0.0000000437113883,-0.0000000050912714,0.9961947202682495,0.0000000038097001,0.0871558040380478,13.0289011001586914,0.0000000000000000,0.0000000000000000,0.0000000000000000,1.0000000000000000
M 0.0871558040380478,-0.0000000435450538,-0.9961947202682495,-12.3229780197143555,0.0000000000000000,1.0000000000000000,-0.0000000437113883,-0.0000000050912714,0.9961947202682495,0.0000000038097001,0.0871558040380478,13.0289011001586914,0.0000000000000000,0.0000000000000000,0.0000000000000000,1.0000000000000000
M 0.0871558040380478,-0.0000000435450538,-0.9961947202682495,-12.3229780197143555,0.0000000000000000,1.0000000000000000,-0.0000000437113883,-0.0000000050912714,0.9961947202682495,0.0000000038097001,0.0871558040380478,13.0289011001586914,0.0000000000000000,0.0000000000000000,0.0000000000000000,1.0000000000000000
M 0.0871558040380478,-0.0000000435450538,-0.9961947202682495,-12.3229780197143555,0.0000000000000000,1.0000000000000000,-0.0000000437113883,-0.0000000050912714,0.9961947202682495,0.0000000038097001,0.0871558040380478,13.0289011001586914,0.0000000000000000,0.0000000000000000,0.0000000000000000,1.0000000000000000
M 0.0871558040380478,-0.0000000435450538,-0.9961947202682495,-12.3229780197143555,0.0000000000000000,1.0000000000000000,-0.0000000437113883,-0.0000000050912714,0.9961947202682495,0.0000000038097001,0.0871558040380478,13.0289011001586914,0.0000000000000000,0.0000000000000000,0.0000000000000000,1.0000000000000000
M 0.0871558040380478,-0.0000000435450538,-0.9961947202682495,-12.3229780197143555,0.0000000000000000,1.0000000000000000,-0.0000000437113883,-0.0000000050912714,0.9961947202682495,0.0000000038097001,0.0871558040380478,13.0289011001586914,0.0000000000000000,0.0000000000000000,0.0000000000000000,1.0000000000000000
M 0.0871558040380478,-0.0000000435450538,-0.9961947202682495,-12.3229780197143555,0.0000000000000000,1.0000000000000000,-0.0000000437113883,-0.0000000050912714,0.9961947202682495,0.0000000038097001,0.0871558040380478,13.0289011001586914,0.0000000000000000,0.0000000000000000,0.0000000000000000,1.0000000000000000
M 0.0871558040380478,-0.0000000435450538,-0.9961947202682495,-12.3229780197143555,0.0000000000000000,1.0000000000000000,-0.0000000437113883,-0.0000000050912714,0.9961947202682495,0.0000000038097001,0.0871558040380478,13.0289011001586914,0.0000000000000000,0.0000000000000000,0.0000000000000000,1.0000000000000000
M 0.0871558040380478,-0.0000000435450538,-0.9961947202682495,-12.3229780197143555,0.0000000000000000,1.0000000000000000,-0.0000000437113883,-0.0000000050912714,0.9961947202682495,0.0000000038097001,0.0871558040380478,13.0289011001586914,0.0000000000000000,0.0000000000000000,0.0000000000000000,1.0000000000000000
M 0.0871558040380478,-0.0000000435450538,-0.9961947202682495,-12.3229780197143555,0.0000000000000000,1.0000000000000000,-0.0000000437113883,-0.0000000050912714,0.9961947202682495,0.0000000038097001,0.0871558040380478,13.0289011001586914,0.0000000000000000,0.0000000000000000,0.0000000000000000,1.0000000000000000
M 0.0871558040380478,-0.0000000435450538,-0.9961947202682495,-12.3229780197143555,0.0000000000000000,1.0000000000000000,-0.0000000437113883,-0.0000000050912714,0.9961947202682495,0.0000000038097001,0.0871558040380478,13.0289011001586914,0.0000000000000000,0.0000000000000000,0.0000000000000000,1.0000000000000000
M 0.0871558040380478,-0.0000000435450538,-0.9961947202682495,-12.3229780197143555,0.0000000000000000,1.0000000000000000,-0.0000000437113883,-0.0000000050912714,0.9961947202682495,0.0000000038097001,0.0871558040380478,13.0289011001586914,0.0000000000000000,0.0000000000000000,0.0000000000000000,1.0000000000000000
M 0.0871558040380478,-0.0000000435450538,-0.9961947202682495,-12.3229780197143555,0.0000000000000000,1.0000000000000000,-0.0000000437113883,-0.0000000050912714,0.9961947202682495,0.0000000038097001,0.0871558040380478,13.0289011001586914,0.0000000000000000,0.0000000000000000,0.0000000000000000,1.0000000000000000
M 0.0871558040380478,-0.0000000435450538,-0.9961947202682495,-12.3229780197143555,0.0000000000000000,1.0000000000000000,-0.0000000437113883,-0.0000000050912714,0.9961947202682495,0.0000000038097001,0.0871558040380478,13.0289011001586914,0.0000000000000000,0.0000000000000000,0.0000000000000000,1.0000000000000000
M 0.0871558040380478,-0.0000000435450538,-0.9961947202682495,-12.3229780197143555,0.0000000000000000,1.0000000000000000,-0.0000000437113883,-0.0000000050912714,0.9961947202682495,0.0000000038097001,0.0871558040380478,13.0289011001586914,0.0000000000000000,0.0000000000000000,0.0000000000000000,1.0000000000000000
M 0.0871558040380478,-0.0000000435450538,-0.9961947202682495,-12.3229780197143555,0.0000000000000000,1.0000000000000000,-0.0000000437113883,-0.0000000050912714,0.9961947202682495,0.0000000038097001,0.0871558040380478,13.0289011001586914,0.0000000000000000,0.0000000000000000,0.0000000000000000,1.0000000000000000
M 0.0871558040380478,-0.0000000435450538,-0.9961947202682495,-12.3229780197143555,0.0000000000000000,1.0000000000000000,-0.0000000437113883,-0.0000000050912714,0.9961947202682495,0.0000000038097001,0.0871558040380478,13.0289011001586914,0.0000000000000000,0.0000000000000000,0.0000000000000000,1.0000000000000000
M 0.0871558040380478,-0.0000000435450538,-0.9961947202682495,-12.3229780197143555,0.0000000000000000,1.0000000000000000,-0.0000000437113883,-0.0000000050912714,0.9961947202682495,0.0000000038097001,0.0871558040380478,13.0289011001586914,0.0000000000000000,0.0000000000000000,0.0000000000000000,1.0000000000000000
M 0.0871558040380478,-0.0000000435450538,-0.9961947202682495,-12.3229780197143555,0.0000000000000000,1.0000000000000000,-0.0000000437113883,-0.0000000050912714,0.9961947202682495,0.0000000038097001,0.0871558040380478,13.0289011001586914,0.0000000000000000,0.0000000000000000,0.0000000000000000,1.0000000000000000
