O WIDGET_11_CG_seat_LCG_cab1_INTERIOR
A WIDGET_11_CG_seat_LCG_cab1_INTERIOR_WIDGET_11_CG_seat_LCG_cab1_INTERIOR
M 1.0000000000000000,-0.0000000000000053,-0.0000000000000024,0.0000001056091889,0.0000000000000000,1.0000000000000000,-0.0000000437113883,-0.0000000655029453,-0.0000000000000024,0.0000000437113918,1.0000000000000000,-0.0000000425317594,0.0000000000000000,0.0000000000000000,0.0000000000000000,1.0000000000000000
M 0.9996395111083984,0.0000000011735576,0.0268479883670807,-0.0238022916018963,0.0000000000000000,1.0000000000000000,-0.0000000437113883,-0.0000000655029453,-0.0268479883670807,0.0000000436956356,0.9996395111083984,-0.2103074043989182,0.0000000000000000,0.0000000000000000,0.0000000000000000,1.0000000000000000
M 0.9985584020614624,0.0000000023462823,0.0536766350269318,-0.0532424524426460,0.0000000000000000,1.0000000000000000,-0.0000000437113883,-0.0000000655029453,-0.0536766350269318,0.0000000436483774,0.9985584020614624,-0.4198997318744659,0.0000000000000000,0.0000000000000000,0.0000000000000000,1.0000000000000000
M 0.9967573285102844,0.0000000035173073,0.0804665684700012,-0.0882992818951607,0.0000000000000000,1.0000000000000000,-0.0000000437113883,-0.0000000655029453,-0.0804665684700012,0.0000000435696492,0.9967573285102844,-0.6286261677742004,0.0000000000000000,0.0000000000000000,0.0000000000000000,1.0000000000000000
M 0.9942376613616943,0.0000000046857989,0.1071985363960266,-0.1289473772048950,0.0000000000000000,1.0000000000000000,-0.0000000437113883,-0.0000000655029453,-0.1071985363960266,0.0000000434595151,0.9942376613616943,-0.8363368511199951,0.0000000000000000,0.0000000000000000,0.0000000000000000,1.0000000000000000
M 0.9910011887550354,0.0000000058509113,0.1338531970977783,-0.1751574277877808,0.0000000000000000,1.0000000000000000,-0.0000000437113883,-0.0000000655029453,-0.1338531970977783,0.0000000433180425,0.9910011887550354,-1.0428810119628906,0.0000000000000000,0.0000000000000000,0.0000000000000000,1.0000000000000000
M 0.9870502948760986,0.0000000070118027,0.1604112982749939,-0.2268956899642944,0.0000000000000000,1.0000000000000000,-0.0000000437113883,-0.0000000655029453,-0.1604112982749939,0.0000000431453415,0.9870502948760986,-1.2481088638305664,0.0000000000000000,0.0000000000000000,0.0000000000000000,1.0000000000000000
M 0.9823877811431885,0.0000000081676363,0.1868537664413452,-0.2841259241104126,0.0000000000000000,1.0000000000000000,-0.0000000437113883,-0.0000000655029453,-0.1868537664413452,0.0000000429415365,0.9823877811431885,-1.4518749713897705,0.0000000000000000,0.0000000000000000,0.0000000000000000,1.0000000000000000
M 0.9770169854164124,0.0000000093175885,0.2131615877151489,-0.3468054533004761,0.0000000000000000,1.0000000000000000,-0.0000000437113883,-0.0000000655029453,-0.2131615877151489,0.0000000427067732,0.9770169854164124,-1.6540305614471436,0.0000000000000000,0.0000000000000000,0.0000000000000000,1.0000000000000000
M 0.9709419012069702,0.0000000104608251,0.2393157184123993,-0.4148899316787720,0.0000000000000000,1.0000000000000000,-0.0000000437113883,-0.0000000655029453,-0.2393157184123993,0.0000000424412256,0.9709419012069702,-1.8544309139251709,0.0000000000000000,0.0000000000000000,0.0000000000000000,1.0000000000000000
M 0.9641667008399963,0.0000000115965157,0.2652972936630249,-0.4883307218551636,0.0000000000000000,1.0000000000000000,-0.0000000437113883,-0.0000000655029453,-0.2652972936630249,0.0000000421450679,0.9641667008399963,-2.0529305934906006,0.0000000000000000,0.0000000000000000,0.0000000000000000,1.0000000000000000
M 0.9566964507102966,0.0000000127238442,0.2910875678062439,-0.5670744180679321,0.0000000000000000,1.0000000000000000,-0.0000000437113883,-0.0000000655029453,-0.2910875678062439,0.0000000418185344,0.9566964507102966,-2.2493875026702881,0.0000000000000000,0.0000000000000000,0.0000000000000000,1.0000000000000000
M 0.9485365152359009,0.0000000138419995,0.3166679739952087,-0.6510635614395142,0.0000000000000000,1.0000000000000000,-0.0000000437113883,-0.0000000655029453,-0.3166679739952087,0.0000000414618526,0.9485365152359009,-2.4436588287353516,0.0000000000000000,0.0000000000000000,0.0000000000000000,1.0000000000000000
M 0.9396926164627075,0.0000000149501815,0.3420202136039734,-0.7402392625808716,0.0000000000000000,1.0000000000000000,-0.0000000437113883,-0.0000000655029453,-0.3420202136039734,0.0000000410752747,0.9396926164627075,-2.6356058120727539,0.0000000000000000,0.0000000000000000,0.0000000000000000,1.0000000000000000
M 0.9301713705062866,0.0000000160475757,0.3671257495880127,-0.8345350027084351,0.0000000000000000,1.0000000000000000,-0.0000000437113883,-0.0000000655029453,-0.3671257495880127,0.0000000406590850,0.9301713705062866,-2.8250892162322998,0.0000000000000000,0.0000000000000000,0.0000000000000000,1.0000000000000000
M 0.9199795126914978,0.0000000171334094,0.3919667005538940,-0.9338847398757935,0.0000000000000000,1.0000000000000000,-0.0000000437113883,-0.0000000655029453,-0.3919667005538940,0.0000000402135854,0.9199795126914978,-3.0119724273681641,0.0000000000000000,0.0000000000000000,0.0000000000000000,1.0000000000000000
M 0.9091243147850037,0.0000000182068867,0.4165249466896057,-1.0382164716720581,0.0000000000000000,1.0000000000000000,-0.0000000437113883,-0.0000000655029453,-0.4165249466896057,0.0000000397390885,0.9091243147850037,-3.1961209774017334,0.0000000000000000,0.0000000000000000,0.0000000000000000,1.0000000000000000
M 0.8976137638092041,0.0000000192672367,0.4407829344272614,-1.1474534273147583,0.0000000000000000,1.0000000000000000,-0.0000000437113883,-0.0000000655029453,-0.4407829344272614,0.0000000392359460,0.8976137638092041,-3.3774020671844482,0.0000000000000000,0.0000000000000000,0.0000000000000000,1.0000000000000000
M 0.8854560852050781,0.0000000203136938,0.4647231400012970,-1.2615188360214233,0.0000000000000000,1.0000000000000000,-0.0000000437113883,-0.0000000655029453,-0.4647231400012970,0.0000000387045240,0.8854560852050781,-3.5556848049163818,0.0000000000000000,0.0000000000000000,0.0000000000000000,1.0000000000000000
M 0.8726599812507629,0.0000000213455174,0.4883284270763397,-1.3803297281265259,0.0000000000000000,1.0000000000000000,-0.0000000437113883,-0.0000000655029453,-0.4883284270763397,0.0000000381451812,0.8726599812507629,-3.7308413982391357,0.0000000000000000,0.0000000000000000,0.0000000000000000,1.0000000000000000
M 0.8592347502708435,0.0000000223619434,0.5115815401077271,-1.5038002729415894,0.0000000000000000,1.0000000000000000,-0.0000000437113883,-0.0000000655029453,-0.5115815401077271,0.0000000375583440,0.8592347502708435,-3.9027445316314697,0.0000000000000000,0.0000000000000000,0.0000000000000000,1.0000000000000000
M 0.8451901078224182,0.0000000233622437,0.5344658493995667,-1.6318415403366089,0.0000000000000000,1.0000000000000000,-0.0000000437113883,-0.0000000655029453,-0.5344659090042114,0.0000000369444315,0.8451901078224182,-4.0712714195251465,0.0000000000000000,0.0000000000000000,0.0000000000000000,1.0000000000000000
M 0.8305360674858093,0.0000000243457112,0.5569648742675781,-1.7643615007400513,0.0000000000000000,1.0000000000000000,-0.0000000437113883,-0.0000000655029453,-0.5569648742675781,0.0000000363038843,0.8305360674858093,-4.2362995147705078,0.0000000000000000,0.0000000000000000,0.0000000000000000,1.0000000000000000
M 0.8152832984924316,0.0000000253116230,0.5790623426437378,-1.9012638330459595,0.0000000000000000,1.0000000000000000,-0.0000000437113883,-0.0000000655029453,-0.5790623426437378,0.0000000356371643,0.8152832984924316,-4.3977103233337402,0.0000000000000000,0.0000000000000000,0.0000000000000000,1.0000000000000000
M 0.7994427680969238,0.0000000262592827,0.6007423400878906,-2.0424504280090332,0.0000000000000000,1.0000000000000000,-0.0000000437113883,-0.0000000655029453,-0.6007423400878906,0.0000000349447618,0.7994427680969238,-4.5553870201110840,0.0000000000000000,0.0000000000000000,0.0000000000000000,1.0000000000000000
M 0.7830258607864380,0.0000000271880118,0.6219891309738159,-2.1878199577331543,0.0000000000000000,1.0000000000000000,-0.0000000437113883,-0.0000000655029453,-0.6219891905784607,0.0000000342271491,0.7830258607864380,-4.7092165946960449,0.0000000000000000,0.0000000000000000,0.0000000000000000,1.0000000000000000
M 0.7660444974899292,0.0000000280971424,0.6427876353263855,-2.3372666835784912,0.0000000000000000,1.0000000000000000,-0.0000000437113883,-0.0000000655029453,-0.6427876353263855,0.0000000334848771,0.7660444974899292,-4.8590874671936035,0.0000000000000000,0.0000000000000000,0.0000000000000000,1.0000000000000000
M 0.7485107779502869,0.0000000289860154,0.6631227135658264,-2.4906833171844482,0.0000000000000000,1.0000000000000000,-0.0000000437113883,-0.0000000655029453,-0.6631227135658264,0.0000000327184466,0.7485107779502869,-5.0048928260803223,0.0000000000000000,0.0000000000000000,0.0000000000000000,1.0000000000000000
M 0.7304373979568481,0.0000000298539931,0.6829797029495239,-2.6479597091674805,0.0000000000000000,1.0000000000000000,-0.0000000437113883,-0.0000000655029453,-0.6829797029495239,0.0000000319284332,0.7304373979568481,-5.1465268135070801,0.0000000000000000,0.0000000000000000,0.0000000000000000,1.0000000000000000
M 0.7118374705314636,0.0000000307004484,0.7023442983627319,-2.8089814186096191,0.0000000000000000,1.0000000000000000,-0.0000000437113883,-0.0000000655029453,-0.7023442983627319,0.0000000311154054,0.7118374705314636,-5.2838859558105469,0.0000000000000000,0.0000000000000000,0.0000000000000000,1.0000000000000000
M 0.6927243471145630,0.0000000315247668,0.7212025523185730,-2.9736330509185791,0.0000000000000000,1.0000000000000000,-0.0000000437113883,-0.0000000655029453,-0.7212025523185730,0.0000000302799492,0.6927243471145630,-5.4168729782104492,0.0000000000000000,0.0000000000000000,0.0000000000000000,1.0000000000000000
M 0.6731117963790894,0.0000000323263549,0.7395407557487488,-3.1417953968048096,0.0000000000000000,1.0000000000000000,-0.0000000437113883,-0.0000000655029453,-0.7395407557487488,0.0000000294226581,0.6731117963790894,-5.5453920364379883,0.0000000000000000,0.0000000000000000,0.0000000000000000,1.0000000000000000
M 0.6530139446258545,0.0000000331046408,0.7573458552360535,-3.3133482933044434,0.0000000000000000,1.0000000000000000,-0.0000000437113883,-0.0000000655029453,-0.7573458552360535,0.0000000285441466,0.6530139446258545,-5.6693487167358398,0.0000000000000000,0.0000000000000000,0.0000000000000000,1.0000000000000000
M 0.6324453353881836,0.0000000338590631,0.7746049761772156,-3.4881670475006104,0.0000000000000000,1.0000000000000000,-0.0000000437113883,-0.0000000655029453,-0.7746049761772156,0.0000000276450631,0.6324453353881836,-5.7886557579040527,0.0000000000000000,0.0000000000000000,0.0000000000000000,1.0000000000000000
M 0.6114208102226257,0.0000000345890712,0.7913056612014771,-3.6661255359649658,0.0000000000000000,1.0000000000000000,-0.0000000437113883,-0.0000000655029453,-0.7913056612014771,0.0000000267260525,0.6114208102226257,-5.9032263755798340,0.0000000000000000,0.0000000000000000,0.0000000000000000,1.0000000000000000
M 0.5899553894996643,0.0000000352941463,0.8074358701705933,-3.8470966815948486,0.0000000000000000,1.0000000000000000,-0.0000000437113883,-0.0000000655029453,-0.8074358701705933,0.0000000257877684,0.5899553894996643,-6.0129780769348145,0.0000000000000000,0.0000000000000000,0.0000000000000000,1.0000000000000000
M 0.5680648088455200,0.0000000359737733,0.8229839205741882,-4.0309481620788574,0.0000000000000000,1.0000000000000000,-0.0000000437113883,-0.0000000655029453,-0.8229839205741882,0.0000000248309018,0.5680648088455200,-6.1178302764892578,0.0000000000000000,0.0000000000000000,0.0000000000000000,1.0000000000000000
M 0.5457644462585449,0.0000000366274620,0.8379386067390442,-4.2175493240356445,0.0000000000000000,1.0000000000000000,-0.0000000437113883,-0.0000000655029453,-0.8379386067390442,0.0000000238561224,0.5457644462585449,-6.2177100181579590,0.0000000000000000,0.0000000000000000,0.0000000000000000,1.0000000000000000
M 0.5230708122253418,0.0000000372547468,0.8522891998291016,-4.4067640304565430,0.0000000000000000,1.0000000000000000,-0.0000000437113883,-0.0000000655029453,-0.8522891998291016,0.0000000228641515,0.5230708122253418,-6.3125424385070801,0.0000000000000000,0.0000000000000000,0.0000000000000000,1.0000000000000000
M 0.4999999701976776,0.0000000378551768,0.8660254478454590,-4.5984573364257812,0.0000000000000000,1.0000000000000000,-0.0000000437113883,-0.0000000655029453,-0.8660254478454590,0.0000000218556924,0.4999999701976776,-6.4022622108459473,0.0000000000000000,0.0000000000000000,0.0000000000000000,1.0000000000000000
O WIDGET_12_CG_seat_LCG_cab1_INTERIOR
A WIDGET_12_CG_seat_LCG_cab1_INTERIOR_WIDGET_12_CG_seat_LCG_cab1_INTERIOR
M 1.0000001192092896,0.0000000000000005,0.0000000000000024,0.0000004343054343,-0.0000000000000014,1.0000000000000000,-0.0000000437113847,0.0000000065941950,0.0000000000000024,0.0000000437113954,1.0000001192092896,-0.0000001056091321,0.0000000000000000,0.0000000000000000,0.0000000000000000,1.0000000000000000
M 0.9994274377822876,-0.0210619010031223,0.0264805573970079,0.0176032856106758,0.0201329365372658,0.9991890192031860,0.0348712280392647,0.1323217898607254,-0.0271935444325209,-0.0343181304633617,0.9990409612655640,-0.1428414732217789,0.0000000000000000,0.0000000000000000,0.0000000000000000,1.0000000000000000
M 0.9976735115051270,-0.0439157858490944,0.0521439686417580,0.0302184522151947,0.0402332767844200,0.9967573285102844,0.0696860477328300,0.2677243351936340,-0.0550351403653622,-0.0674259960651398,0.9962052106857300,-0.2917585670948029,0.0000000000000000,0.0000000000000000,0.0000000000000000,1.0000000000000000
M 0.9946863651275635,-0.0684726610779762,0.0768795683979988,0.0373440086841583,0.0602683648467064,0.9927088618278503,0.1043878272175789,0.4059870243072510,-0.0834667906165123,-0.0991997420787811,0.9915606975555420,-0.4466001987457275,0.0000000000000000,0.0000000000000000,0.0000000000000000,1.0000000000000000
M 0.9904177784919739,-0.0946354940533638,0.1005823165178299,0.0384879559278488,0.0802056342363358,0.9870502352714539,0.1389201879501343,0.5468857288360596,-0.1124265715479851,-0.1295217573642731,0.9851824045181274,-0.6071784496307373,0.0000000000000000,0.0000000000000000,0.0000000000000000,1.0000000000000000
M 0.9848229289054871,-0.1222998201847076,0.1231521517038345,0.0331639945507050,0.1000128090381622,0.9797906279563904,0.1732272207736969,0.6901919245719910,-0.1418490409851074,-0.1582813411951065,0.9771518707275391,-0.7732695341110229,0.0000000000000000,0.0000000000000000,0.0000000000000000,1.0000000000000000
M 0.9778614044189453,-0.1513540595769882,0.1444956809282303,0.0209009945392609,0.1196578219532967,0.9709417819976807,0.2072533816099167,0.8356736898422241,-0.1716655492782593,-0.1853750348091125,0.9675571918487549,-0.9446129798889160,0.0000000000000000,0.0000000000000000,0.0000000000000000,1.0000000000000000
M 0.9694966077804565,-0.1816799193620682,0.1645257174968719,0.0012412965297699,0.1391087472438812,0.9605180621147156,0.2409433871507645,0.9830948710441589,-0.2018045336008072,-0.2107068300247192,0.9564922451972961,-1.1209158897399902,0.0000000000000000,0.0000000000000000,0.0000000000000000,1.0000000000000000
M 0.9596966505050659,-0.2131529301404953,0.1831618547439575,-0.0262571573257446,0.1583339720964432,0.9485364556312561,0.2742424607276917,1.1322154998779297,-0.2321912497282028,-0.2341888099908829,0.9440565705299377,-1.3018486499786377,0.0000000000000000,0.0000000000000000,0.0000000000000000,1.0000000000000000
M 0.9484339356422424,-0.2456433624029160,0.2003308832645416,-0.0620165765285492,0.1773023903369904,0.9350162744522095,0.3070967197418213,1.2827943563461304,-0.2627488970756531,-0.2557418346405029,0.9303543567657471,-1.4870501756668091,0.0000000000000000,0.0000000000000000,0.0000000000000000,1.0000000000000000
M 0.9356858730316162,-0.2790164947509766,0.2159671187400818,-0.1064357757568359,0.1959832906723022,0.9199794530868530,0.3394529819488525,1.4345878362655640,-0.2933982610702515,-0.2752954363822937,0.9154943823814392,-1.6761291027069092,0.0000000000000000,0.0000000000000000,0.0000000000000000,1.0000000000000000
M 0.9214347004890442,-0.3131330907344818,0.2300124764442444,-0.1598917245864868,0.2143462896347046,0.9034504294395447,0.3712586462497711,1.5873491764068604,-0.3240582644939423,-0.2927882671356201,0.8995894193649292,-1.8686600923538208,0.0000000000000000,0.0000000000000000,0.0000000000000000,1.0000000000000000
M 0.9056677818298340,-0.3478502333164215,0.2424172312021255,-0.2227360010147095,0.2323615700006485,0.8854560852050781,0.4024620354175568,1.7408298254013062,-0.3546463549137115,-0.3081684410572052,0.8827560544013977,-2.0641932487487793,0.0000000000000000,0.0000000000000000,0.0000000000000000,1.0000000000000000
M 0.8883774280548096,-0.3830221295356750,0.2531396448612213,-0.2952910065650940,0.2499999403953552,0.8660255074501038,0.4330126047134399,1.8947817087173462,-0.3850787878036499,-0.3213937282562256,0.8651130199432373,-2.2622509002685547,0.0000000000000000,0.0000000000000000,0.0000000000000000,1.0000000000000000
M 0.8695612549781799,-0.4185006022453308,0.2621459662914276,-0.3778509497642517,0.2672329545021057,0.8451900482177734,0.4628610312938690,2.0489559173583984,-0.4152708053588867,-0.3324320018291473,0.8467816710472107,-2.4623262882232666,0.0000000000000000,0.0000000000000000,0.0000000000000000,1.0000000000000000
M 0.8492223024368286,-0.4541352093219757,0.2694117128849030,-0.4706782102584839,0.2840323448181152,0.8229839205741882,0.4919584393501282,2.2030999660491943,-0.4451372027397156,-0.3412604629993439,0.8278853893280029,-2.6638948917388916,0.0000000000000000,0.0000000000000000,0.0000000000000000,1.0000000000000000
M 0.8273688554763794,-0.4897750914096832,0.2749203741550446,-0.5740010738372803,0.3003711104393005,0.7994428277015686,0.5202580094337463,2.3569660186767578,-0.4745924770832062,-0.3478671312332153,0.8085483908653259,-2.8664081096649170,0.0000000000000000,0.0000000000000000,0.0000000000000000,1.0000000000000000
M 0.8040143847465515,-0.5252686738967896,0.2786641120910645,-0.6880161762237549,0.3162226974964142,0.7746049761772156,0.5477137565612793,2.5103039741516113,-0.5035515427589417,-0.3522498309612274,0.7888954281806946,-3.0692996978759766,0.0000000000000000,0.0000000000000000,0.0000000000000000,1.0000000000000000
M 0.7791779637336731,-0.5604646205902100,0.2806441187858582,-0.8128815889358521,0.3315612971782684,0.7485107779502869,0.5742809772491455,2.6628642082214355,-0.5319293141365051,-0.3544164001941681,0.7690515518188477,-3.2719843387603760,0.0000000000000000,0.0000000000000000,0.0000000000000000,1.0000000000000000
M 0.7528836727142334,-0.5952128171920776,0.2808697819709778,-0.9487218856811523,0.3463621735572815,0.7212024331092834,0.5999168753623962,2.8144006729125977,-0.5596421957015991,-0.3543849587440491,0.7491407990455627,-3.4738659858703613,0.0000000000000000,0.0000000000000000,0.0000000000000000,1.0000000000000000
M 0.7251611948013306,-0.6293643712997437,0.2793593108654022,-1.0956196784973145,0.3606011867523193,0.6927244067192078,0.6245795488357544,2.9646663665771484,-0.5866071581840515,-0.3521835803985596,0.7292864322662354,-3.6743323802947998,0.0000000000000000,0.0000000000000000,0.0000000000000000,1.0000000000000000
M 0.6960451006889343,-0.6627733111381531,0.2761391401290894,-1.2536212205886841,0.3742553591728210,0.6631227135658264,0.6482293605804443,3.1134183406829834,-0.6127431988716125,-0.3478502631187439,0.7096097469329834,-3.8727660179138184,0.0000000000000000,0.0000000000000000,0.0000000000000000,1.0000000000000000
M 0.6655750870704651,-0.6952959895133972,0.2712440192699432,-1.4227347373962402,0.3873024582862854,0.6324453949928284,0.6708275675773621,3.2604148387908936,-0.6379707455635071,-0.3414326012134552,0.6902297139167786,-4.0685396194458008,0.0000000000000000,0.0000000000000000,0.0000000000000000,1.0000000000000000
M 0.6337959170341492,-0.7267928123474121,0.2647168934345245,-1.6029256582260132,0.3997213542461395,0.6007423400878906,0.6923377513885498,3.4054176807403564,-0.6622126698493958,-0.3329877853393555,0.6712626218795776,-4.2610230445861816,0.0000000000000000,0.0000000000000000,0.0000000000000000,1.0000000000000000
M 0.6007570028305054,-0.7571282386779785,0.2566084265708923,-1.7941209077835083,0.4114919304847717,0.5680648088455200,0.7127249836921692,3.5481917858123779,-0.6853944063186646,-0.3225821852684021,0.6528210639953613,-4.4495840072631836,0.0000000000000000,0.0000000000000000,0.0000000000000000,1.0000000000000000
M 0.5665126442909241,-0.7861715555191040,0.2469772100448608,-1.9962064027786255,0.4225950241088867,0.5344659090042114,0.7319560647010803,3.6885051727294922,-0.7074438929557800,-0.3102909922599792,0.6350138187408447,-4.6335892677307129,0.0000000000000000,0.0000000000000000,0.0000000000000000,1.0000000000000000
M 0.5311213731765747,-0.8137975931167603,0.2358888536691666,-2.2090282440185547,0.4330126643180847,0.5000001192092896,0.7500000000000000,3.8261306285858154,-0.7282926440238953,-0.2961981296539307,0.6179454326629639,-4.8124127388000488,0.0000000000000000,0.0000000000000000,0.0000000000000000,1.0000000000000000
M 0.4946460127830505,-0.8398872613906860,0.2234160006046295,-2.4323930740356445,0.4427279829978943,0.4647232294082642,0.7668274044990540,3.9608447551727295,-0.7478752136230469,-0.2803955972194672,0.6017150878906250,-4.9854326248168945,0.0000000000000000,0.0000000000000000,0.0000000000000000,1.0000000000000000
M 0.4571534991264343,-0.8643277883529663,0.2096381336450577,-2.6660661697387695,0.4517252147197723,0.4286925494670868,0.7824110388755798,4.0924296379089355,-0.7661299109458923,-0.2629831135272980,0.5864169597625732,-5.1520357131958008,0.0000000000000000,0.0000000000000000,0.0000000000000000,1.0000000000000000
M 0.4187147617340088,-0.8870135545730591,0.1946408003568649,-2.9097728729248047,0.4599896967411041,0.3919666707515717,0.7967255711555481,4.2206702232360840,-0.7829990386962891,-0.2440679669380188,0.5721393227577209,-5.3116197586059570,0.0000000000000000,0.0000000000000000,0.0000000000000000,1.0000000000000000
M 0.3794038295745850,-0.9078463912010193,0.1785154938697815,-3.1632032394409180,0.4675080776214600,0.3546049892902374,0.8097477555274963,4.3453598022460938,-0.7984290719032288,-0.2237639725208282,0.5589640140533447,-5.4635982513427734,0.0000000000000000,0.0000000000000000,0.0000000000000000,1.0000000000000000
M 0.3392983675003052,-0.9267362356185913,0.1613589227199554,-3.4260072708129883,0.4742682278156281,0.3166680634021759,0.8214566707611084,4.4662961959838867,-0.8123707771301270,-0.2021914869546890,0.5469664335250854,-5.6073999404907227,0.0000000000000000,0.0000000000000000,0.0000000000000000,1.0000000000000000
M 0.2984788715839386,-0.9436011910438538,0.1432730704545975,-3.6977987289428711,0.4802590608596802,0.2782175838947296,0.8318330645561218,4.5832829475402832,-0.8247796893119812,-0.1794764101505280,0.5362150669097900,-5.7424726486206055,0.0000000000000000,0.0000000000000000,0.0000000000000000,1.0000000000000000
M 0.2570285499095917,-0.9583683609962463,0.1243640184402466,-3.9781560897827148,0.4854709208011627,0.2393157482147217,0.8408603072166443,4.6961302757263184,-0.8356161117553711,-0.1557499766349792,0.5267708897590637,-5.8682870864868164,0.0000000000000000,0.0000000000000000,0.0000000000000000,1.0000000000000000
M 0.2150330990552902,-0.9709737300872803,0.1047419682145119,-4.2666234970092773,0.4898953437805176,0.2000257223844528,0.8485236167907715,4.8046550750732422,-0.8448451757431030,-0.1311480551958084,0.5186876058578491,-5.9843349456787109,0.0000000000000000,0.0000000000000000,0.0000000000000000,1.0000000000000000
M 0.1725800782442093,-0.9813625216484070,0.0845206156373024,-4.5627140998840332,0.4935251176357269,0.1604113876819611,0.8548105359077454,4.9086809158325195,-0.8524371385574341,-0.1058102324604988,0.5120108723640442,-6.0901355743408203,0.0000000000000000,0.0000000000000000,0.0000000000000000,1.0000000000000000
M 0.1297591179609299,-0.9894898533821106,0.0638161823153496,-4.8659067153930664,0.4963544309139252,0.1205368414521217,0.8597110509872437,5.0080404281616211,-0.8583676218986511,-0.0798799023032188,0.5067784190177917,-6.1852355003356934,0.0000000000000000,0.0000000000000000,0.0000000000000000,1.0000000000000000
M 0.0866606235504150,-0.9953203201293945,0.0427474342286587,-5.1756572723388672,0.4983786642551422,0.0804666727781296,0.8632172346115112,5.1025714874267578,-0.8626173138618469,-0.0535025261342525,0.5030196905136108,-6.2692117691040039,0.0000000000000000,0.0000000000000000,0.0000000000000000,1.0000000000000000
M 0.0433768294751644,-0.9988288283348083,0.0214347802102566,-5.4913878440856934,0.4995945096015930,0.0402659885585308,0.8653231263160706,5.1921205520629883,-0.8651726841926575,-0.0268262755125761,0.5007559657096863,-6.3416733741760254,0.0000000000000000,0.0000000000000000,0.0000000000000000,1.0000000000000000
M 0.0000000377489506,-1.0000000000000000,0.0000001090944863,-5.8125000000000000,0.5000000000000000,0.0000001133530816,0.8660254478454590,5.2765421867370605,-0.8660254478454590,0.0000000218556924,0.5000000000000000,-6.4022622108459473,0.0000000000000000,0.0000000000000000,0.0000000000000000,1.0000000000000000
