O DOOR_31_LCG_il_LINVERT_INTERIOR
A DOOR_31_LCG_il_LINVERT_INTERIOR_DOOR_31_LCG_il_LINVERT_INTERIOR
M 1.0000000000000000,-0.0000000000000070,0.0000000000000002,-0.0000000208616910,-0.0000000000000070,1.0000000000000000,-0.0000000437113847,-0.0000000045962523,0.0000000000000002,0.0000000437113918,1.0000000000000000,-0.0000000966102576,0.0000000000000000,0.0000000000000000,0.0000000000000000,1.0000000000000000
M 0.9999526143074036,-0.0000000022727065,-0.0097337951883674,-0.0124314511194825,0.0000000018381812,1.0000000000000000,-0.0000000446488677,-0.0000000073483761,0.0097337951883674,0.0000000446284112,0.9999526143074036,-0.0203247722238302,0.0000000000000000,0.0000000000000000,0.0000000000000000,1.0000000000000000
M 0.9998068213462830,-0.0000000045891646,-0.0196550171822309,-0.0250197537243366,0.0000000036931667,1.0000000000000000,-0.0000000456223255,-0.0000000101607611,0.0196550171822309,0.0000000455409008,0.9998068213462830,-0.0409334748983383,0.0000000000000000,0.0000000000000000,0.0000000000000000,1.0000000000000000
M 0.9995568990707397,-0.0000000069499815,-0.0297663137316704,-0.0377641506493092,0.0000000055643383,1.0000000000000000,-0.0000000466334988,-0.0000000130351410,0.0297663137316704,0.0000000464473828,0.9995568990707397,-0.0618361830711365,0.0000000000000000,0.0000000000000000,0.0000000000000000,1.0000000000000000
M 0.9991968870162964,-0.0000000093557073,-0.0400699116289616,-0.0506618246436119,0.0000000074510140,1.0000000000000000,-0.0000000476835957,-0.0000000159724465,0.0400699116289616,0.0000000473468056,0.9991968870162964,-0.0830422863364220,0.0000000000000000,0.0000000000000000,0.0000000000000000,1.0000000000000000
M 0.9987520575523376,-0.0000000116512844,-0.0499436520040035,-0.0635306537151337,0.0000000092301420,1.0000000000000000,-0.0000000487079213,-0.0000000187860110,0.0499436520040035,0.0000000481863012,0.9987520575523376,-0.1038543507456779,0.0000000000000000,0.0000000000000000,0.0000000000000000,1.0000000000000000
M 0.9987792968750000,-0.0000000114955885,-0.0493958666920662,-0.0710844025015831,0.0000000091035943,1.0000000000000000,-0.0000000486499339,-0.0000000186049363,0.0493958666920662,0.0000000481409970,0.9987792968750000,-0.1116258278489113,0.0000000000000000,0.0000000000000000,0.0000000000000000,1.0000000000000000
M 0.9989488720893860,-0.0000000105622728,-0.0458382740616798,-0.0766964554786682,0.0000000083581213,1.0000000000000000,-0.0000000482768421,-0.0000000174979249,0.0458382740616798,0.0000000478429421,0.9989488720893860,-0.1150915697216988,0.0000000000000000,0.0000000000000000,0.0000000000000000,1.0000000000000000
M 0.9991046786308289,-0.0000000096357589,-0.0423063859343529,-0.0823298841714859,0.0000000076157036,1.0000000000000000,-0.0000000479090438,-0.0000000164002714,0.0423063859343529,0.0000000475438995,0.9991046786308289,-0.1185966432094574,0.0000000000000000,0.0000000000000000,0.0000000000000000,1.0000000000000000
M 0.9992469549179077,-0.0000000087160501,-0.0388004705309868,-0.0879851430654526,0.0000000068763835,1.0000000000000000,-0.0000000475466599,-0.0000000153121675,0.0388004705309868,0.0000000472438018,0.9992469549179077,-0.1221410334110260,0.0000000000000000,0.0000000000000000,0.0000000000000000,1.0000000000000000
M 0.9993760585784912,-0.0000000078030453,-0.0353201627731323,-0.0936620086431503,0.0000000061401475,1.0000000000000000,-0.0000000471892498,-0.0000000142330379,0.0353201627731323,0.0000000469430361,0.9993760585784912,-0.1257238388061523,0.0000000000000000,0.0000000000000000,0.0000000000000000,1.0000000000000000
M 0.9994921684265137,-0.0000000068967152,-0.0318651981651783,-0.0993601977825165,0.0000000054069673,1.0000000000000000,-0.0000000468372825,-0.0000000131634508,0.0318651981651783,0.0000000466410981,0.9994921684265137,-0.1293445974588394,0.0000000000000000,0.0000000000000000,0.0000000000000000,1.0000000000000000
M 0.9995956420898438,-0.0000000059970513,-0.0284356381744146,-0.1050806865096092,0.0000000046769557,1.0000000000000000,-0.0000000464901682,0.0000000475018922,0.0284356381744146,0.0000000463385987,0.9995956420898438,-0.1330031305551529,0.0000000000000000,0.0000000000000000,0.0000000000000000,1.0000000000000000
M 0.9996866583824158,-0.0000000051040545,-0.0250311326235533,-0.1108223646879196,0.0000000039501273,1.0000000000000000,-0.0000000461484753,0.0000000485529412,0.0250311326235533,0.0000000460349128,0.9996866583824158,-0.1366986483335495,0.0000000000000000,0.0000000000000000,0.0000000000000000,1.0000000000000000
M 0.9997655749320984,-0.0000000042175161,-0.0216515995562077,-0.1165861487388611,0.0000000032263827,1.0000000000000000,-0.0000000458114435,-0.0000000100092308,0.0216515995562077,0.0000000457308005,0.9997655749320984,-0.1404309868812561,0.0000000000000000,0.0000000000000000,0.0000000000000000,1.0000000000000000
M 0.9998993873596191,-0.0000000029059763,-0.0141832092776895,-0.1187678501009941,0.0000000022668232,1.0000000000000000,-0.0000000450805082,-0.0000000082630862,0.0141832092776895,0.0000000450431017,0.9998993873596191,-0.1355888843536377,0.0000000000000000,0.0000000000000000,0.0000000000000000,1.0000000000000000
M 0.9999834299087524,-0.0000000014988772,-0.0057537080720067,-0.1200842857360840,0.0000000012442101,1.0000000000000000,-0.0000000442642722,-0.0000000063544547,0.0057537080720067,0.0000000442552128,0.9999834299087524,-0.1287180036306381,0.0000000000000000,0.0000000000000000,0.0000000000000000,1.0000000000000000
M 0.9999982118606567,-0.0000000008686220,-0.0018935613334179,-0.1271970868110657,0.0000000007854979,1.0000000000000000,-0.0000000438922534,-0.0000000054907616,0.0018935613334179,0.0000000438916139,0.9999982118606567,-0.1257912218570709,0.0000000000000000,0.0000000000000000,0.0000000000000000,1.0000000000000000
M 0.9999987483024597,-0.0000000008434969,-0.0015912440139800,-0.1388560235500336,0.0000000007736887,1.0000000000000000,-0.0000000438620340,-0.0000000054420823,0.0015912440139800,0.0000000438641941,0.9999987483024597,-0.1258845925331116,0.0000000000000000,0.0000000000000000,0.0000000000000000,1.0000000000000000
M 0.9999991655349731,-0.0000000008183194,-0.0012889637146145,-0.1505151838064194,0.0000000007618084,1.0000000000000000,-0.0000000438353673,-0.0000000053978937,0.0012889637146145,0.0000000438332250,0.9999991655349731,-0.1259781122207642,0.0000000000000000,0.0000000000000000,0.0000000000000000,1.0000000000000000
M 0.9999997019767761,-0.0000000007842487,-0.0007951380684972,-0.1619323790073395,0.0000000007494309,1.0000000000000000,-0.0000000437831638,-0.0000000053205653,0.0007951380684972,0.0000000437912604,0.9999997019767761,-0.1256713569164276,0.0000000000000000,0.0000000000000000,0.0000000000000000,1.0000000000000000
M 1.0000000000000000,-0.0000000007460720,-0.0002126288745785,-0.1732373833656311,0.0000000007367690,1.0000000000000000,-0.0000000437113847,-0.0000000052179061,0.0002126288745785,0.0000000437519461,1.0000000000000000,-0.1251794993877411,0.0000000000000000,0.0000000000000000,0.0000000000000000,1.0000000000000000
M 1.0000000000000000,-0.0000000007261959,0.0000000003630947,-0.1850161701440811,0.0000000007261819,1.0000000000000000,-0.0000000437113847,-0.0000000052089817,-0.0000000003630942,0.0000000437113918,1.0000000000000000,-0.1250000894069672,0.0000000000000000,0.0000000000000000,0.0000000000000000,1.0000000000000000
M 1.0000000000000000,-0.0000000007168451,0.0000000003584193,-0.1970672756433487,0.0000000007168311,1.0000000000000000,-0.0000000437113847,-0.0000000052010805,-0.0000000003584189,0.0000000437113918,1.0000000000000000,-0.1250000894069672,0.0000000000000000,0.0000000000000000,0.0000000000000000,1.0000000000000000
M 1.0000000000000000,-0.0000000007074802,0.0000000003537369,-0.2091182619333267,0.0000000007074662,1.0000000000000000,-0.0000000437113847,-0.0000000051931792,-0.0000000003537364,0.0000000437113918,1.0000000000000000,-0.1250000894069672,0.0000000000000000,0.0000000000000000,0.0000000000000000,1.0000000000000000
M 1.0000000000000000,-0.0000000006981721,0.0000000003490828,-0.2211693674325943,0.0000000006981581,1.0000000000000000,-0.0000000437113847,-0.0000000051853348,-0.0000000003490823,0.0000000437113918,1.0000000000000000,-0.1250000894069672,0.0000000000000000,0.0000000000000000,0.0000000000000000,1.0000000000000000
M 1.0000000000000000,-0.0000000006888213,0.0000000003444074,-0.2332204729318619,0.0000000006888073,1.0000000000000000,-0.0000000437113847,-0.0000000051774478,-0.0000000003444070,0.0000000437113918,1.0000000000000000,-0.1250000894069672,0.0000000000000000,0.0000000000000000,0.0000000000000000,1.0000000000000000
M 1.0000000000000000,-0.0000000006794848,0.0000000003397392,-0.2452715784311295,0.0000000006794708,1.0000000000000000,-0.0000000437113847,-0.0000000051695608,-0.0000000003397387,0.0000000437113918,1.0000000000000000,-0.1250000894069672,0.0000000000000000,0.0000000000000000,0.0000000000000000,1.0000000000000000
M 1.0000000000000000,-0.0000000006701341,0.0000000003350638,-0.2573226988315582,0.0000000006701201,1.0000000000000000,-0.0000000437113847,-0.0000000051616738,-0.0000000003350633,0.0000000437113918,1.0000000000000000,-0.1250000894069672,0.0000000000000000,0.0000000000000000,0.0000000000000000,1.0000000000000000
M 1.0000000000000000,-0.0000000006608259,0.0000000003304098,-0.2693736851215363,0.0000000006608120,1.0000000000000000,-0.0000000437113847,-0.0000000051538152,-0.0000000003304093,0.0000000437113918,1.0000000000000000,-0.1250000894069672,0.0000000000000000,0.0000000000000000,0.0000000000000000,1.0000000000000000
M 1.0000000000000000,-0.0000000006514752,0.0000000003257344,-0.2814247906208038,0.0000000006514612,1.0000000000000000,-0.0000000437113847,-0.0000000051459281,-0.0000000003257339,0.0000000437113918,1.0000000000000000,-0.1250000894069672,0.0000000000000000,0.0000000000000000,0.0000000000000000,1.0000000000000000
M 1.0000000000000000,-0.0000000006421245,0.0000000003210590,-0.2934758961200714,0.0000000006421105,1.0000000000000000,-0.0000000437113847,-0.0000000051380411,-0.0000000003210585,0.0000000437113918,1.0000000000000000,-0.1250000894069672,0.0000000000000000,0.0000000000000000,0.0000000000000000,1.0000000000000000
M 1.0000000000000000,-0.0000000006328021,0.0000000003163979,-0.3055268824100494,0.0000000006327882,1.0000000000000000,-0.0000000437113847,-0.0000000051301683,-0.0000000003163974,0.0000000437113918,1.0000000000000000,-0.1250000894069672,0.0000000000000000,0.0000000000000000,0.0000000000000000,1.0000000000000000
M 1.0000000000000000,-0.0000000006234656,0.0000000003117296,-0.3175779879093170,0.0000000006234516,1.0000000000000000,-0.0000000437113847,-0.0000000051222955,-0.0000000003117291,0.0000000437113918,1.0000000000000000,-0.1250000894069672,0.0000000000000000,0.0000000000000000,0.0000000000000000,1.0000000000000000
M 1.0000000000000000,-0.0000000006141291,0.0000000003070613,-0.3296290934085846,0.0000000006141151,1.0000000000000000,-0.0000000437113847,-0.0000000051144227,-0.0000000003070608,0.0000000437113918,1.0000000000000000,-0.1250000894069672,0.0000000000000000,0.0000000000000000,0.0000000000000000,1.0000000000000000
M 1.0000000000000000,-0.0000000006047783,0.0000000003023859,-0.3416800796985626,0.0000000006047643,1.0000000000000000,-0.0000000437113847,-0.0000000051065356,-0.0000000003023855,0.0000000437113918,1.0000000000000000,-0.1250000894069672,0.0000000000000000,0.0000000000000000,0.0000000000000000,1.0000000000000000
M 1.0000000000000000,-0.0000000005954418,0.0000000002977177,-0.3537313044071198,0.0000000005954278,1.0000000000000000,-0.0000000437113847,-0.0000000050986486,-0.0000000002977172,0.0000000437113918,1.0000000000000000,-0.1250000894069672,0.0000000000000000,0.0000000000000000,0.0000000000000000,1.0000000000000000
M 1.0000000000000000,-0.0000000005861053,0.0000000002930494,-0.3657824099063873,0.0000000005860913,1.0000000000000000,-0.0000000437113847,-0.0000000050907758,-0.0000000002930489,0.0000000437113918,1.0000000000000000,-0.1250000894069672,0.0000000000000000,0.0000000000000000,0.0000000000000000,1.0000000000000000
M 1.0000000000000000,-0.0000000005767972,0.0000000002883953,-0.3778333961963654,0.0000000005767832,1.0000000000000000,-0.0000000437113847,-0.0000000050829172,-0.0000000002883949,0.0000000437113918,1.0000000000000000,-0.1250000894069672,0.0000000000000000,0.0000000000000000,0.0000000000000000,1.0000000000000000
M 1.0000000000000000,-0.0000000005674322,0.0000000002837129,-0.3898843824863434,0.0000000005674182,1.0000000000000000,-0.0000000437113847,-0.0000000050750160,-0.0000000002837124,0.0000000437113918,1.0000000000000000,-0.1250000894069672,0.0000000000000000,0.0000000000000000,0.0000000000000000,1.0000000000000000
M 1.0000000000000000,-0.0000000005581241,0.0000000002790588,-0.4019354879856110,0.0000000005581101,1.0000000000000000,-0.0000000437113847,-0.0000000050671716,-0.0000000002790584,0.0000000437113918,1.0000000000000000,-0.1250000894069672,0.0000000000000000,0.0000000000000000,0.0000000000000000,1.0000000000000000
M 1.0000000000000000,-0.0000000005487876,0.0000000002743905,-0.4139865934848785,0.0000000005487736,1.0000000000000000,-0.0000000437113847,-0.0000000050592845,-0.0000000002743901,0.0000000437113918,1.0000000000000000,-0.1250000894069672,0.0000000000000000,0.0000000000000000,0.0000000000000000,1.0000000000000000
M 1.0000000000000000,-0.0000000005394653,0.0000000002697294,-0.4260376989841461,0.0000000005394513,1.0000000000000000,-0.0000000437113847,-0.0000000050514259,-0.0000000002697289,0.0000000437113918,1.0000000000000000,-0.1250000894069672,0.0000000000000000,0.0000000000000000,0.0000000000000000,1.0000000000000000
M 1.0000000000000000,-0.0000000005301429,0.0000000002650682,-0.4380888044834137,0.0000000005301289,1.0000000000000000,-0.0000000437113847,-0.0000000050435531,-0.0000000002650678,0.0000000437113918,1.0000000000000000,-0.1250000894069672,0.0000000000000000,0.0000000000000000,0.0000000000000000,1.0000000000000000
M 1.0000000000000000,-0.0000000005208348,0.0000000002604142,-0.4501399099826813,0.0000000005208208,1.0000000000000000,-0.0000000437113847,-0.0000000050357087,-0.0000000002604137,0.0000000437113918,1.0000000000000000,-0.1250000894069672,0.0000000000000000,0.0000000000000000,0.0000000000000000,1.0000000000000000
M 1.0000000000000000,-0.0000000005114983,0.0000000002557459,-0.4621908962726593,0.0000000005114843,1.0000000000000000,-0.0000000437113847,-0.0000000050278217,-0.0000000002557455,0.0000000437113918,1.0000000000000000,-0.1250000894069672,0.0000000000000000,0.0000000000000000,0.0000000000000000,1.0000000000000000
M 1.0000000000000000,-0.0000000005021760,0.0000000002510847,-0.4742420017719269,0.0000000005021620,1.0000000000000000,-0.0000000437113847,-0.0000000050199631,-0.0000000002510843,0.0000000437113918,1.0000000000000000,-0.1250000894069672,0.0000000000000000,0.0000000000000000,0.0000000000000000,1.0000000000000000
M 1.0000000000000000,-0.0000000004928536,0.0000000002464236,-0.4862931072711945,0.0000000004928397,1.0000000000000000,-0.0000000437113847,-0.0000000050120903,-0.0000000002464231,0.0000000437113918,1.0000000000000000,-0.1250000894069672,0.0000000000000000,0.0000000000000000,0.0000000000000000,1.0000000000000000
M 1.0000000000000000,-0.0000000004835171,0.0000000002417553,-0.4983440935611725,0.0000000004835031,1.0000000000000000,-0.0000000437113847,-0.0000000050042175,-0.0000000002417549,0.0000000437113918,1.0000000000000000,-0.1250000894069672,0.0000000000000000,0.0000000000000000,0.0000000000000000,1.0000000000000000
M 1.0000000000000000,-0.0000000004742090,0.0000000002371013,-0.5103951692581177,0.0000000004741950,1.0000000000000000,-0.0000000437113847,-0.0000000049963589,-0.0000000002371008,0.0000000437113918,1.0000000000000000,-0.1250000894069672,0.0000000000000000,0.0000000000000000,0.0000000000000000,1.0000000000000000
M 1.0000000000000000,-0.0000000004648867,0.0000000002324401,-0.5224462747573853,0.0000000004648727,1.0000000000000000,-0.0000000437113847,-0.0000000049885003,-0.0000000002324397,0.0000000437113918,1.0000000000000000,-0.1250000894069672,0.0000000000000000,0.0000000000000000,0.0000000000000000,1.0000000000000000
M 1.0000000000000000,-0.0000000004555644,0.0000000002277789,-0.5344973802566528,0.0000000004555503,1.0000000000000000,-0.0000000437113847,-0.0000000049806275,-0.0000000002277785,0.0000000437113918,1.0000000000000000,-0.1250000894069672,0.0000000000000000,0.0000000000000000,0.0000000000000000,1.0000000000000000
M 1.0000000000000000,-0.0000000004462420,0.0000000002231178,-0.5465483665466309,0.0000000004462280,1.0000000000000000,-0.0000000437113847,-0.0000000049727689,-0.0000000002231173,0.0000000437113918,1.0000000000000000,-0.1250000894069672,0.0000000000000000,0.0000000000000000,0.0000000000000000,1.0000000000000000
M 1.0000000000000000,-0.0000000004369339,0.0000000002184637,-0.5585994720458984,0.0000000004369199,1.0000000000000000,-0.0000000437113847,-0.0000000049649103,-0.0000000002184633,0.0000000437113918,1.0000000000000000,-0.1250000894069672,0.0000000000000000,0.0000000000000000,0.0000000000000000,1.0000000000000000
M 1.0000000000000000,-0.0000000004276116,0.0000000002138025,-0.5706505775451660,0.0000000004275976,1.0000000000000000,-0.0000000437113847,-0.0000000049570517,-0.0000000002138021,0.0000000437113918,1.0000000000000000,-0.1250000894069672,0.0000000000000000,0.0000000000000000,0.0000000000000000,1.0000000000000000
M 1.0000000000000000,-0.0000000004182751,0.0000000002091343,-0.5827016830444336,0.0000000004182611,1.0000000000000000,-0.0000000437113847,-0.0000000049491646,-0.0000000002091338,0.0000000437113918,1.0000000000000000,-0.1250000894069672,0.0000000000000000,0.0000000000000000,0.0000000000000000,1.0000000000000000
M 1.0000000000000000,-0.0000000004089670,0.0000000002044802,-0.5947527885437012,0.0000000004089530,1.0000000000000000,-0.0000000437113847,-0.0000000049413202,-0.0000000002044798,0.0000000437113918,1.0000000000000000,-0.1250000894069672,0.0000000000000000,0.0000000000000000,0.0000000000000000,1.0000000000000000
M 1.0000000000000000,-0.0000000003996731,0.0000000001998333,-0.6068038940429688,0.0000000003996591,1.0000000000000000,-0.0000000437113847,-0.0000000049334759,-0.0000000001998328,0.0000000437113918,1.0000000000000000,-0.1250000894069672,0.0000000000000000,0.0000000000000000,0.0000000000000000,1.0000000000000000
M 1.0000000000000000,-0.0000000003903365,0.0000000001951650,-0.6188549995422363,0.0000000003903225,1.0000000000000000,-0.0000000437113847,-0.0000000049255888,-0.0000000001951646,0.0000000437113918,1.0000000000000000,-0.1250000894069672,0.0000000000000000,0.0000000000000000,0.0000000000000000,1.0000000000000000
M 1.0000000000000000,-0.0000000003810284,0.0000000001905110,-0.6309061050415039,0.0000000003810144,1.0000000000000000,-0.0000000437113847,-0.0000000049177444,-0.0000000001905105,0.0000000437113918,1.0000000000000000,-0.1250000894069672,0.0000000000000000,0.0000000000000000,0.0000000000000000,1.0000000000000000
M 1.0000000000000000,-0.0000000003717487,0.0000000001858711,-0.6429572105407715,0.0000000003717347,1.0000000000000000,-0.0000000437113847,-0.0000000049099143,-0.0000000001858707,0.0000000437113918,1.0000000000000000,-0.1250000894069672,0.0000000000000000,0.0000000000000000,0.0000000000000000,1.0000000000000000
M 1.0000000000000000,-0.0000000003624122,0.0000000001812028,-0.6550083160400391,0.0000000003623982,1.0000000000000000,-0.0000000437113847,-0.0000000049020272,-0.0000000001812024,0.0000000437113918,1.0000000000000000,-0.1250000894069672,0.0000000000000000,0.0000000000000000,0.0000000000000000,1.0000000000000000
M 1.0000000000000000,-0.0000000003531183,0.0000000001765559,-0.6670594215393066,0.0000000003531043,1.0000000000000000,-0.0000000437113847,-0.0000000048941970,-0.0000000001765555,0.0000000437113918,1.0000000000000000,-0.1250000894069672,0.0000000000000000,0.0000000000000000,0.0000000000000000,1.0000000000000000
M 1.0000000000000000,-0.0000000003437960,0.0000000001718947,-0.6791102886199951,0.0000000003437820,1.0000000000000000,-0.0000000437113847,-0.0000000048863242,-0.0000000001718943,0.0000000437113918,1.0000000000000000,-0.1250000894069672,0.0000000000000000,0.0000000000000000,0.0000000000000000,1.0000000000000000
M 1.0000000000000000,-0.0000000003344879,0.0000000001672407,-0.6911613941192627,0.0000000003344739,1.0000000000000000,-0.0000000437113847,-0.0000000048784656,-0.0000000001672402,0.0000000437113918,1.0000000000000000,-0.1250000894069672,0.0000000000000000,0.0000000000000000,0.0000000000000000,1.0000000000000000
M 1.0000000000000000,-0.0000000003251656,0.0000000001625795,-0.7032124996185303,0.0000000003251515,1.0000000000000000,-0.0000000437113847,-0.0000000048706070,-0.0000000001625791,0.0000000437113918,1.0000000000000000,-0.1250000894069672,0.0000000000000000,0.0000000000000000,0.0000000000000000,1.0000000000000000
M 1.0000000000000000,-0.0000000003158859,0.0000000001579397,-0.7152636051177979,0.0000000003158719,1.0000000000000000,-0.0000000437113847,-0.0000000048627768,-0.0000000001579392,0.0000000437113918,1.0000000000000000,-0.1250000894069672,0.0000000000000000,0.0000000000000000,0.0000000000000000,1.0000000000000000
M 1.0000000000000000,-0.0000000003065636,0.0000000001532785,-0.7273147106170654,0.0000000003065495,1.0000000000000000,-0.0000000437113847,-0.0000000048549182,-0.0000000001532781,0.0000000437113918,1.0000000000000000,-0.1250000894069672,0.0000000000000000,0.0000000000000000,0.0000000000000000,1.0000000000000000
M 1.0000000000000000,-0.0000000002972697,0.0000000001486316,-0.7393658161163330,0.0000000002972556,1.0000000000000000,-0.0000000437113847,-0.0000000048470739,-0.0000000001486311,0.0000000437113918,1.0000000000000000,-0.1250000894069672,0.0000000000000000,0.0000000000000000,0.0000000000000000,1.0000000000000000
M 1.0000000000000000,-0.0000000002879758,0.0000000001439846,-0.7514166831970215,0.0000000002879617,1.0000000000000000,-0.0000000437113847,-0.0000000048392295,-0.0000000001439842,0.0000000437113918,1.0000000000000000,-0.1250000894069672,0.0000000000000000,0.0000000000000000,0.0000000000000000,1.0000000000000000
M 1.0000000000000000,-0.0000000002786534,0.0000000001393234,-0.7634677886962891,0.0000000002786394,1.0000000000000000,-0.0000000437113847,-0.0000000048313566,-0.0000000001393230,0.0000000437113918,1.0000000000000000,-0.1250000894069672,0.0000000000000000,0.0000000000000000,0.0000000000000000,1.0000000000000000
M 1.0000000000000000,-0.0000000002693737,0.0000000001346836,-0.7755188941955566,0.0000000002693597,1.0000000000000000,-0.0000000437113847,-0.0000000048235265,-0.0000000001346832,0.0000000437113918,1.0000000000000000,-0.1250000894069672,0.0000000000000000,0.0000000000000000,0.0000000000000000,1.0000000000000000
M 1.0000000000000000,-0.0000000002600514,0.0000000001300224,-0.7875699996948242,0.0000000002600374,1.0000000000000000,-0.0000000437113847,-0.0000000048156679,-0.0000000001300220,0.0000000437113918,1.0000000000000000,-0.1250000894069672,0.0000000000000000,0.0000000000000000,0.0000000000000000,1.0000000000000000
M 1.0000000000000000,-0.0000000002507717,0.0000000001253826,-0.7996211051940918,0.0000000002507577,1.0000000000000000,-0.0000000437113847,-0.0000000048078377,-0.0000000001253822,0.0000000437113918,1.0000000000000000,-0.1250000894069672,0.0000000000000000,0.0000000000000000,0.0000000000000000,1.0000000000000000
M 1.0000000000000000,-0.0000000002414494,0.0000000001207214,-0.8116722106933594,0.0000000002414354,1.0000000000000000,-0.0000000437113847,-0.0000000047999649,-0.0000000001207210,0.0000000437113918,1.0000000000000000,-0.1250000894069672,0.0000000000000000,0.0000000000000000,0.0000000000000000,1.0000000000000000
M 1.0000000000000000,-0.0000000002321982,0.0000000001160958,-0.8237233161926270,0.0000000002321841,1.0000000000000000,-0.0000000437113847,-0.0000000047921631,-0.0000000001160954,0.0000000437113918,1.0000000000000000,-0.1250000894069672,0.0000000000000000,0.0000000000000000,0.0000000000000000,1.0000000000000000
M 1.0000000000000000,-0.0000000002228616,0.0000000001114275,-0.8357741832733154,0.0000000002228476,1.0000000000000000,-0.0000000437113847,-0.0000000047842903,-0.0000000001114271,0.0000000437113918,1.0000000000000000,-0.1250000894069672,0.0000000000000000,0.0000000000000000,0.0000000000000000,1.0000000000000000
M 1.0000000000000000,-0.0000000002135677,0.0000000001067806,-0.8478252887725830,0.0000000002135537,1.0000000000000000,-0.0000000437113847,-0.0000000047764459,-0.0000000001067802,0.0000000437113918,1.0000000000000000,-0.1250000894069672,0.0000000000000000,0.0000000000000000,0.0000000000000000,1.0000000000000000
M 1.0000000000000000,-0.0000000002042880,0.0000000001021407,-0.8598763942718506,0.0000000002042740,1.0000000000000000,-0.0000000437113847,-0.0000000047686157,-0.0000000001021403,0.0000000437113918,1.0000000000000000,-0.1250000894069672,0.0000000000000000,0.0000000000000000,0.0000000000000000,1.0000000000000000
M 1.0000000000000000,-0.0000000001949941,0.0000000000974938,-0.8719274997711182,0.0000000001949801,1.0000000000000000,-0.0000000437113847,-0.0000000047607713,-0.0000000000974934,0.0000000437113918,1.0000000000000000,-0.1250000894069672,0.0000000000000000,0.0000000000000000,0.0000000000000000,1.0000000000000000
M 1.0000000000000000,-0.0000000001856860,0.0000000000928397,-0.8839786052703857,0.0000000001856720,1.0000000000000000,-0.0000000437113847,-0.0000000047529269,-0.0000000000928393,0.0000000437113918,1.0000000000000000,-0.1250000894069672,0.0000000000000000,0.0000000000000000,0.0000000000000000,1.0000000000000000
M 1.0000000000000000,-0.0000000001763921,0.0000000000881928,-0.8960297107696533,0.0000000001763781,1.0000000000000000,-0.0000000437113847,-0.0000000047450825,-0.0000000000881924,0.0000000437113918,1.0000000000000000,-0.1250000894069672,0.0000000000000000,0.0000000000000000,0.0000000000000000,1.0000000000000000
M 1.0000000000000000,-0.0000000001671124,0.0000000000835529,-0.9080808162689209,0.0000000001670984,1.0000000000000000,-0.0000000437113847,-0.0000000047372524,-0.0000000000835525,0.0000000437113918,1.0000000000000000,-0.1250000894069672,0.0000000000000000,0.0000000000000000,0.0000000000000000,1.0000000000000000
M 1.0000000000000000,-0.0000000001578185,0.0000000000789060,-0.9201316833496094,0.0000000001578045,1.0000000000000000,-0.0000000437113847,-0.0000000047294080,-0.0000000000789056,0.0000000437113918,1.0000000000000000,-0.1250000894069672,0.0000000000000000,0.0000000000000000,0.0000000000000000,1.0000000000000000
M 1.0000000000000000,-0.0000000001485247,0.0000000000742590,-0.9321827888488770,0.0000000001485106,1.0000000000000000,-0.0000000437113847,-0.0000000047215636,-0.0000000000742586,0.0000000437113918,1.0000000000000000,-0.1250000894069672,0.0000000000000000,0.0000000000000000,0.0000000000000000,1.0000000000000000
M 1.0000000000000000,-0.0000000001392308,0.0000000000696121,-0.9442338943481445,0.0000000001392167,1.0000000000000000,-0.0000000437113847,-0.0000000047137192,-0.0000000000696117,0.0000000437113918,1.0000000000000000,-0.1250000894069672,0.0000000000000000,0.0000000000000000,0.0000000000000000,1.0000000000000000
M 1.0000000000000000,-0.0000000001299511,0.0000000000649722,-0.9562849998474121,0.0000000001299370,1.0000000000000000,-0.0000000437113847,-0.0000000047058890,-0.0000000000649718,0.0000000437113918,1.0000000000000000,-0.1250000894069672,0.0000000000000000,0.0000000000000000,0.0000000000000000,1.0000000000000000
M 1.0000000000000000,-0.0000000001206714,0.0000000000603324,-0.9683361053466797,0.0000000001206574,1.0000000000000000,-0.0000000437113847,-0.0000000046980588,-0.0000000000603320,0.0000000437113918,1.0000000000000000,-0.1250000894069672,0.0000000000000000,0.0000000000000000,0.0000000000000000,1.0000000000000000
M 1.0000000000000000,-0.0000000001114059,0.0000000000556996,-0.9803872108459473,0.0000000001113919,1.0000000000000000,-0.0000000437113847,-0.0000000046902429,-0.0000000000556993,0.0000000437113918,1.0000000000000000,-0.1250000894069672,0.0000000000000000,0.0000000000000000,0.0000000000000000,1.0000000000000000
M 1.0000000000000000,-0.0000000001020836,0.0000000000510385,-0.9924383163452148,0.0000000001020696,1.0000000000000000,-0.0000000437113847,-0.0000000046823843,-0.0000000000510381,0.0000000437113918,1.0000000000000000,-0.1250000894069672,0.0000000000000000,0.0000000000000000,0.0000000000000000,1.0000000000000000
M 1.0000000000000000,-0.0000000000928181,0.0000000000464057,-1.0044894218444824,0.0000000000928041,1.0000000000000000,-0.0000000437113847,-0.0000000046745683,-0.0000000000464054,0.0000000437113918,1.0000000000000000,-0.1250000894069672,0.0000000000000000,0.0000000000000000,0.0000000000000000,1.0000000000000000
M 1.0000000000000000,-0.0000000000835384,0.0000000000417659,-1.0165405273437500,0.0000000000835244,1.0000000000000000,-0.0000000437113847,-0.0000000046667381,-0.0000000000417655,0.0000000437113918,1.0000000000000000,-0.1250000894069672,0.0000000000000000,0.0000000000000000,0.0000000000000000,1.0000000000000000
M 1.0000000000000000,-0.0000000000742303,0.0000000000371118,-1.0285916328430176,0.0000000000742163,1.0000000000000000,-0.0000000437113847,-0.0000000046588795,-0.0000000000371115,0.0000000437113918,1.0000000000000000,-0.1250000894069672,0.0000000000000000,0.0000000000000000,0.0000000000000000,1.0000000000000000
M 1.0000000000000000,-0.0000000000649506,0.0000000000324720,-1.0406427383422852,0.0000000000649366,1.0000000000000000,-0.0000000437113847,-0.0000000046510493,-0.0000000000324716,0.0000000437113918,1.0000000000000000,-0.1250000894069672,0.0000000000000000,0.0000000000000000,0.0000000000000000,1.0000000000000000
M 1.0000000000000000,-0.0000000000556851,0.0000000000278393,-1.0526938438415527,0.0000000000556711,1.0000000000000000,-0.0000000437113847,-0.0000000046432334,-0.0000000000278389,0.0000000437113918,1.0000000000000000,-0.1250000894069672,0.0000000000000000,0.0000000000000000,0.0000000000000000,1.0000000000000000
M 1.0000000000000000,-0.0000000000464339,0.0000000000232136,-1.0647447109222412,0.0000000000464199,1.0000000000000000,-0.0000000437113847,-0.0000000046354316,-0.0000000000232132,0.0000000437113918,1.0000000000000000,-0.1250000894069672,0.0000000000000000,0.0000000000000000,0.0000000000000000,1.0000000000000000
M 1.0000000000000000,-0.0000000000370973,0.0000000000185454,-1.0767960548400879,0.0000000000370833,1.0000000000000000,-0.0000000437113847,-0.0000000046275446,-0.0000000000185450,0.0000000437113918,1.0000000000000000,-0.1250000894069672,0.0000000000000000,0.0000000000000000,0.0000000000000000,1.0000000000000000
M 1.0000000000000000,-0.0000000000278319,0.0000000000139126,-1.0888469219207764,0.0000000000278178,1.0000000000000000,-0.0000000437113847,-0.0000000046197286,-0.0000000000139122,0.0000000437113918,1.0000000000000000,-0.1250000894069672,0.0000000000000000,0.0000000000000000,0.0000000000000000,1.0000000000000000
M 1.0000000000000000,-0.0000000000185522,0.0000000000092728,-1.1008980274200439,0.0000000000185382,1.0000000000000000,-0.0000000437113847,-0.0000000046118984,-0.0000000000092724,0.0000000437113918,1.0000000000000000,-0.1250000894069672,0.0000000000000000,0.0000000000000000,0.0000000000000000,1.0000000000000000
M 1.0000000000000000,-0.0000000000093009,0.0000000000046471,-1.1129488945007324,0.0000000000092869,1.0000000000000000,-0.0000000437113847,-0.0000000046040967,-0.0000000000046468,0.0000000437113918,1.0000000000000000,-0.1250000894069672,0.0000000000000000,0.0000000000000000,0.0000000000000000,1.0000000000000000
M 1.0000000000000000,-0.0000000000000070,0.0000000000000002,-1.1250000000000000,-0.0000000000000070,1.0000000000000000,-0.0000000437113847,-0.0000000045962523,0.0000000000000002,0.0000000437113918,1.0000000000000000,-0.1250000894069672,0.0000000000000000,0.0000000000000000,0.0000000000000000,1.0000000000000000
O WIDGET_35_CG_displays_HIDE
A WIDGET_35_CG_displays_HIDE_WIDGET_35_CG_displays_HIDE
M 1.0000000000000000,-0.0000000000000070,0.0000000000000002,-0.0000000208616910,-0.0000000000000070,1.0000000000000000,-0.0000000437113847,-0.0000000045962523,0.0000000000000002,0.0000000437113918,1.0000000000000000,-0.0000000966102576,0.0000000000000000,0.0000000000000000,0.0000000000000000,1.0000000000000000
M 0.9999526143074036,-0.0000000022727065,-0.0097337951883674,-0.0124314511194825,0.0000000018381812,1.0000000000000000,-0.0000000446488677,-0.0000000073483761,0.0097337951883674,0.0000000446284112,0.9999526143074036,-0.0203247722238302,0.0000000000000000,0.0000000000000000,0.0000000000000000,1.0000000000000000
M 0.9998068213462830,-0.0000000045891646,-0.0196550171822309,-0.0250197537243366,0.0000000036931667,1.0000000000000000,-0.0000000456223255,-0.0000000101607611,0.0196550171822309,0.0000000455409008,0.9998068213462830,-0.0409334748983383,0.0000000000000000,0.0000000000000000,0.0000000000000000,1.0000000000000000
M 0.9995568990707397,-0.0000000069499815,-0.0297663137316704,-0.0377641506493092,0.0000000055643383,1.0000000000000000,-0.0000000466334988,-0.0000000130351410,0.0297663137316704,0.0000000464473828,0.9995568990707397,-0.0618361830711365,0.0000000000000000,0.0000000000000000,0.0000000000000000,1.0000000000000000
M 0.9991968870162964,-0.0000000093557073,-0.0400699116289616,-0.0506618246436119,0.0000000074510140,1.0000000000000000,-0.0000000476835957,-0.0000000159724465,0.0400699116289616,0.0000000473468056,0.9991968870162964,-0.0830422863364220,0.0000000000000000,0.0000000000000000,0.0000000000000000,1.0000000000000000
M 0.9987520575523376,-0.0000000116512844,-0.0499436520040035,-0.0635306537151337,0.0000000092301420,1.0000000000000000,-0.0000000487079213,-0.0000000187860110,0.0499436520040035,0.0000000481863012,0.9987520575523376,-0.1038543507456779,0.0000000000000000,0.0000000000000000,0.0000000000000000,1.0000000000000000
M 0.9987792968750000,-0.0000000114955885,-0.0493958666920662,-0.0710844025015831,0.0000000091035943,1.0000000000000000,-0.0000000486499339,-0.0000000186049363,0.0493958666920662,0.0000000481409970,0.9987792968750000,-0.1116258278489113,0.0000000000000000,0.0000000000000000,0.0000000000000000,1.0000000000000000
M 0.9989488720893860,-0.0000000105622728,-0.0458382740616798,-0.0766964554786682,0.0000000083581213,1.0000000000000000,-0.0000000482768421,-0.0000000174979249,0.0458382740616798,0.0000000478429421,0.9989488720893860,-0.1150915697216988,0.0000000000000000,0.0000000000000000,0.0000000000000000,1.0000000000000000
M 0.9991046786308289,-0.0000000096357589,-0.0423063859343529,-0.0823298841714859,0.0000000076157036,1.0000000000000000,-0.0000000479090438,-0.0000000164002714,0.0423063859343529,0.0000000475438995,0.9991046786308289,-0.1185966432094574,0.0000000000000000,0.0000000000000000,0.0000000000000000,1.0000000000000000
M 0.9992469549179077,-0.0000000087160501,-0.0388004705309868,-0.0879851430654526,0.0000000068763835,1.0000000000000000,-0.0000000475466599,-0.0000000153121675,0.0388004705309868,0.0000000472438018,0.9992469549179077,-0.1221410334110260,0.0000000000000000,0.0000000000000000,0.0000000000000000,1.0000000000000000
M 0.9993760585784912,-0.0000000078030453,-0.0353201627731323,-0.0936620086431503,0.0000000061401475,1.0000000000000000,-0.0000000471892498,-0.0000000142330379,0.0353201627731323,0.0000000469430361,0.9993760585784912,-0.1257238388061523,0.0000000000000000,0.0000000000000000,0.0000000000000000,1.0000000000000000
M 0.9994921684265137,-0.0000000068967152,-0.0318651981651783,-0.0993601977825165,0.0000000054069673,1.0000000000000000,-0.0000000468372825,-0.0000000131634508,0.0318651981651783,0.0000000466410981,0.9994921684265137,-0.1293445974588394,0.0000000000000000,0.0000000000000000,0.0000000000000000,1.0000000000000000
M 0.9995956420898438,-0.0000000059970513,-0.0284356381744146,-0.1050806865096092,0.0000000046769557,1.0000000000000000,-0.0000000464901682,0.0000000475018922,0.0284356381744146,0.0000000463385987,0.9995956420898438,-0.1330031305551529,0.0000000000000000,0.0000000000000000,0.0000000000000000,1.0000000000000000
M 0.9996866583824158,-0.0000000051040545,-0.0250311326235533,-0.1108223646879196,0.0000000039501273,1.0000000000000000,-0.0000000461484753,0.0000000485529412,0.0250311326235533,0.0000000460349128,0.9996866583824158,-0.1366986483335495,0.0000000000000000,0.0000000000000000,0.0000000000000000,1.0000000000000000
M 0.9997655749320984,-0.0000000042175161,-0.0216515995562077,-0.1165861487388611,0.0000000032263827,1.0000000000000000,-0.0000000458114435,-0.0000000100092308,0.0216515995562077,0.0000000457308005,0.9997655749320984,-0.1404309868812561,0.0000000000000000,0.0000000000000000,0.0000000000000000,1.0000000000000000
M 0.9998993873596191,-0.0000000029059763,-0.0141832092776895,-0.1187678501009941,0.0000000022668232,1.0000000000000000,-0.0000000450805082,-0.0000000082630862,0.0141832092776895,0.0000000450431017,0.9998993873596191,-0.1355888843536377,0.0000000000000000,0.0000000000000000,0.0000000000000000,1.0000000000000000
M 0.9999834299087524,-0.0000000014988772,-0.0057537080720067,-0.1200842857360840,0.0000000012442101,1.0000000000000000,-0.0000000442642722,-0.0000000063544547,0.0057537080720067,0.0000000442552128,0.9999834299087524,-0.1287180036306381,0.0000000000000000,0.0000000000000000,0.0000000000000000,1.0000000000000000
M 0.9999982118606567,-0.0000000008686220,-0.0018935613334179,-0.1271970868110657,0.0000000007854979,1.0000000000000000,-0.0000000438922534,-0.0000000054907616,0.0018935613334179,0.0000000438916139,0.9999982118606567,-0.1257912218570709,0.0000000000000000,0.0000000000000000,0.0000000000000000,1.0000000000000000
M 0.9999987483024597,-0.0000000008434969,-0.0015912440139800,-0.1388560235500336,0.0000000007736887,1.0000000000000000,-0.0000000438620340,-0.0000000054420823,0.0015912440139800,0.0000000438641941,0.9999987483024597,-0.1258845925331116,0.0000000000000000,0.0000000000000000,0.0000000000000000,1.0000000000000000
M 0.9999991655349731,-0.0000000008183194,-0.0012889637146145,-0.1505151838064194,0.0000000007618084,1.0000000000000000,-0.0000000438353673,-0.0000000053978937,0.0012889637146145,0.0000000438332250,0.9999991655349731,-0.1259781122207642,0.0000000000000000,0.0000000000000000,0.0000000000000000,1.0000000000000000
M 0.9999997019767761,-0.0000000007842487,-0.0007951380684972,-0.1619323790073395,0.0000000007494309,1.0000000000000000,-0.0000000437831638,-0.0000000053205653,0.0007951380684972,0.0000000437912604,0.9999997019767761,-0.1256713569164276,0.0000000000000000,0.0000000000000000,0.0000000000000000,1.0000000000000000
M 1.0000000000000000,-0.0000000007460720,-0.0002126288745785,-0.1732373833656311,0.0000000007367690,1.0000000000000000,-0.0000000437113847,-0.0000000052179061,0.0002126288745785,0.0000000437519461,1.0000000000000000,-0.1251794993877411,0.0000000000000000,0.0000000000000000,0.0000000000000000,1.0000000000000000
M 1.0000000000000000,-0.0000000007261959,0.0000000003630947,-0.1850161701440811,0.0000000007261819,1.0000000000000000,-0.0000000437113847,-0.0000000052089817,-0.0000000003630942,0.0000000437113918,1.0000000000000000,-0.1250000894069672,0.0000000000000000,0.0000000000000000,0.0000000000000000,1.0000000000000000
M 1.0000000000000000,-0.0000000007168451,0.0000000003584193,-0.1970672756433487,0.0000000007168311,1.0000000000000000,-0.0000000437113847,-0.0000000052010805,-0.0000000003584189,0.0000000437113918,1.0000000000000000,-0.1250000894069672,0.0000000000000000,0.0000000000000000,0.0000000000000000,1.0000000000000000
M 1.0000000000000000,-0.0000000007074802,0.0000000003537369,-0.2091182619333267,0.0000000007074662,1.0000000000000000,-0.0000000437113847,-0.0000000051931792,-0.0000000003537364,0.0000000437113918,1.0000000000000000,-0.1250000894069672,0.0000000000000000,0.0000000000000000,0.0000000000000000,1.0000000000000000
M 1.0000000000000000,-0.0000000006981721,0.0000000003490828,-0.2211693674325943,0.0000000006981581,1.0000000000000000,-0.0000000437113847,-0.0000000051853348,-0.0000000003490823,0.0000000437113918,1.0000000000000000,-0.1250000894069672,0.0000000000000000,0.0000000000000000,0.0000000000000000,1.0000000000000000
