O DOOR_51_LCG_il_LINVERT_INTERIOR
A DOOR_51_LCG_il_LINVERT_INTERIOR_DOOR_51_LCG_il_LINVERT_INTERIOR
M 0.9999999403953552,0.0000000000000207,0.0000000018626305,-0.0000001347640648,-0.0000000000000124,1.0000000000000000,-0.0000000437113847,0.0000000291422708,-0.0000000018626598,0.0000000437113812,0.9999999403953552,-0.0000001863355124,0.0000000000000000,0.0000000000000000,0.0000000000000000,1.0000000000000000
M 0.9999502301216125,0.0000000022580791,0.0099671725183725,0.0129681285470724,-0.0000000018131336,1.0000000000000000,-0.0000000446483917,0.0000000237762450,-0.0099671725183725,0.0000000446275550,0.9999502301216125,-0.0348541922867298,0.0000000000000000,0.0000000000000000,0.0000000000000000,1.0000000000000000
M 0.9997974038124084,0.0000000045585011,0.0201210211962461,0.0259468499571085,-0.0000000036412882,1.0000000000000000,-0.0000000456213485,0.0000000779334499,-0.0201210211962461,0.0000000455382576,0.9997974038124084,-0.0702691078186035,0.0000000000000000,0.0000000000000000,0.0000000000000000,1.0000000000000000
M 0.9995357990264893,0.0000000069016961,0.0304638016968966,0.0389248430728912,-0.0000000054836669,1.0000000000000000,-0.0000000466314596,0.0000000128001076,-0.0304638016968966,0.0000000464424659,0.9995357990264893,-0.1062581166625023,0.0000000000000000,0.0000000000000000,0.0000000000000000,1.0000000000000000
M 0.9991590976715088,0.0000000092880477,0.0409973114728928,0.0518905445933342,-0.0000000073394695,1.0000000000000000,-0.0000000476802811,-0.0000000524146770,-0.0409973151981831,0.0000000473387267,0.9991590976715088,-0.1428330689668655,0.0000000000000000,0.0000000000000000,0.0000000000000000,1.0000000000000000
M 0.9986942410469055,0.0000000115637224,0.0510843209922314,0.0646631494164467,-0.0000000090876542,1.0000000000000000,-0.0000000487028018,-0.0000000577447778,-0.0510843247175217,0.0000000481747371,0.9986942410469055,-0.1783651411533356,0.0000000000000000,0.0000000000000000,0.0000000000000000,1.0000000000000000
M 0.9987229108810425,0.0000000114091216,0.0505211614072323,0.0722220242023468,-0.0000000089629655,1.0000000000000000,-0.0000000486449672,-0.0000000573844474,-0.0505211651325226,0.0000000481296034,0.9987229108810425,-0.1853116154670715,0.0000000000000000,0.0000000000000000,0.0000000000000000,1.0000000000000000
M 0.9989007711410522,0.0000000104826734,0.0468734242022038,0.0778670981526375,-0.0000000082290281,1.0000000000000000,-0.0000000482723941,-0.0000000552211432,-0.0468734242022038,0.0000000478330726,0.9989007711410522,-0.1834416985511780,0.0000000000000000,0.0000000000000000,0.0000000000000000,1.0000000000000000
M 0.9990641474723816,0.0000000095627719,0.0432513020932674,0.0835128799080849,-0.0000000074978486,1.0000000000000000,-0.0000000479049334,-0.0000000530708490,-0.0432513058185577,0.0000000475355790,0.9990641474723816,-0.1816487759351730,0.0000000000000000,0.0000000000000000,0.0000000000000000,1.0000000000000000
M 0.9992133378982544,0.0000000086494509,0.0396550670266151,0.0891602337360382,-0.0000000067694659,1.0000000000000000,-0.0000000475429722,-0.0000000509341547,-0.0396550670266151,0.0000000472367887,0.9992133378982544,-0.1799339652061462,0.0000000000000000,0.0000000000000000,0.0000000000000000,1.0000000000000000
M 0.9993487000465393,0.0000000077426554,0.0360843949019909,0.0948094353079796,-0.0000000060439125,1.0000000000000000,-0.0000000471861199,-0.0000000488105911,-0.0360843949019909,0.0000000469370676,0.9993487000465393,-0.1782954782247543,0.0000000000000000,0.0000000000000000,0.0000000000000000,1.0000000000000000
M 0.9994704127311707,0.0000000068422445,0.0325390249490738,0.1004608497023582,-0.0000000053211053,1.0000000000000000,-0.0000000468344652,0.0000000725091098,-0.0325390249490738,0.0000000466362700,0.9994704127311707,-0.1767325252294540,0.0000000000000000,0.0000000000000000,0.0000000000000000,1.0000000000000000
M 0.9995788335800171,0.0000000059483276,0.0290190465748310,0.1061158105731010,-0.0000000046012261,1.0000000000000000,-0.0000000464878660,0.0000000746062696,-0.0290190465748310,0.0000000463345735,0.9995788335800171,-0.1752450615167618,0.0000000000000000,0.0000000000000000,0.0000000000000000,1.0000000000000000
M 0.9996741414070129,0.0000000050608815,0.0255241263657808,0.1117731481790543,-0.0000000038843058,1.0000000000000000,-0.0000000461464360,0.0000000766898722,-0.0255241263657808,0.0000000460318184,0.9996741414070129,-0.1738318949937820,0.0000000000000000,0.0000000000000000,0.0000000000000000,1.0000000000000000
M 0.9997566938400269,0.0000000041797268,0.0220541991293430,0.1174342185258865,-0.0000000031701926,1.0000000000000000,-0.0000000458097915,0.0000000191561469,-0.0220541991293430,0.0000000457283740,0.9997566938400269,-0.1724925339221954,0.0000000000000000,0.0000000000000000,0.0000000000000000,1.0000000000000000
M 0.9998952150344849,0.0000000028824572,0.0144685059785843,0.1194310039281845,-0.0000000022304536,1.0000000000000000,-0.0000000450795028,0.0000000222584120,-0.0144685059785843,0.0000000450419080,0.9998952150344849,-0.1566366106271744,0.0000000000000000,0.0000000000000000,0.0000000000000000,1.0000000000000000
M 0.9999824166297913,0.0000000014911423,0.0059126261621714,0.1204469650983810,-0.0000000012294515,1.0000000000000000,-0.0000000442637003,0.0000000256126995,-0.0059126261621714,0.0000000442550920,0.9999824166297913,-0.1373532116413116,0.0000000000000000,0.0000000000000000,0.0000000000000000,1.0000000000000000
M 0.9999979734420776,0.0000000008680342,0.0019952170550823,0.1273868083953857,-0.0000000007804589,1.0000000000000000,-0.0000000438926762,0.0000000271239315,-0.0019952170550823,0.0000000438909922,0.9999979734420776,-0.1287454813718796,0.0000000000000000,0.0000000000000000,0.0000000000000000,1.0000000000000000
M 0.9999984502792358,0.0000000008435800,0.0016915574669838,0.1390349417924881,-0.0000000007693769,1.0000000000000000,-0.0000000438640448,0.0000000271868075,-0.0016915574669838,0.0000000438620091,0.9999984502792358,-0.1284012496471405,0.0000000000000000,0.0000000000000000,0.0000000000000000,1.0000000000000000
M 0.9999989271163940,0.0000000008190717,0.0013879202306271,0.1506838351488113,-0.0000000007582178,1.0000000000000000,-0.0000000438351755,0.0000000272501524,-0.0013879202306271,0.0000000438332783,0.9999989271163940,-0.1280569583177567,0.0000000000000000,0.0000000000000000,0.0000000000000000,1.0000000000000000
M 0.9999995231628418,0.0000000007861382,0.0008927956223488,0.1620847135782242,-0.0000000007470297,1.0000000000000000,-0.0000000437875052,0.0000000273382312,-0.0008927956223488,0.0000000437868266,0.9999995231628418,-0.1270374208688736,0.0000000000000000,0.0000000000000000,0.0000000000000000,1.0000000000000000
M 0.9999998807907104,0.0000000007492844,0.0003089997917414,0.1733704209327698,-0.0000000007357749,1.0000000000000000,-0.0000000437320544,0.0000000274367054,-0.0003089997917414,0.0000000437312515,0.9999998807907104,-0.1257052421569824,0.0000000000000000,0.0000000000000000,0.0000000000000000,1.0000000000000000
M 0.9999999403953552,0.0000000007299165,0.0000951252877712,0.1851409673690796,-0.0000000007257465,1.0000000000000000,-0.0000000437114380,0.0000000274866423,-0.0000951252877712,0.0000000437113314,0.9999999403953552,-0.1252169162034988,0.0000000000000000,0.0000000000000000,0.0000000000000000,1.0000000000000000
M 0.9999999403953552,0.0000000007204932,0.0000938959419727,0.1971906274557114,-0.0000000007163673,1.0000000000000000,-0.0000000437116690,0.0000000275077028,-0.0000938959419727,0.0000000437110970,0.9999999403953552,-0.1252142637968063,0.0000000000000000,0.0000000000000000,0.0000000000000000,1.0000000000000000
M 0.9999999403953552,0.0000000007110990,0.0000926721841097,0.2092400640249252,-0.0000000007070337,1.0000000000000000,-0.0000000437114487,0.0000000275292962,-0.0000926721841097,0.0000000437113101,0.9999999403953552,-0.1252116411924362,0.0000000000000000,0.0000000000000000,0.0000000000000000,1.0000000000000000
M 0.9999999403953552,0.0000000007017049,0.0000914484262466,0.2212892472743988,-0.0000000006976971,1.0000000000000000,-0.0000000437116832,0.0000000275502714,-0.0000914484262466,0.0000000437110756,0.9999999403953552,-0.1252088844776154,0.0000000000000000,0.0000000000000000,0.0000000000000000,1.0000000000000000
M 0.9999999403953552,0.0000000006923107,0.0000902246683836,0.2333389222621918,-0.0000000006883634,1.0000000000000000,-0.0000000437114593,0.0000000275718719,-0.0000902246683836,0.0000000437113066,0.9999999403953552,-0.1252059042453766,0.0000000000000000,0.0000000000000000,0.0000000000000000,1.0000000000000000
M 0.9999999403953552,0.0000000006829452,0.0000890046358109,0.2453881204128265,-0.0000000006790553,1.0000000000000000,-0.0000000437116938,0.0000000275928187,-0.0000890046358109,0.0000000437110721,0.9999999403953552,-0.1252031624317169,0.0000000000000000,0.0000000000000000,0.0000000000000000,1.0000000000000000
M 0.9999999403953552,0.0000000006735509,0.0000877790153027,0.2574380338191986,-0.0000000006697074,1.0000000000000000,-0.0000000437114736,0.0000000276144192,-0.0000877790153027,0.0000000437112888,0.9999999403953552,-0.1252004057168961,0.0000000000000000,0.0000000000000000,0.0000000000000000,1.0000000000000000
M 0.9999998807907104,0.0000000006641567,0.0000865552574396,0.2694869637489319,-0.0000000006603709,1.0000000000000000,-0.0000000437117045,0.0000000276353944,-0.0000865552574396,0.0000000437110543,0.9999998807907104,-0.1251976639032364,0.0000000000000000,0.0000000000000000,0.0000000000000000,1.0000000000000000
M 0.9999999403953552,0.0000000006547479,0.0000853277742863,0.2815368771553040,-0.0000000006510088,1.0000000000000000,-0.0000000437114842,0.0000000276570447,-0.0000853277742863,0.0000000437112746,0.9999999403953552,-0.1251947879791260,0.0000000000000000,0.0000000000000000,0.0000000000000000,1.0000000000000000
M 0.9999998807907104,0.0000000006453971,0.0000841114670038,0.2935858368873596,-0.0000000006417291,1.0000000000000000,-0.0000000437117151,0.0000000276779346,-0.0000841114670038,0.0000000437110437,0.9999998807907104,-0.1251920461654663,0.0000000000000000,0.0000000000000000,0.0000000000000000,1.0000000000000000
M 0.9999999403953552,0.0000000006360171,0.0000828877091408,0.3056355118751526,-0.0000000006323811,1.0000000000000000,-0.0000000437114949,0.0000000276995351,-0.0000828877091408,0.0000000437112710,0.9999999403953552,-0.1251891702413559,0.0000000000000000,0.0000000000000000,0.0000000000000000,1.0000000000000000
M 0.9999998807907104,0.0000000006266517,0.0000816676765680,0.3176849484443665,-0.0000000006230730,1.0000000000000000,-0.0000000437117293,0.0000000277204535,-0.0000816676765680,0.0000000437110401,0.9999998807907104,-0.1251865476369858,0.0000000000000000,0.0000000000000000,0.0000000000000000,1.0000000000000000
M 0.9999999403953552,0.0000000006172574,0.0000804420560598,0.3297343850135803,-0.0000000006137252,1.0000000000000000,-0.0000000437115055,0.0000000277420824,-0.0000804420560598,0.0000000437112533,0.9999999403953552,-0.1251836866140366,0.0000000000000000,0.0000000000000000,0.0000000000000000,1.0000000000000000
M 0.9999998807907104,0.0000000006078920,0.0000792220234871,0.3417840600013733,-0.0000000006044171,1.0000000000000000,-0.0000000437117400,0.0000000277630008,-0.0000792220234871,0.0000000437110188,0.9999998807907104,-0.1251809448003769,0.0000000000000000,0.0000000000000000,0.0000000000000000,1.0000000000000000
M 0.9999999403953552,0.0000000005984689,0.0000779945403337,0.3538334667682648,-0.0000000005950550,1.0000000000000000,-0.0000000437115162,0.0000000277846510,-0.0000779945403337,0.0000000437112462,0.9999999403953552,-0.1251780688762665,0.0000000000000000,0.0000000000000000,0.0000000000000000,1.0000000000000000
M 0.9999998807907104,0.0000000005891035,0.0000767745077610,0.3658831417560577,-0.0000000005857469,1.0000000000000000,-0.0000000437117507,0.0000000278055978,-0.0000767745077610,0.0000000437110153,0.9999998807907104,-0.1251753121614456,0.0000000000000000,0.0000000000000000,0.0000000000000000,1.0000000000000000
M 0.9999999403953552,0.0000000005797092,0.0000755488872528,0.3779323399066925,-0.0000000005763989,1.0000000000000000,-0.0000000437115304,0.0000000278271983,-0.0000755488872528,0.0000000437112355,0.9999999403953552,-0.1251725703477859,0.0000000000000000,0.0000000000000000,0.0000000000000000,1.0000000000000000
M 0.9999998807907104,0.0000000005703295,0.0000743269920349,0.3899815380573273,-0.0000000005670766,1.0000000000000000,-0.0000000437117613,0.0000000278481451,-0.0000743269920349,0.0000000437110046,0.9999998807907104,-0.1251697093248367,0.0000000000000000,0.0000000000000000,0.0000000000000000,1.0000000000000000
M 0.9999999403953552,0.0000000005609495,0.0000731032341719,0.4020314514636993,-0.0000000005577430,1.0000000000000000,-0.0000000437115411,0.0000000278697101,-0.0000731032341719,0.0000000437112178,0.9999999403953552,-0.1251668334007263,0.0000000000000000,0.0000000000000000,0.0000000000000000,1.0000000000000000
M 0.9999998807907104,0.0000000005515843,0.0000718850642443,0.4140806496143341,-0.0000000005484491,1.0000000000000000,-0.0000000437117720,0.0000000278906569,-0.0000718850642443,0.0000000437109868,0.9999998807907104,-0.1251640915870667,0.0000000000000000,0.0000000000000000,0.0000000000000000,1.0000000000000000
M 0.9999999403953552,0.0000000005422187,0.0000706631690264,0.4261303246021271,-0.0000000005391153,1.0000000000000000,-0.0000000437115517,0.0000000279122290,-0.0000706631690264,0.0000000437112142,0.9999999403953552,-0.1251613497734070,0.0000000000000000,0.0000000000000000,0.0000000000000000,1.0000000000000000
M 0.9999998807907104,0.0000000005328532,0.0000694431364536,0.4381797313690186,-0.0000000005298072,1.0000000000000000,-0.0000000437117826,0.0000000279331474,-0.0000694431364536,0.0000000437109833,0.9999998807907104,-0.1251587271690369,0.0000000000000000,0.0000000000000000,0.0000000000000000,1.0000000000000000
M 0.9999999403953552,0.0000000005234878,0.0000682212412357,0.4502294063568115,-0.0000000005204878,1.0000000000000000,-0.0000000437115695,0.0000000279546910,-0.0000682212412357,0.0000000437111964,0.9999999403953552,-0.1251558661460876,0.0000000000000000,0.0000000000000000,0.0000000000000000,1.0000000000000000
M 0.9999998807907104,0.0000000005141080,0.0000669993460178,0.4622788429260254,-0.0000000005111654,1.0000000000000000,-0.0000000437118004,0.0000000279756378,-0.0000669993460178,0.0000000437109620,0.9999998807907104,-0.1251531243324280,0.0000000000000000,0.0000000000000000,0.0000000000000000,1.0000000000000000
M 0.9999999403953552,0.0000000005047137,0.0000657755881548,0.4743280410766602,-0.0000000005018318,1.0000000000000000,-0.0000000437115801,0.0000000279972596,-0.0000657755881548,0.0000000437111858,0.9999999403953552,-0.1251501291990280,0.0000000000000000,0.0000000000000000,0.0000000000000000,1.0000000000000000
M 0.9999998807907104,0.0000000004953628,0.0000645574182272,0.4863774776458740,-0.0000000004925379,1.0000000000000000,-0.0000000437118146,0.0000000280181496,-0.0000645574182272,0.0000000437109549,0.9999998807907104,-0.1251473873853683,0.0000000000000000,0.0000000000000000,0.0000000000000000,1.0000000000000000
M 0.9999999403953552,0.0000000004859829,0.0000633336603642,0.4984273910522461,-0.0000000004832041,1.0000000000000000,-0.0000000437115908,0.0000000280397217,-0.0000633336603642,0.0000000437111822,0.9999999403953552,-0.1251446455717087,0.0000000000000000,0.0000000000000000,0.0000000000000000,1.0000000000000000
M 0.9999999403953552,0.0000000004765600,0.0000621061772108,0.5104768276214600,-0.0000000004738421,1.0000000000000000,-0.0000000437113705,0.0000000280613790,-0.0000621061772108,0.0000000437113954,0.9999999403953552,-0.1251418888568878,0.0000000000000000,0.0000000000000000,0.0000000000000000,1.0000000000000000
M 0.9999999403953552,0.0000000004672666,0.0000608935952187,0.5225260257720947,-0.0000000004645908,1.0000000000000000,-0.0000000437116014,0.0000000280821553,-0.0000608935952187,0.0000000437111645,0.9999999403953552,-0.1251391619443893,0.0000000000000000,0.0000000000000000,0.0000000000000000,1.0000000000000000
M 0.9999999403953552,0.0000000004578580,0.0000596698373556,0.5345754623413086,-0.0000000004552430,1.0000000000000000,-0.0000000437113812,0.0000000281038055,-0.0000596698373556,0.0000000437113847,0.9999999403953552,-0.1251361668109894,0.0000000000000000,0.0000000000000000,0.0000000000000000,1.0000000000000000
M 0.9999999403953552,0.0000000004485212,0.0000584516674280,0.5466248989105225,-0.0000000004459491,1.0000000000000000,-0.0000000437116121,0.0000000281246955,-0.0000584516674280,0.0000000437111538,0.9999999403953552,-0.1251334249973297,0.0000000000000000,0.0000000000000000,0.0000000000000000,1.0000000000000000
M 0.9999999403953552,0.0000000004391415,0.0000572297722101,0.5586745738983154,-0.0000000004366295,1.0000000000000000,-0.0000000437113918,0.0000000281462391,-0.0000572297722101,0.0000000437113741,0.9999999403953552,-0.1251305639743805,0.0000000000000000,0.0000000000000000,0.0000000000000000,1.0000000000000000
M 0.9999999403953552,0.0000000004297759,0.0000560078769922,0.5707240104675293,-0.0000000004273072,1.0000000000000000,-0.0000000437116228,0.0000000281671859,-0.0000560078769922,0.0000000437111431,0.9999999403953552,-0.1251278221607208,0.0000000000000000,0.0000000000000000,0.0000000000000000,1.0000000000000000
M 0.9999999403953552,0.0000000004203964,0.0000547878444195,0.5827736854553223,-0.0000000004180020,1.0000000000000000,-0.0000000437114025,0.0000000281887225,-0.0000547878444195,0.0000000437113634,0.9999999403953552,-0.1251251995563507,0.0000000000000000,0.0000000000000000,0.0000000000000000,1.0000000000000000
M 0.9999999403953552,0.0000000004110597,0.0000535696744919,0.5948231220245361,-0.0000000004087081,1.0000000000000000,-0.0000000437116334,0.0000000282096124,-0.0000535696744919,0.0000000437111325,0.9999999403953552,-0.1251224577426910,0.0000000000000000,0.0000000000000000,0.0000000000000000,1.0000000000000000
M 0.9999999403953552,0.0000000004016943,0.0000523496419191,0.6068725585937500,-0.0000000003994027,1.0000000000000000,-0.0000000437114096,0.0000000282311277,-0.0000523496419191,0.0000000437113634,0.9999999403953552,-0.1251196116209030,0.0000000000000000,0.0000000000000000,0.0000000000000000,1.0000000000000000
M 0.9999999403953552,0.0000000003923432,0.0000511296093464,0.6189219951629639,-0.0000000003900946,1.0000000000000000,-0.0000000437116441,0.0000000282520460,-0.0000511296093464,0.0000000437111289,0.9999999403953552,-0.1251168698072433,0.0000000000000000,0.0000000000000000,0.0000000000000000,1.0000000000000000
M 0.9999999403953552,0.0000000003829780,0.0000499095767736,0.6309711933135986,-0.0000000003807894,1.0000000000000000,-0.0000000437114203,0.0000000282735613,-0.0000499095767736,0.0000000437113457,0.9999999403953552,-0.1251138895750046,0.0000000000000000,0.0000000000000000,0.0000000000000000,1.0000000000000000
M 0.9999999403953552,0.0000000003736269,0.0000486914068460,0.6430208683013916,-0.0000000003714955,1.0000000000000000,-0.0000000437116547,0.0000000282945081,-0.0000486914068460,0.0000000437111112,0.9999999403953552,-0.1251111477613449,0.0000000000000000,0.0000000000000000,0.0000000000000000,1.0000000000000000
M 0.9999999403953552,0.0000000003642903,0.0000474750995636,0.6550703048706055,-0.0000000003622045,1.0000000000000000,-0.0000000437114309,0.0000000283159594,-0.0000474750995636,0.0000000437113350,0.9999999403953552,-0.1251084059476852,0.0000000000000000,0.0000000000000000,0.0000000000000000,1.0000000000000000
M 0.9999999403953552,0.0000000003549392,0.0000462550669909,0.6671199798583984,-0.0000000003528964,1.0000000000000000,-0.0000000437116654,0.0000000283369062,-0.0000462550669909,0.0000000437111041,0.9999999403953552,-0.1251056641340256,0.0000000000000000,0.0000000000000000,0.0000000000000000,1.0000000000000000
M 0.9999999403953552,0.0000000003455595,0.0000450331717730,0.6791694164276123,-0.0000000003435768,1.0000000000000000,-0.0000000437114416,0.0000000283584498,-0.0000450331717730,0.0000000437113243,0.9999999403953552,-0.1251028031110764,0.0000000000000000,0.0000000000000000,0.0000000000000000,1.0000000000000000
M 0.9999999403953552,0.0000000003361798,0.0000438112765551,0.6912186145782471,-0.0000000003342545,1.0000000000000000,-0.0000000437116761,0.0000000283793966,-0.0000438112765551,0.0000000437110899,0.9999999403953552,-0.1251001805067062,0.0000000000000000,0.0000000000000000,0.0000000000000000,1.0000000000000000
M 0.9999999403953552,0.0000000003268144,0.0000425912439823,0.7032682895660400,-0.0000000003249493,1.0000000000000000,-0.0000000437114522,0.0000000284009403,-0.0000425912439823,0.0000000437113137,0.9999999403953552,-0.1250973194837570,0.0000000000000000,0.0000000000000000,0.0000000000000000,1.0000000000000000
M 0.9999999403953552,0.0000000003174634,0.0000413730740547,0.7153174877166748,-0.0000000003156554,1.0000000000000000,-0.0000000437116867,0.0000000284218302,-0.0000413730740547,0.0000000437110828,0.9999999403953552,-0.1250945776700974,0.0000000000000000,0.0000000000000000,0.0000000000000000,1.0000000000000000
M 0.9999999403953552,0.0000000003081556,0.0000401586294174,0.7273669242858887,-0.0000000003063928,1.0000000000000000,-0.0000000437114593,0.0000000284432531,-0.0000401586294174,0.0000000437113030,0.9999999403953552,-0.1250918507575989,0.0000000000000000,0.0000000000000000,0.0000000000000000,1.0000000000000000
M 0.9999999403953552,0.0000000002987759,0.0000389367341995,0.7394165992736816,-0.0000000002970705,1.0000000000000000,-0.0000000437116938,0.0000000284641999,-0.0000389367341995,0.0000000437110721,0.9999999403953552,-0.1250891089439392,0.0000000000000000,0.0000000000000000,0.0000000000000000,1.0000000000000000
M 0.9999999403953552,0.0000000002894248,0.0000377167016268,0.7514660358428955,-0.0000000002877651,1.0000000000000000,-0.0000000437114736,0.0000000284857151,-0.0000377167016268,0.0000000437112959,0.9999999403953552,-0.1250861287117004,0.0000000000000000,0.0000000000000000,0.0000000000000000,1.0000000000000000
M 0.9999999403953552,0.0000000002800739,0.0000365003943443,0.7635154724121094,-0.0000000002784855,1.0000000000000000,-0.0000000437117045,0.0000000285066051,-0.0000365003943443,0.0000000437110614,0.9999999403953552,-0.1250833868980408,0.0000000000000000,0.0000000000000000,0.0000000000000000,1.0000000000000000
M 0.9999999403953552,0.0000000002707516,0.0000352840870619,0.7755651473999023,-0.0000000002691944,1.0000000000000000,-0.0000000437114807,0.0000000285280848,-0.0000352840870619,0.0000000437112853,0.9999999403953552,-0.1250805407762527,0.0000000000000000,0.0000000000000000,0.0000000000000000,1.0000000000000000
M 0.9999998807907104,0.0000000002613718,0.0000340621918440,0.7876145839691162,-0.0000000002598721,1.0000000000000000,-0.0000000437117151,0.0000000285490316,-0.0000340621918440,0.0000000437110508,0.9999998807907104,-0.1250777989625931,0.0000000000000000,0.0000000000000000,0.0000000000000000,1.0000000000000000
M 0.9999999403953552,0.0000000002520352,0.0000328440219164,0.7996642589569092,-0.0000000002505811,1.0000000000000000,-0.0000000437114913,0.0000000285705184,-0.0000328440219164,0.0000000437112746,0.9999999403953552,-0.1250750571489334,0.0000000000000000,0.0000000000000000,0.0000000000000000,1.0000000000000000
M 0.9999998807907104,0.0000000002427132,0.0000316295772791,0.8117132186889648,-0.0000000002413156,1.0000000000000000,-0.0000000437117222,0.0000000285913515,-0.0000316295772791,0.0000000437110437,0.9999998807907104,-0.1250723302364349,0.0000000000000000,0.0000000000000000,0.0000000000000000,1.0000000000000000
M 0.9999999403953552,0.0000000002333767,0.0000304132699966,0.8237631320953369,-0.0000000002320387,1.0000000000000000,-0.0000000437115020,0.0000000286128383,-0.0000304132699966,0.0000000437112675,0.9999999403953552,-0.1250694692134857,0.0000000000000000,0.0000000000000000,0.0000000000000000,1.0000000000000000
M 0.9999998807907104,0.0000000002240256,0.0000291951000690,0.8358120918273926,-0.0000000002227448,1.0000000000000000,-0.0000000437117329,0.0000000286337283,-0.0000291951000690,0.0000000437110330,0.9999998807907104,-0.1250667423009872,0.0000000000000000,0.0000000000000000,0.0000000000000000,1.0000000000000000
M 0.9999999403953552,0.0000000002146313,0.0000279694795609,0.8478620052337646,-0.0000000002133970,1.0000000000000000,-0.0000000437115091,0.0000000286553217,-0.0000279694795609,0.0000000437112533,0.9999999403953552,-0.1250639855861664,0.0000000000000000,0.0000000000000000,0.0000000000000000,1.0000000000000000
M 0.9999998807907104,0.0000000002053237,0.0000267568975687,0.8599114418029785,-0.0000000002041457,1.0000000000000000,-0.0000000437117436,0.0000000286761264,-0.0000267568975687,0.0000000437110224,0.9999998807907104,-0.1250612586736679,0.0000000000000000,0.0000000000000000,0.0000000000000000,1.0000000000000000
M 0.9999999403953552,0.0000000001959582,0.0000255350023508,0.8719608783721924,-0.0000000001948262,1.0000000000000000,-0.0000000437115197,0.0000000286976700,-0.0000255350023508,0.0000000437112462,0.9999999403953552,-0.1250585168600082,0.0000000000000000,0.0000000000000000,0.0000000000000000,1.0000000000000000
M 0.9999998807907104,0.0000000001866507,0.0000243242830038,0.8840103149414062,-0.0000000001855891,1.0000000000000000,-0.0000000437117507,0.0000000287184463,-0.0000243242830038,0.0000000437110153,0.9999998807907104,-0.1250557899475098,0.0000000000000000,0.0000000000000000,0.0000000000000000,1.0000000000000000
M 0.9999999403953552,0.0000000001772852,0.0000231042504311,0.8960599899291992,-0.0000000001762697,1.0000000000000000,-0.0000000437115304,0.0000000287400184,-0.0000231042504311,0.0000000437112355,0.9999999403953552,-0.1250529289245605,0.0000000000000000,0.0000000000000000,0.0000000000000000,1.0000000000000000
M 0.9999998807907104,0.0000000001679775,0.0000218898057938,0.9081091880798340,-0.0000000001670042,1.0000000000000000,-0.0000000437117613,0.0000000287608231,-0.0000218898057938,0.0000000437110046,0.9999998807907104,-0.1250502020120621,0.0000000000000000,0.0000000000000000,0.0000000000000000,1.0000000000000000
M 0.9999999403953552,0.0000000001586121,0.0000206697732210,0.9201588630676270,-0.0000000001576990,1.0000000000000000,-0.0000000437115375,0.0000000287823312,-0.0000206697732210,0.0000000437112284,0.9999999403953552,-0.1250473409891129,0.0000000000000000,0.0000000000000000,0.0000000000000000,1.0000000000000000
M 0.9999998807907104,0.0000000001492898,0.0000194534659386,0.9322080612182617,-0.0000000001484193,1.0000000000000000,-0.0000000437117720,0.0000000288031927,-0.0000194534659386,0.0000000437109975,0.9999998807907104,-0.1250446140766144,0.0000000000000000,0.0000000000000000,0.0000000000000000,1.0000000000000000
M 0.9999999403953552,0.0000000001399103,0.0000182334333658,0.9442574977874756,-0.0000000001391139,1.0000000000000000,-0.0000000437115482,0.0000000288247364,-0.0000182334333658,0.0000000437112178,0.9999999403953552,-0.1250417530536652,0.0000000000000000,0.0000000000000000,0.0000000000000000,1.0000000000000000
M 0.9999998807907104,0.0000000001306024,0.0000170189887285,0.9563071727752686,-0.0000000001298485,1.0000000000000000,-0.0000000437117791,0.0000000288455695,-0.0000170189887285,0.0000000437109868,0.9999998807907104,-0.1250390261411667,0.0000000000000000,0.0000000000000000,0.0000000000000000,1.0000000000000000
M 0.9999999403953552,0.0000000001212660,0.0000158026814461,0.9683566689491272,-0.0000000001205717,1.0000000000000000,-0.0000000437115553,0.0000000288670208,-0.0000158026814461,0.0000000437112107,0.9999999403953552,-0.1250361651182175,0.0000000000000000,0.0000000000000000,0.0000000000000000,1.0000000000000000
M 0.9999998807907104,0.0000000001119870,0.0000145919620991,0.9804058670997620,-0.0000000001113346,1.0000000000000000,-0.0000000437117862,0.0000000288877686,-0.0000145919620991,0.0000000437109797,0.9999998807907104,-0.1250335723161697,0.0000000000000000,0.0000000000000000,0.0000000000000000,1.0000000000000000
M 0.9999999403953552,0.0000000001026074,0.0000133700668812,0.9924555420875549,-0.0000000001020152,1.0000000000000000,-0.0000000437115659,0.0000000289093407,-0.0000133700668812,0.0000000437111929,0.9999999403953552,-0.1250305920839310,0.0000000000000000,0.0000000000000000,0.0000000000000000,1.0000000000000000
M 0.9999998807907104,0.0000000000932706,0.0000121537595987,1.0045051574707031,-0.0000000000927355,1.0000000000000000,-0.0000000437117968,0.0000000289302307,-0.0000121537595987,0.0000000437109620,0.9999998807907104,-0.1250278502702713,0.0000000000000000,0.0000000000000000,0.0000000000000000,1.0000000000000000
M 0.9999999403953552,0.0000000000839486,0.0000109393149614,1.0165545940399170,-0.0000000000834586,1.0000000000000000,-0.0000000437115730,0.0000000289516606,-0.0000109393149614,0.0000000437111929,0.9999999403953552,-0.1250250041484833,0.0000000000000000,0.0000000000000000,0.0000000000000000,1.0000000000000000
M 0.9999998807907104,0.0000000000746118,0.0000097211450338,1.0286037921905518,-0.0000000000741647,1.0000000000000000,-0.0000000437118075,0.0000000289725506,-0.0000097211450338,0.0000000437109584,0.9999998807907104,-0.1250222623348236,0.0000000000000000,0.0000000000000000,0.0000000000000000,1.0000000000000000
M 0.9999999403953552,0.0000000000653043,0.0000085085630417,1.0406535863876343,-0.0000000000649163,1.0000000000000000,-0.0000000437115837,0.0000000289939450,-0.0000085085630417,0.0000000437111822,0.9999999403953552,-0.1250195354223251,0.0000000000000000,0.0000000000000000,0.0000000000000000,1.0000000000000000
M 0.9999999403953552,0.0000000000559102,0.0000072848051786,1.0527033805847168,-0.0000000000555825,1.0000000000000000,-0.0000000437113599,0.0000000290155171,-0.0000072848051786,0.0000000437114061,0.9999999403953552,-0.1250166743993759,0.0000000000000000,0.0000000000000000,0.0000000000000000,1.0000000000000000
M 0.9999999403953552,0.0000000000466746,0.0000060815364122,1.0647524595260620,-0.0000000000464023,1.0000000000000000,-0.0000000437115908,0.0000000290361797,-0.0000060815364122,0.0000000437111751,0.9999999403953552,-0.1250140815973282,0.0000000000000000,0.0000000000000000,0.0000000000000000,1.0000000000000000
M 0.9999999403953552,0.0000000000372661,0.0000048559159040,1.0768018960952759,-0.0000000000370545,1.0000000000000000,-0.0000000437113705,0.0000000290578086,-0.0000048559159040,0.0000000437113954,0.9999999403953552,-0.1250111013650894,0.0000000000000000,0.0000000000000000,0.0000000000000000,1.0000000000000000
M 0.9999999403953552,0.0000000000280015,0.0000036470592022,1.0888515710830688,-0.0000000000278316,1.0000000000000000,-0.0000000437116014,0.0000000290785280,-0.0000036470592022,0.0000000437111680,0.9999999403953552,-0.1250083744525909,0.0000000000000000,0.0000000000000000,0.0000000000000000,1.0000000000000000
M 0.9999999403953552,0.0000000000186218,0.0000024251639843,1.1009010076522827,-0.0000000000185122,1.0000000000000000,-0.0000000437113776,0.0000000291000646,-0.0000024251639843,0.0000000437113883,0.9999999403953552,-0.1250056326389313,0.0000000000000000,0.0000000000000000,0.0000000000000000,1.0000000000000000
M 0.9999999403953552,0.0000000000093428,0.0000012163072824,1.1129506826400757,-0.0000000000092893,1.0000000000000000,-0.0000000437116086,0.0000000291208408,-0.0000012163072824,0.0000000437111574,0.9999999403953552,-0.1250029206275940,0.0000000000000000,0.0000000000000000,0.0000000000000000,1.0000000000000000
M 0.9999999403953552,0.0000000000000207,0.0000000018626305,1.1249998807907104,-0.0000000000000124,1.0000000000000000,-0.0000000437113847,0.0000000291422708,-0.0000000018626598,0.0000000437113812,0.9999999403953552,-0.1250001937150955,0.0000000000000000,0.0000000000000000,0.0000000000000000,1.0000000000000000
O WIDGET_55_CG_displays_HIDE
A WIDGET_55_CG_displays_HIDE_WIDGET_55_CG_displays_HIDE
M 0.9999999403953552,0.0000000000000207,0.0000000018626305,-0.0000001347640648,-0.0000000000000124,1.0000000000000000,-0.0000000437113847,0.0000000291422708,-0.0000000018626598,0.0000000437113812,0.9999999403953552,-0.0000001863355124,0.0000000000000000,0.0000000000000000,0.0000000000000000,1.0000000000000000
M 0.9999502301216125,0.0000000022580791,0.0099671725183725,0.0129681285470724,-0.0000000018131336,1.0000000000000000,-0.0000000446483917,0.0000000237762450,-0.0099671725183725,0.0000000446275550,0.9999502301216125,-0.0348541922867298,0.0000000000000000,0.0000000000000000,0.0000000000000000,1.0000000000000000
M 0.9997974038124084,0.0000000045585011,0.0201210211962461,0.0259468499571085,-0.0000000036412882,1.0000000000000000,-0.0000000456213485,0.0000000779334499,-0.0201210211962461,0.0000000455382576,0.9997974038124084,-0.0702691078186035,0.0000000000000000,0.0000000000000000,0.0000000000000000,1.0000000000000000
M 0.9995357990264893,0.0000000069016961,0.0304638016968966,0.0389248430728912,-0.0000000054836669,1.0000000000000000,-0.0000000466314596,0.0000000128001076,-0.0304638016968966,0.0000000464424659,0.9995357990264893,-0.1062581166625023,0.0000000000000000,0.0000000000000000,0.0000000000000000,1.0000000000000000
M 0.9991590976715088,0.0000000092880477,0.0409973114728928,0.0518905445933342,-0.0000000073394695,1.0000000000000000,-0.0000000476802811,-0.0000000524146770,-0.0409973151981831,0.0000000473387267,0.9991590976715088,-0.1428330689668655,0.0000000000000000,0.0000000000000000,0.0000000000000000,1.0000000000000000
M 0.9986942410469055,0.0000000115637224,0.0510843209922314,0.0646631494164467,-0.0000000090876542,1.0000000000000000,-0.0000000487028018,-0.0000000577447778,-0.0510843247175217,0.0000000481747371,0.9986942410469055,-0.1783651411533356,0.0000000000000000,0.0000000000000000,0.0000000000000000,1.0000000000000000
M 0.9987229108810425,0.0000000114091216,0.0505211614072323,0.0722220242023468,-0.0000000089629655,1.0000000000000000,-0.0000000486449672,-0.0000000573844474,-0.0505211651325226,0.0000000481296034,0.9987229108810425,-0.1853116154670715,0.0000000000000000,0.0000000000000000,0.0000000000000000,1.0000000000000000
M 0.9989007711410522,0.0000000104826734,0.0468734242022038,0.0778670981526375,-0.0000000082290281,1.0000000000000000,-0.0000000482723941,-0.0000000552211432,-0.0468734242022038,0.0000000478330726,0.9989007711410522,-0.1834416985511780,0.0000000000000000,0.0000000000000000,0.0000000000000000,1.0000000000000000
M 0.9990641474723816,0.0000000095627719,0.0432513020932674,0.0835128799080849,-0.0000000074978486,1.0000000000000000,-0.0000000479049334,-0.0000000530708490,-0.0432513058185577,0.0000000475355790,0.9990641474723816,-0.1816487759351730,0.0000000000000000,0.0000000000000000,0.0000000000000000,1.0000000000000000
M 0.9992133378982544,0.0000000086494509,0.0396550670266151,0.0891602337360382,-0.0000000067694659,1.0000000000000000,-0.0000000475429722,-0.0000000509341547,-0.0396550670266151,0.0000000472367887,0.9992133378982544,-0.1799339652061462,0.0000000000000000,0.0000000000000000,0.0000000000000000,1.0000000000000000
M 0.9993487000465393,0.0000000077426554,0.0360843949019909,0.0948094353079796,-0.0000000060439125,1.0000000000000000,-0.0000000471861199,-0.0000000488105911,-0.0360843949019909,0.0000000469370676,0.9993487000465393,-0.1782954782247543,0.0000000000000000,0.0000000000000000,0.0000000000000000,1.0000000000000000
M 0.9994704127311707,0.0000000068422445,0.0325390249490738,0.1004608497023582,-0.0000000053211053,1.0000000000000000,-0.0000000468344652,0.0000000725091098,-0.0325390249490738,0.0000000466362700,0.9994704127311707,-0.1767325252294540,0.0000000000000000,0.0000000000000000,0.0000000000000000,1.0000000000000000
M 0.9995788335800171,0.0000000059483276,0.0290190465748310,0.1061158105731010,-0.0000000046012261,1.0000000000000000,-0.0000000464878660,0.0000000746062696,-0.0290190465748310,0.0000000463345735,0.9995788335800171,-0.1752450615167618,0.0000000000000000,0.0000000000000000,0.0000000000000000,1.0000000000000000
M 0.9996741414070129,0.0000000050608815,0.0255241263657808,0.1117731481790543,-0.0000000038843058,1.0000000000000000,-0.0000000461464360,0.0000000766898722,-0.0255241263657808,0.0000000460318184,0.9996741414070129,-0.1738318949937820,0.0000000000000000,0.0000000000000000,0.0000000000000000,1.0000000000000000
M 0.9997566938400269,0.0000000041797268,0.0220541991293430,0.1174342185258865,-0.0000000031701926,1.0000000000000000,-0.0000000458097915,0.0000000191561469,-0.0220541991293430,0.0000000457283740,0.9997566938400269,-0.1724925339221954,0.0000000000000000,0.0000000000000000,0.0000000000000000,1.0000000000000000
M 0.9998952150344849,0.0000000028824572,0.0144685059785843,0.1194310039281845,-0.0000000022304536,1.0000000000000000,-0.0000000450795028,0.0000000222584120,-0.0144685059785843,0.0000000450419080,0.9998952150344849,-0.1566366106271744,0.0000000000000000,0.0000000000000000,0.0000000000000000,1.0000000000000000
M 0.9999824166297913,0.0000000014911423,0.0059126261621714,0.1204469650983810,-0.0000000012294515,1.0000000000000000,-0.0000000442637003,0.0000000256126995,-0.0059126261621714,0.0000000442550920,0.9999824166297913,-0.1373532116413116,0.0000000000000000,0.0000000000000000,0.0000000000000000,1.0000000000000000
M 0.9999979734420776,0.0000000008680342,0.0019952170550823,0.1273868083953857,-0.0000000007804589,1.0000000000000000,-0.0000000438926762,0.0000000271239315,-0.0019952170550823,0.0000000438909922,0.9999979734420776,-0.1287454813718796,0.0000000000000000,0.0000000000000000,0.0000000000000000,1.0000000000000000
M 0.9999984502792358,0.0000000008435800,0.0016915574669838,0.1390349417924881,-0.0000000007693769,1.0000000000000000,-0.0000000438640448,0.0000000271868075,-0.0016915574669838,0.0000000438620091,0.9999984502792358,-0.1284012496471405,0.0000000000000000,0.0000000000000000,0.0000000000000000,1.0000000000000000
M 0.9999989271163940,0.0000000008190717,0.0013879202306271,0.1506838351488113,-0.0000000007582178,1.0000000000000000,-0.0000000438351755,0.0000000272501524,-0.0013879202306271,0.0000000438332783,0.9999989271163940,-0.1280569583177567,0.0000000000000000,0.0000000000000000,0.0000000000000000,1.0000000000000000
M 0.9999995231628418,0.0000000007861382,0.0008927956223488,0.1620847135782242,-0.0000000007470297,1.0000000000000000,-0.0000000437875052,0.0000000273382312,-0.0008927956223488,0.0000000437868266,0.9999995231628418,-0.1270374208688736,0.0000000000000000,0.0000000000000000,0.0000000000000000,1.0000000000000000
M 0.9999998807907104,0.0000000007492844,0.0003089997917414,0.1733704209327698,-0.0000000007357749,1.0000000000000000,-0.0000000437320544,0.0000000274367054,-0.0003089997917414,0.0000000437312515,0.9999998807907104,-0.1257052421569824,0.0000000000000000,0.0000000000000000,0.0000000000000000,1.0000000000000000
M 0.9999999403953552,0.0000000007299165,0.0000951252877712,0.1851409673690796,-0.0000000007257465,1.0000000000000000,-0.0000000437114380,0.0000000274866423,-0.0000951252877712,0.0000000437113314,0.9999999403953552,-0.1252169162034988,0.0000000000000000,0.0000000000000000,0.0000000000000000,1.0000000000000000
M 0.9999999403953552,0.0000000007204932,0.0000938959419727,0.1971906274557114,-0.0000000007163673,1.0000000000000000,-0.0000000437116690,0.0000000275077028,-0.0000938959419727,0.0000000437110970,0.9999999403953552,-0.1252142637968063,0.0000000000000000,0.0000000000000000,0.0000000000000000,1.0000000000000000
M 0.9999999403953552,0.0000000007110990,0.0000926721841097,0.2092400640249252,-0.0000000007070337,1.0000000000000000,-0.0000000437114487,0.0000000275292962,-0.0000926721841097,0.0000000437113101,0.9999999403953552,-0.1252116411924362,0.0000000000000000,0.0000000000000000,0.0000000000000000,1.0000000000000000
M 0.9999999403953552,0.0000000007017049,0.0000914484262466,0.2212892472743988,-0.0000000006976971,1.0000000000000000,-0.0000000437116832,0.0000000275502714,-0.0000914484262466,0.0000000437110756,0.9999999403953552,-0.1252088844776154,0.0000000000000000,0.0000000000000000,0.0000000000000000,1.0000000000000000
M 0.9999999403953552,0.0000000006923107,0.0000902246683836,0.2333389222621918,-0.0000000006883634,1.0000000000000000,-0.0000000437114593,0.0000000275718719,-0.0000902246683836,0.0000000437113066,0.9999999403953552,-0.1252059042453766,0.0000000000000000,0.0000000000000000,0.0000000000000000,1.0000000000000000
