O Amogus
A Amogus_Amogus.001
M 1.0000000000000000,0.0000000000000000,0.0000000000000000,0.0000000000000000,0.0000000000000000,1.0000000000000000,-0.0000000437113883,0.0000000031584302,-0.0000000000000000,0.0000000437113883,1.0000000000000000,0.0000000010747279,0.0000000000000000,0.0000000000000000,0.0000000000000000,1.0000000000000000
M 0.9997733831405640,0.0212881322950125,-0.0000000009305339,-0.0129009941592813,-0.0212881322950125,0.9997733831405640,-0.0000000437014833,0.0008026459836401,-0.0000000000000000,0.0000000437113883,1.0000000000000000,0.0000000010747279,0.0000000000000000,0.0000000000000000,0.0000000000000000,1.0000000000000000
M 0.9965445995330811,0.0830594152212143,-0.0000000036306425,-0.0502551607787609,-0.0830594152212143,0.9965445995330811,-0.0000000435603482,0.0046907728537917,-0.0000000000000000,0.0000000437113883,1.0000000000000000,0.0000000010747279,0.0000000000000000,0.0000000000000000,0.0000000000000000,1.0000000000000000
M 0.9833765625953674,0.1815779358148575,-0.0000000079370235,-0.1095804423093796,-0.1815779358148575,0.9833765625953674,-0.0000000429847624,0.0157539360225201,-0.0000000000000000,0.0000000437113883,1.0000000000000000,0.0000000010747279,0.0000000000000000,0.0000000000000000,0.0000000000000000,1.0000000000000000
M 0.9503023028373718,0.3113287389278412,-0.0000000136086129,-0.1872213631868362,-0.3113287389278412,0.9503023028373718,-0.0000000415390389,0.0398632884025574,-0.0000000000000000,0.0000000437113883,1.0000000000000000,0.0000000010747279,0.0000000000000000,0.0000000000000000,0.0000000000000000,1.0000000000000000
M 0.8860000967979431,0.4636850953102112,-0.0000000202683186,-0.2775933146476746,-0.4636850953102112,0.8860000967979431,-0.0000000387282952,0.0836140885949135,-0.0000000000000000,0.0000000437113883,1.0000000000000000,0.0000000010747279,0.0000000000000000,0.0000000000000000,0.0000000000000000,1.0000000000000000
M 0.7799175381660461,0.6258823275566101,-0.0000000273581851,-0.3726266622543335,-0.6258823275566101,0.7799175381660461,-0.0000000340912827,0.1530060023069382,-0.0000000000000000,0.0000000437113883,1.0000000000000000,0.0000000010747279,0.0000000000000000,0.0000000000000000,0.0000000000000000,1.0000000000000000
M 0.6247989535331726,0.7807856798171997,-0.0000000341292292,-0.4617049694061279,-0.7807856798171997,0.6247989535331726,-0.0000000273108292,0.2519029974937439,-0.0000000000000000,0.0000000437113883,1.0000000000000000,0.0000000010747279,0.0000000000000000,0.0000000000000000,0.0000000000000000,1.0000000000000000
M 0.4192979335784912,0.9078486561775208,-0.0000000396833180,-0.5323278307914734,-0.9078486561775208,0.4192979335784912,-0.0000000183280946,0.3804794251918793,-0.0000000000000000,0.0000000437113883,1.0000000000000000,0.0000000010747279,0.0000000000000000,0.0000000000000000,0.0000000000000000,1.0000000000000000
M 0.1701020300388336,0.9854264855384827,-0.0000000430743654,-0.5715797543525696,-0.9854264855384827,0.1701020300388336,-0.0000000074353959,0.5340038537979126,-0.0000000000000000,0.0000000437113883,1.0000000000000000,0.0000000010747279,0.0000000000000000,0.0000000000000000,0.0000000000000000,1.0000000000000000
M -0.1071299836039543,0.9942450523376465,-0.0000000434598313,-0.5682634711265564,-0.9942450523376465,-0.1071299836039543,0.0000000046828013,0.7023792862892151,-0.0000000000000000,0.0000000437113883,1.0000000000000000,0.0000000010747279,0.0000000000000000,0.0000000000000000,0.0000000000000000,1.0000000000000000
M -0.3886175453662872,0.9213991761207581,-0.0000000402756442,-0.5152967572212219,-0.9213991761207581,-0.3886175453662872,0.0000000169870127,0.8707830905914307,-0.0000000000000000,0.0000000437113883,1.0000000000000000,0.0000000010747279,0.0000000000000000,0.0000000000000000,0.0000000000000000,1.0000000000000000
M -0.6453224420547485,0.7639102935791016,-0.0000000333915793,-0.4117812514305115,-0.7639102935791016,-0.6453224420547485,0.0000000282079426,1.0215147733688354,-0.0000000000000000,0.0000000437113883,1.0000000000000000,0.0000000010747279,0.0000000000000000,0.0000000000000000,0.0000000000000000,1.0000000000000000
M -0.8475084900856018,0.5307818055152893,-0.0000000232012098,-0.2641053199768066,-0.5307818055152893,-0.8475084900856018,0.0000000370457727,1.1368250846862793,-0.0000000000000000,0.0000000437113883,1.0000000000000000,0.0000000010747279,0.0000000000000000,0.0000000000000000,0.0000000000000000,1.0000000000000000
M -0.9700921177864075,0.2427369952201843,-0.0000000106103712,-0.0856183841824532,-0.2427369952201843,-0.9700921177864075,0.0000000424040749,1.2021524906158447,-0.0000000000000000,0.0000000437113883,1.0000000000000000,0.0000000010747279,0.0000000000000000,0.0000000000000000,0.0000000000000000,1.0000000000000000
M -0.9975050687789917,-0.0705949962139130,0.0000000030858054,0.1052273660898209,0.0705949962139130,-0.9975050687789917,0.0000000436023306,1.2089825868606567,-0.0000000000000000,0.0000000437113883,1.0000000000000000,0.0000000010747279,0.0000000000000000,0.0000000000000000,0.0000000000000000,1.0000000000000000
M -0.9268019795417786,-0.3755503594875336,0.0000000164158269,0.2879278063774109,0.3755503594875336,-0.9268019795417786,0.0000000405118001,1.1565818786621094,-0.0000000000000000,0.0000000437113883,1.0000000000000000,0.0000000010747279,0.0000000000000000,0.0000000000000000,0.0000000000000000,1.0000000000000000
M -0.7681699991226196,-0.6402459144592285,0.0000000279860419,0.4434689283370972,0.6402459144592285,-0.7681699991226196,0.0000000335777770,1.0521235466003418,-0.0000000000000000,0.0000000437113883,1.0000000000000000,0.0000000010747279,0.0000000000000000,0.0000000000000000,0.0000000000000000,1.0000000000000000
M -0.5427125096321106,-0.8399185538291931,0.0000000367140061,0.5574950575828552,0.8399185538291931,-0.5427125096321106,0.0000000237227216,0.9091774821281433,-0.0000000000000000,0.0000000437113883,1.0000000000000000,0.0000000010747279,0.0000000000000000,0.0000000000000000,0.0000000000000000,1.0000000000000000
M -0.2781513035297394,-0.9605372548103333,0.0000000419864179,0.6223646998405457,0.9605372548103333,-0.2781513035297394,0.0000000121583810,0.7449912428855896,-0.0000000000000000,0.0000000437113883,1.0000000000000000,0.0000000010747279,0.0000000000000000,0.0000000000000000,0.0000000000000000,1.0000000000000000
M -0.0035986702423543,-0.9999935030937195,0.0000000437111041,0.6377093195915222,0.9999935030937195,-0.0035986702423543,0.0000000001573029,0.5772830247879028,-0.0000000000000000,0.0000000437113883,1.0000000000000000,0.0000000010747279,0.0000000000000000,0.0000000000000000,0.0000000000000000,1.0000000000000000
M 0.2552818059921265,-0.9668666720390320,0.0000000422630855,0.6095328330993652,0.9668666720390320,0.2552818059921265,-0.0000000111587237,0.4213458597660065,-0.0000000000000000,0.0000000437113883,1.0000000000000000,0.0000000010747279,0.0000000000000000,0.0000000000000000,0.0000000000000000,1.0000000000000000
M 0.4797247350215912,-0.8774190545082092,0.0000000383532033,0.5482823252677917,0.8774190545082092,0.4797247350215912,-0.0000000209694342,0.2880499660968781,-0.0000000000000000,0.0000000437113883,1.0000000000000000,0.0000000010747279,0.0000000000000000,0.0000000000000000,0.0000000000000000,1.0000000000000000
M 0.6593856215476990,-0.7518048882484436,0.0000000328624346,0.4665016829967499,0.7518048882484436,0.6593856215476990,-0.0000000288226651,0.1830378919839859,-0.0000000000000000,0.0000000437113883,1.0000000000000000,0.0000000010747279,0.0000000000000000,0.0000000000000000,0.0000000000000000,1.0000000000000000
M 0.7920216917991638,-0.6104929447174072,0.0000000266854983,0.3766721785068512,0.6104929447174072,0.7920216917991638,-0.0000000346203670,0.1070299074053764,-0.0000000000000000,0.0000000437113883,1.0000000000000000,0.0000000010747279,0.0000000000000000,0.0000000000000000,0.0000000000000000,1.0000000000000000
M 0.8818030953407288,-0.4716177284717560,0.0000000206150652,0.2896594107151031,0.4716177284717560,0.8818030953407288,-0.0000000385448367,0.0569307506084442,-0.0000000000000000,0.0000000437113883,1.0000000000000000,0.0000000010747279,0.0000000000000000,0.0000000000000000,0.0000000000000000,1.0000000000000000
M 0.9369062185287476,-0.3495808243751526,0.0000000152806621,0.2139402776956558,0.3495808243751526,0.9369062185287476,-0.0000000409534699,0.0273325461894274,-0.0000000000000000,0.0000000437113883,1.0000000000000000,0.0000000010747279,0.0000000000000000,0.0000000000000000,0.0000000000000000,1.0000000000000000
M 0.9669817686080933,-0.2548454403877258,0.0000000111396483,0.1555575430393219,0.2548454403877258,0.9669817686080933,-0.0000000422681161,0.0120566869154572,-0.0000000000000000,0.0000000437113883,1.0000000000000000,0.0000000010747279,0.0000000000000000,0.0000000000000000,0.0000000000000000,1.0000000000000000
M 0.9808878898620605,-0.1945738941431046,0.0000000085050962,0.1185772866010666,0.1945738941431046,0.9808878898620605,-0.0000000428759712,0.0055082021281123,-0.0000000000000000,0.0000000437113883,1.0000000000000000,0.0000000010747279,0.0000000000000000,0.0000000000000000,0.0000000000000000,1.0000000000000000
M 0.9848077297210693,-0.1736484467983246,0.0000000075904154,0.1057666316628456,0.1736484467983246,0.9848077297210693,-0.0000000430473115,0.0037853273097426,-0.0000000000000000,0.0000000437113883,1.0000000000000000,0.0000000010747279,0.0000000000000000,0.0000000000000000,0.0000000000000000,1.0000000000000000
