O DOOR_11_Arm_INTERIOR_LCG_il_LINVERT
A DOOR_11_Arm_INTERIOR_LCG_il_LINVERT_DOOR_11_Arm_INTERIOR_LCG_il_LINVERT.002
M 1.0000000000000000,0.0000000000000000,0.0000000000000000,0.0000000000000000,0.0000000000000000,1.0000000000000000,-0.0000000437113883,-0.0000000201200692,-0.0000000000000000,0.0000000437113883,1.0000000000000000,-0.0000000337203332,0.0000000000000000,0.0000000000000000,0.0000000000000000,1.0000000000000000
M 0.9999970197677612,-0.0000000001063547,-0.0024331107269973,-0.0031987654510885,0.0000000000000000,1.0000000000000000,-0.0000000437113883,-0.0000000201200692,0.0024331107269973,0.0000000437112568,0.9999970197677612,0.0044098049402237,0.0000000000000000,0.0000000000000000,0.0000000000000000,1.0000000000000000
M 0.9999548196792603,-0.0000000004154029,-0.0095033105462790,-0.0125548886135221,0.0000000000000000,1.0000000000000000,-0.0000000437113883,-0.0000000201200692,0.0095033105462790,0.0000000437094130,0.9999548196792603,0.0171801522374153,0.0000000000000000,0.0000000000000000,0.0000000000000000,1.0000000000000000
M 0.9997822642326355,-0.0000000009120823,-0.0208660103380680,-0.0277810916304588,0.0000000000000000,1.0000000000000000,-0.0000000437113883,-0.0000000201200692,0.0208660103380680,0.0000000437018706,0.9997822642326355,0.0375661030411720,0.0000000000000000,0.0000000000000000,0.0000000000000000,1.0000000000000000
M 0.9993454813957214,-0.0000000015812126,-0.0361739285290241,-0.0486647598445415,0.0000000000000000,1.0000000000000000,-0.0000000437113883,-0.0000000201200692,0.0361739285290241,0.0000000436827712,0.9993454813957214,0.0647620707750320,0.0000000000000000,0.0000000000000000,0.0000000000000000,1.0000000000000000
M 0.9984822273254395,-0.0000000024074036,-0.0550749748945236,-0.0750378742814064,0.0000000000000000,1.0000000000000000,-0.0000000437113883,-0.0000000201200692,0.0550749748945236,0.0000000436450449,0.9984822273254395,0.0979164540767670,0.0000000000000000,0.0000000000000000,0.0000000000000000,1.0000000000000000
M 0.9970148205757141,-0.0000000033749652,-0.0772102028131485,-0.1067517846822739,0.0000000000000000,1.0000000000000000,-0.0000000437113883,-0.0000000201200692,0.0772102028131485,0.0000000435809007,0.9970148205757141,0.1361448168754578,0.0000000000000000,0.0000000000000000,0.0000000000000000,1.0000000000000000
M 0.9947625994682312,-0.0000000044678425,-0.1022123247385025,-0.1436521559953690,0.0000000000000000,1.0000000000000000,-0.0000000437113883,-0.0000000201200692,0.1022123247385025,0.0000000434824621,0.9947625994682312,0.1785437613725662,0.0000000000000000,0.0000000000000000,0.0000000000000000,1.0000000000000000
M 0.9915526509284973,-0.0000000056695817,-0.1297049075365067,-0.1855585426092148,0.0000000000000000,1.0000000000000000,-0.0000000437113883,-0.0000000201200692,0.1297049075365067,0.0000000433421512,0.9915526509284973,0.2242035567760468,0.0000000000000000,0.0000000000000000,0.0000000000000000,1.0000000000000000
M 0.9872297644615173,-0.0000000069633455,-0.1593027710914612,-0.2322469800710678,0.0000000000000000,1.0000000000000000,-0.0000000437113883,-0.0000000201200692,0.1593027710914612,0.0000000431531824,0.9872297644615173,0.2722217738628387,0.0000000000000000,0.0000000000000000,0.0000000000000000,1.0000000000000000
M 0.9816652536392212,-0.0000000083319591,-0.1906130015850067,-0.2834352254867554,0.0000000000000000,1.0000000000000000,-0.0000000437113883,-0.0000000201200692,0.1906130015850067,0.0000000429099494,0.9816652536392212,0.3217165768146515,0.0000000000000000,0.0000000000000000,0.0000000000000000,1.0000000000000000
M 0.9747640490531921,-0.0000000097580219,-0.2232375293970108,-0.3387731611728668,0.0000000000000000,1.0000000000000000,-0.0000000437113883,-0.0000000201200692,0.2232375293970108,0.0000000426082885,0.9747640490531921,0.3718413114547729,0.0000000000000000,0.0000000000000000,0.0000000000000000,1.0000000000000000
M 0.9664709568023682,-0.0000000112240324,-0.2567758858203888,-0.3978355526924133,0.0000000000000000,1.0000000000000000,-0.0000000437113883,-0.0000000201200692,0.2567758858203888,0.0000000422457873,0.9664709568023682,0.4217968583106995,0.0000000000000000,0.0000000000000000,0.0000000000000000,1.0000000000000000
M 0.9567748904228210,-0.0000000127125617,-0.2908295094966888,-0.4601192176342010,0.0000000000000000,1.0000000000000000,-0.0000000437113883,-0.0000000201200692,0.2908295094966888,0.0000000418219663,0.9567748904228210,0.4708458483219147,0.0000000000000000,0.0000000000000000,0.0000000000000000,1.0000000000000000
M 0.9457120299339294,-0.0000000142064591,-0.3250058591365814,-0.5250433683395386,0.0000000000000000,1.0000000000000000,-0.0000000437113883,-0.0000000201200692,0.3250058591365814,0.0000000413383852,0.9457120299339294,0.5183235406875610,0.0000000000000000,0.0000000000000000,0.0000000000000000,1.0000000000000000
M 0.9333671331405640,-0.0000000156890305,-0.3589231371879578,-0.5919532179832458,0.0000000000000000,1.0000000000000000,-0.0000000437113883,-0.0000000201200692,0.3589231371879578,0.0000000407987741,0.9333671331405640,0.5636485815048218,0.0000000000000000,0.0000000000000000,0.0000000000000000,1.0000000000000000
M 0.9198736548423767,-0.0000000171442540,-0.3922148048877716,-0.6601256132125854,0.0000000000000000,1.0000000000000000,-0.0000000437113883,-0.0000000201200692,0.3922148048877716,0.0000000402089562,0.9198736548423767,0.6063312888145447,0.0000000000000000,0.0000000000000000,0.0000000000000000,1.0000000000000000
M 0.9054120779037476,-0.0000000185569640,-0.4245338439941406,-0.7287775278091431,0.0000000000000000,1.0000000000000000,-0.0000000437113883,-0.0000000201200692,0.4245338439941406,0.0000000395768183,0.9054120779037476,0.6459789872169495,0.0000000000000000,0.0000000000000000,0.0000000000000000,1.0000000000000000
M 0.8902068734169006,-0.0000000199130064,-0.4555564820766449,-0.7970768809318542,0.0000000000000000,1.0000000000000000,-0.0000000437113883,-0.0000000201200692,0.4555564820766449,0.0000000389121766,0.8902068734169006,0.6822989583015442,0.0000000000000000,0.0000000000000000,0.0000000000000000,1.0000000000000000
M 0.8745228648185730,-0.0000000211993374,-0.4849843084812164,-0.8641517758369446,0.0000000000000000,1.0000000000000000,-0.0000000437113883,-0.0000000201200692,0.4849843084812164,0.0000000382266094,0.8745228648185730,0.7150974273681641,0.0000000000000000,0.0000000000000000,0.0000000000000000,1.0000000000000000
M 0.8586596846580505,-0.0000000224041088,-0.5125461816787720,-0.9291025996208191,0.0000000000000000,1.0000000000000000,-0.0000000437113883,-0.0000000201200692,0.5125461816787720,0.0000000375332156,0.8586596846580505,0.7442758679389954,0.0000000000000000,0.0000000000000000,0.0000000000000000,1.0000000000000000
M 0.8429460525512695,-0.0000000235166429,-0.5379980802536011,-0.9910128116607666,0.0000000000000000,1.0000000000000000,-0.0000000437113883,-0.0000000201200692,0.5379980802536011,0.0000000368463411,0.8429460525512695,0.7698229551315308,0.0000000000000000,0.0000000000000000,0.0000000000000000,1.0000000000000000
M 0.8277330994606018,-0.0000000245274254,-0.5611220002174377,-1.0489593744277954,0.0000000000000000,1.0000000000000000,-0.0000000437113883,-0.0000000201200692,0.5611220002174377,0.0000000361813619,0.8277330994606018,0.7918042540550232,0.0000000000000000,0.0000000000000000,0.0000000000000000,1.0000000000000000
M 0.8133874535560608,-0.0000000254278909,-0.5817223191261292,-1.1020203828811646,0.0000000000000000,1.0000000000000000,-0.0000000437113883,-0.0000000201200692,0.5817223191261292,0.0000000355542937,0.8133874535560608,0.8103458285331726,0.0000000000000000,0.0000000000000000,0.0000000000000000,1.0000000000000000
M 0.8002832531929016,-0.0000000262103157,-0.5996221303939819,-1.1492851972579956,0.0000000000000000,1.0000000000000000,-0.0000000437113883,-0.0000000201200692,0.5996221303939819,0.0000000349814933,0.8002832531929016,0.8256178498268127,0.0000000000000000,0.0000000000000000,0.0000000000000000,1.0000000000000000
M 0.7887952327728271,-0.0000000268674754,-0.6146560907363892,-1.1898566484451294,0.0000000000000000,1.0000000000000000,-0.0000000437113883,-0.0000000201200692,0.6146560907363892,0.0000000344793349,0.7887952327728271,0.8378124833106995,0.0000000000000000,0.0000000000000000,0.0000000000000000,1.0000000000000000
M 0.7792901396751404,-0.0000000273923249,-0.6266633272171021,-1.2228585481643677,0.0000000000000000,1.0000000000000000,-0.0000000437113883,-0.0000000201200692,0.6266633272171021,0.0000000340638557,0.7792901396751404,0.8471187949180603,0.0000000000000000,0.0000000000000000,0.0000000000000000,1.0000000000000000
M 0.7721185088157654,-0.0000000277776504,-0.6354785561561584,-1.2474379539489746,0.0000000000000000,1.0000000000000000,-0.0000000437113883,-0.0000000201200692,0.6354785561561584,0.0000000337503749,0.7721185088157654,0.8536974787712097,0.0000000000000000,0.0000000000000000,0.0000000000000000,1.0000000000000000
M 0.7676061391830444,-0.0000000280155792,-0.6409218311309814,-1.2627677917480469,0.0000000000000000,1.0000000000000000,-0.0000000437113883,-0.0000000201200692,0.6409218311309814,0.0000000335531318,0.7676061391830444,0.8576493859291077,0.0000000000000000,0.0000000000000000,0.0000000000000000,1.0000000000000000
M 0.7660444378852844,-0.0000000280971371,-0.6427875757217407,-1.2680495977401733,0.0000000000000000,1.0000000000000000,-0.0000000437113883,-0.0000000201200692,0.6427875757217407,0.0000000334848664,0.7660444378852844,0.8589842915534973,0.0000000000000000,0.0000000000000000,0.0000000000000000,1.0000000000000000
M 0.7660444378852844,-0.0000000280971371,-0.6427875757217407,-1.2680495977401733,0.0000000000000000,1.0000000000000000,-0.0000000437113883,-0.0000000201200692,0.6427875757217407,0.0000000334848664,0.7660444378852844,0.8589842915534973,0.0000000000000000,0.0000000000000000,0.0000000000000000,1.0000000000000000
M 0.7660444378852844,-0.0000000280971371,-0.6427875757217407,-1.2680495977401733,0.0000000000000000,1.0000000000000000,-0.0000000437113883,-0.0000000201200692,0.6427875757217407,0.0000000334848664,0.7660444378852844,0.8589842915534973,0.0000000000000000,0.0000000000000000,0.0000000000000000,1.0000000000000000
M 0.7660444378852844,-0.0000000280971371,-0.6427875757217407,-1.2680495977401733,0.0000000000000000,1.0000000000000000,-0.0000000437113883,-0.0000000201200692,0.6427875757217407,0.0000000334848664,0.7660444378852844,0.8589842915534973,0.0000000000000000,0.0000000000000000,0.0000000000000000,1.0000000000000000
M 0.7660444378852844,-0.0000000280971371,-0.6427875757217407,-1.2680495977401733,0.0000000000000000,1.0000000000000000,-0.0000000437113883,-0.0000000201200692,0.6427875757217407,0.0000000334848664,0.7660444378852844,0.8589842915534973,0.0000000000000000,0.0000000000000000,0.0000000000000000,1.0000000000000000
M 0.7660444378852844,-0.0000000280971371,-0.6427875757217407,-1.2680495977401733,0.0000000000000000,1.0000000000000000,-0.0000000437113883,-0.0000000201200692,0.6427875757217407,0.0000000334848664,0.7660444378852844,0.8589842915534973,0.0000000000000000,0.0000000000000000,0.0000000000000000,1.0000000000000000
M 0.7660444378852844,-0.0000000280971371,-0.6427875757217407,-1.2680495977401733,0.0000000000000000,1.0000000000000000,-0.0000000437113883,-0.0000000201200692,0.6427875757217407,0.0000000334848664,0.7660444378852844,0.8589842915534973,0.0000000000000000,0.0000000000000000,0.0000000000000000,1.0000000000000000
M 0.7660444378852844,-0.0000000280971371,-0.6427875757217407,-1.2680495977401733,0.0000000000000000,1.0000000000000000,-0.0000000437113883,-0.0000000201200692,0.6427875757217407,0.0000000334848664,0.7660444378852844,0.8589842915534973,0.0000000000000000,0.0000000000000000,0.0000000000000000,1.0000000000000000
M 0.7660444378852844,-0.0000000280971371,-0.6427875757217407,-1.2680495977401733,0.0000000000000000,1.0000000000000000,-0.0000000437113883,-0.0000000201200692,0.6427875757217407,0.0000000334848664,0.7660444378852844,0.8589842915534973,0.0000000000000000,0.0000000000000000,0.0000000000000000,1.0000000000000000
M 0.7660444378852844,-0.0000000280971371,-0.6427875757217407,-1.2680495977401733,0.0000000000000000,1.0000000000000000,-0.0000000437113883,-0.0000000201200692,0.6427875757217407,0.0000000334848664,0.7660444378852844,0.8589842915534973,0.0000000000000000,0.0000000000000000,0.0000000000000000,1.0000000000000000
M 0.7660444378852844,-0.0000000280971371,-0.6427875757217407,-1.2680495977401733,0.0000000000000000,1.0000000000000000,-0.0000000437113883,-0.0000000201200692,0.6427875757217407,0.0000000334848664,0.7660444378852844,0.8589842915534973,0.0000000000000000,0.0000000000000000,0.0000000000000000,1.0000000000000000
M 0.7660444378852844,-0.0000000280971371,-0.6427875757217407,-1.2680495977401733,0.0000000000000000,1.0000000000000000,-0.0000000437113883,-0.0000000201200692,0.6427875757217407,0.0000000334848664,0.7660444378852844,0.8589842915534973,0.0000000000000000,0.0000000000000000,0.0000000000000000,1.0000000000000000
M 0.7660444378852844,-0.0000000280971371,-0.6427875757217407,-1.2680495977401733,0.0000000000000000,1.0000000000000000,-0.0000000437113883,-0.0000000201200692,0.6427875757217407,0.0000000334848664,0.7660444378852844,0.8589842915534973,0.0000000000000000,0.0000000000000000,0.0000000000000000,1.0000000000000000
M 0.7660444378852844,-0.0000000280971371,-0.6427875757217407,-1.2680495977401733,0.0000000000000000,1.0000000000000000,-0.0000000437113883,-0.0000000201200692,0.6427875757217407,0.0000000334848664,0.7660444378852844,0.8589842915534973,0.0000000000000000,0.0000000000000000,0.0000000000000000,1.0000000000000000
M 0.7660444378852844,-0.0000000280971371,-0.6427875757217407,-1.2680495977401733,0.0000000000000000,1.0000000000000000,-0.0000000437113883,-0.0000000201200692,0.6427875757217407,0.0000000334848664,0.7660444378852844,0.8589842915534973,0.0000000000000000,0.0000000000000000,0.0000000000000000,1.0000000000000000
M 0.7660444378852844,-0.0000000280971371,-0.6427875757217407,-1.2680495977401733,0.0000000000000000,1.0000000000000000,-0.0000000437113883,-0.0000000201200692,0.6427875757217407,0.0000000334848664,0.7660444378852844,0.8589842915534973,0.0000000000000000,0.0000000000000000,0.0000000000000000,1.0000000000000000
M 0.7660444378852844,-0.0000000280971371,-0.6427875757217407,-1.2680495977401733,0.0000000000000000,1.0000000000000000,-0.0000000437113883,-0.0000000201200692,0.6427875757217407,0.0000000334848664,0.7660444378852844,0.8589842915534973,0.0000000000000000,0.0000000000000000,0.0000000000000000,1.0000000000000000
M 0.7660444378852844,-0.0000000280971371,-0.6427875757217407,-1.2680495977401733,0.0000000000000000,1.0000000000000000,-0.0000000437113883,-0.0000000201200692,0.6427875757217407,0.0000000334848664,0.7660444378852844,0.8589842915534973,0.0000000000000000,0.0000000000000000,0.0000000000000000,1.0000000000000000
M 0.7660444378852844,-0.0000000280971371,-0.6427875757217407,-1.2680495977401733,0.0000000000000000,1.0000000000000000,-0.0000000437113883,-0.0000000201200692,0.6427875757217407,0.0000000334848664,0.7660444378852844,0.8589842915534973,0.0000000000000000,0.0000000000000000,0.0000000000000000,1.0000000000000000
M 0.7660444378852844,-0.0000000280971371,-0.6427875757217407,-1.2680495977401733,0.0000000000000000,1.0000000000000000,-0.0000000437113883,-0.0000000201200692,0.6427875757217407,0.0000000334848664,0.7660444378852844,0.8589842915534973,0.0000000000000000,0.0000000000000000,0.0000000000000000,1.0000000000000000
M 0.7660444378852844,-0.0000000280971371,-0.6427875757217407,-1.2680495977401733,0.0000000000000000,1.0000000000000000,-0.0000000437113883,-0.0000000201200692,0.6427875757217407,0.0000000334848664,0.7660444378852844,0.8589842915534973,0.0000000000000000,0.0000000000000000,0.0000000000000000,1.0000000000000000
M 0.7660444378852844,-0.0000000280971371,-0.6427875757217407,-1.2680495977401733,0.0000000000000000,1.0000000000000000,-0.0000000437113883,-0.0000000201200692,0.6427875757217407,0.0000000334848664,0.7660444378852844,0.8589842915534973,0.0000000000000000,0.0000000000000000,0.0000000000000000,1.0000000000000000
M 0.7660444378852844,-0.0000000280971371,-0.6427875757217407,-1.2680495977401733,0.0000000000000000,1.0000000000000000,-0.0000000437113883,-0.0000000201200692,0.6427875757217407,0.0000000334848664,0.7660444378852844,0.8589842915534973,0.0000000000000000,0.0000000000000000,0.0000000000000000,1.0000000000000000
M 0.7660444378852844,-0.0000000280971371,-0.6427875757217407,-1.2680495977401733,0.0000000000000000,1.0000000000000000,-0.0000000437113883,-0.0000000201200692,0.6427875757217407,0.0000000334848664,0.7660444378852844,0.8589842915534973,0.0000000000000000,0.0000000000000000,0.0000000000000000,1.0000000000000000
M 0.7660444378852844,-0.0000000280971371,-0.6427875757217407,-1.2680495977401733,0.0000000000000000,1.0000000000000000,-0.0000000437113883,-0.0000000201200692,0.6427875757217407,0.0000000334848664,0.7660444378852844,0.8589842915534973,0.0000000000000000,0.0000000000000000,0.0000000000000000,1.0000000000000000
M 0.7660444378852844,-0.0000000280971371,-0.6427875757217407,-1.2680495977401733,0.0000000000000000,1.0000000000000000,-0.0000000437113883,-0.0000000201200692,0.6427875757217407,0.0000000334848664,0.7660444378852844,0.8589842915534973,0.0000000000000000,0.0000000000000000,0.0000000000000000,1.0000000000000000
M 0.7660444378852844,-0.0000000280971371,-0.6427875757217407,-1.2680495977401733,0.0000000000000000,1.0000000000000000,-0.0000000437113883,-0.0000000201200692,0.6427875757217407,0.0000000334848664,0.7660444378852844,0.8589842915534973,0.0000000000000000,0.0000000000000000,0.0000000000000000,1.0000000000000000
M 0.7660444378852844,-0.0000000280971371,-0.6427875757217407,-1.2680495977401733,0.0000000000000000,1.0000000000000000,-0.0000000437113883,-0.0000000201200692,0.6427875757217407,0.0000000334848664,0.7660444378852844,0.8589842915534973,0.0000000000000000,0.0000000000000000,0.0000000000000000,1.0000000000000000
M 0.7660444378852844,-0.0000000280971371,-0.6427875757217407,-1.2680495977401733,0.0000000000000000,1.0000000000000000,-0.0000000437113883,-0.0000000201200692,0.6427875757217407,0.0000000334848664,0.7660444378852844,0.8589842915534973,0.0000000000000000,0.0000000000000000,0.0000000000000000,1.0000000000000000
M 0.7660444378852844,-0.0000000280971371,-0.6427875757217407,-1.2680495977401733,0.0000000000000000,1.0000000000000000,-0.0000000437113883,-0.0000000201200692,0.6427875757217407,0.0000000334848664,0.7660444378852844,0.8589842915534973,0.0000000000000000,0.0000000000000000,0.0000000000000000,1.0000000000000000
M 0.7660444378852844,-0.0000000280971371,-0.6427875757217407,-1.2680495977401733,0.0000000000000000,1.0000000000000000,-0.0000000437113883,-0.0000000201200692,0.6427875757217407,0.0000000334848664,0.7660444378852844,0.8589842915534973,0.0000000000000000,0.0000000000000000,0.0000000000000000,1.0000000000000000
M 0.7660444378852844,-0.0000000280971371,-0.6427875757217407,-1.2680495977401733,0.0000000000000000,1.0000000000000000,-0.0000000437113883,-0.0000000201200692,0.6427875757217407,0.0000000334848664,0.7660444378852844,0.8589842915534973,0.0000000000000000,0.0000000000000000,0.0000000000000000,1.0000000000000000
M 0.7660444378852844,-0.0000000280971371,-0.6427875757217407,-1.2680495977401733,0.0000000000000000,1.0000000000000000,-0.0000000437113883,-0.0000000201200692,0.6427875757217407,0.0000000334848664,0.7660444378852844,0.8589842915534973,0.0000000000000000,0.0000000000000000,0.0000000000000000,1.0000000000000000
M 0.7660444378852844,-0.0000000280971371,-0.6427875757217407,-1.2680495977401733,0.0000000000000000,1.0000000000000000,-0.0000000437113883,-0.0000000201200692,0.6427875757217407,0.0000000334848664,0.7660444378852844,0.8589842915534973,0.0000000000000000,0.0000000000000000,0.0000000000000000,1.0000000000000000
M 0.7660444378852844,-0.0000000280971371,-0.6427875757217407,-1.2680495977401733,0.0000000000000000,1.0000000000000000,-0.0000000437113883,-0.0000000201200692,0.6427875757217407,0.0000000334848664,0.7660444378852844,0.8589842915534973,0.0000000000000000,0.0000000000000000,0.0000000000000000,1.0000000000000000
M 0.7660444378852844,-0.0000000280971371,-0.6427875757217407,-1.2680495977401733,0.0000000000000000,1.0000000000000000,-0.0000000437113883,-0.0000000201200692,0.6427875757217407,0.0000000334848664,0.7660444378852844,0.8589842915534973,0.0000000000000000,0.0000000000000000,0.0000000000000000,1.0000000000000000
M 0.7660444378852844,-0.0000000280971371,-0.6427875757217407,-1.2680495977401733,0.0000000000000000,1.0000000000000000,-0.0000000437113883,-0.0000000201200692,0.6427875757217407,0.0000000334848664,0.7660444378852844,0.8589842915534973,0.0000000000000000,0.0000000000000000,0.0000000000000000,1.0000000000000000
M 0.7660444378852844,-0.0000000280971371,-0.6427875757217407,-1.2680495977401733,0.0000000000000000,1.0000000000000000,-0.0000000437113883,-0.0000000201200692,0.6427875757217407,0.0000000334848664,0.7660444378852844,0.8589842915534973,0.0000000000000000,0.0000000000000000,0.0000000000000000,1.0000000000000000
M 0.7660444378852844,-0.0000000280971371,-0.6427875757217407,-1.2680495977401733,0.0000000000000000,1.0000000000000000,-0.0000000437113883,-0.0000000201200692,0.6427875757217407,0.0000000334848664,0.7660444378852844,0.8589842915534973,0.0000000000000000,0.0000000000000000,0.0000000000000000,1.0000000000000000
M 0.7660444378852844,-0.0000000280971371,-0.6427875757217407,-1.2680495977401733,0.0000000000000000,1.0000000000000000,-0.0000000437113883,-0.0000000201200692,0.6427875757217407,0.0000000334848664,0.7660444378852844,0.8589842915534973,0.0000000000000000,0.0000000000000000,0.0000000000000000,1.0000000000000000
M 0.7660444378852844,-0.0000000280971371,-0.6427875757217407,-1.2680495977401733,0.0000000000000000,1.0000000000000000,-0.0000000437113883,-0.0000000201200692,0.6427875757217407,0.0000000334848664,0.7660444378852844,0.8589842915534973,0.0000000000000000,0.0000000000000000,0.0000000000000000,1.0000000000000000
M 0.7660444378852844,-0.0000000280971371,-0.6427875757217407,-1.2680495977401733,0.0000000000000000,1.0000000000000000,-0.0000000437113883,-0.0000000201200692,0.6427875757217407,0.0000000334848664,0.7660444378852844,0.8589842915534973,0.0000000000000000,0.0000000000000000,0.0000000000000000,1.0000000000000000
M 0.7660444378852844,-0.0000000280971371,-0.6427875757217407,-1.2680495977401733,0.0000000000000000,1.0000000000000000,-0.0000000437113883,-0.0000000201200692,0.6427875757217407,0.0000000334848664,0.7660444378852844,0.8589842915534973,0.0000000000000000,0.0000000000000000,0.0000000000000000,1.0000000000000000
M 0.7660444378852844,-0.0000000280971371,-0.6427875757217407,-1.2680495977401733,0.0000000000000000,1.0000000000000000,-0.0000000437113883,-0.0000000201200692,0.6427875757217407,0.0000000334848664,0.7660444378852844,0.8589842915534973,0.0000000000000000,0.0000000000000000,0.0000000000000000,1.0000000000000000
M 0.7660444378852844,-0.0000000280971371,-0.6427875757217407,-1.2680495977401733,0.0000000000000000,1.0000000000000000,-0.0000000437113883,-0.0000000201200692,0.6427875757217407,0.0000000334848664,0.7660444378852844,0.8589842915534973,0.0000000000000000,0.0000000000000000,0.0000000000000000,1.0000000000000000
M 0.7660444378852844,-0.0000000280971371,-0.6427875757217407,-1.2680495977401733,0.0000000000000000,1.0000000000000000,-0.0000000437113883,-0.0000000201200692,0.6427875757217407,0.0000000334848664,0.7660444378852844,0.8589842915534973,0.0000000000000000,0.0000000000000000,0.0000000000000000,1.0000000000000000
M 0.7660444378852844,-0.0000000280971371,-0.6427875757217407,-1.2680495977401733,0.0000000000000000,1.0000000000000000,-0.0000000437113883,-0.0000000201200692,0.6427875757217407,0.0000000334848664,0.7660444378852844,0.8589842915534973,0.0000000000000000,0.0000000000000000,0.0000000000000000,1.0000000000000000
M 0.7660444378852844,-0.0000000280971371,-0.6427875757217407,-1.2680495977401733,0.0000000000000000,1.0000000000000000,-0.0000000437113883,-0.0000000201200692,0.6427875757217407,0.0000000334848664,0.7660444378852844,0.8589842915534973,0.0000000000000000,0.0000000000000000,0.0000000000000000,1.0000000000000000
M 0.7660444378852844,-0.0000000280971371,-0.6427875757217407,-1.2680495977401733,0.0000000000000000,1.0000000000000000,-0.0000000437113883,-0.0000000201200692,0.6427875757217407,0.0000000334848664,0.7660444378852844,0.8589842915534973,0.0000000000000000,0.0000000000000000,0.0000000000000000,1.0000000000000000
M 0.7660444378852844,-0.0000000280971371,-0.6427875757217407,-1.2680495977401733,0.0000000000000000,1.0000000000000000,-0.0000000437113883,-0.0000000201200692,0.6427875757217407,0.0000000334848664,0.7660444378852844,0.8589842915534973,0.0000000000000000,0.0000000000000000,0.0000000000000000,1.0000000000000000
M 0.7660444378852844,-0.0000000280971371,-0.6427875757217407,-1.2680495977401733,0.0000000000000000,1.0000000000000000,-0.0000000437113883,-0.0000000201200692,0.6427875757217407,0.0000000334848664,0.7660444378852844,0.8589842915534973,0.0000000000000000,0.0000000000000000,0.0000000000000000,1.0000000000000000
M 0.7660444378852844,-0.0000000280971371,-0.6427875757217407,-1.2680495977401733,0.0000000000000000,1.0000000000000000,-0.0000000437113883,-0.0000000201200692,0.6427875757217407,0.0000000334848664,0.7660444378852844,0.8589842915534973,0.0000000000000000,0.0000000000000000,0.0000000000000000,1.0000000000000000
M 0.7660444378852844,-0.0000000280971371,-0.6427875757217407,-1.2680495977401733,0.0000000000000000,1.0000000000000000,-0.0000000437113883,-0.0000000201200692,0.6427875757217407,0.0000000334848664,0.7660444378852844,0.8589842915534973,0.0000000000000000,0.0000000000000000,0.0000000000000000,1.0000000000000000
M 0.7660444378852844,-0.0000000280971371,-0.6427875757217407,-1.2680495977401733,0.0000000000000000,1.0000000000000000,-0.0000000437113883,-0.0000000201200692,0.6427875757217407,0.0000000334848664,0.7660444378852844,0.8589842915534973,0.0000000000000000,0.0000000000000000,0.0000000000000000,1.0000000000000000
M 0.7660444378852844,-0.0000000280971371,-0.6427875757217407,-1.2680495977401733,0.0000000000000000,1.0000000000000000,-0.0000000437113883,-0.0000000201200692,0.6427875757217407,0.0000000334848664,0.7660444378852844,0.8589842915534973,0.0000000000000000,0.0000000000000000,0.0000000000000000,1.0000000000000000
M 0.7660444378852844,-0.0000000280971371,-0.6427875757217407,-1.2680495977401733,0.0000000000000000,1.0000000000000000,-0.0000000437113883,-0.0000000201200692,0.6427875757217407,0.0000000334848664,0.7660444378852844,0.8589842915534973,0.0000000000000000,0.0000000000000000,0.0000000000000000,1.0000000000000000
M 0.7660444378852844,-0.0000000280971371,-0.6427875757217407,-1.2680495977401733,0.0000000000000000,1.0000000000000000,-0.0000000437113883,-0.0000000201200692,0.6427875757217407,0.0000000334848664,0.7660444378852844,0.8589842915534973,0.0000000000000000,0.0000000000000000,0.0000000000000000,1.0000000000000000
M 0.7660444378852844,-0.0000000280971371,-0.6427875757217407,-1.2680495977401733,0.0000000000000000,1.0000000000000000,-0.0000000437113883,-0.0000000201200692,0.6427875757217407,0.0000000334848664,0.7660444378852844,0.8589842915534973,0.0000000000000000,0.0000000000000000,0.0000000000000000,1.0000000000000000
M 0.7660444378852844,-0.0000000280971371,-0.6427875757217407,-1.2680495977401733,0.0000000000000000,1.0000000000000000,-0.0000000437113883,-0.0000000201200692,0.6427875757217407,0.0000000334848664,0.7660444378852844,0.8589842915534973,0.0000000000000000,0.0000000000000000,0.0000000000000000,1.0000000000000000
M 0.7660444378852844,-0.0000000280971371,-0.6427875757217407,-1.2680495977401733,0.0000000000000000,1.0000000000000000,-0.0000000437113883,-0.0000000201200692,0.6427875757217407,0.0000000334848664,0.7660444378852844,0.8589842915534973,0.0000000000000000,0.0000000000000000,0.0000000000000000,1.0000000000000000
M 0.7660444378852844,-0.0000000280971371,-0.6427875757217407,-1.2680495977401733,0.0000000000000000,1.0000000000000000,-0.0000000437113883,-0.0000000201200692,0.6427875757217407,0.0000000334848664,0.7660444378852844,0.8589842915534973,0.0000000000000000,0.0000000000000000,0.0000000000000000,1.0000000000000000
M 0.7660444378852844,-0.0000000280971371,-0.6427875757217407,-1.2680495977401733,0.0000000000000000,1.0000000000000000,-0.0000000437113883,-0.0000000201200692,0.6427875757217407,0.0000000334848664,0.7660444378852844,0.8589842915534973,0.0000000000000000,0.0000000000000000,0.0000000000000000,1.0000000000000000
M 0.7660444378852844,-0.0000000280971371,-0.6427875757217407,-1.2680495977401733,0.0000000000000000,1.0000000000000000,-0.0000000437113883,-0.0000000201200692,0.6427875757217407,0.0000000334848664,0.7660444378852844,0.8589842915534973,0.0000000000000000,0.0000000000000000,0.0000000000000000,1.0000000000000000
M 0.7660444378852844,-0.0000000280971371,-0.6427875757217407,-1.2680495977401733,0.0000000000000000,1.0000000000000000,-0.0000000437113883,-0.0000000201200692,0.6427875757217407,0.0000000334848664,0.7660444378852844,0.8589842915534973,0.0000000000000000,0.0000000000000000,0.0000000000000000,1.0000000000000000
M 0.7660444378852844,-0.0000000280971371,-0.6427875757217407,-1.2680495977401733,0.0000000000000000,1.0000000000000000,-0.0000000437113883,-0.0000000201200692,0.6427875757217407,0.0000000334848664,0.7660444378852844,0.8589842915534973,0.0000000000000000,0.0000000000000000,0.0000000000000000,1.0000000000000000
M 0.7660444378852844,-0.0000000280971371,-0.6427875757217407,-1.2680495977401733,0.0000000000000000,1.0000000000000000,-0.0000000437113883,-0.0000000201200692,0.6427875757217407,0.0000000334848664,0.7660444378852844,0.8589842915534973,0.0000000000000000,0.0000000000000000,0.0000000000000000,1.0000000000000000
M 0.7660444378852844,-0.0000000280971371,-0.6427875757217407,-1.2680495977401733,0.0000000000000000,1.0000000000000000,-0.0000000437113883,-0.0000000201200692,0.6427875757217407,0.0000000334848664,0.7660444378852844,0.8589842915534973,0.0000000000000000,0.0000000000000000,0.0000000000000000,1.0000000000000000
M 0.7660444378852844,-0.0000000280971371,-0.6427875757217407,-1.2680495977401733,0.0000000000000000,1.0000000000000000,-0.0000000437113883,-0.0000000201200692,0.6427875757217407,0.0000000334848664,0.7660444378852844,0.8589842915534973,0.0000000000000000,0.0000000000000000,0.0000000000000000,1.0000000000000000
M 0.7660444378852844,-0.0000000280971371,-0.6427875757217407,-1.2680495977401733,0.0000000000000000,1.0000000000000000,-0.0000000437113883,-0.0000000201200692,0.6427875757217407,0.0000000334848664,0.7660444378852844,0.8589842915534973,0.0000000000000000,0.0000000000000000,0.0000000000000000,1.0000000000000000
M 0.7660444378852844,-0.0000000280971371,-0.6427875757217407,-1.2680495977401733,0.0000000000000000,1.0000000000000000,-0.0000000437113883,-0.0000000201200692,0.6427875757217407,0.0000000334848664,0.7660444378852844,0.8589842915534973,0.0000000000000000,0.0000000000000000,0.0000000000000000,1.0000000000000000
M 0.7660444378852844,-0.0000000280971371,-0.6427875757217407,-1.2680495977401733,0.0000000000000000,1.0000000000000000,-0.0000000437113883,-0.0000000201200692,0.6427875757217407,0.0000000334848664,0.7660444378852844,0.8589842915534973,0.0000000000000000,0.0000000000000000,0.0000000000000000,1.0000000000000000
M 0.7660444378852844,-0.0000000280971371,-0.6427875757217407,-1.2680495977401733,0.0000000000000000,1.0000000000000000,-0.0000000437113883,-0.0000000201200692,0.6427875757217407,0.0000000334848664,0.7660444378852844,0.8589842915534973,0.0000000000000000,0.0000000000000000,0.0000000000000000,1.0000000000000000
M 0.7660444378852844,-0.0000000280971371,-0.6427875757217407,-1.2680495977401733,0.0000000000000000,1.0000000000000000,-0.0000000437113883,-0.0000000201200692,0.6427875757217407,0.0000000334848664,0.7660444378852844,0.8589842915534973,0.0000000000000000,0.0000000000000000,0.0000000000000000,1.0000000000000000
M 0.7660444378852844,-0.0000000280971371,-0.6427875757217407,-1.2680495977401733,0.0000000000000000,1.0000000000000000,-0.0000000437113883,-0.0000000201200692,0.6427875757217407,0.0000000334848664,0.7660444378852844,0.8589842915534973,0.0000000000000000,0.0000000000000000,0.0000000000000000,1.0000000000000000
M 0.7660444378852844,-0.0000000280971371,-0.6427875757217407,-1.2680495977401733,0.0000000000000000,1.0000000000000000,-0.0000000437113883,-0.0000000201200692,0.6427875757217407,0.0000000334848664,0.7660444378852844,0.8589842915534973,0.0000000000000000,0.0000000000000000,0.0000000000000000,1.0000000000000000
M 0.7660444378852844,-0.0000000280971371,-0.6427875757217407,-1.2680495977401733,0.0000000000000000,1.0000000000000000,-0.0000000437113883,-0.0000000201200692,0.6427875757217407,0.0000000334848664,0.7660444378852844,0.8589842915534973,0.0000000000000000,0.0000000000000000,0.0000000000000000,1.0000000000000000
M 0.7660444378852844,-0.0000000280971371,-0.6427875757217407,-1.2680495977401733,0.0000000000000000,1.0000000000000000,-0.0000000437113883,-0.0000000201200692,0.6427875757217407,0.0000000334848664,0.7660444378852844,0.8589842915534973,0.0000000000000000,0.0000000000000000,0.0000000000000000,1.0000000000000000
M 0.7660444378852844,-0.0000000280971371,-0.6427875757217407,-1.2680495977401733,0.0000000000000000,1.0000000000000000,-0.0000000437113883,-0.0000000201200692,0.6427875757217407,0.0000000334848664,0.7660444378852844,0.8589842915534973,0.0000000000000000,0.0000000000000000,0.0000000000000000,1.0000000000000000
M 0.7660444378852844,-0.0000000280971371,-0.6427875757217407,-1.2680495977401733,0.0000000000000000,1.0000000000000000,-0.0000000437113883,-0.0000000201200692,0.6427875757217407,0.0000000334848664,0.7660444378852844,0.8589842915534973,0.0000000000000000,0.0000000000000000,0.0000000000000000,1.0000000000000000
M 0.7660444378852844,-0.0000000280971371,-0.6427875757217407,-1.2680495977401733,0.0000000000000000,1.0000000000000000,-0.0000000437113883,-0.0000000201200692,0.6427875757217407,0.0000000334848664,0.7660444378852844,0.8589842915534973,0.0000000000000000,0.0000000000000000,0.0000000000000000,1.0000000000000000
M 0.7660444378852844,-0.0000000280971371,-0.6427875757217407,-1.2680495977401733,0.0000000000000000,1.0000000000000000,-0.0000000437113883,-0.0000000201200692,0.6427875757217407,0.0000000334848664,0.7660444378852844,0.8589842915534973,0.0000000000000000,0.0000000000000000,0.0000000000000000,1.0000000000000000
M 0.7660444378852844,-0.0000000280971371,-0.6427875757217407,-1.2680495977401733,0.0000000000000000,1.0000000000000000,-0.0000000437113883,-0.0000000201200692,0.6427875757217407,0.0000000334848664,0.7660444378852844,0.8589842915534973,0.0000000000000000,0.0000000000000000,0.0000000000000000,1.0000000000000000
M 0.7660444378852844,-0.0000000280971371,-0.6427875757217407,-1.2680495977401733,0.0000000000000000,1.0000000000000000,-0.0000000437113883,-0.0000000201200692,0.6427875757217407,0.0000000334848664,0.7660444378852844,0.8589842915534973,0.0000000000000000,0.0000000000000000,0.0000000000000000,1.0000000000000000
M 0.7660444378852844,-0.0000000280971371,-0.6427875757217407,-1.2680495977401733,0.0000000000000000,1.0000000000000000,-0.0000000437113883,-0.0000000201200692,0.6427875757217407,0.0000000334848664,0.7660444378852844,0.8589842915534973,0.0000000000000000,0.0000000000000000,0.0000000000000000,1.0000000000000000
M 0.7660444378852844,-0.0000000280971371,-0.6427875757217407,-1.2680495977401733,0.0000000000000000,1.0000000000000000,-0.0000000437113883,-0.0000000201200692,0.6427875757217407,0.0000000334848664,0.7660444378852844,0.8589842915534973,0.0000000000000000,0.0000000000000000,0.0000000000000000,1.0000000000000000
M 0.7660444378852844,-0.0000000280971371,-0.6427875757217407,-1.2680495977401733,0.0000000000000000,1.0000000000000000,-0.0000000437113883,-0.0000000201200692,0.6427875757217407,0.0000000334848664,0.7660444378852844,0.8589842915534973,0.0000000000000000,0.0000000000000000,0.0000000000000000,1.0000000000000000
M 0.7660444378852844,-0.0000000280971371,-0.6427875757217407,-1.2680495977401733,0.0000000000000000,1.0000000000000000,-0.0000000437113883,-0.0000000201200692,0.6427875757217407,0.0000000334848664,0.7660444378852844,0.8589842915534973,0.0000000000000000,0.0000000000000000,0.0000000000000000,1.0000000000000000
M 0.7660444378852844,-0.0000000280971371,-0.6427875757217407,-1.2680495977401733,0.0000000000000000,1.0000000000000000,-0.0000000437113883,-0.0000000201200692,0.6427875757217407,0.0000000334848664,0.7660444378852844,0.8589842915534973,0.0000000000000000,0.0000000000000000,0.0000000000000000,1.0000000000000000
M 0.7660444378852844,-0.0000000280971371,-0.6427875757217407,-1.2680495977401733,0.0000000000000000,1.0000000000000000,-0.0000000437113883,-0.0000000201200692,0.6427875757217407,0.0000000334848664,0.7660444378852844,0.8589842915534973,0.0000000000000000,0.0000000000000000,0.0000000000000000,1.0000000000000000
M 0.7660444378852844,-0.0000000280971371,-0.6427875757217407,-1.2680495977401733,0.0000000000000000,1.0000000000000000,-0.0000000437113883,-0.0000000201200692,0.6427875757217407,0.0000000334848664,0.7660444378852844,0.8589842915534973,0.0000000000000000,0.0000000000000000,0.0000000000000000,1.0000000000000000
M 0.7660444378852844,-0.0000000280971371,-0.6427875757217407,-1.2680495977401733,0.0000000000000000,1.0000000000000000,-0.0000000437113883,-0.0000000201200692,0.6427875757217407,0.0000000334848664,0.7660444378852844,0.8589842915534973,0.0000000000000000,0.0000000000000000,0.0000000000000000,1.0000000000000000
O DOOR_11_EXTERNAL_CG_drml
A DOOR_11_EXTERNAL_CG_drml_DOOR_11_EXTERNAL_CG_drml.002
M 1.0000000000000000,0.0000000000000000,0.0000000000000000,0.0000000000000000,0.0000000000000000,1.0000000000000000,-0.0000000437113883,0.0000000000000000,-0.0000000000000000,0.0000000437113883,1.0000000000000000,-0.0000000000000000,0.0000000000000000,0.0000000000000000,0.0000000000000000,1.0000000000000000
M 1.0000000000000000,0.0000000000000000,0.0000000000000000,0.0002542978327256,0.0000000000000000,1.0000000000000000,-0.0000000437113883,0.0000000000000000,-0.0000000000000000,0.0000000437113883,1.0000000000000000,-0.0004356472345535,0.0000000000000000,0.0000000000000000,0.0000000000000000,1.0000000000000000
M 1.0000000000000000,0.0000000000000000,0.0000000000000000,0.0010063429363072,0.0000000000000000,1.0000000000000000,-0.0000000437113883,0.0000000000000000,-0.0000000000000000,0.0000000437113883,1.0000000000000000,-0.0017015867633745,0.0000000000000000,0.0000000000000000,0.0000000000000000,1.0000000000000000
M 1.0000000000000000,0.0000000000000000,0.0000000000000000,0.0022398631554097,0.0000000000000000,1.0000000000000000,-0.0000000437113883,0.0000000000000000,-0.0000000000000000,0.0000000437113883,1.0000000000000000,-0.0037363159935921,0.0000000000000000,0.0000000000000000,0.0000000000000000,1.0000000000000000
M 1.0000000000000000,0.0000000000000000,0.0000000000000000,0.0039385845884681,0.0000000000000000,1.0000000000000000,-0.0000000437113883,0.0000000000000000,-0.0000000000000000,0.0000000437113883,1.0000000000000000,-0.0064783305861056,0.0000000000000000,0.0000000000000000,0.0000000000000000,1.0000000000000000
M 1.0000000000000000,0.0000000000000000,0.0000000000000000,0.0060862367972732,0.0000000000000000,1.0000000000000000,-0.0000000437113883,0.0000000000000000,-0.0000000000000000,0.0000000437113883,1.0000000000000000,-0.0098661277443171,0.0000000000000000,0.0000000000000000,0.0000000000000000,1.0000000000000000
M 1.0000000000000000,0.0000000000000000,0.0000000000000000,0.0086665460839868,0.0000000000000000,1.0000000000000000,-0.0000000437113883,0.0000000000000000,-0.0000000000000000,0.0000000437113883,1.0000000000000000,-0.0138382073491812,0.0000000000000000,0.0000000000000000,0.0000000000000000,1.0000000000000000
M 1.0000000000000000,0.0000000000000000,0.0000000000000000,0.0116632385179400,0.0000000000000000,1.0000000000000000,-0.0000000437113883,0.0000000000000000,-0.0000000000000000,0.0000000437113883,1.0000000000000000,-0.0183330625295639,0.0000000000000000,0.0000000000000000,0.0000000000000000,1.0000000000000000
