O DOOR_10_Arm_INTERIOR_LCG_il_LINVERT
A DOOR_10_Arm_INTERIOR_LCG_il_LINVERT_DOOR_10_Arm_INTERIOR_LCG_il_LINVERT
M 1.0000000000000000,0.0000000000000000,0.0000000000000000,0.0000000000000000,0.0000000000000000,1.0000000000000000,-0.0000000437113883,-0.0000000201179446,-0.0000000000000000,0.0000000437113883,1.0000000000000000,-0.0000000337822357,0.0000000000000000,0.0000000000000000,0.0000000000000000,1.0000000000000000
M 0.9999984502792358,-0.0000000000776417,-0.0017762349452823,-0.0023341779597104,0.0000000000000000,1.0000000000000000,-0.0000000437113883,-0.0000000201179446,0.0017762349452823,0.0000000437113279,0.9999984502792358,0.0032219747081399,0.0000000000000000,0.0000000000000000,0.0000000000000000,1.0000000000000000
M 0.9999757409095764,-0.0000000003043532,-0.0069627882912755,-0.0091826813295484,0.0000000000000000,1.0000000000000000,-0.0000000437113883,-0.0000000201179446,0.0069627882912755,0.0000000437103296,0.9999757409095764,0.0126062594354153,0.0000000000000000,0.0000000000000000,0.0000000000000000,1.0000000000000000
M 0.9998822212219238,-0.0000000006707983,-0.0153460754081607,-0.0203555393964052,0.0000000000000000,1.0000000000000000,-0.0000000437113883,-0.0000000201179446,0.0153460754081607,0.0000000437062404,0.9998822212219238,0.0276999361813068,0.0000000000000000,0.0000000000000000,0.0000000000000000,1.0000000000000000
M 0.9996432065963745,-0.0000000011675928,-0.0267114099115133,-0.0357065163552761,0.0000000000000000,1.0000000000000000,-0.0000000437113883,-0.0000000201179446,0.0267114099115133,0.0000000436957990,0.9996432065963745,0.0480154566466808,0.0000000000000000,0.0000000000000000,0.0000000000000000,1.0000000000000000
M 0.9991655945777893,-0.0000000017852629,-0.0408420562744141,-0.0551199465990067,0.0000000000000000,1.0000000000000000,-0.0000000437113883,-0.0000000201179446,0.0408420562744141,0.0000000436749161,0.9991655945777893,0.0730369985103607,0.0000000000000000,0.0000000000000000,0.0000000000000000,1.0000000000000000
M 0.9983444809913635,-0.0000000025142037,-0.0575182661414146,-0.0784979090094566,0.0000000000000000,1.0000000000000000,-0.0000000437113883,-0.0000000201179446,0.0575182661414146,0.0000000436390231,0.9983444809913635,0.1022282466292381,0.0000000000000000,0.0000000000000000,0.0000000000000000,1.0000000000000000
M 0.9970683455467224,-0.0000000033446386,-0.0765164121985435,-0.1057494208216667,0.0000000000000000,1.0000000000000000,-0.0000000437113883,-0.0000000201179446,0.0765164121985435,0.0000000435832419,0.9970683455467224,0.1350366920232773,0.0000000000000000,0.0000000000000000,0.0000000000000000,1.0000000000000000
M 0.9952248930931091,-0.0000000042665969,-0.0976083502173424,-0.1367786526679993,0.0000000000000000,1.0000000000000000,-0.0000000437113883,-0.0000000201179446,0.0976083502173424,0.0000000435026628,0.9952248930931091,0.1709010899066925,0.0000000000000000,0.0000000000000000,0.0000000000000000,1.0000000000000000
M 0.9927059412002563,-0.0000000052698921,-0.1205610781908035,-0.1714763790369034,0.0000000000000000,1.0000000000000000,-0.0000000437113883,-0.0000000201179446,0.1205610781908035,0.0000000433925607,0.9927059412002563,0.2092563211917877,0.0000000000000000,0.0000000000000000,0.0000000000000000,1.0000000000000000
M 0.9894115924835205,-0.0000000063441359,-0.1451368927955627,-0.2097117900848389,0.0000000000000000,1.0000000000000000,-0.0000000437113883,-0.0000000201179446,0.1451368927955627,0.0000000432485550,0.9894115924835205,0.2495399117469788,0.0000000000000000,0.0000000000000000,0.0000000000000000,1.0000000000000000
M 0.9852547645568848,-0.0000000074787430,-0.1710936874151230,-0.2513253092765808,0.0000000000000000,1.0000000000000000,-0.0000000437113883,-0.0000000201179446,0.1710936874151230,0.0000000430668550,0.9852547645568848,0.2911981046199799,0.0000000000000000,0.0000000000000000,0.0000000000000000,1.0000000000000000
M 0.9801644682884216,-0.0000000086629806,-0.1981858909130096,-0.2961232960224152,0.0000000000000000,1.0000000000000000,-0.0000000437113883,-0.0000000201179446,0.1981858909130096,0.0000000428443556,0.9801644682884216,0.3336919546127319,0.0000000000000000,0.0000000000000000,0.0000000000000000,1.0000000000000000
M 0.9740887880325317,-0.0000000098860236,-0.2261658459901810,-0.3438750505447388,0.0000000000000000,1.0000000000000000,-0.0000000437113883,-0.0000000201179446,0.2261658459901810,0.0000000425787725,0.9740887880325317,0.3765038251876831,0.0000000000000000,0.0000000000000000,0.0000000000000000,1.0000000000000000
M 0.9669977426528931,-0.0000000111370024,-0.2547848820686340,-0.3943085670471191,0.0000000000000000,1.0000000000000000,-0.0000000437113883,-0.0000000201179446,0.2547848820686340,0.0000000422688125,0.9669977426528931,0.4191430807113647,0.0000000000000000,0.0000000000000000,0.0000000000000000,1.0000000000000000
M 0.9588847756385803,-0.0000000124050992,-0.2837955951690674,-0.4471110701560974,0.0000000000000000,1.0000000000000000,-0.0000000437113883,-0.0000000201179446,0.2837955951690674,0.0000000419141841,0.9588847756385803,0.4611520469188690,0.0000000000000000,0.0000000000000000,0.0000000000000000,1.0000000000000000
M 0.9497683644294739,-0.0000000136796441,-0.3129537701606750,-0.5019285082817078,0.0000000000000000,1.0000000000000000,-0.0000000437113883,-0.0000000201179446,0.3129537701606750,0.0000000415157011,0.9497683644294739,0.5021114349365234,0.0000000000000000,0.0000000000000000,0.0000000000000000,1.0000000000000000
M 0.9396926164627075,-0.0000000149501744,-0.3420201241970062,-0.5583665966987610,0.0000000000000000,1.0000000000000000,-0.0000000437113883,-0.0000000201179446,0.3420201241970062,0.0000000410752676,0.9396926164627075,0.5416451692581177,0.0000000000000000,0.0000000000000000,0.0000000000000000,1.0000000000000000
M 0.9287276268005371,-0.0000000162065579,-0.3707627952098846,-0.6159940958023071,0.0000000000000000,1.0000000000000000,-0.0000000437113883,-0.0000000201179446,0.3707627952098846,0.0000000405959817,0.9287276268005371,0.5794243216514587,0.0000000000000000,0.0000000000000000,0.0000000000000000,1.0000000000000000
M 0.9169687032699585,-0.0000000174390600,-0.3989591896533966,-0.6743454933166504,0.0000000000000000,1.0000000000000000,-0.0000000437113883,-0.0000000201179446,0.3989591896533966,0.0000000400819822,0.9169687032699585,0.6151697635650635,0.0000000000000000,0.0000000000000000,0.0000000000000000,1.0000000000000000
M 0.9045358300209045,-0.0000000186384312,-0.4263976216316223,-0.7329254746437073,0.0000000000000000,1.0000000000000000,-0.0000000437113883,-0.0000000201179446,0.4263976216316223,0.0000000395385165,0.9045358300209045,0.6486549377441406,0.0000000000000000,0.0000000000000000,0.0000000000000000,1.0000000000000000
M 0.8915719389915466,-0.0000000197959746,-0.4528791010379791,-0.7912132740020752,0.0000000000000000,1.0000000000000000,-0.0000000437113883,-0.0000000201179446,0.4528791010379791,0.0000000389718480,0.8915719389915466,0.6797062158584595,0.0000000000000000,0.0000000000000000,0.0000000000000000,1.0000000000000000
M 0.8782410025596619,-0.0000000209035864,-0.4782183170318604,-0.8486679792404175,0.0000000000000000,1.0000000000000000,-0.0000000437113883,-0.0000000201179446,0.4782183170318604,0.0000000383891390,0.8782410025596619,0.7082023620605469,0.0000000000000000,0.0000000000000000,0.0000000000000000,1.0000000000000000
M 0.8647258877754211,-0.0000000219537881,-0.5022441148757935,-0.9047331809997559,0.0000000000000000,1.0000000000000000,-0.0000000437113883,-0.0000000201179446,0.5022441148757935,0.0000000377983689,0.8647258877754211,0.7340727448463440,0.0000000000000000,0.0000000000000000,0.0000000000000000,1.0000000000000000
M 0.8512254953384399,-0.0000000229397461,-0.5248001217842102,-0.9588424563407898,0.0000000000000000,1.0000000000000000,-0.0000000437113883,-0.0000000201179446,0.5248001217842102,0.0000000372082560,0.8512254953384399,0.7572947740554810,0.0000000000000000,0.0000000000000000,0.0000000000000000,1.0000000000000000
M 0.8379520773887634,-0.0000000238552200,-0.5457438230514526,-1.0104236602783203,0.0000000000000000,1.0000000000000000,-0.0000000437113883,-0.0000000201179446,0.5457438230514526,0.0000000366280482,0.8379520773887634,0.7778881192207336,0.0000000000000000,0.0000000000000000,0.0000000000000000,1.0000000000000000
M 0.8251278996467590,-0.0000000246945717,-0.5649459362030029,-1.0589036941528320,0.0000000000000000,1.0000000000000000,-0.0000000437113883,-0.0000000201179446,0.5649459362030029,0.0000000360674868,0.8251278996467590,0.7959100604057312,0.0000000000000000,0.0000000000000000,0.0000000000000000,1.0000000000000000
M 0.8129824995994568,-0.0000000254526231,-0.5822881460189819,-1.1037104129791260,0.0000000000000000,1.0000000000000000,-0.0000000437113883,-0.0000000201179446,0.5822881460189819,0.0000000355365941,0.8129824995994568,0.8114468455314636,0.0000000000000000,0.0000000000000000,0.0000000000000000,1.0000000000000000
M 0.8017482757568359,-0.0000000261246331,-0.5976618528366089,-1.1442797183990479,0.0000000000000000,1.0000000000000000,-0.0000000437113883,-0.0000000201179446,0.5976618528366089,0.0000000350455309,0.8017482757568359,0.8246065974235535,0.0000000000000000,0.0000000000000000,0.0000000000000000,1.0000000000000000
M 0.7916581034660339,-0.0000000267061004,-0.6109643578529358,-1.1800539493560791,0.0000000000000000,1.0000000000000000,-0.0000000437113883,-0.0000000201179446,0.6109643578529358,0.0000000346044757,0.7916581034660339,0.8355086445808411,0.0000000000000000,0.0000000000000000,0.0000000000000000,1.0000000000000000
M 0.7829409241676331,-0.0000000271926854,-0.6220960617065430,-1.2104868888854980,0.0000000000000000,1.0000000000000000,-0.0000000437113883,-0.0000000201179446,0.6220960617065430,0.0000000342234330,0.7829409241676331,0.8442723155021667,0.0000000000000000,0.0000000000000000,0.0000000000000000,1.0000000000000000
M 0.7758184671401978,-0.0000000275799739,-0.6309561729431152,-1.2350437641143799,0.0000000000000000,1.0000000000000000,-0.0000000437113883,-0.0000000201179446,0.6309561729431152,0.0000000339121016,0.7758184671401978,0.8510059714317322,0.0000000000000000,0.0000000000000000,0.0000000000000000,1.0000000000000000
M 0.7705014944076538,-0.0000000278633081,-0.6374381780624390,-1.2532021999359131,0.0000000000000000,1.0000000000000000,-0.0000000437113883,-0.0000000201179446,0.6374381780624390,0.0000000336796901,0.7705014944076538,0.8557928204536438,0.0000000000000000,0.0000000000000000,0.0000000000000000,1.0000000000000000
M 0.7671849727630615,-0.0000000280376167,-0.6414259076118469,-1.2644559144973755,0.0000000000000000,1.0000000000000000,-0.0000000437113883,-0.0000000201179446,0.6414259076118469,0.0000000335347217,0.7671849727630615,0.8586780428886414,0.0000000000000000,0.0000000000000000,0.0000000000000000,1.0000000000000000
M 0.7660444378852844,-0.0000000280971371,-0.6427875757217407,-1.2683131694793701,0.0000000000000000,1.0000000000000000,-0.0000000437113883,-0.0000000201179446,0.6427875757217407,0.0000000334848664,0.7660444378852844,0.8596526980400085,0.0000000000000000,0.0000000000000000,0.0000000000000000,1.0000000000000000
M 0.7660444378852844,-0.0000000280971371,-0.6427875757217407,-1.2683131694793701,0.0000000000000000,1.0000000000000000,-0.0000000437113883,-0.0000000201179446,0.6427875757217407,0.0000000334848664,0.7660444378852844,0.8596526980400085,0.0000000000000000,0.0000000000000000,0.0000000000000000,1.0000000000000000
M 0.7660444378852844,-0.0000000280971371,-0.6427875757217407,-1.2683131694793701,0.0000000000000000,1.0000000000000000,-0.0000000437113883,-0.0000000201179446,0.6427875757217407,0.0000000334848664,0.7660444378852844,0.8596526980400085,0.0000000000000000,0.0000000000000000,0.0000000000000000,1.0000000000000000
M 0.7660444378852844,-0.0000000280971371,-0.6427875757217407,-1.2683131694793701,0.0000000000000000,1.0000000000000000,-0.0000000437113883,-0.0000000201179446,0.6427875757217407,0.0000000334848664,0.7660444378852844,0.8596526980400085,0.0000000000000000,0.0000000000000000,0.0000000000000000,1.0000000000000000
M 0.7660444378852844,-0.0000000280971371,-0.6427875757217407,-1.2683131694793701,0.0000000000000000,1.0000000000000000,-0.0000000437113883,-0.0000000201179446,0.6427875757217407,0.0000000334848664,0.7660444378852844,0.8596526980400085,0.0000000000000000,0.0000000000000000,0.0000000000000000,1.0000000000000000
M 0.7660444378852844,-0.0000000280971371,-0.6427875757217407,-1.2683131694793701,0.0000000000000000,1.0000000000000000,-0.0000000437113883,-0.0000000201179446,0.6427875757217407,0.0000000334848664,0.7660444378852844,0.8596526980400085,0.0000000000000000,0.0000000000000000,0.0000000000000000,1.0000000000000000
M 0.7660444378852844,-0.0000000280971371,-0.6427875757217407,-1.2683131694793701,0.0000000000000000,1.0000000000000000,-0.0000000437113883,-0.0000000201179446,0.6427875757217407,0.0000000334848664,0.7660444378852844,0.8596526980400085,0.0000000000000000,0.0000000000000000,0.0000000000000000,1.0000000000000000
M 0.7660444378852844,-0.0000000280971371,-0.6427875757217407,-1.2683131694793701,0.0000000000000000,1.0000000000000000,-0.0000000437113883,-0.0000000201179446,0.6427875757217407,0.0000000334848664,0.7660444378852844,0.8596526980400085,0.0000000000000000,0.0000000000000000,0.0000000000000000,1.0000000000000000
M 0.7660444378852844,-0.0000000280971371,-0.6427875757217407,-1.2683131694793701,0.0000000000000000,1.0000000000000000,-0.0000000437113883,-0.0000000201179446,0.6427875757217407,0.0000000334848664,0.7660444378852844,0.8596526980400085,0.0000000000000000,0.0000000000000000,0.0000000000000000,1.0000000000000000
M 0.7660444378852844,-0.0000000280971371,-0.6427875757217407,-1.2683131694793701,0.0000000000000000,1.0000000000000000,-0.0000000437113883,-0.0000000201179446,0.6427875757217407,0.0000000334848664,0.7660444378852844,0.8596526980400085,0.0000000000000000,0.0000000000000000,0.0000000000000000,1.0000000000000000
M 0.7660444378852844,-0.0000000280971371,-0.6427875757217407,-1.2683131694793701,0.0000000000000000,1.0000000000000000,-0.0000000437113883,-0.0000000201179446,0.6427875757217407,0.0000000334848664,0.7660444378852844,0.8596526980400085,0.0000000000000000,0.0000000000000000,0.0000000000000000,1.0000000000000000
M 0.7660444378852844,-0.0000000280971371,-0.6427875757217407,-1.2683131694793701,0.0000000000000000,1.0000000000000000,-0.0000000437113883,-0.0000000201179446,0.6427875757217407,0.0000000334848664,0.7660444378852844,0.8596526980400085,0.0000000000000000,0.0000000000000000,0.0000000000000000,1.0000000000000000
M 0.7660444378852844,-0.0000000280971371,-0.6427875757217407,-1.2683131694793701,0.0000000000000000,1.0000000000000000,-0.0000000437113883,-0.0000000201179446,0.6427875757217407,0.0000000334848664,0.7660444378852844,0.8596526980400085,0.0000000000000000,0.0000000000000000,0.0000000000000000,1.0000000000000000
M 0.7660444378852844,-0.0000000280971371,-0.6427875757217407,-1.2683131694793701,0.0000000000000000,1.0000000000000000,-0.0000000437113883,-0.0000000201179446,0.6427875757217407,0.0000000334848664,0.7660444378852844,0.8596526980400085,0.0000000000000000,0.0000000000000000,0.0000000000000000,1.0000000000000000
M 0.7660444378852844,-0.0000000280971371,-0.6427875757217407,-1.2683131694793701,0.0000000000000000,1.0000000000000000,-0.0000000437113883,-0.0000000201179446,0.6427875757217407,0.0000000334848664,0.7660444378852844,0.8596526980400085,0.0000000000000000,0.0000000000000000,0.0000000000000000,1.0000000000000000
M 0.7660444378852844,-0.0000000280971371,-0.6427875757217407,-1.2683131694793701,0.0000000000000000,1.0000000000000000,-0.0000000437113883,-0.0000000201179446,0.6427875757217407,0.0000000334848664,0.7660444378852844,0.8596526980400085,0.0000000000000000,0.0000000000000000,0.0000000000000000,1.0000000000000000
M 0.7660444378852844,-0.0000000280971371,-0.6427875757217407,-1.2683131694793701,0.0000000000000000,1.0000000000000000,-0.0000000437113883,-0.0000000201179446,0.6427875757217407,0.0000000334848664,0.7660444378852844,0.8596526980400085,0.0000000000000000,0.0000000000000000,0.0000000000000000,1.0000000000000000
M 0.7660444378852844,-0.0000000280971371,-0.6427875757217407,-1.2683131694793701,0.0000000000000000,1.0000000000000000,-0.0000000437113883,-0.0000000201179446,0.6427875757217407,0.0000000334848664,0.7660444378852844,0.8596526980400085,0.0000000000000000,0.0000000000000000,0.0000000000000000,1.0000000000000000
M 0.7660444378852844,-0.0000000280971371,-0.6427875757217407,-1.2683131694793701,0.0000000000000000,1.0000000000000000,-0.0000000437113883,-0.0000000201179446,0.6427875757217407,0.0000000334848664,0.7660444378852844,0.8596526980400085,0.0000000000000000,0.0000000000000000,0.0000000000000000,1.0000000000000000
M 0.7660444378852844,-0.0000000280971371,-0.6427875757217407,-1.2683131694793701,0.0000000000000000,1.0000000000000000,-0.0000000437113883,-0.0000000201179446,0.6427875757217407,0.0000000334848664,0.7660444378852844,0.8596526980400085,0.0000000000000000,0.0000000000000000,0.0000000000000000,1.0000000000000000
M 0.7660444378852844,-0.0000000280971371,-0.6427875757217407,-1.2683131694793701,0.0000000000000000,1.0000000000000000,-0.0000000437113883,-0.0000000201179446,0.6427875757217407,0.0000000334848664,0.7660444378852844,0.8596526980400085,0.0000000000000000,0.0000000000000000,0.0000000000000000,1.0000000000000000
M 0.7660444378852844,-0.0000000280971371,-0.6427875757217407,-1.2683131694793701,0.0000000000000000,1.0000000000000000,-0.0000000437113883,-0.0000000201179446,0.6427875757217407,0.0000000334848664,0.7660444378852844,0.8596526980400085,0.0000000000000000,0.0000000000000000,0.0000000000000000,1.0000000000000000
M 0.7660444378852844,-0.0000000280971371,-0.6427875757217407,-1.2683131694793701,0.0000000000000000,1.0000000000000000,-0.0000000437113883,-0.0000000201179446,0.6427875757217407,0.0000000334848664,0.7660444378852844,0.8596526980400085,0.0000000000000000,0.0000000000000000,0.0000000000000000,1.0000000000000000
M 0.7660444378852844,-0.0000000280971371,-0.6427875757217407,-1.2683131694793701,0.0000000000000000,1.0000000000000000,-0.0000000437113883,-0.0000000201179446,0.6427875757217407,0.0000000334848664,0.7660444378852844,0.8596526980400085,0.0000000000000000,0.0000000000000000,0.0000000000000000,1.0000000000000000
M 0.7660444378852844,-0.0000000280971371,-0.6427875757217407,-1.2683131694793701,0.0000000000000000,1.0000000000000000,-0.0000000437113883,-0.0000000201179446,0.6427875757217407,0.0000000334848664,0.7660444378852844,0.8596526980400085,0.0000000000000000,0.0000000000000000,0.0000000000000000,1.0000000000000000
M 0.7660444378852844,-0.0000000280971371,-0.6427875757217407,-1.2683131694793701,0.0000000000000000,1.0000000000000000,-0.0000000437113883,-0.0000000201179446,0.6427875757217407,0.0000000334848664,0.7660444378852844,0.8596526980400085,0.0000000000000000,0.0000000000000000,0.0000000000000000,1.0000000000000000
M 0.7660444378852844,-0.0000000280971371,-0.6427875757217407,-1.2683131694793701,0.0000000000000000,1.0000000000000000,-0.0000000437113883,-0.0000000201179446,0.6427875757217407,0.0000000334848664,0.7660444378852844,0.8596526980400085,0.0000000000000000,0.0000000000000000,0.0000000000000000,1.0000000000000000
M 0.7660444378852844,-0.0000000280971371,-0.6427875757217407,-1.2683131694793701,0.0000000000000000,1.0000000000000000,-0.0000000437113883,-0.0000000201179446,0.6427875757217407,0.0000000334848664,0.7660444378852844,0.8596526980400085,0.0000000000000000,0.0000000000000000,0.0000000000000000,1.0000000000000000
M 0.7660444378852844,-0.0000000280971371,-0.6427875757217407,-1.2683131694793701,0.0000000000000000,1.0000000000000000,-0.0000000437113883,-0.0000000201179446,0.6427875757217407,0.0000000334848664,0.7660444378852844,0.8596526980400085,0.0000000000000000,0.0000000000000000,0.0000000000000000,1.0000000000000000
M 0.7660444378852844,-0.0000000280971371,-0.6427875757217407,-1.2683131694793701,0.0000000000000000,1.0000000000000000,-0.0000000437113883,-0.0000000201179446,0.6427875757217407,0.0000000334848664,0.7660444378852844,0.8596526980400085,0.0000000000000000,0.0000000000000000,0.0000000000000000,1.0000000000000000
M 0.7660444378852844,-0.0000000280971371,-0.6427875757217407,-1.2683131694793701,0.0000000000000000,1.0000000000000000,-0.0000000437113883,-0.0000000201179446,0.6427875757217407,0.0000000334848664,0.7660444378852844,0.8596526980400085,0.0000000000000000,0.0000000000000000,0.0000000000000000,1.0000000000000000
M 0.7660444378852844,-0.0000000280971371,-0.6427875757217407,-1.2683131694793701,0.0000000000000000,1.0000000000000000,-0.0000000437113883,-0.0000000201179446,0.6427875757217407,0.0000000334848664,0.7660444378852844,0.8596526980400085,0.0000000000000000,0.0000000000000000,0.0000000000000000,1.0000000000000000
M 0.7660444378852844,-0.0000000280971371,-0.6427875757217407,-1.2683131694793701,0.0000000000000000,1.0000000000000000,-0.0000000437113883,-0.0000000201179446,0.6427875757217407,0.0000000334848664,0.7660444378852844,0.8596526980400085,0.0000000000000000,0.0000000000000000,0.0000000000000000,1.0000000000000000
M 0.7660444378852844,-0.0000000280971371,-0.6427875757217407,-1.2683131694793701,0.0000000000000000,1.0000000000000000,-0.0000000437113883,-0.0000000201179446,0.6427875757217407,0.0000000334848664,0.7660444378852844,0.8596526980400085,0.0000000000000000,0.0000000000000000,0.0000000000000000,1.0000000000000000
M 0.7660444378852844,-0.0000000280971371,-0.6427875757217407,-1.2683131694793701,0.0000000000000000,1.0000000000000000,-0.0000000437113883,-0.0000000201179446,0.6427875757217407,0.0000000334848664,0.7660444378852844,0.8596526980400085,0.0000000000000000,0.0000000000000000,0.0000000000000000,1.0000000000000000
M 0.7660444378852844,-0.0000000280971371,-0.6427875757217407,-1.2683131694793701,0.0000000000000000,1.0000000000000000,-0.0000000437113883,-0.0000000201179446,0.6427875757217407,0.0000000334848664,0.7660444378852844,0.8596526980400085,0.0000000000000000,0.0000000000000000,0.0000000000000000,1.0000000000000000
M 0.7660444378852844,-0.0000000280971371,-0.6427875757217407,-1.2683131694793701,0.0000000000000000,1.0000000000000000,-0.0000000437113883,-0.0000000201179446,0.6427875757217407,0.0000000334848664,0.7660444378852844,0.8596526980400085,0.0000000000000000,0.0000000000000000,0.0000000000000000,1.0000000000000000
M 0.7660444378852844,-0.0000000280971371,-0.6427875757217407,-1.2683131694793701,0.0000000000000000,1.0000000000000000,-0.0000000437113883,-0.0000000201179446,0.6427875757217407,0.0000000334848664,0.7660444378852844,0.8596526980400085,0.0000000000000000,0.0000000000000000,0.0000000000000000,1.0000000000000000
M 0.7660444378852844,-0.0000000280971371,-0.6427875757217407,-1.2683131694793701,0.0000000000000000,1.0000000000000000,-0.0000000437113883,-0.0000000201179446,0.6427875757217407,0.0000000334848664,0.7660444378852844,0.8596526980400085,0.0000000000000000,0.0000000000000000,0.0000000000000000,1.0000000000000000
M 0.7660444378852844,-0.0000000280971371,-0.6427875757217407,-1.2683131694793701,0.0000000000000000,1.0000000000000000,-0.0000000437113883,-0.0000000201179446,0.6427875757217407,0.0000000334848664,0.7660444378852844,0.8596526980400085,0.0000000000000000,0.0000000000000000,0.0000000000000000,1.0000000000000000
M 0.7660444378852844,-0.0000000280971371,-0.6427875757217407,-1.2683131694793701,0.0000000000000000,1.0000000000000000,-0.0000000437113883,-0.0000000201179446,0.6427875757217407,0.0000000334848664,0.7660444378852844,0.8596526980400085,0.0000000000000000,0.0000000000000000,0.0000000000000000,1.0000000000000000
M 0.7660444378852844,-0.0000000280971371,-0.6427875757217407,-1.2683131694793701,0.0000000000000000,1.0000000000000000,-0.0000000437113883,-0.0000000201179446,0.6427875757217407,0.0000000334848664,0.7660444378852844,0.8596526980400085,0.0000000000000000,0.0000000000000000,0.0000000000000000,1.0000000000000000
M 0.7660444378852844,-0.0000000280971371,-0.6427875757217407,-1.2683131694793701,0.0000000000000000,1.0000000000000000,-0.0000000437113883,-0.0000000201179446,0.6427875757217407,0.0000000334848664,0.7660444378852844,0.8596526980400085,0.0000000000000000,0.0000000000000000,0.0000000000000000,1.0000000000000000
M 0.7660444378852844,-0.0000000280971371,-0.6427875757217407,-1.2683131694793701,0.0000000000000000,1.0000000000000000,-0.0000000437113883,-0.0000000201179446,0.6427875757217407,0.0000000334848664,0.7660444378852844,0.8596526980400085,0.0000000000000000,0.0000000000000000,0.0000000000000000,1.0000000000000000
M 0.7660444378852844,-0.0000000280971371,-0.6427875757217407,-1.2683131694793701,0.0000000000000000,1.0000000000000000,-0.0000000437113883,-0.0000000201179446,0.6427875757217407,0.0000000334848664,0.7660444378852844,0.8596526980400085,0.0000000000000000,0.0000000000000000,0.0000000000000000,1.0000000000000000
M 0.7660444378852844,-0.0000000280971371,-0.6427875757217407,-1.2683131694793701,0.0000000000000000,1.0000000000000000,-0.0000000437113883,-0.0000000201179446,0.6427875757217407,0.0000000334848664,0.7660444378852844,0.8596526980400085,0.0000000000000000,0.0000000000000000,0.0000000000000000,1.0000000000000000
M 0.7660444378852844,-0.0000000280971371,-0.6427875757217407,-1.2683131694793701,0.0000000000000000,1.0000000000000000,-0.0000000437113883,-0.0000000201179446,0.6427875757217407,0.0000000334848664,0.7660444378852844,0.8596526980400085,0.0000000000000000,0.0000000000000000,0.0000000000000000,1.0000000000000000
M 0.7660444378852844,-0.0000000280971371,-0.6427875757217407,-1.2683131694793701,0.0000000000000000,1.0000000000000000,-0.0000000437113883,-0.0000000201179446,0.6427875757217407,0.0000000334848664,0.7660444378852844,0.8596526980400085,0.0000000000000000,0.0000000000000000,0.0000000000000000,1.0000000000000000
M 0.7660444378852844,-0.0000000280971371,-0.6427875757217407,-1.2683131694793701,0.0000000000000000,1.0000000000000000,-0.0000000437113883,-0.0000000201179446,0.6427875757217407,0.0000000334848664,0.7660444378852844,0.8596526980400085,0.0000000000000000,0.0000000000000000,0.0000000000000000,1.0000000000000000
M 0.7660444378852844,-0.0000000280971371,-0.6427875757217407,-1.2683131694793701,0.0000000000000000,1.0000000000000000,-0.0000000437113883,-0.0000000201179446,0.6427875757217407,0.0000000334848664,0.7660444378852844,0.8596526980400085,0.0000000000000000,0.0000000000000000,0.0000000000000000,1.0000000000000000
M 0.7660444378852844,-0.0000000280971371,-0.6427875757217407,-1.2683131694793701,0.0000000000000000,1.0000000000000000,-0.0000000437113883,-0.0000000201179446,0.6427875757217407,0.0000000334848664,0.7660444378852844,0.8596526980400085,0.0000000000000000,0.0000000000000000,0.0000000000000000,1.0000000000000000
M 0.7660444378852844,-0.0000000280971371,-0.6427875757217407,-1.2683131694793701,0.0000000000000000,1.0000000000000000,-0.0000000437113883,-0.0000000201179446,0.6427875757217407,0.0000000334848664,0.7660444378852844,0.8596526980400085,0.0000000000000000,0.0000000000000000,0.0000000000000000,1.0000000000000000
M 0.7660444378852844,-0.0000000280971371,-0.6427875757217407,-1.2683131694793701,0.0000000000000000,1.0000000000000000,-0.0000000437113883,-0.0000000201179446,0.6427875757217407,0.0000000334848664,0.7660444378852844,0.8596526980400085,0.0000000000000000,0.0000000000000000,0.0000000000000000,1.0000000000000000
M 0.7660444378852844,-0.0000000280971371,-0.6427875757217407,-1.2683131694793701,0.0000000000000000,1.0000000000000000,-0.0000000437113883,-0.0000000201179446,0.6427875757217407,0.0000000334848664,0.7660444378852844,0.8596526980400085,0.0000000000000000,0.0000000000000000,0.0000000000000000,1.0000000000000000
M 0.7660444378852844,-0.0000000280971371,-0.6427875757217407,-1.2683131694793701,0.0000000000000000,1.0000000000000000,-0.0000000437113883,-0.0000000201179446,0.6427875757217407,0.0000000334848664,0.7660444378852844,0.8596526980400085,0.0000000000000000,0.0000000000000000,0.0000000000000000,1.0000000000000000
M 0.7660444378852844,-0.0000000280971371,-0.6427875757217407,-1.2683131694793701,0.0000000000000000,1.0000000000000000,-0.0000000437113883,-0.0000000201179446,0.6427875757217407,0.0000000334848664,0.7660444378852844,0.8596526980400085,0.0000000000000000,0.0000000000000000,0.0000000000000000,1.0000000000000000
M 0.7660444378852844,-0.0000000280971371,-0.6427875757217407,-1.2683131694793701,0.0000000000000000,1.0000000000000000,-0.0000000437113883,-0.0000000201179446,0.6427875757217407,0.0000000334848664,0.7660444378852844,0.8596526980400085,0.0000000000000000,0.0000000000000000,0.0000000000000000,1.0000000000000000
M 0.7660444378852844,-0.0000000280971371,-0.6427875757217407,-1.2683131694793701,0.0000000000000000,1.0000000000000000,-0.0000000437113883,-0.0000000201179446,0.6427875757217407,0.0000000334848664,0.7660444378852844,0.8596526980400085,0.0000000000000000,0.0000000000000000,0.0000000000000000,1.0000000000000000
M 0.7660444378852844,-0.0000000280971371,-0.6427875757217407,-1.2683131694793701,0.0000000000000000,1.0000000000000000,-0.0000000437113883,-0.0000000201179446,0.6427875757217407,0.0000000334848664,0.7660444378852844,0.8596526980400085,0.0000000000000000,0.0000000000000000,0.0000000000000000,1.0000000000000000
M 0.7660444378852844,-0.0000000280971371,-0.6427875757217407,-1.2683131694793701,0.0000000000000000,1.0000000000000000,-0.0000000437113883,-0.0000000201179446,0.6427875757217407,0.0000000334848664,0.7660444378852844,0.8596526980400085,0.0000000000000000,0.0000000000000000,0.0000000000000000,1.0000000000000000
M 0.7660444378852844,-0.0000000280971371,-0.6427875757217407,-1.2683131694793701,0.0000000000000000,1.0000000000000000,-0.0000000437113883,-0.0000000201179446,0.6427875757217407,0.0000000334848664,0.7660444378852844,0.8596526980400085,0.0000000000000000,0.0000000000000000,0.0000000000000000,1.0000000000000000
M 0.7660444378852844,-0.0000000280971371,-0.6427875757217407,-1.2683131694793701,0.0000000000000000,1.0000000000000000,-0.0000000437113883,-0.0000000201179446,0.6427875757217407,0.0000000334848664,0.7660444378852844,0.8596526980400085,0.0000000000000000,0.0000000000000000,0.0000000000000000,1.0000000000000000
M 0.7660444378852844,-0.0000000280971371,-0.6427875757217407,-1.2683131694793701,0.0000000000000000,1.0000000000000000,-0.0000000437113883,-0.0000000201179446,0.6427875757217407,0.0000000334848664,0.7660444378852844,0.8596526980400085,0.0000000000000000,0.0000000000000000,0.0000000000000000,1.0000000000000000
M 0.7660444378852844,-0.0000000280971371,-0.6427875757217407,-1.2683131694793701,0.0000000000000000,1.0000000000000000,-0.0000000437113883,-0.0000000201179446,0.6427875757217407,0.0000000334848664,0.7660444378852844,0.8596526980400085,0.0000000000000000,0.0000000000000000,0.0000000000000000,1.0000000000000000
M 0.7660444378852844,-0.0000000280971371,-0.6427875757217407,-1.2683131694793701,0.0000000000000000,1.0000000000000000,-0.0000000437113883,-0.0000000201179446,0.6427875757217407,0.0000000334848664,0.7660444378852844,0.8596526980400085,0.0000000000000000,0.0000000000000000,0.0000000000000000,1.0000000000000000
M 0.7660444378852844,-0.0000000280971371,-0.6427875757217407,-1.2683131694793701,0.0000000000000000,1.0000000000000000,-0.0000000437113883,-0.0000000201179446,0.6427875757217407,0.0000000334848664,0.7660444378852844,0.8596526980400085,0.0000000000000000,0.0000000000000000,0.0000000000000000,1.0000000000000000
M 0.7660444378852844,-0.0000000280971371,-0.6427875757217407,-1.2683131694793701,0.0000000000000000,1.0000000000000000,-0.0000000437113883,-0.0000000201179446,0.6427875757217407,0.0000000334848664,0.7660444378852844,0.8596526980400085,0.0000000000000000,0.0000000000000000,0.0000000000000000,1.0000000000000000
M 0.7660444378852844,-0.0000000280971371,-0.6427875757217407,-1.2683131694793701,0.0000000000000000,1.0000000000000000,-0.0000000437113883,-0.0000000201179446,0.6427875757217407,0.0000000334848664,0.7660444378852844,0.8596526980400085,0.0000000000000000,0.0000000000000000,0.0000000000000000,1.0000000000000000
M 0.7660444378852844,-0.0000000280971371,-0.6427875757217407,-1.2683131694793701,0.0000000000000000,1.0000000000000000,-0.0000000437113883,-0.0000000201179446,0.6427875757217407,0.0000000334848664,0.7660444378852844,0.8596526980400085,0.0000000000000000,0.0000000000000000,0.0000000000000000,1.0000000000000000
M 0.7660444378852844,-0.0000000280971371,-0.6427875757217407,-1.2683131694793701,0.0000000000000000,1.0000000000000000,-0.0000000437113883,-0.0000000201179446,0.6427875757217407,0.0000000334848664,0.7660444378852844,0.8596526980400085,0.0000000000000000,0.0000000000000000,0.0000000000000000,1.0000000000000000
M 0.7660444378852844,-0.0000000280971371,-0.6427875757217407,-1.2683131694793701,0.0000000000000000,1.0000000000000000,-0.0000000437113883,-0.0000000201179446,0.6427875757217407,0.0000000334848664,0.7660444378852844,0.8596526980400085,0.0000000000000000,0.0000000000000000,0.0000000000000000,1.0000000000000000
M 0.7660444378852844,-0.0000000280971371,-0.6427875757217407,-1.2683131694793701,0.0000000000000000,1.0000000000000000,-0.0000000437113883,-0.0000000201179446,0.6427875757217407,0.0000000334848664,0.7660444378852844,0.8596526980400085,0.0000000000000000,0.0000000000000000,0.0000000000000000,1.0000000000000000
M 0.7660444378852844,-0.0000000280971371,-0.6427875757217407,-1.2683131694793701,0.0000000000000000,1.0000000000000000,-0.0000000437113883,-0.0000000201179446,0.6427875757217407,0.0000000334848664,0.7660444378852844,0.8596526980400085,0.0000000000000000,0.0000000000000000,0.0000000000000000,1.0000000000000000
M 0.7660444378852844,-0.0000000280971371,-0.6427875757217407,-1.2683131694793701,0.0000000000000000,1.0000000000000000,-0.0000000437113883,-0.0000000201179446,0.6427875757217407,0.0000000334848664,0.7660444378852844,0.8596526980400085,0.0000000000000000,0.0000000000000000,0.0000000000000000,1.0000000000000000
M 0.7660444378852844,-0.0000000280971371,-0.6427875757217407,-1.2683131694793701,0.0000000000000000,1.0000000000000000,-0.0000000437113883,-0.0000000201179446,0.6427875757217407,0.0000000334848664,0.7660444378852844,0.8596526980400085,0.0000000000000000,0.0000000000000000,0.0000000000000000,1.0000000000000000
M 0.7660444378852844,-0.0000000280971371,-0.6427875757217407,-1.2683131694793701,0.0000000000000000,1.0000000000000000,-0.0000000437113883,-0.0000000201179446,0.6427875757217407,0.0000000334848664,0.7660444378852844,0.8596526980400085,0.0000000000000000,0.0000000000000000,0.0000000000000000,1.0000000000000000
M 0.7660444378852844,-0.0000000280971371,-0.6427875757217407,-1.2683131694793701,0.0000000000000000,1.0000000000000000,-0.0000000437113883,-0.0000000201179446,0.6427875757217407,0.0000000334848664,0.7660444378852844,0.8596526980400085,0.0000000000000000,0.0000000000000000,0.0000000000000000,1.0000000000000000
M 0.7660444378852844,-0.0000000280971371,-0.6427875757217407,-1.2683131694793701,0.0000000000000000,1.0000000000000000,-0.0000000437113883,-0.0000000201179446,0.6427875757217407,0.0000000334848664,0.7660444378852844,0.8596526980400085,0.0000000000000000,0.0000000000000000,0.0000000000000000,1.0000000000000000
M 0.7660444378852844,-0.0000000280971371,-0.6427875757217407,-1.2683131694793701,0.0000000000000000,1.0000000000000000,-0.0000000437113883,-0.0000000201179446,0.6427875757217407,0.0000000334848664,0.7660444378852844,0.8596526980400085,0.0000000000000000,0.0000000000000000,0.0000000000000000,1.0000000000000000
M 0.7660444378852844,-0.0000000280971371,-0.6427875757217407,-1.2683131694793701,0.0000000000000000,1.0000000000000000,-0.0000000437113883,-0.0000000201179446,0.6427875757217407,0.0000000334848664,0.7660444378852844,0.8596526980400085,0.0000000000000000,0.0000000000000000,0.0000000000000000,1.0000000000000000
M 0.7660444378852844,-0.0000000280971371,-0.6427875757217407,-1.2683131694793701,0.0000000000000000,1.0000000000000000,-0.0000000437113883,-0.0000000201179446,0.6427875757217407,0.0000000334848664,0.7660444378852844,0.8596526980400085,0.0000000000000000,0.0000000000000000,0.0000000000000000,1.0000000000000000
M 0.7660444378852844,-0.0000000280971371,-0.6427875757217407,-1.2683131694793701,0.0000000000000000,1.0000000000000000,-0.0000000437113883,-0.0000000201179446,0.6427875757217407,0.0000000334848664,0.7660444378852844,0.8596526980400085,0.0000000000000000,0.0000000000000000,0.0000000000000000,1.0000000000000000
M 0.7660444378852844,-0.0000000280971371,-0.6427875757217407,-1.2683131694793701,0.0000000000000000,1.0000000000000000,-0.0000000437113883,-0.0000000201179446,0.6427875757217407,0.0000000334848664,0.7660444378852844,0.8596526980400085,0.0000000000000000,0.0000000000000000,0.0000000000000000,1.0000000000000000
M 0.7660444378852844,-0.0000000280971371,-0.6427875757217407,-1.2683131694793701,0.0000000000000000,1.0000000000000000,-0.0000000437113883,-0.0000000201179446,0.6427875757217407,0.0000000334848664,0.7660444378852844,0.8596526980400085,0.0000000000000000,0.0000000000000000,0.0000000000000000,1.0000000000000000
M 0.7660444378852844,-0.0000000280971371,-0.6427875757217407,-1.2683131694793701,0.0000000000000000,1.0000000000000000,-0.0000000437113883,-0.0000000201179446,0.6427875757217407,0.0000000334848664,0.7660444378852844,0.8596526980400085,0.0000000000000000,0.0000000000000000,0.0000000000000000,1.0000000000000000
M 0.7660444378852844,-0.0000000280971371,-0.6427875757217407,-1.2683131694793701,0.0000000000000000,1.0000000000000000,-0.0000000437113883,-0.0000000201179446,0.6427875757217407,0.0000000334848664,0.7660444378852844,0.8596526980400085,0.0000000000000000,0.0000000000000000,0.0000000000000000,1.0000000000000000
M 0.7660444378852844,-0.0000000280971371,-0.6427875757217407,-1.2683131694793701,0.0000000000000000,1.0000000000000000,-0.0000000437113883,-0.0000000201179446,0.6427875757217407,0.0000000334848664,0.7660444378852844,0.8596526980400085,0.0000000000000000,0.0000000000000000,0.0000000000000000,1.0000000000000000
M 0.7660444378852844,-0.0000000280971371,-0.6427875757217407,-1.2683131694793701,0.0000000000000000,1.0000000000000000,-0.0000000437113883,-0.0000000201179446,0.6427875757217407,0.0000000334848664,0.7660444378852844,0.8596526980400085,0.0000000000000000,0.0000000000000000,0.0000000000000000,1.0000000000000000
M 0.7660444378852844,-0.0000000280971371,-0.6427875757217407,-1.2683131694793701,0.0000000000000000,1.0000000000000000,-0.0000000437113883,-0.0000000201179446,0.6427875757217407,0.0000000334848664,0.7660444378852844,0.8596526980400085,0.0000000000000000,0.0000000000000000,0.0000000000000000,1.0000000000000000
M 0.7660444378852844,-0.0000000280971371,-0.6427875757217407,-1.2683131694793701,0.0000000000000000,1.0000000000000000,-0.0000000437113883,-0.0000000201179446,0.6427875757217407,0.0000000334848664,0.7660444378852844,0.8596526980400085,0.0000000000000000,0.0000000000000000,0.0000000000000000,1.0000000000000000
M 0.7660444378852844,-0.0000000280971371,-0.6427875757217407,-1.2683131694793701,0.0000000000000000,1.0000000000000000,-0.0000000437113883,-0.0000000201179446,0.6427875757217407,0.0000000334848664,0.7660444378852844,0.8596526980400085,0.0000000000000000,0.0000000000000000,0.0000000000000000,1.0000000000000000
M 0.7660444378852844,-0.0000000280971371,-0.6427875757217407,-1.2683131694793701,0.0000000000000000,1.0000000000000000,-0.0000000437113883,-0.0000000201179446,0.6427875757217407,0.0000000334848664,0.7660444378852844,0.8596526980400085,0.0000000000000000,0.0000000000000000,0.0000000000000000,1.0000000000000000
M 0.7660444378852844,-0.0000000280971371,-0.6427875757217407,-1.2683131694793701,0.0000000000000000,1.0000000000000000,-0.0000000437113883,-0.0000000201179446,0.6427875757217407,0.0000000334848664,0.7660444378852844,0.8596526980400085,0.0000000000000000,0.0000000000000000,0.0000000000000000,1.0000000000000000
M 0.7660444378852844,-0.0000000280971371,-0.6427875757217407,-1.2683131694793701,0.0000000000000000,1.0000000000000000,-0.0000000437113883,-0.0000000201179446,0.6427875757217407,0.0000000334848664,0.7660444378852844,0.8596526980400085,0.0000000000000000,0.0000000000000000,0.0000000000000000,1.0000000000000000
