O DOOR_11_Arm_INTERIOR_LCG_il_LINVERT
A DOOR_11_Arm_INTERIOR_LCG_il_LINVERT_DOOR_11_Arm_INTERIOR_LCG_il_LINVERT
M 1.0000000000000000,0.0000000000000000,0.0000000000000000,0.0000000000000000,0.0000000000000000,1.0000000000000000,-0.0000000437113883,0.0000000201190176,-0.0000000000000000,0.0000000437113883,1.0000000000000000,-0.0000000335719008,0.0000000000000000,0.0000000000000000,0.0000000000000000,1.0000000000000000
M 0.9999984502792358,-0.0000000000776417,-0.0017762349452823,0.0023341521155089,0.0000000000000000,1.0000000000000000,-0.0000000437113883,0.0000000201190176,0.0017762349452823,0.0000000437113279,0.9999984502792358,-0.0032246138434857,0.0000000000000000,0.0000000000000000,0.0000000000000000,1.0000000000000000
M 0.9999757409095764,-0.0000000003043532,-0.0069627882912755,0.0091826999559999,0.0000000000000000,1.0000000000000000,-0.0000000437113883,0.0000000201190176,0.0069627882912755,0.0000000437103296,0.9999757409095764,-0.0126164080575109,0.0000000000000000,0.0000000000000000,0.0000000000000000,1.0000000000000000
M 0.9998822212219238,-0.0000000006707983,-0.0153460754081607,0.0203555561602116,0.0000000000000000,1.0000000000000000,-0.0000000437113883,0.0000000201190176,0.0153460754081607,0.0000000437062404,0.9998822212219238,-0.0277222227305174,0.0000000000000000,0.0000000000000000,0.0000000000000000,1.0000000000000000
M 0.9996432065963745,-0.0000000011675928,-0.0267114099115133,0.0357066094875336,0.0000000000000000,1.0000000000000000,-0.0000000437113883,0.0000000201190176,0.0267114099115133,0.0000000436957990,0.9996432065963745,-0.0480541996657848,0.0000000000000000,0.0000000000000000,0.0000000000000000,1.0000000000000000
M 0.9991655945777893,-0.0000000017852629,-0.0408420562744141,0.0551205500960350,0.0000000000000000,1.0000000000000000,-0.0000000437113883,0.0000000201190176,0.0408420562744141,0.0000000436749161,0.9991655945777893,-0.0730962082743645,0.0000000000000000,0.0000000000000000,0.0000000000000000,1.0000000000000000
M 0.9983444809913635,-0.0000000025142037,-0.0575182661414146,0.0784994587302208,0.0000000000000000,1.0000000000000000,-0.0000000437113883,0.0000000201190176,0.0575182661414146,0.0000000436390231,0.9983444809913635,-0.1023116037249565,0.0000000000000000,0.0000000000000000,0.0000000000000000,1.0000000000000000
M 0.9970683455467224,-0.0000000033446386,-0.0765164121985435,0.1057524904608727,0.0000000000000000,1.0000000000000000,-0.0000000437113883,0.0000000201190176,0.0765164121985435,0.0000000435832419,0.9970683455467224,-0.1351476609706879,0.0000000000000000,0.0000000000000000,0.0000000000000000,1.0000000000000000
M 0.9952248930931091,-0.0000000042665969,-0.0976083502173424,0.1367841511964798,0.0000000000000000,1.0000000000000000,-0.0000000437113883,0.0000000201190176,0.0976083502173424,0.0000000435026628,0.9952248930931091,-0.1710424721240997,0.0000000000000000,0.0000000000000000,0.0000000000000000,1.0000000000000000
M 0.9927059412002563,-0.0000000052698921,-0.1205610781908035,0.1714852452278137,0.0000000000000000,1.0000000000000000,-0.0000000437113883,0.0000000201190176,0.1205610781908035,0.0000000433925607,0.9927059412002563,-0.2094310522079468,0.0000000000000000,0.0000000000000000,0.0000000000000000,1.0000000000000000
M 0.9894115924835205,-0.0000000063441359,-0.1451368927955627,0.2097250670194626,0.0000000000000000,1.0000000000000000,-0.0000000437113883,0.0000000201190176,0.1451368927955627,0.0000000432485550,0.9894115924835205,-0.2497502267360687,0.0000000000000000,0.0000000000000000,0.0000000000000000,1.0000000000000000
M 0.9852547645568848,-0.0000000074787430,-0.1710936874151230,0.2513442039489746,0.0000000000000000,1.0000000000000000,-0.0000000437113883,0.0000000201190176,0.1710936874151230,0.0000000430668550,0.9852547645568848,-0.2914460003376007,0.0000000000000000,0.0000000000000000,0.0000000000000000,1.0000000000000000
M 0.9801644682884216,-0.0000000086629806,-0.1981858909130096,0.2961491346359253,0.0000000000000000,1.0000000000000000,-0.0000000437113883,0.0000000201190176,0.1981858909130096,0.0000000428443556,0.9801644682884216,-0.3339791893959045,0.0000000000000000,0.0000000000000000,0.0000000000000000,1.0000000000000000
M 0.9740887880325317,-0.0000000098860236,-0.2261658459901810,0.3439093232154846,0.0000000000000000,1.0000000000000000,-0.0000000437113883,0.0000000201190176,0.2261658459901810,0.0000000425787725,0.9740887880325317,-0.3768317103385925,0.0000000000000000,0.0000000000000000,0.0000000000000000,1.0000000000000000
M 0.9669977426528931,-0.0000000111370024,-0.2547848820686340,0.3943527042865753,0.0000000000000000,1.0000000000000000,-0.0000000437113883,0.0000000201190176,0.2547848820686340,0.0000000422688125,0.9669977426528931,-0.4195125102996826,0.0000000000000000,0.0000000000000000,0.0000000000000000,1.0000000000000000
M 0.9588847756385803,-0.0000000124050992,-0.2837955951690674,0.4471665918827057,0.0000000000000000,1.0000000000000000,-0.0000000437113883,0.0000000201190176,0.2837955951690674,0.0000000419141841,0.9588847756385803,-0.4615636169910431,0.0000000000000000,0.0000000000000000,0.0000000000000000,1.0000000000000000
M 0.9497683644294739,-0.0000000136796441,-0.3129537701606750,0.5019967555999756,0.0000000000000000,1.0000000000000000,-0.0000000437113883,0.0000000201190176,0.3129537701606750,0.0000000415157011,0.9497683644294739,-0.5025654435157776,0.0000000000000000,0.0000000000000000,0.0000000000000000,1.0000000000000000
M 0.9396926164627075,-0.0000000149501744,-0.3420201241970062,0.5584490895271301,0.0000000000000000,1.0000000000000000,-0.0000000437113883,0.0000000201190176,0.3420201241970062,0.0000000410752676,0.9396926164627075,-0.5421414375305176,0.0000000000000000,0.0000000000000000,0.0000000000000000,1.0000000000000000
M 0.9287276268005371,-0.0000000162065579,-0.3707627952098846,0.6160918474197388,0.0000000000000000,1.0000000000000000,-0.0000000437113883,0.0000000201190176,0.3707627952098846,0.0000000405959817,0.9287276268005371,-0.5799621939659119,0.0000000000000000,0.0000000000000000,0.0000000000000000,1.0000000000000000
M 0.9169687032699585,-0.0000000174390600,-0.3989591896533966,0.6744599938392639,0.0000000000000000,1.0000000000000000,-0.0000000437113883,0.0000000201190176,0.3989591896533966,0.0000000400819822,0.9169687032699585,-0.6157487630844116,0.0000000000000000,0.0000000000000000,0.0000000000000000,1.0000000000000000
M 0.9045358300209045,-0.0000000186384312,-0.4263976216316223,0.7330574393272400,0.0000000000000000,1.0000000000000000,-0.0000000437113883,0.0000000201190176,0.4263976216316223,0.0000000395385165,0.9045358300209045,-0.6492738723754883,0.0000000000000000,0.0000000000000000,0.0000000000000000,1.0000000000000000
M 0.8915719389915466,-0.0000000197959746,-0.4528791010379791,0.7913637161254883,0.0000000000000000,1.0000000000000000,-0.0000000437113883,0.0000000201190176,0.4528791010379791,0.0000000389718480,0.8915719389915466,-0.6803635954856873,0.0000000000000000,0.0000000000000000,0.0000000000000000,1.0000000000000000
M 0.8782410025596619,-0.0000000209035864,-0.4782183170318604,0.8488373756408691,0.0000000000000000,1.0000000000000000,-0.0000000437113883,0.0000000201190176,0.4782183170318604,0.0000000383891390,0.8782410025596619,-0.7088965773582458,0.0000000000000000,0.0000000000000000,0.0000000000000000,1.0000000000000000
M 0.8647258877754211,-0.0000000219537881,-0.5022441148757935,0.9049217700958252,0.0000000000000000,1.0000000000000000,-0.0000000437113883,0.0000000201190176,0.5022441148757935,0.0000000377983689,0.8647258877754211,-0.7348020076751709,0.0000000000000000,0.0000000000000000,0.0000000000000000,1.0000000000000000
M 0.8512254953384399,-0.0000000229397461,-0.5248001217842102,0.9590502977371216,0.0000000000000000,1.0000000000000000,-0.0000000437113883,0.0000000201190176,0.5248001217842102,0.0000000372082560,0.8512254953384399,-0.7580568194389343,0.0000000000000000,0.0000000000000000,0.0000000000000000,1.0000000000000000
M 0.8379520773887634,-0.0000000238552200,-0.5457438230514526,1.0106505155563354,0.0000000000000000,1.0000000000000000,-0.0000000437113883,0.0000000201190176,0.5457438230514526,0.0000000366280482,0.8379520773887634,-0.7786808013916016,0.0000000000000000,0.0000000000000000,0.0000000000000000,1.0000000000000000
M 0.8251278996467590,-0.0000000246945717,-0.5649459362030029,1.0591487884521484,0.0000000000000000,1.0000000000000000,-0.0000000437113883,0.0000000201190176,0.5649459362030029,0.0000000360674868,0.8251278996467590,-0.7967305779457092,0.0000000000000000,0.0000000000000000,0.0000000000000000,1.0000000000000000
M 0.8129824995994568,-0.0000000254526231,-0.5822881460189819,1.1039729118347168,0.0000000000000000,1.0000000000000000,-0.0000000437113883,0.0000000201190176,0.5822881460189819,0.0000000355365941,0.8129824995994568,-0.8122927546501160,0.0000000000000000,0.0000000000000000,0.0000000000000000,1.0000000000000000
M 0.8017482757568359,-0.0000000261246331,-0.5976618528366089,1.1445583105087280,0.0000000000000000,1.0000000000000000,-0.0000000437113883,0.0000000201190176,0.5976618528366089,0.0000000350455309,0.8017482757568359,-0.8254749178886414,0.0000000000000000,0.0000000000000000,0.0000000000000000,1.0000000000000000
M 0.7916581034660339,-0.0000000267061004,-0.6109643578529358,1.1803468465805054,0.0000000000000000,1.0000000000000000,-0.0000000437113883,0.0000000201190176,0.6109643578529358,0.0000000346044757,0.7916581034660339,-0.8363961577415466,0.0000000000000000,0.0000000000000000,0.0000000000000000,1.0000000000000000
M 0.7829409241676331,-0.0000000271926854,-0.6220960617065430,1.2107921838760376,0.0000000000000000,1.0000000000000000,-0.0000000437113883,0.0000000201190176,0.6220960617065430,0.0000000342234330,0.7829409241676331,-0.8451762795448303,0.0000000000000000,0.0000000000000000,0.0000000000000000,1.0000000000000000
M 0.7758184671401978,-0.0000000275799739,-0.6309561729431152,1.2353593111038208,0.0000000000000000,1.0000000000000000,-0.0000000437113883,0.0000000201190176,0.6309561729431152,0.0000000339121016,0.7758184671401978,-0.8519228100776672,0.0000000000000000,0.0000000000000000,0.0000000000000000,1.0000000000000000
M 0.7705014944076538,-0.0000000278633081,-0.6374381780624390,1.2535253763198853,0.0000000000000000,1.0000000000000000,-0.0000000437113883,0.0000000201190176,0.6374381780624390,0.0000000336796901,0.7705014944076538,-0.8567193150520325,0.0000000000000000,0.0000000000000000,0.0000000000000000,1.0000000000000000
M 0.7671849727630615,-0.0000000280376167,-0.6414259076118469,1.2647837400436401,0.0000000000000000,1.0000000000000000,-0.0000000437113883,0.0000000201190176,0.6414259076118469,0.0000000335347217,0.7671849727630615,-0.8596102595329285,0.0000000000000000,0.0000000000000000,0.0000000000000000,1.0000000000000000
M 0.7660444378852844,-0.0000000280971371,-0.6427875757217407,1.2686427831649780,0.0000000000000000,1.0000000000000000,-0.0000000437113883,0.0000000201190176,0.6427875757217407,0.0000000334848664,0.7660444378852844,-0.8605868220329285,0.0000000000000000,0.0000000000000000,0.0000000000000000,1.0000000000000000
M 0.7660444378852844,-0.0000000280971371,-0.6427875757217407,1.2686427831649780,0.0000000000000000,1.0000000000000000,-0.0000000437113883,0.0000000201190176,0.6427875757217407,0.0000000334848664,0.7660444378852844,-0.8605868220329285,0.0000000000000000,0.0000000000000000,0.0000000000000000,1.0000000000000000
M 0.7660444378852844,-0.0000000280971371,-0.6427875757217407,1.2686427831649780,0.0000000000000000,1.0000000000000000,-0.0000000437113883,0.0000000201190176,0.6427875757217407,0.0000000334848664,0.7660444378852844,-0.8605868220329285,0.0000000000000000,0.0000000000000000,0.0000000000000000,1.0000000000000000
M 0.7660444378852844,-0.0000000280971371,-0.6427875757217407,1.2686427831649780,0.0000000000000000,1.0000000000000000,-0.0000000437113883,0.0000000201190176,0.6427875757217407,0.0000000334848664,0.7660444378852844,-0.8605868220329285,0.0000000000000000,0.0000000000000000,0.0000000000000000,1.0000000000000000
M 0.7660444378852844,-0.0000000280971371,-0.6427875757217407,1.2686427831649780,0.0000000000000000,1.0000000000000000,-0.0000000437113883,0.0000000201190176,0.6427875757217407,0.0000000334848664,0.7660444378852844,-0.8605868220329285,0.0000000000000000,0.0000000000000000,0.0000000000000000,1.0000000000000000
M 0.7660444378852844,-0.0000000280971371,-0.6427875757217407,1.2686427831649780,0.0000000000000000,1.0000000000000000,-0.0000000437113883,0.0000000201190176,0.6427875757217407,0.0000000334848664,0.7660444378852844,-0.8605868220329285,0.0000000000000000,0.0000000000000000,0.0000000000000000,1.0000000000000000
M 0.7660444378852844,-0.0000000280971371,-0.6427875757217407,1.2686427831649780,0.0000000000000000,1.0000000000000000,-0.0000000437113883,0.0000000201190176,0.6427875757217407,0.0000000334848664,0.7660444378852844,-0.8605868220329285,0.0000000000000000,0.0000000000000000,0.0000000000000000,1.0000000000000000
M 0.7660444378852844,-0.0000000280971371,-0.6427875757217407,1.2686427831649780,0.0000000000000000,1.0000000000000000,-0.0000000437113883,0.0000000201190176,0.6427875757217407,0.0000000334848664,0.7660444378852844,-0.8605868220329285,0.0000000000000000,0.0000000000000000,0.0000000000000000,1.0000000000000000
M 0.7660444378852844,-0.0000000280971371,-0.6427875757217407,1.2686427831649780,0.0000000000000000,1.0000000000000000,-0.0000000437113883,0.0000000201190176,0.6427875757217407,0.0000000334848664,0.7660444378852844,-0.8605868220329285,0.0000000000000000,0.0000000000000000,0.0000000000000000,1.0000000000000000
M 0.7660444378852844,-0.0000000280971371,-0.6427875757217407,1.2686427831649780,0.0000000000000000,1.0000000000000000,-0.0000000437113883,0.0000000201190176,0.6427875757217407,0.0000000334848664,0.7660444378852844,-0.8605868220329285,0.0000000000000000,0.0000000000000000,0.0000000000000000,1.0000000000000000
M 0.7660444378852844,-0.0000000280971371,-0.6427875757217407,1.2686427831649780,0.0000000000000000,1.0000000000000000,-0.0000000437113883,0.0000000201190176,0.6427875757217407,0.0000000334848664,0.7660444378852844,-0.8605868220329285,0.0000000000000000,0.0000000000000000,0.0000000000000000,1.0000000000000000
M 0.7660444378852844,-0.0000000280971371,-0.6427875757217407,1.2686427831649780,0.0000000000000000,1.0000000000000000,-0.0000000437113883,0.0000000201190176,0.6427875757217407,0.0000000334848664,0.7660444378852844,-0.8605868220329285,0.0000000000000000,0.0000000000000000,0.0000000000000000,1.0000000000000000
M 0.7660444378852844,-0.0000000280971371,-0.6427875757217407,1.2686427831649780,0.0000000000000000,1.0000000000000000,-0.0000000437113883,0.0000000201190176,0.6427875757217407,0.0000000334848664,0.7660444378852844,-0.8605868220329285,0.0000000000000000,0.0000000000000000,0.0000000000000000,1.0000000000000000
M 0.7660444378852844,-0.0000000280971371,-0.6427875757217407,1.2686427831649780,0.0000000000000000,1.0000000000000000,-0.0000000437113883,0.0000000201190176,0.6427875757217407,0.0000000334848664,0.7660444378852844,-0.8605868220329285,0.0000000000000000,0.0000000000000000,0.0000000000000000,1.0000000000000000
M 0.7660444378852844,-0.0000000280971371,-0.6427875757217407,1.2686427831649780,0.0000000000000000,1.0000000000000000,-0.0000000437113883,0.0000000201190176,0.6427875757217407,0.0000000334848664,0.7660444378852844,-0.8605868220329285,0.0000000000000000,0.0000000000000000,0.0000000000000000,1.0000000000000000
M 0.7660444378852844,-0.0000000280971371,-0.6427875757217407,1.2686427831649780,0.0000000000000000,1.0000000000000000,-0.0000000437113883,0.0000000201190176,0.6427875757217407,0.0000000334848664,0.7660444378852844,-0.8605868220329285,0.0000000000000000,0.0000000000000000,0.0000000000000000,1.0000000000000000
M 0.7660444378852844,-0.0000000280971371,-0.6427875757217407,1.2686427831649780,0.0000000000000000,1.0000000000000000,-0.0000000437113883,0.0000000201190176,0.6427875757217407,0.0000000334848664,0.7660444378852844,-0.8605868220329285,0.0000000000000000,0.0000000000000000,0.0000000000000000,1.0000000000000000
M 0.7660444378852844,-0.0000000280971371,-0.6427875757217407,1.2686427831649780,0.0000000000000000,1.0000000000000000,-0.0000000437113883,0.0000000201190176,0.6427875757217407,0.0000000334848664,0.7660444378852844,-0.8605868220329285,0.0000000000000000,0.0000000000000000,0.0000000000000000,1.0000000000000000
M 0.7660444378852844,-0.0000000280971371,-0.6427875757217407,1.2686427831649780,0.0000000000000000,1.0000000000000000,-0.0000000437113883,0.0000000201190176,0.6427875757217407,0.0000000334848664,0.7660444378852844,-0.8605868220329285,0.0000000000000000,0.0000000000000000,0.0000000000000000,1.0000000000000000
M 0.7660444378852844,-0.0000000280971371,-0.6427875757217407,1.2686427831649780,0.0000000000000000,1.0000000000000000,-0.0000000437113883,0.0000000201190176,0.6427875757217407,0.0000000334848664,0.7660444378852844,-0.8605868220329285,0.0000000000000000,0.0000000000000000,0.0000000000000000,1.0000000000000000
M 0.7660444378852844,-0.0000000280971371,-0.6427875757217407,1.2686427831649780,0.0000000000000000,1.0000000000000000,-0.0000000437113883,0.0000000201190176,0.6427875757217407,0.0000000334848664,0.7660444378852844,-0.8605868220329285,0.0000000000000000,0.0000000000000000,0.0000000000000000,1.0000000000000000
M 0.7660444378852844,-0.0000000280971371,-0.6427875757217407,1.2686427831649780,0.0000000000000000,1.0000000000000000,-0.0000000437113883,0.0000000201190176,0.6427875757217407,0.0000000334848664,0.7660444378852844,-0.8605868220329285,0.0000000000000000,0.0000000000000000,0.0000000000000000,1.0000000000000000
M 0.7660444378852844,-0.0000000280971371,-0.6427875757217407,1.2686427831649780,0.0000000000000000,1.0000000000000000,-0.0000000437113883,0.0000000201190176,0.6427875757217407,0.0000000334848664,0.7660444378852844,-0.8605868220329285,0.0000000000000000,0.0000000000000000,0.0000000000000000,1.0000000000000000
M 0.7660444378852844,-0.0000000280971371,-0.6427875757217407,1.2686427831649780,0.0000000000000000,1.0000000000000000,-0.0000000437113883,0.0000000201190176,0.6427875757217407,0.0000000334848664,0.7660444378852844,-0.8605868220329285,0.0000000000000000,0.0000000000000000,0.0000000000000000,1.0000000000000000
M 0.7660444378852844,-0.0000000280971371,-0.6427875757217407,1.2686427831649780,0.0000000000000000,1.0000000000000000,-0.0000000437113883,0.0000000201190176,0.6427875757217407,0.0000000334848664,0.7660444378852844,-0.8605868220329285,0.0000000000000000,0.0000000000000000,0.0000000000000000,1.0000000000000000
M 0.7660444378852844,-0.0000000280971371,-0.6427875757217407,1.2686427831649780,0.0000000000000000,1.0000000000000000,-0.0000000437113883,0.0000000201190176,0.6427875757217407,0.0000000334848664,0.7660444378852844,-0.8605868220329285,0.0000000000000000,0.0000000000000000,0.0000000000000000,1.0000000000000000
M 0.7660444378852844,-0.0000000280971371,-0.6427875757217407,1.2686427831649780,0.0000000000000000,1.0000000000000000,-0.0000000437113883,0.0000000201190176,0.6427875757217407,0.0000000334848664,0.7660444378852844,-0.8605868220329285,0.0000000000000000,0.0000000000000000,0.0000000000000000,1.0000000000000000
M 0.7660444378852844,-0.0000000280971371,-0.6427875757217407,1.2686427831649780,0.0000000000000000,1.0000000000000000,-0.0000000437113883,0.0000000201190176,0.6427875757217407,0.0000000334848664,0.7660444378852844,-0.8605868220329285,0.0000000000000000,0.0000000000000000,0.0000000000000000,1.0000000000000000
M 0.7660444378852844,-0.0000000280971371,-0.6427875757217407,1.2686427831649780,0.0000000000000000,1.0000000000000000,-0.0000000437113883,0.0000000201190176,0.6427875757217407,0.0000000334848664,0.7660444378852844,-0.8605868220329285,0.0000000000000000,0.0000000000000000,0.0000000000000000,1.0000000000000000
M 0.7660444378852844,-0.0000000280971371,-0.6427875757217407,1.2686427831649780,0.0000000000000000,1.0000000000000000,-0.0000000437113883,0.0000000201190176,0.6427875757217407,0.0000000334848664,0.7660444378852844,-0.8605868220329285,0.0000000000000000,0.0000000000000000,0.0000000000000000,1.0000000000000000
M 0.7660444378852844,-0.0000000280971371,-0.6427875757217407,1.2686427831649780,0.0000000000000000,1.0000000000000000,-0.0000000437113883,0.0000000201190176,0.6427875757217407,0.0000000334848664,0.7660444378852844,-0.8605868220329285,0.0000000000000000,0.0000000000000000,0.0000000000000000,1.0000000000000000
M 0.7660444378852844,-0.0000000280971371,-0.6427875757217407,1.2686427831649780,0.0000000000000000,1.0000000000000000,-0.0000000437113883,0.0000000201190176,0.6427875757217407,0.0000000334848664,0.7660444378852844,-0.8605868220329285,0.0000000000000000,0.0000000000000000,0.0000000000000000,1.0000000000000000
M 0.7660444378852844,-0.0000000280971371,-0.6427875757217407,1.2686427831649780,0.0000000000000000,1.0000000000000000,-0.0000000437113883,0.0000000201190176,0.6427875757217407,0.0000000334848664,0.7660444378852844,-0.8605868220329285,0.0000000000000000,0.0000000000000000,0.0000000000000000,1.0000000000000000
M 0.7660444378852844,-0.0000000280971371,-0.6427875757217407,1.2686427831649780,0.0000000000000000,1.0000000000000000,-0.0000000437113883,0.0000000201190176,0.6427875757217407,0.0000000334848664,0.7660444378852844,-0.8605868220329285,0.0000000000000000,0.0000000000000000,0.0000000000000000,1.0000000000000000
M 0.7660444378852844,-0.0000000280971371,-0.6427875757217407,1.2686427831649780,0.0000000000000000,1.0000000000000000,-0.0000000437113883,0.0000000201190176,0.6427875757217407,0.0000000334848664,0.7660444378852844,-0.8605868220329285,0.0000000000000000,0.0000000000000000,0.0000000000000000,1.0000000000000000
M 0.7660444378852844,-0.0000000280971371,-0.6427875757217407,1.2686427831649780,0.0000000000000000,1.0000000000000000,-0.0000000437113883,0.0000000201190176,0.6427875757217407,0.0000000334848664,0.7660444378852844,-0.8605868220329285,0.0000000000000000,0.0000000000000000,0.0000000000000000,1.0000000000000000
M 0.7660444378852844,-0.0000000280971371,-0.6427875757217407,1.2686427831649780,0.0000000000000000,1.0000000000000000,-0.0000000437113883,0.0000000201190176,0.6427875757217407,0.0000000334848664,0.7660444378852844,-0.8605868220329285,0.0000000000000000,0.0000000000000000,0.0000000000000000,1.0000000000000000
M 0.7660444378852844,-0.0000000280971371,-0.6427875757217407,1.2686427831649780,0.0000000000000000,1.0000000000000000,-0.0000000437113883,0.0000000201190176,0.6427875757217407,0.0000000334848664,0.7660444378852844,-0.8605868220329285,0.0000000000000000,0.0000000000000000,0.0000000000000000,1.0000000000000000
M 0.7660444378852844,-0.0000000280971371,-0.6427875757217407,1.2686427831649780,0.0000000000000000,1.0000000000000000,-0.0000000437113883,0.0000000201190176,0.6427875757217407,0.0000000334848664,0.7660444378852844,-0.8605868220329285,0.0000000000000000,0.0000000000000000,0.0000000000000000,1.0000000000000000
M 0.7660444378852844,-0.0000000280971371,-0.6427875757217407,1.2686427831649780,0.0000000000000000,1.0000000000000000,-0.0000000437113883,0.0000000201190176,0.6427875757217407,0.0000000334848664,0.7660444378852844,-0.8605868220329285,0.0000000000000000,0.0000000000000000,0.0000000000000000,1.0000000000000000
M 0.7660444378852844,-0.0000000280971371,-0.6427875757217407,1.2686427831649780,0.0000000000000000,1.0000000000000000,-0.0000000437113883,0.0000000201190176,0.6427875757217407,0.0000000334848664,0.7660444378852844,-0.8605868220329285,0.0000000000000000,0.0000000000000000,0.0000000000000000,1.0000000000000000
M 0.7660444378852844,-0.0000000280971371,-0.6427875757217407,1.2686427831649780,0.0000000000000000,1.0000000000000000,-0.0000000437113883,0.0000000201190176,0.6427875757217407,0.0000000334848664,0.7660444378852844,-0.8605868220329285,0.0000000000000000,0.0000000000000000,0.0000000000000000,1.0000000000000000
M 0.7660444378852844,-0.0000000280971371,-0.6427875757217407,1.2686427831649780,0.0000000000000000,1.0000000000000000,-0.0000000437113883,0.0000000201190176,0.6427875757217407,0.0000000334848664,0.7660444378852844,-0.8605868220329285,0.0000000000000000,0.0000000000000000,0.0000000000000000,1.0000000000000000
M 0.7660444378852844,-0.0000000280971371,-0.6427875757217407,1.2686427831649780,0.0000000000000000,1.0000000000000000,-0.0000000437113883,0.0000000201190176,0.6427875757217407,0.0000000334848664,0.7660444378852844,-0.8605868220329285,0.0000000000000000,0.0000000000000000,0.0000000000000000,1.0000000000000000
M 0.7660444378852844,-0.0000000280971371,-0.6427875757217407,1.2686427831649780,0.0000000000000000,1.0000000000000000,-0.0000000437113883,0.0000000201190176,0.6427875757217407,0.0000000334848664,0.7660444378852844,-0.8605868220329285,0.0000000000000000,0.0000000000000000,0.0000000000000000,1.0000000000000000
M 0.7660444378852844,-0.0000000280971371,-0.6427875757217407,1.2686427831649780,0.0000000000000000,1.0000000000000000,-0.0000000437113883,0.0000000201190176,0.6427875757217407,0.0000000334848664,0.7660444378852844,-0.8605868220329285,0.0000000000000000,0.0000000000000000,0.0000000000000000,1.0000000000000000
M 0.7660444378852844,-0.0000000280971371,-0.6427875757217407,1.2686427831649780,0.0000000000000000,1.0000000000000000,-0.0000000437113883,0.0000000201190176,0.6427875757217407,0.0000000334848664,0.7660444378852844,-0.8605868220329285,0.0000000000000000,0.0000000000000000,0.0000000000000000,1.0000000000000000
M 0.7660444378852844,-0.0000000280971371,-0.6427875757217407,1.2686427831649780,0.0000000000000000,1.0000000000000000,-0.0000000437113883,0.0000000201190176,0.6427875757217407,0.0000000334848664,0.7660444378852844,-0.8605868220329285,0.0000000000000000,0.0000000000000000,0.0000000000000000,1.0000000000000000
M 0.7660444378852844,-0.0000000280971371,-0.6427875757217407,1.2686427831649780,0.0000000000000000,1.0000000000000000,-0.0000000437113883,0.0000000201190176,0.6427875757217407,0.0000000334848664,0.7660444378852844,-0.8605868220329285,0.0000000000000000,0.0000000000000000,0.0000000000000000,1.0000000000000000
M 0.7660444378852844,-0.0000000280971371,-0.6427875757217407,1.2686427831649780,0.0000000000000000,1.0000000000000000,-0.0000000437113883,0.0000000201190176,0.6427875757217407,0.0000000334848664,0.7660444378852844,-0.8605868220329285,0.0000000000000000,0.0000000000000000,0.0000000000000000,1.0000000000000000
M 0.7660444378852844,-0.0000000280971371,-0.6427875757217407,1.2686427831649780,0.0000000000000000,1.0000000000000000,-0.0000000437113883,0.0000000201190176,0.6427875757217407,0.0000000334848664,0.7660444378852844,-0.8605868220329285,0.0000000000000000,0.0000000000000000,0.0000000000000000,1.0000000000000000
M 0.7660444378852844,-0.0000000280971371,-0.6427875757217407,1.2686427831649780,0.0000000000000000,1.0000000000000000,-0.0000000437113883,0.0000000201190176,0.6427875757217407,0.0000000334848664,0.7660444378852844,-0.8605868220329285,0.0000000000000000,0.0000000000000000,0.0000000000000000,1.0000000000000000
M 0.7660444378852844,-0.0000000280971371,-0.6427875757217407,1.2686427831649780,0.0000000000000000,1.0000000000000000,-0.0000000437113883,0.0000000201190176,0.6427875757217407,0.0000000334848664,0.7660444378852844,-0.8605868220329285,0.0000000000000000,0.0000000000000000,0.0000000000000000,1.0000000000000000
M 0.7660444378852844,-0.0000000280971371,-0.6427875757217407,1.2686427831649780,0.0000000000000000,1.0000000000000000,-0.0000000437113883,0.0000000201190176,0.6427875757217407,0.0000000334848664,0.7660444378852844,-0.8605868220329285,0.0000000000000000,0.0000000000000000,0.0000000000000000,1.0000000000000000
M 0.7660444378852844,-0.0000000280971371,-0.6427875757217407,1.2686427831649780,0.0000000000000000,1.0000000000000000,-0.0000000437113883,0.0000000201190176,0.6427875757217407,0.0000000334848664,0.7660444378852844,-0.8605868220329285,0.0000000000000000,0.0000000000000000,0.0000000000000000,1.0000000000000000
M 0.7660444378852844,-0.0000000280971371,-0.6427875757217407,1.2686427831649780,0.0000000000000000,1.0000000000000000,-0.0000000437113883,0.0000000201190176,0.6427875757217407,0.0000000334848664,0.7660444378852844,-0.8605868220329285,0.0000000000000000,0.0000000000000000,0.0000000000000000,1.0000000000000000
M 0.7660444378852844,-0.0000000280971371,-0.6427875757217407,1.2686427831649780,0.0000000000000000,1.0000000000000000,-0.0000000437113883,0.0000000201190176,0.6427875757217407,0.0000000334848664,0.7660444378852844,-0.8605868220329285,0.0000000000000000,0.0000000000000000,0.0000000000000000,1.0000000000000000
M 0.7660444378852844,-0.0000000280971371,-0.6427875757217407,1.2686427831649780,0.0000000000000000,1.0000000000000000,-0.0000000437113883,0.0000000201190176,0.6427875757217407,0.0000000334848664,0.7660444378852844,-0.8605868220329285,0.0000000000000000,0.0000000000000000,0.0000000000000000,1.0000000000000000
M 0.7660444378852844,-0.0000000280971371,-0.6427875757217407,1.2686427831649780,0.0000000000000000,1.0000000000000000,-0.0000000437113883,0.0000000201190176,0.6427875757217407,0.0000000334848664,0.7660444378852844,-0.8605868220329285,0.0000000000000000,0.0000000000000000,0.0000000000000000,1.0000000000000000
M 0.7660444378852844,-0.0000000280971371,-0.6427875757217407,1.2686427831649780,0.0000000000000000,1.0000000000000000,-0.0000000437113883,0.0000000201190176,0.6427875757217407,0.0000000334848664,0.7660444378852844,-0.8605868220329285,0.0000000000000000,0.0000000000000000,0.0000000000000000,1.0000000000000000
M 0.7660444378852844,-0.0000000280971371,-0.6427875757217407,1.2686427831649780,0.0000000000000000,1.0000000000000000,-0.0000000437113883,0.0000000201190176,0.6427875757217407,0.0000000334848664,0.7660444378852844,-0.8605868220329285,0.0000000000000000,0.0000000000000000,0.0000000000000000,1.0000000000000000
M 0.7660444378852844,-0.0000000280971371,-0.6427875757217407,1.2686427831649780,0.0000000000000000,1.0000000000000000,-0.0000000437113883,0.0000000201190176,0.6427875757217407,0.0000000334848664,0.7660444378852844,-0.8605868220329285,0.0000000000000000,0.0000000000000000,0.0000000000000000,1.0000000000000000
M 0.7660444378852844,-0.0000000280971371,-0.6427875757217407,1.2686427831649780,0.0000000000000000,1.0000000000000000,-0.0000000437113883,0.0000000201190176,0.6427875757217407,0.0000000334848664,0.7660444378852844,-0.8605868220329285,0.0000000000000000,0.0000000000000000,0.0000000000000000,1.0000000000000000
M 0.7660444378852844,-0.0000000280971371,-0.6427875757217407,1.2686427831649780,0.0000000000000000,1.0000000000000000,-0.0000000437113883,0.0000000201190176,0.6427875757217407,0.0000000334848664,0.7660444378852844,-0.8605868220329285,0.0000000000000000,0.0000000000000000,0.0000000000000000,1.0000000000000000
M 0.7660444378852844,-0.0000000280971371,-0.6427875757217407,1.2686427831649780,0.0000000000000000,1.0000000000000000,-0.0000000437113883,0.0000000201190176,0.6427875757217407,0.0000000334848664,0.7660444378852844,-0.8605868220329285,0.0000000000000000,0.0000000000000000,0.0000000000000000,1.0000000000000000
M 0.7660444378852844,-0.0000000280971371,-0.6427875757217407,1.2686427831649780,0.0000000000000000,1.0000000000000000,-0.0000000437113883,0.0000000201190176,0.6427875757217407,0.0000000334848664,0.7660444378852844,-0.8605868220329285,0.0000000000000000,0.0000000000000000,0.0000000000000000,1.0000000000000000
M 0.7660444378852844,-0.0000000280971371,-0.6427875757217407,1.2686427831649780,0.0000000000000000,1.0000000000000000,-0.0000000437113883,0.0000000201190176,0.6427875757217407,0.0000000334848664,0.7660444378852844,-0.8605868220329285,0.0000000000000000,0.0000000000000000,0.0000000000000000,1.0000000000000000
M 0.7660444378852844,-0.0000000280971371,-0.6427875757217407,1.2686427831649780,0.0000000000000000,1.0000000000000000,-0.0000000437113883,0.0000000201190176,0.6427875757217407,0.0000000334848664,0.7660444378852844,-0.8605868220329285,0.0000000000000000,0.0000000000000000,0.0000000000000000,1.0000000000000000
M 0.7660444378852844,-0.0000000280971371,-0.6427875757217407,1.2686427831649780,0.0000000000000000,1.0000000000000000,-0.0000000437113883,0.0000000201190176,0.6427875757217407,0.0000000334848664,0.7660444378852844,-0.8605868220329285,0.0000000000000000,0.0000000000000000,0.0000000000000000,1.0000000000000000
M 0.7660444378852844,-0.0000000280971371,-0.6427875757217407,1.2686427831649780,0.0000000000000000,1.0000000000000000,-0.0000000437113883,0.0000000201190176,0.6427875757217407,0.0000000334848664,0.7660444378852844,-0.8605868220329285,0.0000000000000000,0.0000000000000000,0.0000000000000000,1.0000000000000000
M 0.7660444378852844,-0.0000000280971371,-0.6427875757217407,1.2686427831649780,0.0000000000000000,1.0000000000000000,-0.0000000437113883,0.0000000201190176,0.6427875757217407,0.0000000334848664,0.7660444378852844,-0.8605868220329285,0.0000000000000000,0.0000000000000000,0.0000000000000000,1.0000000000000000
M 0.7660444378852844,-0.0000000280971371,-0.6427875757217407,1.2686427831649780,0.0000000000000000,1.0000000000000000,-0.0000000437113883,0.0000000201190176,0.6427875757217407,0.0000000334848664,0.7660444378852844,-0.8605868220329285,0.0000000000000000,0.0000000000000000,0.0000000000000000,1.0000000000000000
M 0.7660444378852844,-0.0000000280971371,-0.6427875757217407,1.2686427831649780,0.0000000000000000,1.0000000000000000,-0.0000000437113883,0.0000000201190176,0.6427875757217407,0.0000000334848664,0.7660444378852844,-0.8605868220329285,0.0000000000000000,0.0000000000000000,0.0000000000000000,1.0000000000000000
M 0.7660444378852844,-0.0000000280971371,-0.6427875757217407,1.2686427831649780,0.0000000000000000,1.0000000000000000,-0.0000000437113883,0.0000000201190176,0.6427875757217407,0.0000000334848664,0.7660444378852844,-0.8605868220329285,0.0000000000000000,0.0000000000000000,0.0000000000000000,1.0000000000000000
M 0.7660444378852844,-0.0000000280971371,-0.6427875757217407,1.2686427831649780,0.0000000000000000,1.0000000000000000,-0.0000000437113883,0.0000000201190176,0.6427875757217407,0.0000000334848664,0.7660444378852844,-0.8605868220329285,0.0000000000000000,0.0000000000000000,0.0000000000000000,1.0000000000000000
M 0.7660444378852844,-0.0000000280971371,-0.6427875757217407,1.2686427831649780,0.0000000000000000,1.0000000000000000,-0.0000000437113883,0.0000000201190176,0.6427875757217407,0.0000000334848664,0.7660444378852844,-0.8605868220329285,0.0000000000000000,0.0000000000000000,0.0000000000000000,1.0000000000000000
M 0.7660444378852844,-0.0000000280971371,-0.6427875757217407,1.2686427831649780,0.0000000000000000,1.0000000000000000,-0.0000000437113883,0.0000000201190176,0.6427875757217407,0.0000000334848664,0.7660444378852844,-0.8605868220329285,0.0000000000000000,0.0000000000000000,0.0000000000000000,1.0000000000000000
M 0.7660444378852844,-0.0000000280971371,-0.6427875757217407,1.2686427831649780,0.0000000000000000,1.0000000000000000,-0.0000000437113883,0.0000000201190176,0.6427875757217407,0.0000000334848664,0.7660444378852844,-0.8605868220329285,0.0000000000000000,0.0000000000000000,0.0000000000000000,1.0000000000000000
M 0.7660444378852844,-0.0000000280971371,-0.6427875757217407,1.2686427831649780,0.0000000000000000,1.0000000000000000,-0.0000000437113883,0.0000000201190176,0.6427875757217407,0.0000000334848664,0.7660444378852844,-0.8605868220329285,0.0000000000000000,0.0000000000000000,0.0000000000000000,1.0000000000000000
M 0.7660444378852844,-0.0000000280971371,-0.6427875757217407,1.2686427831649780,0.0000000000000000,1.0000000000000000,-0.0000000437113883,0.0000000201190176,0.6427875757217407,0.0000000334848664,0.7660444378852844,-0.8605868220329285,0.0000000000000000,0.0000000000000000,0.0000000000000000,1.0000000000000000
M 0.7660444378852844,-0.0000000280971371,-0.6427875757217407,1.2686427831649780,0.0000000000000000,1.0000000000000000,-0.0000000437113883,0.0000000201190176,0.6427875757217407,0.0000000334848664,0.7660444378852844,-0.8605868220329285,0.0000000000000000,0.0000000000000000,0.0000000000000000,1.0000000000000000
M 0.7660444378852844,-0.0000000280971371,-0.6427875757217407,1.2686427831649780,0.0000000000000000,1.0000000000000000,-0.0000000437113883,0.0000000201190176,0.6427875757217407,0.0000000334848664,0.7660444378852844,-0.8605868220329285,0.0000000000000000,0.0000000000000000,0.0000000000000000,1.0000000000000000
M 0.7660444378852844,-0.0000000280971371,-0.6427875757217407,1.2686427831649780,0.0000000000000000,1.0000000000000000,-0.0000000437113883,0.0000000201190176,0.6427875757217407,0.0000000334848664,0.7660444378852844,-0.8605868220329285,0.0000000000000000,0.0000000000000000,0.0000000000000000,1.0000000000000000
M 0.7660444378852844,-0.0000000280971371,-0.6427875757217407,1.2686427831649780,0.0000000000000000,1.0000000000000000,-0.0000000437113883,0.0000000201190176,0.6427875757217407,0.0000000334848664,0.7660444378852844,-0.8605868220329285,0.0000000000000000,0.0000000000000000,0.0000000000000000,1.0000000000000000
M 0.7660444378852844,-0.0000000280971371,-0.6427875757217407,1.2686427831649780,0.0000000000000000,1.0000000000000000,-0.0000000437113883,0.0000000201190176,0.6427875757217407,0.0000000334848664,0.7660444378852844,-0.8605868220329285,0.0000000000000000,0.0000000000000000,0.0000000000000000,1.0000000000000000
M 0.7660444378852844,-0.0000000280971371,-0.6427875757217407,1.2686427831649780,0.0000000000000000,1.0000000000000000,-0.0000000437113883,0.0000000201190176,0.6427875757217407,0.0000000334848664,0.7660444378852844,-0.8605868220329285,0.0000000000000000,0.0000000000000000,0.0000000000000000,1.0000000000000000
M 0.7660444378852844,-0.0000000280971371,-0.6427875757217407,1.2686427831649780,0.0000000000000000,1.0000000000000000,-0.0000000437113883,0.0000000201190176,0.6427875757217407,0.0000000334848664,0.7660444378852844,-0.8605868220329285,0.0000000000000000,0.0000000000000000,0.0000000000000000,1.0000000000000000
M 0.7660444378852844,-0.0000000280971371,-0.6427875757217407,1.2686427831649780,0.0000000000000000,1.0000000000000000,-0.0000000437113883,0.0000000201190176,0.6427875757217407,0.0000000334848664,0.7660444378852844,-0.8605868220329285,0.0000000000000000,0.0000000000000000,0.0000000000000000,1.0000000000000000
M 0.7660444378852844,-0.0000000280971371,-0.6427875757217407,1.2686427831649780,0.0000000000000000,1.0000000000000000,-0.0000000437113883,0.0000000201190176,0.6427875757217407,0.0000000334848664,0.7660444378852844,-0.8605868220329285,0.0000000000000000,0.0000000000000000,0.0000000000000000,1.0000000000000000
M 0.7660444378852844,-0.0000000280971371,-0.6427875757217407,1.2686427831649780,0.0000000000000000,1.0000000000000000,-0.0000000437113883,0.0000000201190176,0.6427875757217407,0.0000000334848664,0.7660444378852844,-0.8605868220329285,0.0000000000000000,0.0000000000000000,0.0000000000000000,1.0000000000000000
M 0.7660444378852844,-0.0000000280971371,-0.6427875757217407,1.2686427831649780,0.0000000000000000,1.0000000000000000,-0.0000000437113883,0.0000000201190176,0.6427875757217407,0.0000000334848664,0.7660444378852844,-0.8605868220329285,0.0000000000000000,0.0000000000000000,0.0000000000000000,1.0000000000000000
M 0.7660444378852844,-0.0000000280971371,-0.6427875757217407,1.2686427831649780,0.0000000000000000,1.0000000000000000,-0.0000000437113883,0.0000000201190176,0.6427875757217407,0.0000000334848664,0.7660444378852844,-0.8605868220329285,0.0000000000000000,0.0000000000000000,0.0000000000000000,1.0000000000000000
M 0.7660444378852844,-0.0000000280971371,-0.6427875757217407,1.2686427831649780,0.0000000000000000,1.0000000000000000,-0.0000000437113883,0.0000000201190176,0.6427875757217407,0.0000000334848664,0.7660444378852844,-0.8605868220329285,0.0000000000000000,0.0000000000000000,0.0000000000000000,1.0000000000000000
M 0.7660444378852844,-0.0000000280971371,-0.6427875757217407,1.2686427831649780,0.0000000000000000,1.0000000000000000,-0.0000000437113883,0.0000000201190176,0.6427875757217407,0.0000000334848664,0.7660444378852844,-0.8605868220329285,0.0000000000000000,0.0000000000000000,0.0000000000000000,1.0000000000000000
