O DOOR_10_Arm_INTERIOR_LCG_il_LINVERT
A DOOR_10_Arm_INTERIOR_LCG_il_LINVERT_DOOR_10_Arm_INTERIOR_LCG_il_LINVERT.002
M 1.0000000000000000,0.0000000000000000,0.0000000000000000,0.0000000000000000,0.0000000000000000,1.0000000000000000,-0.0000000437113883,0.0000000201190957,-0.0000000000000000,0.0000000437113883,1.0000000000000000,-0.0000000334431505,0.0000000000000000,0.0000000000000000,0.0000000000000000,1.0000000000000000
M 0.9999970197677612,-0.0000000001063547,-0.0024331107269973,0.0031989153940231,0.0000000000000000,1.0000000000000000,-0.0000000437113883,0.0000000201190957,0.0024331107269973,0.0000000437112568,0.9999970197677612,-0.0044266940094531,0.0000000000000000,0.0000000000000000,0.0000000000000000,1.0000000000000000
M 0.9999548196792603,-0.0000000004154029,-0.0095033105462790,0.0125552481040359,0.0000000000000000,1.0000000000000000,-0.0000000437113883,0.0000000201190957,0.0095033105462790,0.0000000437094130,0.9999548196792603,-0.0172459241002798,0.0000000000000000,0.0000000000000000,0.0000000000000000,1.0000000000000000
M 0.9997822642326355,-0.0000000009120823,-0.0208660103380680,0.0277829058468342,0.0000000000000000,1.0000000000000000,-0.0000000437113883,0.0000000201190957,0.0208660103380680,0.0000000437018706,0.9997822642326355,-0.0377104356884956,0.0000000000000000,0.0000000000000000,0.0000000000000000,1.0000000000000000
M 0.9993454813957214,-0.0000000015812126,-0.0361739285290241,0.0486697480082512,0.0000000000000000,1.0000000000000000,-0.0000000437113883,0.0000000201190957,0.0361739285290241,0.0000000436827712,0.9993454813957214,-0.0650122463703156,0.0000000000000000,0.0000000000000000,0.0000000000000000,1.0000000000000000
M 0.9984822273254395,-0.0000000024074036,-0.0550749748945236,0.0750490576028824,0.0000000000000000,1.0000000000000000,-0.0000000437113883,0.0000000201190957,0.0550749748945236,0.0000000436450449,0.9984822273254395,-0.0982971936464310,0.0000000000000000,0.0000000000000000,0.0000000000000000,1.0000000000000000
M 0.9970148205757141,-0.0000000033749652,-0.0772102028131485,0.1067735105752945,0.0000000000000000,1.0000000000000000,-0.0000000437113883,0.0000000201190957,0.0772102028131485,0.0000000435809007,0.9970148205757141,-0.1366785764694214,0.0000000000000000,0.0000000000000000,0.0000000000000000,1.0000000000000000
M 0.9947625994682312,-0.0000000044678425,-0.1022123247385025,0.1436896771192551,0.0000000000000000,1.0000000000000000,-0.0000000437113883,0.0000000201190957,0.1022123247385025,0.0000000434824621,0.9947625994682312,-0.1792503893375397,0.0000000000000000,0.0000000000000000,0.0000000000000000,1.0000000000000000
M 0.9915526509284973,-0.0000000056695817,-0.1297049075365067,0.1856185942888260,0.0000000000000000,1.0000000000000000,-0.0000000437113883,0.0000000201190957,0.1297049075365067,0.0000000433421512,0.9915526509284973,-0.2251002639532089,0.0000000000000000,0.0000000000000000,0.0000000000000000,1.0000000000000000
M 0.9872297644615173,-0.0000000069633455,-0.1593027710914612,0.2323372215032578,0.0000000000000000,1.0000000000000000,-0.0000000437113883,0.0000000201190957,0.1593027710914612,0.0000000431531824,0.9872297644615173,-0.2733229994773865,0.0000000000000000,0.0000000000000000,0.0000000000000000,1.0000000000000000
M 0.9816652536392212,-0.0000000083319591,-0.1906130015850067,0.2835643291473389,0.0000000000000000,1.0000000000000000,-0.0000000437113883,0.0000000201190957,0.1906130015850067,0.0000000429099494,0.9816652536392212,-0.3230342864990234,0.0000000000000000,0.0000000000000000,0.0000000000000000,1.0000000000000000
M 0.9747640490531921,-0.0000000097580219,-0.2232375293970108,0.3389504849910736,0.0000000000000000,1.0000000000000000,-0.0000000437113883,0.0000000201190957,0.2232375293970108,0.0000000426082885,0.9747640490531921,-0.3733844459056854,0.0000000000000000,0.0000000000000000,0.0000000000000000,1.0000000000000000
M 0.9664709568023682,-0.0000000112240324,-0.2567758858203888,0.3980706632137299,0.0000000000000000,1.0000000000000000,-0.0000000437113883,0.0000000201190957,0.2567758858203888,0.0000000422457873,0.9664709568023682,-0.4235718846321106,0.0000000000000000,0.0000000000000000,0.0000000000000000,1.0000000000000000
M 0.9567748904228210,-0.0000000127125617,-0.2908295094966888,0.4604217708110809,0.0000000000000000,1.0000000000000000,-0.0000000437113883,0.0000000201190957,0.2908295094966888,0.0000000418219663,0.9567748904228210,-0.4728560745716095,0.0000000000000000,0.0000000000000000,0.0000000000000000,1.0000000000000000
M 0.9457120299339294,-0.0000000142064591,-0.3250058591365814,0.5254229307174683,0.0000000000000000,1.0000000000000000,-0.0000000437113883,0.0000000201190957,0.3250058591365814,0.0000000413383852,0.9457120299339294,-0.5205700397491455,0.0000000000000000,0.0000000000000000,0.0000000000000000,1.0000000000000000
M 0.9333671331405640,-0.0000000156890305,-0.3589231371879578,0.5924184918403625,0.0000000000000000,1.0000000000000000,-0.0000000437113883,0.0000000201190957,0.3589231371879578,0.0000000407987741,0.9333671331405640,-0.5661293864250183,0.0000000000000000,0.0000000000000000,0.0000000000000000,1.0000000000000000
M 0.9198736548423767,-0.0000000171442540,-0.3922148048877716,0.6606845259666443,0.0000000000000000,1.0000000000000000,-0.0000000437113883,0.0000000201190957,0.3922148048877716,0.0000000402089562,0.9198736548423767,-0.6090420484542847,0.0000000000000000,0.0000000000000000,0.0000000000000000,1.0000000000000000
M 0.9054120779037476,-0.0000000185569640,-0.4245338439941406,0.7294368147850037,0.0000000000000000,1.0000000000000000,-0.0000000437113883,0.0000000201190957,0.4245338439941406,0.0000000395768183,0.9054120779037476,-0.6489130854606628,0.0000000000000000,0.0000000000000000,0.0000000000000000,1.0000000000000000
M 0.8902068734169006,-0.0000000199130064,-0.4555564820766449,0.7978417277336121,0.0000000000000000,1.0000000000000000,-0.0000000437113883,0.0000000201190957,0.4555564820766449,0.0000000389121766,0.8902068734169006,-0.6854473352432251,0.0000000000000000,0.0000000000000000,0.0000000000000000,1.0000000000000000
M 0.8745228648185730,-0.0000000211993374,-0.4849843084812164,0.8650254011154175,0.0000000000000000,1.0000000000000000,-0.0000000437113883,0.0000000201190957,0.4849843084812164,0.0000000382266094,0.8745228648185730,-0.7184491157531738,0.0000000000000000,0.0000000000000000,0.0000000000000000,1.0000000000000000
M 0.8586596846580505,-0.0000000224041088,-0.5125461816787720,0.9300862550735474,0.0000000000000000,1.0000000000000000,-0.0000000437113883,0.0000000201190957,0.5125461816787720,0.0000000375332156,0.8586596846580505,-0.7478179335594177,0.0000000000000000,0.0000000000000000,0.0000000000000000,1.0000000000000000
M 0.8429460525512695,-0.0000000235166429,-0.5379980802536011,0.9921055436134338,0.0000000000000000,1.0000000000000000,-0.0000000437113883,0.0000000201190957,0.5379980802536011,0.0000000368463411,0.8429460525512695,-0.7735407352447510,0.0000000000000000,0.0000000000000000,0.0000000000000000,1.0000000000000000
M 0.8277330994606018,-0.0000000245274254,-0.5611220002174377,1.0501575469970703,0.0000000000000000,1.0000000000000000,-0.0000000437113883,0.0000000201190957,0.5611220002174377,0.0000000361813619,0.8277330994606018,-0.7956816554069519,0.0000000000000000,0.0000000000000000,0.0000000000000000,1.0000000000000000
M 0.8133874535560608,-0.0000000254278909,-0.5817223191261292,1.1033180952072144,0.0000000000000000,1.0000000000000000,-0.0000000437113883,0.0000000201190957,0.5817223191261292,0.0000000355542937,0.8133874535560608,-0.8143655657768250,0.0000000000000000,0.0000000000000000,0.0000000000000000,1.0000000000000000
M 0.8002832531929016,-0.0000000262103157,-0.5996221303939819,1.1506736278533936,0.0000000000000000,1.0000000000000000,-0.0000000437113883,0.0000000201190957,0.5996221303939819,0.0000000349814933,0.8002832531929016,-0.8297612071037292,0.0000000000000000,0.0000000000000000,0.0000000000000000,1.0000000000000000
M 0.7887952327728271,-0.0000000268674754,-0.6146560907363892,1.1913247108459473,0.0000000000000000,1.0000000000000000,-0.0000000437113883,0.0000000201190957,0.6146560907363892,0.0000000344793349,0.7887952327728271,-0.8420594334602356,0.0000000000000000,0.0000000000000000,0.0000000000000000,1.0000000000000000
M 0.7792901396751404,-0.0000000273923249,-0.6266633272171021,1.2243925333023071,0.0000000000000000,1.0000000000000000,-0.0000000437113883,0.0000000201190957,0.6266633272171021,0.0000000340638557,0.7792901396751404,-0.8514488339424133,0.0000000000000000,0.0000000000000000,0.0000000000000000,1.0000000000000000
M 0.7721185088157654,-0.0000000277776504,-0.6354785561561584,1.2490216493606567,0.0000000000000000,1.0000000000000000,-0.0000000437113883,0.0000000201190957,0.6354785561561584,0.0000000337503749,0.7721185088157654,-0.8580883145332336,0.0000000000000000,0.0000000000000000,0.0000000000000000,1.0000000000000000
M 0.7676061391830444,-0.0000000280155792,-0.6409218311309814,1.2643827199935913,0.0000000000000000,1.0000000000000000,-0.0000000437113883,0.0000000201190957,0.6409218311309814,0.0000000335531318,0.7676061391830444,-0.8620778918266296,0.0000000000000000,0.0000000000000000,0.0000000000000000,1.0000000000000000
M 0.7660444378852844,-0.0000000280971371,-0.6427875757217407,1.2696753740310669,0.0000000000000000,1.0000000000000000,-0.0000000437113883,0.0000000201190957,0.6427875757217407,0.0000000334848664,0.7660444378852844,-0.8634255528450012,0.0000000000000000,0.0000000000000000,0.0000000000000000,1.0000000000000000
M 0.7660444378852844,-0.0000000280971371,-0.6427875757217407,1.2696753740310669,0.0000000000000000,1.0000000000000000,-0.0000000437113883,0.0000000201190957,0.6427875757217407,0.0000000334848664,0.7660444378852844,-0.8634255528450012,0.0000000000000000,0.0000000000000000,0.0000000000000000,1.0000000000000000
M 0.7660444378852844,-0.0000000280971371,-0.6427875757217407,1.2696753740310669,0.0000000000000000,1.0000000000000000,-0.0000000437113883,0.0000000201190957,0.6427875757217407,0.0000000334848664,0.7660444378852844,-0.8634255528450012,0.0000000000000000,0.0000000000000000,0.0000000000000000,1.0000000000000000
M 0.7660444378852844,-0.0000000280971371,-0.6427875757217407,1.2696753740310669,0.0000000000000000,1.0000000000000000,-0.0000000437113883,0.0000000201190957,0.6427875757217407,0.0000000334848664,0.7660444378852844,-0.8634255528450012,0.0000000000000000,0.0000000000000000,0.0000000000000000,1.0000000000000000
M 0.7660444378852844,-0.0000000280971371,-0.6427875757217407,1.2696753740310669,0.0000000000000000,1.0000000000000000,-0.0000000437113883,0.0000000201190957,0.6427875757217407,0.0000000334848664,0.7660444378852844,-0.8634255528450012,0.0000000000000000,0.0000000000000000,0.0000000000000000,1.0000000000000000
M 0.7660444378852844,-0.0000000280971371,-0.6427875757217407,1.2696753740310669,0.0000000000000000,1.0000000000000000,-0.0000000437113883,0.0000000201190957,0.6427875757217407,0.0000000334848664,0.7660444378852844,-0.8634255528450012,0.0000000000000000,0.0000000000000000,0.0000000000000000,1.0000000000000000
M 0.7660444378852844,-0.0000000280971371,-0.6427875757217407,1.2696753740310669,0.0000000000000000,1.0000000000000000,-0.0000000437113883,0.0000000201190957,0.6427875757217407,0.0000000334848664,0.7660444378852844,-0.8634255528450012,0.0000000000000000,0.0000000000000000,0.0000000000000000,1.0000000000000000
M 0.7660444378852844,-0.0000000280971371,-0.6427875757217407,1.2696753740310669,0.0000000000000000,1.0000000000000000,-0.0000000437113883,0.0000000201190957,0.6427875757217407,0.0000000334848664,0.7660444378852844,-0.8634255528450012,0.0000000000000000,0.0000000000000000,0.0000000000000000,1.0000000000000000
M 0.7660444378852844,-0.0000000280971371,-0.6427875757217407,1.2696753740310669,0.0000000000000000,1.0000000000000000,-0.0000000437113883,0.0000000201190957,0.6427875757217407,0.0000000334848664,0.7660444378852844,-0.8634255528450012,0.0000000000000000,0.0000000000000000,0.0000000000000000,1.0000000000000000
M 0.7660444378852844,-0.0000000280971371,-0.6427875757217407,1.2696753740310669,0.0000000000000000,1.0000000000000000,-0.0000000437113883,0.0000000201190957,0.6427875757217407,0.0000000334848664,0.7660444378852844,-0.8634255528450012,0.0000000000000000,0.0000000000000000,0.0000000000000000,1.0000000000000000
M 0.7660444378852844,-0.0000000280971371,-0.6427875757217407,1.2696753740310669,0.0000000000000000,1.0000000000000000,-0.0000000437113883,0.0000000201190957,0.6427875757217407,0.0000000334848664,0.7660444378852844,-0.8634255528450012,0.0000000000000000,0.0000000000000000,0.0000000000000000,1.0000000000000000
M 0.7660444378852844,-0.0000000280971371,-0.6427875757217407,1.2696753740310669,0.0000000000000000,1.0000000000000000,-0.0000000437113883,0.0000000201190957,0.6427875757217407,0.0000000334848664,0.7660444378852844,-0.8634255528450012,0.0000000000000000,0.0000000000000000,0.0000000000000000,1.0000000000000000
M 0.7660444378852844,-0.0000000280971371,-0.6427875757217407,1.2696753740310669,0.0000000000000000,1.0000000000000000,-0.0000000437113883,0.0000000201190957,0.6427875757217407,0.0000000334848664,0.7660444378852844,-0.8634255528450012,0.0000000000000000,0.0000000000000000,0.0000000000000000,1.0000000000000000
M 0.7660444378852844,-0.0000000280971371,-0.6427875757217407,1.2696753740310669,0.0000000000000000,1.0000000000000000,-0.0000000437113883,0.0000000201190957,0.6427875757217407,0.0000000334848664,0.7660444378852844,-0.8634255528450012,0.0000000000000000,0.0000000000000000,0.0000000000000000,1.0000000000000000
M 0.7660444378852844,-0.0000000280971371,-0.6427875757217407,1.2696753740310669,0.0000000000000000,1.0000000000000000,-0.0000000437113883,0.0000000201190957,0.6427875757217407,0.0000000334848664,0.7660444378852844,-0.8634255528450012,0.0000000000000000,0.0000000000000000,0.0000000000000000,1.0000000000000000
M 0.7660444378852844,-0.0000000280971371,-0.6427875757217407,1.2696753740310669,0.0000000000000000,1.0000000000000000,-0.0000000437113883,0.0000000201190957,0.6427875757217407,0.0000000334848664,0.7660444378852844,-0.8634255528450012,0.0000000000000000,0.0000000000000000,0.0000000000000000,1.0000000000000000
M 0.7660444378852844,-0.0000000280971371,-0.6427875757217407,1.2696753740310669,0.0000000000000000,1.0000000000000000,-0.0000000437113883,0.0000000201190957,0.6427875757217407,0.0000000334848664,0.7660444378852844,-0.8634255528450012,0.0000000000000000,0.0000000000000000,0.0000000000000000,1.0000000000000000
M 0.7660444378852844,-0.0000000280971371,-0.6427875757217407,1.2696753740310669,0.0000000000000000,1.0000000000000000,-0.0000000437113883,0.0000000201190957,0.6427875757217407,0.0000000334848664,0.7660444378852844,-0.8634255528450012,0.0000000000000000,0.0000000000000000,0.0000000000000000,1.0000000000000000
M 0.7660444378852844,-0.0000000280971371,-0.6427875757217407,1.2696753740310669,0.0000000000000000,1.0000000000000000,-0.0000000437113883,0.0000000201190957,0.6427875757217407,0.0000000334848664,0.7660444378852844,-0.8634255528450012,0.0000000000000000,0.0000000000000000,0.0000000000000000,1.0000000000000000
M 0.7660444378852844,-0.0000000280971371,-0.6427875757217407,1.2696753740310669,0.0000000000000000,1.0000000000000000,-0.0000000437113883,0.0000000201190957,0.6427875757217407,0.0000000334848664,0.7660444378852844,-0.8634255528450012,0.0000000000000000,0.0000000000000000,0.0000000000000000,1.0000000000000000
M 0.7660444378852844,-0.0000000280971371,-0.6427875757217407,1.2696753740310669,0.0000000000000000,1.0000000000000000,-0.0000000437113883,0.0000000201190957,0.6427875757217407,0.0000000334848664,0.7660444378852844,-0.8634255528450012,0.0000000000000000,0.0000000000000000,0.0000000000000000,1.0000000000000000
M 0.7660444378852844,-0.0000000280971371,-0.6427875757217407,1.2696753740310669,0.0000000000000000,1.0000000000000000,-0.0000000437113883,0.0000000201190957,0.6427875757217407,0.0000000334848664,0.7660444378852844,-0.8634255528450012,0.0000000000000000,0.0000000000000000,0.0000000000000000,1.0000000000000000
M 0.7660444378852844,-0.0000000280971371,-0.6427875757217407,1.2696753740310669,0.0000000000000000,1.0000000000000000,-0.0000000437113883,0.0000000201190957,0.6427875757217407,0.0000000334848664,0.7660444378852844,-0.8634255528450012,0.0000000000000000,0.0000000000000000,0.0000000000000000,1.0000000000000000
M 0.7660444378852844,-0.0000000280971371,-0.6427875757217407,1.2696753740310669,0.0000000000000000,1.0000000000000000,-0.0000000437113883,0.0000000201190957,0.6427875757217407,0.0000000334848664,0.7660444378852844,-0.8634255528450012,0.0000000000000000,0.0000000000000000,0.0000000000000000,1.0000000000000000
M 0.7660444378852844,-0.0000000280971371,-0.6427875757217407,1.2696753740310669,0.0000000000000000,1.0000000000000000,-0.0000000437113883,0.0000000201190957,0.6427875757217407,0.0000000334848664,0.7660444378852844,-0.8634255528450012,0.0000000000000000,0.0000000000000000,0.0000000000000000,1.0000000000000000
M 0.7660444378852844,-0.0000000280971371,-0.6427875757217407,1.2696753740310669,0.0000000000000000,1.0000000000000000,-0.0000000437113883,0.0000000201190957,0.6427875757217407,0.0000000334848664,0.7660444378852844,-0.8634255528450012,0.0000000000000000,0.0000000000000000,0.0000000000000000,1.0000000000000000
M 0.7660444378852844,-0.0000000280971371,-0.6427875757217407,1.2696753740310669,0.0000000000000000,1.0000000000000000,-0.0000000437113883,0.0000000201190957,0.6427875757217407,0.0000000334848664,0.7660444378852844,-0.8634255528450012,0.0000000000000000,0.0000000000000000,0.0000000000000000,1.0000000000000000
M 0.7660444378852844,-0.0000000280971371,-0.6427875757217407,1.2696753740310669,0.0000000000000000,1.0000000000000000,-0.0000000437113883,0.0000000201190957,0.6427875757217407,0.0000000334848664,0.7660444378852844,-0.8634255528450012,0.0000000000000000,0.0000000000000000,0.0000000000000000,1.0000000000000000
M 0.7660444378852844,-0.0000000280971371,-0.6427875757217407,1.2696753740310669,0.0000000000000000,1.0000000000000000,-0.0000000437113883,0.0000000201190957,0.6427875757217407,0.0000000334848664,0.7660444378852844,-0.8634255528450012,0.0000000000000000,0.0000000000000000,0.0000000000000000,1.0000000000000000
M 0.7660444378852844,-0.0000000280971371,-0.6427875757217407,1.2696753740310669,0.0000000000000000,1.0000000000000000,-0.0000000437113883,0.0000000201190957,0.6427875757217407,0.0000000334848664,0.7660444378852844,-0.8634255528450012,0.0000000000000000,0.0000000000000000,0.0000000000000000,1.0000000000000000
M 0.7660444378852844,-0.0000000280971371,-0.6427875757217407,1.2696753740310669,0.0000000000000000,1.0000000000000000,-0.0000000437113883,0.0000000201190957,0.6427875757217407,0.0000000334848664,0.7660444378852844,-0.8634255528450012,0.0000000000000000,0.0000000000000000,0.0000000000000000,1.0000000000000000
M 0.7660444378852844,-0.0000000280971371,-0.6427875757217407,1.2696753740310669,0.0000000000000000,1.0000000000000000,-0.0000000437113883,0.0000000201190957,0.6427875757217407,0.0000000334848664,0.7660444378852844,-0.8634255528450012,0.0000000000000000,0.0000000000000000,0.0000000000000000,1.0000000000000000
M 0.7660444378852844,-0.0000000280971371,-0.6427875757217407,1.2696753740310669,0.0000000000000000,1.0000000000000000,-0.0000000437113883,0.0000000201190957,0.6427875757217407,0.0000000334848664,0.7660444378852844,-0.8634255528450012,0.0000000000000000,0.0000000000000000,0.0000000000000000,1.0000000000000000
M 0.7660444378852844,-0.0000000280971371,-0.6427875757217407,1.2696753740310669,0.0000000000000000,1.0000000000000000,-0.0000000437113883,0.0000000201190957,0.6427875757217407,0.0000000334848664,0.7660444378852844,-0.8634255528450012,0.0000000000000000,0.0000000000000000,0.0000000000000000,1.0000000000000000
M 0.7660444378852844,-0.0000000280971371,-0.6427875757217407,1.2696753740310669,0.0000000000000000,1.0000000000000000,-0.0000000437113883,0.0000000201190957,0.6427875757217407,0.0000000334848664,0.7660444378852844,-0.8634255528450012,0.0000000000000000,0.0000000000000000,0.0000000000000000,1.0000000000000000
M 0.7660444378852844,-0.0000000280971371,-0.6427875757217407,1.2696753740310669,0.0000000000000000,1.0000000000000000,-0.0000000437113883,0.0000000201190957,0.6427875757217407,0.0000000334848664,0.7660444378852844,-0.8634255528450012,0.0000000000000000,0.0000000000000000,0.0000000000000000,1.0000000000000000
M 0.7660444378852844,-0.0000000280971371,-0.6427875757217407,1.2696753740310669,0.0000000000000000,1.0000000000000000,-0.0000000437113883,0.0000000201190957,0.6427875757217407,0.0000000334848664,0.7660444378852844,-0.8634255528450012,0.0000000000000000,0.0000000000000000,0.0000000000000000,1.0000000000000000
M 0.7660444378852844,-0.0000000280971371,-0.6427875757217407,1.2696753740310669,0.0000000000000000,1.0000000000000000,-0.0000000437113883,0.0000000201190957,0.6427875757217407,0.0000000334848664,0.7660444378852844,-0.8634255528450012,0.0000000000000000,0.0000000000000000,0.0000000000000000,1.0000000000000000
M 0.7660444378852844,-0.0000000280971371,-0.6427875757217407,1.2696753740310669,0.0000000000000000,1.0000000000000000,-0.0000000437113883,0.0000000201190957,0.6427875757217407,0.0000000334848664,0.7660444378852844,-0.8634255528450012,0.0000000000000000,0.0000000000000000,0.0000000000000000,1.0000000000000000
M 0.7660444378852844,-0.0000000280971371,-0.6427875757217407,1.2696753740310669,0.0000000000000000,1.0000000000000000,-0.0000000437113883,0.0000000201190957,0.6427875757217407,0.0000000334848664,0.7660444378852844,-0.8634255528450012,0.0000000000000000,0.0000000000000000,0.0000000000000000,1.0000000000000000
M 0.7660444378852844,-0.0000000280971371,-0.6427875757217407,1.2696753740310669,0.0000000000000000,1.0000000000000000,-0.0000000437113883,0.0000000201190957,0.6427875757217407,0.0000000334848664,0.7660444378852844,-0.8634255528450012,0.0000000000000000,0.0000000000000000,0.0000000000000000,1.0000000000000000
M 0.7660444378852844,-0.0000000280971371,-0.6427875757217407,1.2696753740310669,0.0000000000000000,1.0000000000000000,-0.0000000437113883,0.0000000201190957,0.6427875757217407,0.0000000334848664,0.7660444378852844,-0.8634255528450012,0.0000000000000000,0.0000000000000000,0.0000000000000000,1.0000000000000000
M 0.7660444378852844,-0.0000000280971371,-0.6427875757217407,1.2696753740310669,0.0000000000000000,1.0000000000000000,-0.0000000437113883,0.0000000201190957,0.6427875757217407,0.0000000334848664,0.7660444378852844,-0.8634255528450012,0.0000000000000000,0.0000000000000000,0.0000000000000000,1.0000000000000000
M 0.7660444378852844,-0.0000000280971371,-0.6427875757217407,1.2696753740310669,0.0000000000000000,1.0000000000000000,-0.0000000437113883,0.0000000201190957,0.6427875757217407,0.0000000334848664,0.7660444378852844,-0.8634255528450012,0.0000000000000000,0.0000000000000000,0.0000000000000000,1.0000000000000000
M 0.7660444378852844,-0.0000000280971371,-0.6427875757217407,1.2696753740310669,0.0000000000000000,1.0000000000000000,-0.0000000437113883,0.0000000201190957,0.6427875757217407,0.0000000334848664,0.7660444378852844,-0.8634255528450012,0.0000000000000000,0.0000000000000000,0.0000000000000000,1.0000000000000000
M 0.7660444378852844,-0.0000000280971371,-0.6427875757217407,1.2696753740310669,0.0000000000000000,1.0000000000000000,-0.0000000437113883,0.0000000201190957,0.6427875757217407,0.0000000334848664,0.7660444378852844,-0.8634255528450012,0.0000000000000000,0.0000000000000000,0.0000000000000000,1.0000000000000000
M 0.7660444378852844,-0.0000000280971371,-0.6427875757217407,1.2696753740310669,0.0000000000000000,1.0000000000000000,-0.0000000437113883,0.0000000201190957,0.6427875757217407,0.0000000334848664,0.7660444378852844,-0.8634255528450012,0.0000000000000000,0.0000000000000000,0.0000000000000000,1.0000000000000000
M 0.7660444378852844,-0.0000000280971371,-0.6427875757217407,1.2696753740310669,0.0000000000000000,1.0000000000000000,-0.0000000437113883,0.0000000201190957,0.6427875757217407,0.0000000334848664,0.7660444378852844,-0.8634255528450012,0.0000000000000000,0.0000000000000000,0.0000000000000000,1.0000000000000000
M 0.7660444378852844,-0.0000000280971371,-0.6427875757217407,1.2696753740310669,0.0000000000000000,1.0000000000000000,-0.0000000437113883,0.0000000201190957,0.6427875757217407,0.0000000334848664,0.7660444378852844,-0.8634255528450012,0.0000000000000000,0.0000000000000000,0.0000000000000000,1.0000000000000000
M 0.7660444378852844,-0.0000000280971371,-0.6427875757217407,1.2696753740310669,0.0000000000000000,1.0000000000000000,-0.0000000437113883,0.0000000201190957,0.6427875757217407,0.0000000334848664,0.7660444378852844,-0.8634255528450012,0.0000000000000000,0.0000000000000000,0.0000000000000000,1.0000000000000000
M 0.7660444378852844,-0.0000000280971371,-0.6427875757217407,1.2696753740310669,0.0000000000000000,1.0000000000000000,-0.0000000437113883,0.0000000201190957,0.6427875757217407,0.0000000334848664,0.7660444378852844,-0.8634255528450012,0.0000000000000000,0.0000000000000000,0.0000000000000000,1.0000000000000000
M 0.7660444378852844,-0.0000000280971371,-0.6427875757217407,1.2696753740310669,0.0000000000000000,1.0000000000000000,-0.0000000437113883,0.0000000201190957,0.6427875757217407,0.0000000334848664,0.7660444378852844,-0.8634255528450012,0.0000000000000000,0.0000000000000000,0.0000000000000000,1.0000000000000000
M 0.7660444378852844,-0.0000000280971371,-0.6427875757217407,1.2696753740310669,0.0000000000000000,1.0000000000000000,-0.0000000437113883,0.0000000201190957,0.6427875757217407,0.0000000334848664,0.7660444378852844,-0.8634255528450012,0.0000000000000000,0.0000000000000000,0.0000000000000000,1.0000000000000000
M 0.7660444378852844,-0.0000000280971371,-0.6427875757217407,1.2696753740310669,0.0000000000000000,1.0000000000000000,-0.0000000437113883,0.0000000201190957,0.6427875757217407,0.0000000334848664,0.7660444378852844,-0.8634255528450012,0.0000000000000000,0.0000000000000000,0.0000000000000000,1.0000000000000000
M 0.7660444378852844,-0.0000000280971371,-0.6427875757217407,1.2696753740310669,0.0000000000000000,1.0000000000000000,-0.0000000437113883,0.0000000201190957,0.6427875757217407,0.0000000334848664,0.7660444378852844,-0.8634255528450012,0.0000000000000000,0.0000000000000000,0.0000000000000000,1.0000000000000000
M 0.7660444378852844,-0.0000000280971371,-0.6427875757217407,1.2696753740310669,0.0000000000000000,1.0000000000000000,-0.0000000437113883,0.0000000201190957,0.6427875757217407,0.0000000334848664,0.7660444378852844,-0.8634255528450012,0.0000000000000000,0.0000000000000000,0.0000000000000000,1.0000000000000000
M 0.7660444378852844,-0.0000000280971371,-0.6427875757217407,1.2696753740310669,0.0000000000000000,1.0000000000000000,-0.0000000437113883,0.0000000201190957,0.6427875757217407,0.0000000334848664,0.7660444378852844,-0.8634255528450012,0.0000000000000000,0.0000000000000000,0.0000000000000000,1.0000000000000000
M 0.7660444378852844,-0.0000000280971371,-0.6427875757217407,1.2696753740310669,0.0000000000000000,1.0000000000000000,-0.0000000437113883,0.0000000201190957,0.6427875757217407,0.0000000334848664,0.7660444378852844,-0.8634255528450012,0.0000000000000000,0.0000000000000000,0.0000000000000000,1.0000000000000000
M 0.7660444378852844,-0.0000000280971371,-0.6427875757217407,1.2696753740310669,0.0000000000000000,1.0000000000000000,-0.0000000437113883,0.0000000201190957,0.6427875757217407,0.0000000334848664,0.7660444378852844,-0.8634255528450012,0.0000000000000000,0.0000000000000000,0.0000000000000000,1.0000000000000000
M 0.7660444378852844,-0.0000000280971371,-0.6427875757217407,1.2696753740310669,0.0000000000000000,1.0000000000000000,-0.0000000437113883,0.0000000201190957,0.6427875757217407,0.0000000334848664,0.7660444378852844,-0.8634255528450012,0.0000000000000000,0.0000000000000000,0.0000000000000000,1.0000000000000000
M 0.7660444378852844,-0.0000000280971371,-0.6427875757217407,1.2696753740310669,0.0000000000000000,1.0000000000000000,-0.0000000437113883,0.0000000201190957,0.6427875757217407,0.0000000334848664,0.7660444378852844,-0.8634255528450012,0.0000000000000000,0.0000000000000000,0.0000000000000000,1.0000000000000000
M 0.7660444378852844,-0.0000000280971371,-0.6427875757217407,1.2696753740310669,0.0000000000000000,1.0000000000000000,-0.0000000437113883,0.0000000201190957,0.6427875757217407,0.0000000334848664,0.7660444378852844,-0.8634255528450012,0.0000000000000000,0.0000000000000000,0.0000000000000000,1.0000000000000000
M 0.7660444378852844,-0.0000000280971371,-0.6427875757217407,1.2696753740310669,0.0000000000000000,1.0000000000000000,-0.0000000437113883,0.0000000201190957,0.6427875757217407,0.0000000334848664,0.7660444378852844,-0.8634255528450012,0.0000000000000000,0.0000000000000000,0.0000000000000000,1.0000000000000000
M 0.7660444378852844,-0.0000000280971371,-0.6427875757217407,1.2696753740310669,0.0000000000000000,1.0000000000000000,-0.0000000437113883,0.0000000201190957,0.6427875757217407,0.0000000334848664,0.7660444378852844,-0.8634255528450012,0.0000000000000000,0.0000000000000000,0.0000000000000000,1.0000000000000000
M 0.7660444378852844,-0.0000000280971371,-0.6427875757217407,1.2696753740310669,0.0000000000000000,1.0000000000000000,-0.0000000437113883,0.0000000201190957,0.6427875757217407,0.0000000334848664,0.7660444378852844,-0.8634255528450012,0.0000000000000000,0.0000000000000000,0.0000000000000000,1.0000000000000000
M 0.7660444378852844,-0.0000000280971371,-0.6427875757217407,1.2696753740310669,0.0000000000000000,1.0000000000000000,-0.0000000437113883,0.0000000201190957,0.6427875757217407,0.0000000334848664,0.7660444378852844,-0.8634255528450012,0.0000000000000000,0.0000000000000000,0.0000000000000000,1.0000000000000000
M 0.7660444378852844,-0.0000000280971371,-0.6427875757217407,1.2696753740310669,0.0000000000000000,1.0000000000000000,-0.0000000437113883,0.0000000201190957,0.6427875757217407,0.0000000334848664,0.7660444378852844,-0.8634255528450012,0.0000000000000000,0.0000000000000000,0.0000000000000000,1.0000000000000000
M 0.7660444378852844,-0.0000000280971371,-0.6427875757217407,1.2696753740310669,0.0000000000000000,1.0000000000000000,-0.0000000437113883,0.0000000201190957,0.6427875757217407,0.0000000334848664,0.7660444378852844,-0.8634255528450012,0.0000000000000000,0.0000000000000000,0.0000000000000000,1.0000000000000000
M 0.7660444378852844,-0.0000000280971371,-0.6427875757217407,1.2696753740310669,0.0000000000000000,1.0000000000000000,-0.0000000437113883,0.0000000201190957,0.6427875757217407,0.0000000334848664,0.7660444378852844,-0.8634255528450012,0.0000000000000000,0.0000000000000000,0.0000000000000000,1.0000000000000000
M 0.7660444378852844,-0.0000000280971371,-0.6427875757217407,1.2696753740310669,0.0000000000000000,1.0000000000000000,-0.0000000437113883,0.0000000201190957,0.6427875757217407,0.0000000334848664,0.7660444378852844,-0.8634255528450012,0.0000000000000000,0.0000000000000000,0.0000000000000000,1.0000000000000000
M 0.7660444378852844,-0.0000000280971371,-0.6427875757217407,1.2696753740310669,0.0000000000000000,1.0000000000000000,-0.0000000437113883,0.0000000201190957,0.6427875757217407,0.0000000334848664,0.7660444378852844,-0.8634255528450012,0.0000000000000000,0.0000000000000000,0.0000000000000000,1.0000000000000000
M 0.7660444378852844,-0.0000000280971371,-0.6427875757217407,1.2696753740310669,0.0000000000000000,1.0000000000000000,-0.0000000437113883,0.0000000201190957,0.6427875757217407,0.0000000334848664,0.7660444378852844,-0.8634255528450012,0.0000000000000000,0.0000000000000000,0.0000000000000000,1.0000000000000000
M 0.7660444378852844,-0.0000000280971371,-0.6427875757217407,1.2696753740310669,0.0000000000000000,1.0000000000000000,-0.0000000437113883,0.0000000201190957,0.6427875757217407,0.0000000334848664,0.7660444378852844,-0.8634255528450012,0.0000000000000000,0.0000000000000000,0.0000000000000000,1.0000000000000000
M 0.7660444378852844,-0.0000000280971371,-0.6427875757217407,1.2696753740310669,0.0000000000000000,1.0000000000000000,-0.0000000437113883,0.0000000201190957,0.6427875757217407,0.0000000334848664,0.7660444378852844,-0.8634255528450012,0.0000000000000000,0.0000000000000000,0.0000000000000000,1.0000000000000000
M 0.7660444378852844,-0.0000000280971371,-0.6427875757217407,1.2696753740310669,0.0000000000000000,1.0000000000000000,-0.0000000437113883,0.0000000201190957,0.6427875757217407,0.0000000334848664,0.7660444378852844,-0.8634255528450012,0.0000000000000000,0.0000000000000000,0.0000000000000000,1.0000000000000000
M 0.7660444378852844,-0.0000000280971371,-0.6427875757217407,1.2696753740310669,0.0000000000000000,1.0000000000000000,-0.0000000437113883,0.0000000201190957,0.6427875757217407,0.0000000334848664,0.7660444378852844,-0.8634255528450012,0.0000000000000000,0.0000000000000000,0.0000000000000000,1.0000000000000000
M 0.7660444378852844,-0.0000000280971371,-0.6427875757217407,1.2696753740310669,0.0000000000000000,1.0000000000000000,-0.0000000437113883,0.0000000201190957,0.6427875757217407,0.0000000334848664,0.7660444378852844,-0.8634255528450012,0.0000000000000000,0.0000000000000000,0.0000000000000000,1.0000000000000000
M 0.7660444378852844,-0.0000000280971371,-0.6427875757217407,1.2696753740310669,0.0000000000000000,1.0000000000000000,-0.0000000437113883,0.0000000201190957,0.6427875757217407,0.0000000334848664,0.7660444378852844,-0.8634255528450012,0.0000000000000000,0.0000000000000000,0.0000000000000000,1.0000000000000000
M 0.7660444378852844,-0.0000000280971371,-0.6427875757217407,1.2696753740310669,0.0000000000000000,1.0000000000000000,-0.0000000437113883,0.0000000201190957,0.6427875757217407,0.0000000334848664,0.7660444378852844,-0.8634255528450012,0.0000000000000000,0.0000000000000000,0.0000000000000000,1.0000000000000000
M 0.7660444378852844,-0.0000000280971371,-0.6427875757217407,1.2696753740310669,0.0000000000000000,1.0000000000000000,-0.0000000437113883,0.0000000201190957,0.6427875757217407,0.0000000334848664,0.7660444378852844,-0.8634255528450012,0.0000000000000000,0.0000000000000000,0.0000000000000000,1.0000000000000000
M 0.7660444378852844,-0.0000000280971371,-0.6427875757217407,1.2696753740310669,0.0000000000000000,1.0000000000000000,-0.0000000437113883,0.0000000201190957,0.6427875757217407,0.0000000334848664,0.7660444378852844,-0.8634255528450012,0.0000000000000000,0.0000000000000000,0.0000000000000000,1.0000000000000000
M 0.7660444378852844,-0.0000000280971371,-0.6427875757217407,1.2696753740310669,0.0000000000000000,1.0000000000000000,-0.0000000437113883,0.0000000201190957,0.6427875757217407,0.0000000334848664,0.7660444378852844,-0.8634255528450012,0.0000000000000000,0.0000000000000000,0.0000000000000000,1.0000000000000000
M 0.7660444378852844,-0.0000000280971371,-0.6427875757217407,1.2696753740310669,0.0000000000000000,1.0000000000000000,-0.0000000437113883,0.0000000201190957,0.6427875757217407,0.0000000334848664,0.7660444378852844,-0.8634255528450012,0.0000000000000000,0.0000000000000000,0.0000000000000000,1.0000000000000000
M 0.7660444378852844,-0.0000000280971371,-0.6427875757217407,1.2696753740310669,0.0000000000000000,1.0000000000000000,-0.0000000437113883,0.0000000201190957,0.6427875757217407,0.0000000334848664,0.7660444378852844,-0.8634255528450012,0.0000000000000000,0.0000000000000000,0.0000000000000000,1.0000000000000000
M 0.7660444378852844,-0.0000000280971371,-0.6427875757217407,1.2696753740310669,0.0000000000000000,1.0000000000000000,-0.0000000437113883,0.0000000201190957,0.6427875757217407,0.0000000334848664,0.7660444378852844,-0.8634255528450012,0.0000000000000000,0.0000000000000000,0.0000000000000000,1.0000000000000000
M 0.7660444378852844,-0.0000000280971371,-0.6427875757217407,1.2696753740310669,0.0000000000000000,1.0000000000000000,-0.0000000437113883,0.0000000201190957,0.6427875757217407,0.0000000334848664,0.7660444378852844,-0.8634255528450012,0.0000000000000000,0.0000000000000000,0.0000000000000000,1.0000000000000000
M 0.7660444378852844,-0.0000000280971371,-0.6427875757217407,1.2696753740310669,0.0000000000000000,1.0000000000000000,-0.0000000437113883,0.0000000201190957,0.6427875757217407,0.0000000334848664,0.7660444378852844,-0.8634255528450012,0.0000000000000000,0.0000000000000000,0.0000000000000000,1.0000000000000000
M 0.7660444378852844,-0.0000000280971371,-0.6427875757217407,1.2696753740310669,0.0000000000000000,1.0000000000000000,-0.0000000437113883,0.0000000201190957,0.6427875757217407,0.0000000334848664,0.7660444378852844,-0.8634255528450012,0.0000000000000000,0.0000000000000000,0.0000000000000000,1.0000000000000000
M 0.7660444378852844,-0.0000000280971371,-0.6427875757217407,1.2696753740310669,0.0000000000000000,1.0000000000000000,-0.0000000437113883,0.0000000201190957,0.6427875757217407,0.0000000334848664,0.7660444378852844,-0.8634255528450012,0.0000000000000000,0.0000000000000000,0.0000000000000000,1.0000000000000000
M 0.7660444378852844,-0.0000000280971371,-0.6427875757217407,1.2696753740310669,0.0000000000000000,1.0000000000000000,-0.0000000437113883,0.0000000201190957,0.6427875757217407,0.0000000334848664,0.7660444378852844,-0.8634255528450012,0.0000000000000000,0.0000000000000000,0.0000000000000000,1.0000000000000000
M 0.7660444378852844,-0.0000000280971371,-0.6427875757217407,1.2696753740310669,0.0000000000000000,1.0000000000000000,-0.0000000437113883,0.0000000201190957,0.6427875757217407,0.0000000334848664,0.7660444378852844,-0.8634255528450012,0.0000000000000000,0.0000000000000000,0.0000000000000000,1.0000000000000000
O DOOR_10_EXTERNAL_CG_dfmr
A DOOR_10_EXTERNAL_CG_dfmr_DOOR_10_EXTERNAL_CG_dfmr.002
M 1.0000000000000000,0.0000000000000000,0.0000000000000000,0.0000000000000000,0.0000000000000000,1.0000000000000000,-0.0000000437113883,0.0000000000000000,-0.0000000000000000,0.0000000437113883,1.0000000000000000,-0.0000000000000000,0.0000000000000000,0.0000000000000000,0.0000000000000000,1.0000000000000000
M 1.0000000000000000,0.0000000000000000,0.0000000000000000,-0.0002542978327256,0.0000000000000000,1.0000000000000000,-0.0000000437113883,0.0000000000000000,-0.0000000000000000,0.0000000437113883,1.0000000000000000,0.0004356472345535,0.0000000000000000,0.0000000000000000,0.0000000000000000,1.0000000000000000
M 1.0000000000000000,0.0000000000000000,0.0000000000000000,-0.0010063429363072,0.0000000000000000,1.0000000000000000,-0.0000000437113883,0.0000000000000000,-0.0000000000000000,0.0000000437113883,1.0000000000000000,0.0017015867633745,0.0000000000000000,0.0000000000000000,0.0000000000000000,1.0000000000000000
M 1.0000000000000000,0.0000000000000000,0.0000000000000000,-0.0022398631554097,0.0000000000000000,1.0000000000000000,-0.0000000437113883,0.0000000000000000,-0.0000000000000000,0.0000000437113883,1.0000000000000000,0.0037363159935921,0.0000000000000000,0.0000000000000000,0.0000000000000000,1.0000000000000000
M 1.0000000000000000,0.0000000000000000,0.0000000000000000,-0.0039385845884681,0.0000000000000000,1.0000000000000000,-0.0000000437113883,0.0000000000000000,-0.0000000000000000,0.0000000437113883,1.0000000000000000,0.0064783305861056,0.0000000000000000,0.0000000000000000,0.0000000000000000,1.0000000000000000
M 1.0000000000000000,0.0000000000000000,0.0000000000000000,-0.0060862367972732,0.0000000000000000,1.0000000000000000,-0.0000000437113883,0.0000000000000000,-0.0000000000000000,0.0000000437113883,1.0000000000000000,0.0098661277443171,0.0000000000000000,0.0000000000000000,0.0000000000000000,1.0000000000000000
M 1.0000000000000000,0.0000000000000000,0.0000000000000000,-0.0086665460839868,0.0000000000000000,1.0000000000000000,-0.0000000437113883,0.0000000000000000,-0.0000000000000000,0.0000000437113883,1.0000000000000000,0.0138382073491812,0.0000000000000000,0.0000000000000000,0.0000000000000000,1.0000000000000000
M 1.0000000000000000,0.0000000000000000,0.0000000000000000,-0.0116632385179400,0.0000000000000000,1.0000000000000000,-0.0000000437113883,0.0000000000000000,-0.0000000000000000,0.0000000437113883,1.0000000000000000,0.0183330625295639,0.0000000000000000,0.0000000000000000,0.0000000000000000,1.0000000000000000
