O DOOR_15_Arm_INTERIOR_LCG_il_LINVERT
A DOOR_15_Arm_INTERIOR_LCG_il_LINVERT_DOOR_15_Arm_INTERIOR_LCG_il_LINVERT
M 1.0000000000000000,0.0000000000000000,0.0000000000000000,0.0000000000000000,0.0000000000000000,1.0000000000000000,-0.0000000437113883,0.0000000201202823,-0.0000000000000000,0.0000000437113883,1.0000000000000000,-0.0000000335421078,0.0000000000000000,0.0000000000000000,0.0000000000000000,1.0000000000000000
M 0.9999984502792358,-0.0000000000776417,-0.0017762349452823,0.0023417517077178,0.0000000000000000,1.0000000000000000,-0.0000000437113883,0.0000000201202823,0.0017762349452823,0.0000000437113279,0.9999984502792358,-0.0122208073735237,0.0000000000000000,0.0000000000000000,0.0000000000000000,1.0000000000000000
M 0.9999757409095764,-0.0000000003043532,-0.0069627882912755,0.0093053681775928,0.0000000000000000,1.0000000000000000,-0.0000000437113883,0.0000000201202823,0.0069627882912755,0.0000000437103296,0.9999757409095764,-0.0478812195360661,0.0000000000000000,0.0000000000000000,0.0000000000000000,1.0000000000000000
M 0.9998822212219238,-0.0000000006707983,-0.0153460754081607,0.0209519416093826,0.0000000000000000,1.0000000000000000,-0.0000000437113883,0.0000000201202823,0.0153460754081607,0.0000000437062404,0.9998822212219238,-0.1054463237524033,0.0000000000000000,0.0000000000000000,0.0000000000000000,1.0000000000000000
M 0.9996432065963745,-0.0000000011675928,-0.0267114099115133,0.0375132523477077,0.0000000000000000,1.0000000000000000,-0.0000000437113883,0.0000000201202823,0.0267114099115133,0.0000000436957990,0.9996432065963745,-0.1833409219980240,0.0000000000000000,0.0000000000000000,0.0000000000000000,1.0000000000000000
M 0.9991655945777893,-0.0000000017852629,-0.0408420562744141,0.0593457147479057,0.0000000000000000,1.0000000000000000,-0.0000000437113883,0.0000000201202823,0.0408420562744141,0.0000000436749161,0.9991655945777893,-0.2799511849880219,0.0000000000000000,0.0000000000000000,0.0000000000000000,1.0000000000000000
M 0.9983444809913635,-0.0000000025142037,-0.0575182661414146,0.0868833214044571,0.0000000000000000,1.0000000000000000,-0.0000000437113883,0.0000000201202823,0.0575182661414146,0.0000000436390231,0.9983444809913635,-0.3936274945735931,0.0000000000000000,0.0000000000000000,0.0000000000000000,1.0000000000000000
M 0.9970683455467224,-0.0000000033446386,-0.0765164121985435,0.1205993145704269,0.0000000000000000,1.0000000000000000,-0.0000000437113883,0.0000000201202823,0.0765164121985435,0.0000000435832419,0.9970683455467224,-0.5226845145225525,0.0000000000000000,0.0000000000000000,0.0000000000000000,1.0000000000000000
M 0.9952248930931091,-0.0000000042665969,-0.0976083502173424,0.1609672158956528,0.0000000000000000,1.0000000000000000,-0.0000000437113883,0.0000000201202823,0.0976083502173424,0.0000000435026628,0.9952248930931091,-0.6654049158096313,0.0000000000000000,0.0000000000000000,0.0000000000000000,1.0000000000000000
M 0.9927059412002563,-0.0000000052698921,-0.1205610781908035,0.2084255814552307,0.0000000000000000,1.0000000000000000,-0.0000000437113883,0.0000000201202823,0.1205610781908035,0.0000000433925607,0.9927059412002563,-0.8200434446334839,0.0000000000000000,0.0000000000000000,0.0000000000000000,1.0000000000000000
M 0.9894115924835205,-0.0000000063441359,-0.1451368927955627,0.2633504867553711,0.0000000000000000,1.0000000000000000,-0.0000000437113883,0.0000000201202823,0.1451368927955627,0.0000000432485550,0.9894115924835205,-0.9848330616950989,0.0000000000000000,0.0000000000000000,0.0000000000000000,1.0000000000000000
M 0.9852547645568848,-0.0000000074787430,-0.1710936874151230,0.3260221183300018,0.0000000000000000,1.0000000000000000,-0.0000000437113883,0.0000000201202823,0.1710936874151230,0.0000000430668550,0.9852547645568848,-1.1579937934875488,0.0000000000000000,0.0000000000000000,0.0000000000000000,1.0000000000000000
M 0.9801644682884216,-0.0000000086629806,-0.1981858909130096,0.3966078758239746,0.0000000000000000,1.0000000000000000,-0.0000000437113883,0.0000000201202823,0.1981858909130096,0.0000000428443556,0.9801644682884216,-1.3377423286437988,0.0000000000000000,0.0000000000000000,0.0000000000000000,1.0000000000000000
M 0.9740887880325317,-0.0000000098860236,-0.2261658459901810,0.4751394391059875,0.0000000000000000,1.0000000000000000,-0.0000000437113883,0.0000000201202823,0.2261658459901810,0.0000000425787725,0.9740887880325317,-1.5223065614700317,0.0000000000000000,0.0000000000000000,0.0000000000000000,1.0000000000000000
M 0.9669977426528931,-0.0000000111370024,-0.2547848820686340,0.5614969134330750,0.0000000000000000,1.0000000000000000,-0.0000000437113883,0.0000000201202823,0.2547848820686340,0.0000000422688125,0.9669977426528931,-1.7099359035491943,0.0000000000000000,0.0000000000000000,0.0000000000000000,1.0000000000000000
M 0.9588847756385803,-0.0000000124050992,-0.2837955951690674,0.6554003357887268,0.0000000000000000,1.0000000000000000,-0.0000000437113883,0.0000000201202823,0.2837955951690674,0.0000000419141841,0.9588847756385803,-1.8989191055297852,0.0000000000000000,0.0000000000000000,0.0000000000000000,1.0000000000000000
M 0.9497683644294739,-0.0000000136796441,-0.3129537701606750,0.7564023137092590,0.0000000000000000,1.0000000000000000,-0.0000000437113883,0.0000000201202823,0.3129537701606750,0.0000000415157011,0.9497683644294739,-2.0876002311706543,0.0000000000000000,0.0000000000000000,0.0000000000000000,1.0000000000000000
M 0.9396926164627075,-0.0000000149501744,-0.3420201241970062,0.8638852238655090,0.0000000000000000,1.0000000000000000,-0.0000000437113883,0.0000000201202823,0.3420201241970062,0.0000000410752676,0.9396926164627075,-2.2743902206420898,0.0000000000000000,0.0000000000000000,0.0000000000000000,1.0000000000000000
M 0.9287276268005371,-0.0000000162065579,-0.3707627952098846,0.9770629405975342,0.0000000000000000,1.0000000000000000,-0.0000000437113883,0.0000000201202823,0.3707627952098846,0.0000000405959817,0.9287276268005371,-2.4577858448028564,0.0000000000000000,0.0000000000000000,0.0000000000000000,1.0000000000000000
M 0.9169687032699585,-0.0000000174390600,-0.3989591896533966,1.0949863195419312,0.0000000000000000,1.0000000000000000,-0.0000000437113883,0.0000000201202823,0.3989591896533966,0.0000000400819822,0.9169687032699585,-2.6363804340362549,0.0000000000000000,0.0000000000000000,0.0000000000000000,1.0000000000000000
M 0.9045358300209045,-0.0000000186384312,-0.4263976216316223,1.2165527343750000,0.0000000000000000,1.0000000000000000,-0.0000000437113883,0.0000000201202823,0.4263976216316223,0.0000000395385165,0.9045358300209045,-2.8088746070861816,0.0000000000000000,0.0000000000000000,0.0000000000000000,1.0000000000000000
M 0.8915719389915466,-0.0000000197959746,-0.4528791010379791,1.3405175209045410,0.0000000000000000,1.0000000000000000,-0.0000000437113883,0.0000000201202823,0.4528791010379791,0.0000000389718480,0.8915719389915466,-2.9740867614746094,0.0000000000000000,0.0000000000000000,0.0000000000000000,1.0000000000000000
M 0.8782410025596619,-0.0000000209035864,-0.4782183170318604,1.4655085802078247,0.0000000000000000,1.0000000000000000,-0.0000000437113883,0.0000000201202823,0.4782183170318604,0.0000000383891390,0.8782410025596619,-3.1309571266174316,0.0000000000000000,0.0000000000000000,0.0000000000000000,1.0000000000000000
M 0.8647258877754211,-0.0000000219537881,-0.5022441148757935,1.5900436639785767,0.0000000000000000,1.0000000000000000,-0.0000000437113883,0.0000000201202823,0.5022441148757935,0.0000000377983689,0.8647258877754211,-3.2785472869873047,0.0000000000000000,0.0000000000000000,0.0000000000000000,1.0000000000000000
M 0.8512254953384399,-0.0000000229397461,-0.5248001217842102,1.7125480175018311,0.0000000000000000,1.0000000000000000,-0.0000000437113883,0.0000000201202823,0.5248001217842102,0.0000000372082560,0.8512254953384399,-3.4160428047180176,0.0000000000000000,0.0000000000000000,0.0000000000000000,1.0000000000000000
M 0.8379520773887634,-0.0000000238552200,-0.5457438230514526,1.8313742876052856,0.0000000000000000,1.0000000000000000,-0.0000000437113883,0.0000000201202823,0.5457438230514526,0.0000000366280482,0.8379520773887634,-3.5427417755126953,0.0000000000000000,0.0000000000000000,0.0000000000000000,1.0000000000000000
M 0.8251278996467590,-0.0000000246945717,-0.5649459362030029,1.9448233842849731,0.0000000000000000,1.0000000000000000,-0.0000000437113883,0.0000000201202823,0.5649459362030029,0.0000000360674868,0.8251278996467590,-3.6580457687377930,0.0000000000000000,0.0000000000000000,0.0000000000000000,1.0000000000000000
M 0.8129824995994568,-0.0000000254526231,-0.5822881460189819,2.0511608123779297,0.0000000000000000,1.0000000000000000,-0.0000000437113883,0.0000000201202823,0.5822881460189819,0.0000000355365941,0.8129824995994568,-3.7614424228668213,0.0000000000000000,0.0000000000000000,0.0000000000000000,1.0000000000000000
M 0.8017482757568359,-0.0000000261246331,-0.5976618528366089,2.1486446857452393,0.0000000000000000,1.0000000000000000,-0.0000000437113883,0.0000000201202823,0.5976618528366089,0.0000000350455309,0.8017482757568359,-3.8524889945983887,0.0000000000000000,0.0000000000000000,0.0000000000000000,1.0000000000000000
M 0.7916581034660339,-0.0000000267061004,-0.6109643578529358,2.2355370521545410,0.0000000000000000,1.0000000000000000,-0.0000000437113883,0.0000000201202823,0.6109643578529358,0.0000000346044757,0.7916581034660339,-3.9307842254638672,0.0000000000000000,0.0000000000000000,0.0000000000000000,1.0000000000000000
M 0.7829409241676331,-0.0000000271926854,-0.6220960617065430,2.3101327419281006,0.0000000000000000,1.0000000000000000,-0.0000000437113883,0.0000000201202823,0.6220960617065430,0.0000000342234330,0.7829409241676331,-3.9959437847137451,0.0000000000000000,0.0000000000000000,0.0000000000000000,1.0000000000000000
M 0.7758184671401978,-0.0000000275799739,-0.6309561729431152,2.3707730770111084,0.0000000000000000,1.0000000000000000,-0.0000000437113883,0.0000000201202823,0.6309561729431152,0.0000000339121016,0.7758184671401978,-4.0475645065307617,0.0000000000000000,0.0000000000000000,0.0000000000000000,1.0000000000000000
M 0.7705014944076538,-0.0000000278633081,-0.6374381780624390,2.4158682823181152,0.0000000000000000,1.0000000000000000,-0.0000000437113883,0.0000000201202823,0.6374381780624390,0.0000000336796901,0.7705014944076538,-4.0851907730102539,0.0000000000000000,0.0000000000000000,0.0000000000000000,1.0000000000000000
M 0.7671849727630615,-0.0000000280376167,-0.6414259076118469,2.4439239501953125,0.0000000000000000,1.0000000000000000,-0.0000000437113883,0.0000000201202823,0.6414259076118469,0.0000000335347217,0.7671849727630615,-4.1082787513732910,0.0000000000000000,0.0000000000000000,0.0000000000000000,1.0000000000000000
M 0.7660444378852844,-0.0000000280971371,-0.6427875757217407,2.4535593986511230,0.0000000000000000,1.0000000000000000,-0.0000000437113883,0.0000000201202823,0.6427875757217407,0.0000000334848664,0.7660444378852844,-4.1161518096923828,0.0000000000000000,0.0000000000000000,0.0000000000000000,1.0000000000000000
M 0.7660444378852844,-0.0000000280971371,-0.6427875757217407,2.4535593986511230,0.0000000000000000,1.0000000000000000,-0.0000000437113883,0.0000000201202823,0.6427875757217407,0.0000000334848664,0.7660444378852844,-4.1161518096923828,0.0000000000000000,0.0000000000000000,0.0000000000000000,1.0000000000000000
M 0.7660444378852844,-0.0000000280971371,-0.6427875757217407,2.4535593986511230,0.0000000000000000,1.0000000000000000,-0.0000000437113883,0.0000000201202823,0.6427875757217407,0.0000000334848664,0.7660444378852844,-4.1161518096923828,0.0000000000000000,0.0000000000000000,0.0000000000000000,1.0000000000000000
M 0.7660444378852844,-0.0000000280971371,-0.6427875757217407,2.4535593986511230,0.0000000000000000,1.0000000000000000,-0.0000000437113883,0.0000000201202823,0.6427875757217407,0.0000000334848664,0.7660444378852844,-4.1161518096923828,0.0000000000000000,0.0000000000000000,0.0000000000000000,1.0000000000000000
M 0.7660444378852844,-0.0000000280971371,-0.6427875757217407,2.4535593986511230,0.0000000000000000,1.0000000000000000,-0.0000000437113883,0.0000000201202823,0.6427875757217407,0.0000000334848664,0.7660444378852844,-4.1161518096923828,0.0000000000000000,0.0000000000000000,0.0000000000000000,1.0000000000000000
M 0.7660444378852844,-0.0000000280971371,-0.6427875757217407,2.4535593986511230,0.0000000000000000,1.0000000000000000,-0.0000000437113883,0.0000000201202823,0.6427875757217407,0.0000000334848664,0.7660444378852844,-4.1161518096923828,0.0000000000000000,0.0000000000000000,0.0000000000000000,1.0000000000000000
M 0.7660444378852844,-0.0000000280971371,-0.6427875757217407,2.4535593986511230,0.0000000000000000,1.0000000000000000,-0.0000000437113883,0.0000000201202823,0.6427875757217407,0.0000000334848664,0.7660444378852844,-4.1161518096923828,0.0000000000000000,0.0000000000000000,0.0000000000000000,1.0000000000000000
M 0.7660444378852844,-0.0000000280971371,-0.6427875757217407,2.4535593986511230,0.0000000000000000,1.0000000000000000,-0.0000000437113883,0.0000000201202823,0.6427875757217407,0.0000000334848664,0.7660444378852844,-4.1161518096923828,0.0000000000000000,0.0000000000000000,0.0000000000000000,1.0000000000000000
M 0.7660444378852844,-0.0000000280971371,-0.6427875757217407,2.4535593986511230,0.0000000000000000,1.0000000000000000,-0.0000000437113883,0.0000000201202823,0.6427875757217407,0.0000000334848664,0.7660444378852844,-4.1161518096923828,0.0000000000000000,0.0000000000000000,0.0000000000000000,1.0000000000000000
M 0.7660444378852844,-0.0000000280971371,-0.6427875757217407,2.4535593986511230,0.0000000000000000,1.0000000000000000,-0.0000000437113883,0.0000000201202823,0.6427875757217407,0.0000000334848664,0.7660444378852844,-4.1161518096923828,0.0000000000000000,0.0000000000000000,0.0000000000000000,1.0000000000000000
M 0.7660444378852844,-0.0000000280971371,-0.6427875757217407,2.4535593986511230,0.0000000000000000,1.0000000000000000,-0.0000000437113883,0.0000000201202823,0.6427875757217407,0.0000000334848664,0.7660444378852844,-4.1161518096923828,0.0000000000000000,0.0000000000000000,0.0000000000000000,1.0000000000000000
M 0.7660444378852844,-0.0000000280971371,-0.6427875757217407,2.4535593986511230,0.0000000000000000,1.0000000000000000,-0.0000000437113883,0.0000000201202823,0.6427875757217407,0.0000000334848664,0.7660444378852844,-4.1161518096923828,0.0000000000000000,0.0000000000000000,0.0000000000000000,1.0000000000000000
M 0.7660444378852844,-0.0000000280971371,-0.6427875757217407,2.4535593986511230,0.0000000000000000,1.0000000000000000,-0.0000000437113883,0.0000000201202823,0.6427875757217407,0.0000000334848664,0.7660444378852844,-4.1161518096923828,0.0000000000000000,0.0000000000000000,0.0000000000000000,1.0000000000000000
M 0.7660444378852844,-0.0000000280971371,-0.6427875757217407,2.4535593986511230,0.0000000000000000,1.0000000000000000,-0.0000000437113883,0.0000000201202823,0.6427875757217407,0.0000000334848664,0.7660444378852844,-4.1161518096923828,0.0000000000000000,0.0000000000000000,0.0000000000000000,1.0000000000000000
M 0.7660444378852844,-0.0000000280971371,-0.6427875757217407,2.4535593986511230,0.0000000000000000,1.0000000000000000,-0.0000000437113883,0.0000000201202823,0.6427875757217407,0.0000000334848664,0.7660444378852844,-4.1161518096923828,0.0000000000000000,0.0000000000000000,0.0000000000000000,1.0000000000000000
M 0.7660444378852844,-0.0000000280971371,-0.6427875757217407,2.4535593986511230,0.0000000000000000,1.0000000000000000,-0.0000000437113883,0.0000000201202823,0.6427875757217407,0.0000000334848664,0.7660444378852844,-4.1161518096923828,0.0000000000000000,0.0000000000000000,0.0000000000000000,1.0000000000000000
M 0.7660444378852844,-0.0000000280971371,-0.6427875757217407,2.4535593986511230,0.0000000000000000,1.0000000000000000,-0.0000000437113883,0.0000000201202823,0.6427875757217407,0.0000000334848664,0.7660444378852844,-4.1161518096923828,0.0000000000000000,0.0000000000000000,0.0000000000000000,1.0000000000000000
M 0.7660444378852844,-0.0000000280971371,-0.6427875757217407,2.4535593986511230,0.0000000000000000,1.0000000000000000,-0.0000000437113883,0.0000000201202823,0.6427875757217407,0.0000000334848664,0.7660444378852844,-4.1161518096923828,0.0000000000000000,0.0000000000000000,0.0000000000000000,1.0000000000000000
M 0.7660444378852844,-0.0000000280971371,-0.6427875757217407,2.4535593986511230,0.0000000000000000,1.0000000000000000,-0.0000000437113883,0.0000000201202823,0.6427875757217407,0.0000000334848664,0.7660444378852844,-4.1161518096923828,0.0000000000000000,0.0000000000000000,0.0000000000000000,1.0000000000000000
M 0.7660444378852844,-0.0000000280971371,-0.6427875757217407,2.4535593986511230,0.0000000000000000,1.0000000000000000,-0.0000000437113883,0.0000000201202823,0.6427875757217407,0.0000000334848664,0.7660444378852844,-4.1161518096923828,0.0000000000000000,0.0000000000000000,0.0000000000000000,1.0000000000000000
M 0.7660444378852844,-0.0000000280971371,-0.6427875757217407,2.4535593986511230,0.0000000000000000,1.0000000000000000,-0.0000000437113883,0.0000000201202823,0.6427875757217407,0.0000000334848664,0.7660444378852844,-4.1161518096923828,0.0000000000000000,0.0000000000000000,0.0000000000000000,1.0000000000000000
M 0.7660444378852844,-0.0000000280971371,-0.6427875757217407,2.4535593986511230,0.0000000000000000,1.0000000000000000,-0.0000000437113883,0.0000000201202823,0.6427875757217407,0.0000000334848664,0.7660444378852844,-4.1161518096923828,0.0000000000000000,0.0000000000000000,0.0000000000000000,1.0000000000000000
M 0.7660444378852844,-0.0000000280971371,-0.6427875757217407,2.4535593986511230,0.0000000000000000,1.0000000000000000,-0.0000000437113883,0.0000000201202823,0.6427875757217407,0.0000000334848664,0.7660444378852844,-4.1161518096923828,0.0000000000000000,0.0000000000000000,0.0000000000000000,1.0000000000000000
M 0.7660444378852844,-0.0000000280971371,-0.6427875757217407,2.4535593986511230,0.0000000000000000,1.0000000000000000,-0.0000000437113883,0.0000000201202823,0.6427875757217407,0.0000000334848664,0.7660444378852844,-4.1161518096923828,0.0000000000000000,0.0000000000000000,0.0000000000000000,1.0000000000000000
M 0.7660444378852844,-0.0000000280971371,-0.6427875757217407,2.4535593986511230,0.0000000000000000,1.0000000000000000,-0.0000000437113883,0.0000000201202823,0.6427875757217407,0.0000000334848664,0.7660444378852844,-4.1161518096923828,0.0000000000000000,0.0000000000000000,0.0000000000000000,1.0000000000000000
M 0.7660444378852844,-0.0000000280971371,-0.6427875757217407,2.4535593986511230,0.0000000000000000,1.0000000000000000,-0.0000000437113883,0.0000000201202823,0.6427875757217407,0.0000000334848664,0.7660444378852844,-4.1161518096923828,0.0000000000000000,0.0000000000000000,0.0000000000000000,1.0000000000000000
M 0.7660444378852844,-0.0000000280971371,-0.6427875757217407,2.4535593986511230,0.0000000000000000,1.0000000000000000,-0.0000000437113883,0.0000000201202823,0.6427875757217407,0.0000000334848664,0.7660444378852844,-4.1161518096923828,0.0000000000000000,0.0000000000000000,0.0000000000000000,1.0000000000000000
M 0.7660444378852844,-0.0000000280971371,-0.6427875757217407,2.4535593986511230,0.0000000000000000,1.0000000000000000,-0.0000000437113883,0.0000000201202823,0.6427875757217407,0.0000000334848664,0.7660444378852844,-4.1161518096923828,0.0000000000000000,0.0000000000000000,0.0000000000000000,1.0000000000000000
M 0.7660444378852844,-0.0000000280971371,-0.6427875757217407,2.4535593986511230,0.0000000000000000,1.0000000000000000,-0.0000000437113883,0.0000000201202823,0.6427875757217407,0.0000000334848664,0.7660444378852844,-4.1161518096923828,0.0000000000000000,0.0000000000000000,0.0000000000000000,1.0000000000000000
M 0.7660444378852844,-0.0000000280971371,-0.6427875757217407,2.4535593986511230,0.0000000000000000,1.0000000000000000,-0.0000000437113883,0.0000000201202823,0.6427875757217407,0.0000000334848664,0.7660444378852844,-4.1161518096923828,0.0000000000000000,0.0000000000000000,0.0000000000000000,1.0000000000000000
M 0.7660444378852844,-0.0000000280971371,-0.6427875757217407,2.4535593986511230,0.0000000000000000,1.0000000000000000,-0.0000000437113883,0.0000000201202823,0.6427875757217407,0.0000000334848664,0.7660444378852844,-4.1161518096923828,0.0000000000000000,0.0000000000000000,0.0000000000000000,1.0000000000000000
M 0.7660444378852844,-0.0000000280971371,-0.6427875757217407,2.4535593986511230,0.0000000000000000,1.0000000000000000,-0.0000000437113883,0.0000000201202823,0.6427875757217407,0.0000000334848664,0.7660444378852844,-4.1161518096923828,0.0000000000000000,0.0000000000000000,0.0000000000000000,1.0000000000000000
M 0.7660444378852844,-0.0000000280971371,-0.6427875757217407,2.4535593986511230,0.0000000000000000,1.0000000000000000,-0.0000000437113883,0.0000000201202823,0.6427875757217407,0.0000000334848664,0.7660444378852844,-4.1161518096923828,0.0000000000000000,0.0000000000000000,0.0000000000000000,1.0000000000000000
M 0.7660444378852844,-0.0000000280971371,-0.6427875757217407,2.4535593986511230,0.0000000000000000,1.0000000000000000,-0.0000000437113883,0.0000000201202823,0.6427875757217407,0.0000000334848664,0.7660444378852844,-4.1161518096923828,0.0000000000000000,0.0000000000000000,0.0000000000000000,1.0000000000000000
M 0.7660444378852844,-0.0000000280971371,-0.6427875757217407,2.4535593986511230,0.0000000000000000,1.0000000000000000,-0.0000000437113883,0.0000000201202823,0.6427875757217407,0.0000000334848664,0.7660444378852844,-4.1161518096923828,0.0000000000000000,0.0000000000000000,0.0000000000000000,1.0000000000000000
M 0.7660444378852844,-0.0000000280971371,-0.6427875757217407,2.4535593986511230,0.0000000000000000,1.0000000000000000,-0.0000000437113883,0.0000000201202823,0.6427875757217407,0.0000000334848664,0.7660444378852844,-4.1161518096923828,0.0000000000000000,0.0000000000000000,0.0000000000000000,1.0000000000000000
M 0.7660444378852844,-0.0000000280971371,-0.6427875757217407,2.4535593986511230,0.0000000000000000,1.0000000000000000,-0.0000000437113883,0.0000000201202823,0.6427875757217407,0.0000000334848664,0.7660444378852844,-4.1161518096923828,0.0000000000000000,0.0000000000000000,0.0000000000000000,1.0000000000000000
M 0.7660444378852844,-0.0000000280971371,-0.6427875757217407,2.4535593986511230,0.0000000000000000,1.0000000000000000,-0.0000000437113883,0.0000000201202823,0.6427875757217407,0.0000000334848664,0.7660444378852844,-4.1161518096923828,0.0000000000000000,0.0000000000000000,0.0000000000000000,1.0000000000000000
M 0.7660444378852844,-0.0000000280971371,-0.6427875757217407,2.4535593986511230,0.0000000000000000,1.0000000000000000,-0.0000000437113883,0.0000000201202823,0.6427875757217407,0.0000000334848664,0.7660444378852844,-4.1161518096923828,0.0000000000000000,0.0000000000000000,0.0000000000000000,1.0000000000000000
M 0.7660444378852844,-0.0000000280971371,-0.6427875757217407,2.4535593986511230,0.0000000000000000,1.0000000000000000,-0.0000000437113883,0.0000000201202823,0.6427875757217407,0.0000000334848664,0.7660444378852844,-4.1161518096923828,0.0000000000000000,0.0000000000000000,0.0000000000000000,1.0000000000000000
M 0.7660444378852844,-0.0000000280971371,-0.6427875757217407,2.4535593986511230,0.0000000000000000,1.0000000000000000,-0.0000000437113883,0.0000000201202823,0.6427875757217407,0.0000000334848664,0.7660444378852844,-4.1161518096923828,0.0000000000000000,0.0000000000000000,0.0000000000000000,1.0000000000000000
M 0.7660444378852844,-0.0000000280971371,-0.6427875757217407,2.4535593986511230,0.0000000000000000,1.0000000000000000,-0.0000000437113883,0.0000000201202823,0.6427875757217407,0.0000000334848664,0.7660444378852844,-4.1161518096923828,0.0000000000000000,0.0000000000000000,0.0000000000000000,1.0000000000000000
M 0.7660444378852844,-0.0000000280971371,-0.6427875757217407,2.4535593986511230,0.0000000000000000,1.0000000000000000,-0.0000000437113883,0.0000000201202823,0.6427875757217407,0.0000000334848664,0.7660444378852844,-4.1161518096923828,0.0000000000000000,0.0000000000000000,0.0000000000000000,1.0000000000000000
M 0.7660444378852844,-0.0000000280971371,-0.6427875757217407,2.4535593986511230,0.0000000000000000,1.0000000000000000,-0.0000000437113883,0.0000000201202823,0.6427875757217407,0.0000000334848664,0.7660444378852844,-4.1161518096923828,0.0000000000000000,0.0000000000000000,0.0000000000000000,1.0000000000000000
M 0.7660444378852844,-0.0000000280971371,-0.6427875757217407,2.4535593986511230,0.0000000000000000,1.0000000000000000,-0.0000000437113883,0.0000000201202823,0.6427875757217407,0.0000000334848664,0.7660444378852844,-4.1161518096923828,0.0000000000000000,0.0000000000000000,0.0000000000000000,1.0000000000000000
M 0.7660444378852844,-0.0000000280971371,-0.6427875757217407,2.4535593986511230,0.0000000000000000,1.0000000000000000,-0.0000000437113883,0.0000000201202823,0.6427875757217407,0.0000000334848664,0.7660444378852844,-4.1161518096923828,0.0000000000000000,0.0000000000000000,0.0000000000000000,1.0000000000000000
M 0.7660444378852844,-0.0000000280971371,-0.6427875757217407,2.4535593986511230,0.0000000000000000,1.0000000000000000,-0.0000000437113883,0.0000000201202823,0.6427875757217407,0.0000000334848664,0.7660444378852844,-4.1161518096923828,0.0000000000000000,0.0000000000000000,0.0000000000000000,1.0000000000000000
M 0.7660444378852844,-0.0000000280971371,-0.6427875757217407,2.4535593986511230,0.0000000000000000,1.0000000000000000,-0.0000000437113883,0.0000000201202823,0.6427875757217407,0.0000000334848664,0.7660444378852844,-4.1161518096923828,0.0000000000000000,0.0000000000000000,0.0000000000000000,1.0000000000000000
M 0.7660444378852844,-0.0000000280971371,-0.6427875757217407,2.4535593986511230,0.0000000000000000,1.0000000000000000,-0.0000000437113883,0.0000000201202823,0.6427875757217407,0.0000000334848664,0.7660444378852844,-4.1161518096923828,0.0000000000000000,0.0000000000000000,0.0000000000000000,1.0000000000000000
M 0.7660444378852844,-0.0000000280971371,-0.6427875757217407,2.4535593986511230,0.0000000000000000,1.0000000000000000,-0.0000000437113883,0.0000000201202823,0.6427875757217407,0.0000000334848664,0.7660444378852844,-4.1161518096923828,0.0000000000000000,0.0000000000000000,0.0000000000000000,1.0000000000000000
M 0.7660444378852844,-0.0000000280971371,-0.6427875757217407,2.4535593986511230,0.0000000000000000,1.0000000000000000,-0.0000000437113883,0.0000000201202823,0.6427875757217407,0.0000000334848664,0.7660444378852844,-4.1161518096923828,0.0000000000000000,0.0000000000000000,0.0000000000000000,1.0000000000000000
M 0.7660444378852844,-0.0000000280971371,-0.6427875757217407,2.4535593986511230,0.0000000000000000,1.0000000000000000,-0.0000000437113883,0.0000000201202823,0.6427875757217407,0.0000000334848664,0.7660444378852844,-4.1161518096923828,0.0000000000000000,0.0000000000000000,0.0000000000000000,1.0000000000000000
M 0.7660444378852844,-0.0000000280971371,-0.6427875757217407,2.4535593986511230,0.0000000000000000,1.0000000000000000,-0.0000000437113883,0.0000000201202823,0.6427875757217407,0.0000000334848664,0.7660444378852844,-4.1161518096923828,0.0000000000000000,0.0000000000000000,0.0000000000000000,1.0000000000000000
M 0.7660444378852844,-0.0000000280971371,-0.6427875757217407,2.4535593986511230,0.0000000000000000,1.0000000000000000,-0.0000000437113883,0.0000000201202823,0.6427875757217407,0.0000000334848664,0.7660444378852844,-4.1161518096923828,0.0000000000000000,0.0000000000000000,0.0000000000000000,1.0000000000000000
M 0.7660444378852844,-0.0000000280971371,-0.6427875757217407,2.4535593986511230,0.0000000000000000,1.0000000000000000,-0.0000000437113883,0.0000000201202823,0.6427875757217407,0.0000000334848664,0.7660444378852844,-4.1161518096923828,0.0000000000000000,0.0000000000000000,0.0000000000000000,1.0000000000000000
M 0.7660444378852844,-0.0000000280971371,-0.6427875757217407,2.4535593986511230,0.0000000000000000,1.0000000000000000,-0.0000000437113883,0.0000000201202823,0.6427875757217407,0.0000000334848664,0.7660444378852844,-4.1161518096923828,0.0000000000000000,0.0000000000000000,0.0000000000000000,1.0000000000000000
M 0.7660444378852844,-0.0000000280971371,-0.6427875757217407,2.4535593986511230,0.0000000000000000,1.0000000000000000,-0.0000000437113883,0.0000000201202823,0.6427875757217407,0.0000000334848664,0.7660444378852844,-4.1161518096923828,0.0000000000000000,0.0000000000000000,0.0000000000000000,1.0000000000000000
M 0.7660444378852844,-0.0000000280971371,-0.6427875757217407,2.4535593986511230,0.0000000000000000,1.0000000000000000,-0.0000000437113883,0.0000000201202823,0.6427875757217407,0.0000000334848664,0.7660444378852844,-4.1161518096923828,0.0000000000000000,0.0000000000000000,0.0000000000000000,1.0000000000000000
M 0.7660444378852844,-0.0000000280971371,-0.6427875757217407,2.4535593986511230,0.0000000000000000,1.0000000000000000,-0.0000000437113883,0.0000000201202823,0.6427875757217407,0.0000000334848664,0.7660444378852844,-4.1161518096923828,0.0000000000000000,0.0000000000000000,0.0000000000000000,1.0000000000000000
M 0.7660444378852844,-0.0000000280971371,-0.6427875757217407,2.4535593986511230,0.0000000000000000,1.0000000000000000,-0.0000000437113883,0.0000000201202823,0.6427875757217407,0.0000000334848664,0.7660444378852844,-4.1161518096923828,0.0000000000000000,0.0000000000000000,0.0000000000000000,1.0000000000000000
M 0.7660444378852844,-0.0000000280971371,-0.6427875757217407,2.4535593986511230,0.0000000000000000,1.0000000000000000,-0.0000000437113883,0.0000000201202823,0.6427875757217407,0.0000000334848664,0.7660444378852844,-4.1161518096923828,0.0000000000000000,0.0000000000000000,0.0000000000000000,1.0000000000000000
M 0.7660444378852844,-0.0000000280971371,-0.6427875757217407,2.4535593986511230,0.0000000000000000,1.0000000000000000,-0.0000000437113883,0.0000000201202823,0.6427875757217407,0.0000000334848664,0.7660444378852844,-4.1161518096923828,0.0000000000000000,0.0000000000000000,0.0000000000000000,1.0000000000000000
M 0.7660444378852844,-0.0000000280971371,-0.6427875757217407,2.4535593986511230,0.0000000000000000,1.0000000000000000,-0.0000000437113883,0.0000000201202823,0.6427875757217407,0.0000000334848664,0.7660444378852844,-4.1161518096923828,0.0000000000000000,0.0000000000000000,0.0000000000000000,1.0000000000000000
M 0.7660444378852844,-0.0000000280971371,-0.6427875757217407,2.4535593986511230,0.0000000000000000,1.0000000000000000,-0.0000000437113883,0.0000000201202823,0.6427875757217407,0.0000000334848664,0.7660444378852844,-4.1161518096923828,0.0000000000000000,0.0000000000000000,0.0000000000000000,1.0000000000000000
M 0.7660444378852844,-0.0000000280971371,-0.6427875757217407,2.4535593986511230,0.0000000000000000,1.0000000000000000,-0.0000000437113883,0.0000000201202823,0.6427875757217407,0.0000000334848664,0.7660444378852844,-4.1161518096923828,0.0000000000000000,0.0000000000000000,0.0000000000000000,1.0000000000000000
M 0.7660444378852844,-0.0000000280971371,-0.6427875757217407,2.4535593986511230,0.0000000000000000,1.0000000000000000,-0.0000000437113883,0.0000000201202823,0.6427875757217407,0.0000000334848664,0.7660444378852844,-4.1161518096923828,0.0000000000000000,0.0000000000000000,0.0000000000000000,1.0000000000000000
M 0.7660444378852844,-0.0000000280971371,-0.6427875757217407,2.4535593986511230,0.0000000000000000,1.0000000000000000,-0.0000000437113883,0.0000000201202823,0.6427875757217407,0.0000000334848664,0.7660444378852844,-4.1161518096923828,0.0000000000000000,0.0000000000000000,0.0000000000000000,1.0000000000000000
M 0.7660444378852844,-0.0000000280971371,-0.6427875757217407,2.4535593986511230,0.0000000000000000,1.0000000000000000,-0.0000000437113883,0.0000000201202823,0.6427875757217407,0.0000000334848664,0.7660444378852844,-4.1161518096923828,0.0000000000000000,0.0000000000000000,0.0000000000000000,1.0000000000000000
M 0.7660444378852844,-0.0000000280971371,-0.6427875757217407,2.4535593986511230,0.0000000000000000,1.0000000000000000,-0.0000000437113883,0.0000000201202823,0.6427875757217407,0.0000000334848664,0.7660444378852844,-4.1161518096923828,0.0000000000000000,0.0000000000000000,0.0000000000000000,1.0000000000000000
M 0.7660444378852844,-0.0000000280971371,-0.6427875757217407,2.4535593986511230,0.0000000000000000,1.0000000000000000,-0.0000000437113883,0.0000000201202823,0.6427875757217407,0.0000000334848664,0.7660444378852844,-4.1161518096923828,0.0000000000000000,0.0000000000000000,0.0000000000000000,1.0000000000000000
M 0.7660444378852844,-0.0000000280971371,-0.6427875757217407,2.4535593986511230,0.0000000000000000,1.0000000000000000,-0.0000000437113883,0.0000000201202823,0.6427875757217407,0.0000000334848664,0.7660444378852844,-4.1161518096923828,0.0000000000000000,0.0000000000000000,0.0000000000000000,1.0000000000000000
M 0.7660444378852844,-0.0000000280971371,-0.6427875757217407,2.4535593986511230,0.0000000000000000,1.0000000000000000,-0.0000000437113883,0.0000000201202823,0.6427875757217407,0.0000000334848664,0.7660444378852844,-4.1161518096923828,0.0000000000000000,0.0000000000000000,0.0000000000000000,1.0000000000000000
M 0.7660444378852844,-0.0000000280971371,-0.6427875757217407,2.4535593986511230,0.0000000000000000,1.0000000000000000,-0.0000000437113883,0.0000000201202823,0.6427875757217407,0.0000000334848664,0.7660444378852844,-4.1161518096923828,0.0000000000000000,0.0000000000000000,0.0000000000000000,1.0000000000000000
M 0.7660444378852844,-0.0000000280971371,-0.6427875757217407,2.4535593986511230,0.0000000000000000,1.0000000000000000,-0.0000000437113883,0.0000000201202823,0.6427875757217407,0.0000000334848664,0.7660444378852844,-4.1161518096923828,0.0000000000000000,0.0000000000000000,0.0000000000000000,1.0000000000000000
M 0.7660444378852844,-0.0000000280971371,-0.6427875757217407,2.4535593986511230,0.0000000000000000,1.0000000000000000,-0.0000000437113883,0.0000000201202823,0.6427875757217407,0.0000000334848664,0.7660444378852844,-4.1161518096923828,0.0000000000000000,0.0000000000000000,0.0000000000000000,1.0000000000000000
M 0.7660444378852844,-0.0000000280971371,-0.6427875757217407,2.4535593986511230,0.0000000000000000,1.0000000000000000,-0.0000000437113883,0.0000000201202823,0.6427875757217407,0.0000000334848664,0.7660444378852844,-4.1161518096923828,0.0000000000000000,0.0000000000000000,0.0000000000000000,1.0000000000000000
M 0.7660444378852844,-0.0000000280971371,-0.6427875757217407,2.4535593986511230,0.0000000000000000,1.0000000000000000,-0.0000000437113883,0.0000000201202823,0.6427875757217407,0.0000000334848664,0.7660444378852844,-4.1161518096923828,0.0000000000000000,0.0000000000000000,0.0000000000000000,1.0000000000000000
M 0.7660444378852844,-0.0000000280971371,-0.6427875757217407,2.4535593986511230,0.0000000000000000,1.0000000000000000,-0.0000000437113883,0.0000000201202823,0.6427875757217407,0.0000000334848664,0.7660444378852844,-4.1161518096923828,0.0000000000000000,0.0000000000000000,0.0000000000000000,1.0000000000000000
M 0.7660444378852844,-0.0000000280971371,-0.6427875757217407,2.4535593986511230,0.0000000000000000,1.0000000000000000,-0.0000000437113883,0.0000000201202823,0.6427875757217407,0.0000000334848664,0.7660444378852844,-4.1161518096923828,0.0000000000000000,0.0000000000000000,0.0000000000000000,1.0000000000000000
M 0.7660444378852844,-0.0000000280971371,-0.6427875757217407,2.4535593986511230,0.0000000000000000,1.0000000000000000,-0.0000000437113883,0.0000000201202823,0.6427875757217407,0.0000000334848664,0.7660444378852844,-4.1161518096923828,0.0000000000000000,0.0000000000000000,0.0000000000000000,1.0000000000000000
M 0.7660444378852844,-0.0000000280971371,-0.6427875757217407,2.4535593986511230,0.0000000000000000,1.0000000000000000,-0.0000000437113883,0.0000000201202823,0.6427875757217407,0.0000000334848664,0.7660444378852844,-4.1161518096923828,0.0000000000000000,0.0000000000000000,0.0000000000000000,1.0000000000000000
M 0.7660444378852844,-0.0000000280971371,-0.6427875757217407,2.4535593986511230,0.0000000000000000,1.0000000000000000,-0.0000000437113883,0.0000000201202823,0.6427875757217407,0.0000000334848664,0.7660444378852844,-4.1161518096923828,0.0000000000000000,0.0000000000000000,0.0000000000000000,1.0000000000000000
M 0.7660444378852844,-0.0000000280971371,-0.6427875757217407,2.4535593986511230,0.0000000000000000,1.0000000000000000,-0.0000000437113883,0.0000000201202823,0.6427875757217407,0.0000000334848664,0.7660444378852844,-4.1161518096923828,0.0000000000000000,0.0000000000000000,0.0000000000000000,1.0000000000000000
M 0.7660444378852844,-0.0000000280971371,-0.6427875757217407,2.4535593986511230,0.0000000000000000,1.0000000000000000,-0.0000000437113883,0.0000000201202823,0.6427875757217407,0.0000000334848664,0.7660444378852844,-4.1161518096923828,0.0000000000000000,0.0000000000000000,0.0000000000000000,1.0000000000000000
M 0.7660444378852844,-0.0000000280971371,-0.6427875757217407,2.4535593986511230,0.0000000000000000,1.0000000000000000,-0.0000000437113883,0.0000000201202823,0.6427875757217407,0.0000000334848664,0.7660444378852844,-4.1161518096923828,0.0000000000000000,0.0000000000000000,0.0000000000000000,1.0000000000000000
M 0.7660444378852844,-0.0000000280971371,-0.6427875757217407,2.4535593986511230,0.0000000000000000,1.0000000000000000,-0.0000000437113883,0.0000000201202823,0.6427875757217407,0.0000000334848664,0.7660444378852844,-4.1161518096923828,0.0000000000000000,0.0000000000000000,0.0000000000000000,1.0000000000000000
M 0.7660444378852844,-0.0000000280971371,-0.6427875757217407,2.4535593986511230,0.0000000000000000,1.0000000000000000,-0.0000000437113883,0.0000000201202823,0.6427875757217407,0.0000000334848664,0.7660444378852844,-4.1161518096923828,0.0000000000000000,0.0000000000000000,0.0000000000000000,1.0000000000000000
M 0.7660444378852844,-0.0000000280971371,-0.6427875757217407,2.4535593986511230,0.0000000000000000,1.0000000000000000,-0.0000000437113883,0.0000000201202823,0.6427875757217407,0.0000000334848664,0.7660444378852844,-4.1161518096923828,0.0000000000000000,0.0000000000000000,0.0000000000000000,1.0000000000000000
M 0.7660444378852844,-0.0000000280971371,-0.6427875757217407,2.4535593986511230,0.0000000000000000,1.0000000000000000,-0.0000000437113883,0.0000000201202823,0.6427875757217407,0.0000000334848664,0.7660444378852844,-4.1161518096923828,0.0000000000000000,0.0000000000000000,0.0000000000000000,1.0000000000000000
M 0.7660444378852844,-0.0000000280971371,-0.6427875757217407,2.4535593986511230,0.0000000000000000,1.0000000000000000,-0.0000000437113883,0.0000000201202823,0.6427875757217407,0.0000000334848664,0.7660444378852844,-4.1161518096923828,0.0000000000000000,0.0000000000000000,0.0000000000000000,1.0000000000000000
M 0.7660444378852844,-0.0000000280971371,-0.6427875757217407,2.4535593986511230,0.0000000000000000,1.0000000000000000,-0.0000000437113883,0.0000000201202823,0.6427875757217407,0.0000000334848664,0.7660444378852844,-4.1161518096923828,0.0000000000000000,0.0000000000000000,0.0000000000000000,1.0000000000000000
M 0.7660444378852844,-0.0000000280971371,-0.6427875757217407,2.4535593986511230,0.0000000000000000,1.0000000000000000,-0.0000000437113883,0.0000000201202823,0.6427875757217407,0.0000000334848664,0.7660444378852844,-4.1161518096923828,0.0000000000000000,0.0000000000000000,0.0000000000000000,1.0000000000000000
M 0.7660444378852844,-0.0000000280971371,-0.6427875757217407,2.4535593986511230,0.0000000000000000,1.0000000000000000,-0.0000000437113883,0.0000000201202823,0.6427875757217407,0.0000000334848664,0.7660444378852844,-4.1161518096923828,0.0000000000000000,0.0000000000000000,0.0000000000000000,1.0000000000000000
M 0.7660444378852844,-0.0000000280971371,-0.6427875757217407,2.4535593986511230,0.0000000000000000,1.0000000000000000,-0.0000000437113883,0.0000000201202823,0.6427875757217407,0.0000000334848664,0.7660444378852844,-4.1161518096923828,0.0000000000000000,0.0000000000000000,0.0000000000000000,1.0000000000000000
