O INDEPENDENT_BRAKE_1_CG_hb_LCG_cab1_LABEL_Hand^Brake
A INDEPENDENT_BRAKE_1_CG_hb_LCG_cab1_LABEL_Hand^Brake_INDEPENDENT_BRAKE_1_CG_hb_LCG_cab1_LABEL_Hand^Brake.001
M 1.0000000000000000,0.0000000000000000,0.0000000000000000,0.0000000000000000,0.0000000000000000,1.0000000000000000,-0.0000000437113883,-0.0000000165151679,-0.0000000000000000,0.0000000437113883,1.0000000000000000,0.0000000050466866,0.0000000000000000,0.0000000000000000,0.0000000000000000,1.0000000000000000
M 1.0000000000000000,0.0000000000000000,0.0000000000000000,0.0000000000000000,0.0000000000000000,0.9999999403953552,0.0003841678262688,-0.0000839435888338,-0.0000000000000000,-0.0003841678262688,0.9999999403953552,0.0007081956136972,0.0000000000000000,0.0000000000000000,0.0000000000000000,1.0000000000000000
M 1.0000000000000000,0.0000000000000000,0.0000000000000000,0.0000000000000000,0.0000000000000000,0.9999988079071045,0.0015340599929914,-0.0003334559442010,-0.0000000000000000,-0.0015340599929914,0.9999988079071045,0.0028279211837798,0.0000000000000000,0.0000000000000000,0.0000000000000000,1.0000000000000000
M 1.0000000000000000,0.0000000000000000,0.0000000000000000,0.0000000000000000,0.0000000000000000,0.9999940395355225,0.0034458131995052,-0.0007428305107169,-0.0000000000000000,-0.0034458131995052,0.9999940395355225,0.0063526923768222,0.0000000000000000,0.0000000000000000,0.0000000000000000,1.0000000000000000
M 1.0000000000000000,0.0000000000000000,0.0000000000000000,0.0000000000000000,0.0000000000000000,0.9999812841415405,0.0061155930161476,-0.0013033606810495,-0.0000000000000000,-0.0061155930161476,0.9999812841415405,0.0112763959914446,0.0000000000000000,0.0000000000000000,0.0000000000000000,1.0000000000000000
M 1.0000000000000000,0.0000000000000000,0.0000000000000000,0.0000000000000000,0.0000000000000000,0.9999545216560364,0.0095395352691412,-0.0020029954612255,-0.0000000000000000,-0.0095395352691412,0.9999545216560364,0.0175932347774506,0.0000000000000000,0.0000000000000000,0.0000000000000000,1.0000000000000000
M 1.0000000000000000,0.0000000000000000,0.0000000000000000,0.0000000000000000,0.0000000000000000,0.9999059438705444,0.0137136010453105,-0.0028265463188291,-0.0000000000000000,-0.0137136010453105,0.9999059438705444,0.0252974648028612,0.0000000000000000,0.0000000000000000,0.0000000000000000,1.0000000000000000
M 1.0000000000000000,0.0000000000000000,0.0000000000000000,0.0000000000000000,0.0000000000000000,0.9998263716697693,0.0186336748301983,-0.0037560658529401,-0.0000000000000000,-0.0186336748301983,0.9998263716697693,0.0343835093080997,0.0000000000000000,0.0000000000000000,0.0000000000000000,1.0000000000000000
M 1.0000000000000000,0.0000000000000000,0.0000000000000000,0.0000000000000000,0.0000000000000000,0.9997048377990723,0.0242958758026361,-0.0047706780023873,-0.0000000000000000,-0.0242958758026361,0.9997048377990723,0.0448466204106808,0.0000000000000000,0.0000000000000000,0.0000000000000000,1.0000000000000000
M 1.0000000000000000,0.0000000000000000,0.0000000000000000,0.0000000000000000,0.0000000000000000,0.9995287656784058,0.0306954607367516,-0.0058460994623601,-0.0000000000000000,-0.0306954607367516,0.9995287656784058,0.0566808022558689,0.0000000000000000,0.0000000000000000,0.0000000000000000,1.0000000000000000
M 1.0000000000000000,0.0000000000000000,0.0000000000000000,0.0000000000000000,0.0000000000000000,0.9992842674255371,0.0378283150494099,-0.0069556813687086,-0.0000000000000000,-0.0378283150494099,0.9992842674255371,0.0698815062642097,0.0000000000000000,0.0000000000000000,0.0000000000000000,1.0000000000000000
M 1.0000000000000000,0.0000000000000000,0.0000000000000000,0.0000000000000000,0.0000000000000000,0.9989556670188904,0.0456894822418690,-0.0080697285011411,-0.0000000000000000,-0.0456894822418690,0.9989556670188904,0.0844430252909660,0.0000000000000000,0.0000000000000000,0.0000000000000000,1.0000000000000000
M 1.0000000000000000,0.0000000000000000,0.0000000000000000,0.0000000000000000,0.0000000000000000,0.9985260963439941,0.0542739406228065,-0.0091557912528515,-0.0000000000000000,-0.0542739406228065,0.9985260963439941,0.1003597974777222,0.0000000000000000,0.0000000000000000,0.0000000000000000,1.0000000000000000
M 1.0000000000000000,0.0000000000000000,0.0000000000000000,0.0000000000000000,0.0000000000000000,0.9979769587516785,0.0635763034224510,-0.0101784765720367,-0.0000000000000000,-0.0635763034224510,0.9979769587516785,0.1176259592175484,0.0000000000000000,0.0000000000000000,0.0000000000000000,1.0000000000000000
M 1.0000000000000000,0.0000000000000000,0.0000000000000000,0.0000000000000000,0.0000000000000000,0.9972885251045227,0.0735905244946480,-0.0111002232879400,-0.0000000000000000,-0.0735905244946480,0.9972885251045227,0.1362347006797791,0.0000000000000000,0.0000000000000000,0.0000000000000000,1.0000000000000000
M 1.0000000000000000,0.0000000000000000,0.0000000000000000,0.0000000000000000,0.0000000000000000,0.9964395165443420,0.0843105390667915,-0.0118802487850189,-0.0000000000000000,-0.0843105390667915,0.9964395165443420,0.1561794579029083,0.0000000000000000,0.0000000000000000,0.0000000000000000,1.0000000000000000
M 1.0000000000000000,0.0000000000000000,0.0000000000000000,0.0000000000000000,0.0000000000000000,0.9954074025154114,0.0957293510437012,-0.0124757718294859,-0.0000000000000000,-0.0957293510437012,0.9954074025154114,0.1774523109197617,0.0000000000000000,0.0000000000000000,0.0000000000000000,1.0000000000000000
M 1.0000000000000000,0.0000000000000000,0.0000000000000000,0.0000000000000000,0.0000000000000000,0.9941683411598206,0.1078392341732979,-0.0128409974277020,-0.0000000000000000,-0.1078392341732979,0.9941683411598206,0.2000441849231720,0.0000000000000000,0.0000000000000000,0.0000000000000000,1.0000000000000000
M 1.0000000000000000,0.0000000000000000,0.0000000000000000,0.0000000000000000,0.0000000000000000,0.9926972985267639,0.1206320673227310,-0.0129280146211386,-0.0000000000000000,-0.1206320673227310,0.9926972985267639,0.2239456176757812,0.0000000000000000,0.0000000000000000,0.0000000000000000,1.0000000000000000
M 1.0000000000000000,0.0000000000000000,0.0000000000000000,0.0000000000000000,0.0000000000000000,0.9909679293632507,0.1340988427400589,-0.0126863345503807,-0.0000000000000000,-0.1340988427400589,0.9909679293632507,0.2491457760334015,0.0000000000000000,0.0000000000000000,0.0000000000000000,1.0000000000000000
M 1.0000000000000000,0.0000000000000000,0.0000000000000000,0.0000000000000000,0.0000000000000000,0.9889529943466187,0.1482294201850891,-0.0120634324848652,-0.0000000000000000,-0.1482294201850891,0.9889529943466187,0.2756319046020508,0.0000000000000000,0.0000000000000000,0.0000000000000000,1.0000000000000000
M 1.0000000000000000,0.0000000000000000,0.0000000000000000,0.0000000000000000,0.0000000000000000,0.9866238832473755,0.1630131900310516,-0.0110044181346893,-0.0000000000000000,-0.1630131900310516,0.9866238832473755,0.3033907413482666,0.0000000000000000,0.0000000000000000,0.0000000000000000,1.0000000000000000
M 1.0000000000000000,0.0000000000000000,0.0000000000000000,0.0000000000000000,0.0000000000000000,0.9839511513710022,0.1784378737211227,-0.0094522424042225,-0.0000000000000000,-0.1784378737211227,0.9839511513710022,0.3324060440063477,0.0000000000000000,0.0000000000000000,0.0000000000000000,1.0000000000000000
M 1.0000000000000000,0.0000000000000000,0.0000000000000000,0.0000000000000000,0.0000000000000000,0.9809043407440186,0.1944906413555145,-0.0073478370904922,-0.0000000000000000,-0.1944906413555145,0.9809043407440186,0.3626608848571777,0.0000000000000000,0.0000000000000000,0.0000000000000000,1.0000000000000000
M 1.0000000000000000,0.0000000000000000,0.0000000000000000,0.0000000000000000,0.0000000000000000,0.9774521589279175,0.2111569941043854,-0.0046305693686008,-0.0000000000000000,-0.2111569941043854,0.9774521589279175,0.3941353559494019,0.0000000000000000,0.0000000000000000,0.0000000000000000,1.0000000000000000
M 1.0000000000000000,0.0000000000000000,0.0000000000000000,0.0000000000000000,0.0000000000000000,0.9735623002052307,0.2284214347600937,-0.0012374408543110,-0.0000000000000000,-0.2284214347600937,0.9735623002052307,0.4268079102039337,0.0000000000000000,0.0000000000000000,0.0000000000000000,1.0000000000000000
M 1.0000000000000000,0.0000000000000000,0.0000000000000000,0.0000000000000000,0.0000000000000000,0.9692020416259766,0.2462667226791382,0.0028956346213818,-0.0000000000000000,-0.2462667226791382,0.9692020416259766,0.4606540203094482,0.0000000000000000,0.0000000000000000,0.0000000000000000,1.0000000000000000
M 1.0000000000000000,0.0000000000000000,0.0000000000000000,0.0000000000000000,0.0000000000000000,0.9643377661705017,0.2646746039390564,0.0078347660601139,-0.0000000000000000,-0.2646746039390564,0.9643377661705017,0.4956473112106323,0.0000000000000000,0.0000000000000000,0.0000000000000000,1.0000000000000000
M 1.0000000000000000,0.0000000000000000,0.0000000000000000,0.0000000000000000,0.0000000000000000,0.9589353799819946,0.2836245596408844,0.0136471353471279,-0.0000000000000000,-0.2836245596408844,0.9589353799819946,0.5317574739456177,0.0000000000000000,0.0000000000000000,0.0000000000000000,1.0000000000000000
M 1.0000000000000000,0.0000000000000000,0.0000000000000000,0.0000000000000000,0.0000000000000000,0.9529603719711304,0.3030949234962463,0.0204010233283043,-0.0000000000000000,-0.3030949234962463,0.9529603719711304,0.5689521431922913,0.0000000000000000,0.0000000000000000,0.0000000000000000,1.0000000000000000
M 1.0000000000000000,0.0000000000000000,0.0000000000000000,0.0000000000000000,0.0000000000000000,0.9463776946067810,0.3230621814727783,0.0281663089990616,-0.0000000000000000,-0.3230621814727783,0.9463776946067810,0.6071956157684326,0.0000000000000000,0.0000000000000000,0.0000000000000000,1.0000000000000000
M 1.0000000000000000,0.0000000000000000,0.0000000000000000,0.0000000000000000,0.0000000000000000,0.9391523599624634,0.3435007631778717,0.0370130687952042,-0.0000000000000000,-0.3435007631778717,0.9391523599624634,0.6464483737945557,0.0000000000000000,0.0000000000000000,0.0000000000000000,1.0000000000000000
M 1.0000000000000000,0.0000000000000000,0.0000000000000000,0.0000000000000000,0.0000000000000000,0.9312490820884705,0.3643831312656403,0.0470123067498207,-0.0000000000000000,-0.3643831312656403,0.9312490820884705,0.6866674423217773,0.0000000000000000,0.0000000000000000,0.0000000000000000,1.0000000000000000
M 1.0000000000000000,0.0000000000000000,0.0000000000000000,0.0000000000000000,0.0000000000000000,0.9226323962211609,0.3856804072856903,0.0582357794046402,-0.0000000000000000,-0.3856804072856903,0.9226323962211609,0.7278072834014893,0.0000000000000000,0.0000000000000000,0.0000000000000000,1.0000000000000000
M 1.0000000000000000,0.0000000000000000,0.0000000000000000,0.0000000000000000,0.0000000000000000,0.9132673740386963,0.4073606729507446,0.0707548484206200,-0.0000000000000000,-0.4073606729507446,0.9132673740386963,0.7698167562484741,0.0000000000000000,0.0000000000000000,0.0000000000000000,1.0000000000000000
M 1.0000000000000000,0.0000000000000000,0.0000000000000000,0.0000000000000000,0.0000000000000000,0.9031190276145935,0.4293903112411499,0.0846412330865860,-0.0000000000000000,-0.4293903112411499,0.9031190276145935,0.8126416206359863,0.0000000000000000,0.0000000000000000,0.0000000000000000,1.0000000000000000
M 1.0000000000000000,0.0000000000000000,0.0000000000000000,0.0000000000000000,0.0000000000000000,0.8921528458595276,0.4517337083816528,0.0999663844704628,-0.0000000000000000,-0.4517337083816528,0.8921528458595276,0.8562236428260803,0.0000000000000000,0.0000000000000000,0.0000000000000000,1.0000000000000000
M 1.0000000000000000,0.0000000000000000,0.0000000000000000,0.0000000000000000,0.0000000000000000,0.8803349733352661,0.4743525683879852,0.1168011426925659,-0.0000000000000000,-0.4743525683879852,0.8803349733352661,0.9004997014999390,0.0000000000000000,0.0000000000000000,0.0000000000000000,1.0000000000000000
M 1.0000000000000000,0.0000000000000000,0.0000000000000000,0.0000000000000000,0.0000000000000000,0.8676322102546692,0.4972065687179565,0.1352153718471527,-0.0000000000000000,-0.4972065687179565,0.8676322102546692,0.9454027414321899,0.0000000000000000,0.0000000000000000,0.0000000000000000,1.0000000000000000
M 1.0000000000000000,0.0000000000000000,0.0000000000000000,0.0000000000000000,0.0000000000000000,0.8540124297142029,0.5202526450157166,0.1552779674530029,-0.0000000000000000,-0.5202526450157166,0.8540124297142029,0.9908604621887207,0.0000000000000000,0.0000000000000000,0.0000000000000000,1.0000000000000000
M 1.0000000000000000,0.0000000000000000,0.0000000000000000,0.0000000000000000,0.0000000000000000,0.8394442200660706,0.5434458255767822,0.1770564615726471,-0.0000000000000000,-0.5434458255767822,0.8394442200660706,1.0367966890335083,0.0000000000000000,0.0000000000000000,0.0000000000000000,1.0000000000000000
M 1.0000000000000000,0.0000000000000000,0.0000000000000000,0.0000000000000000,0.0000000000000000,0.8238977789878845,0.5667384266853333,0.2006162703037262,-0.0000000000000000,-0.5667384266853333,0.8238977789878845,1.0831302404403687,0.0000000000000000,0.0000000000000000,0.0000000000000000,1.0000000000000000
M 1.0000000000000000,0.0000000000000000,0.0000000000000000,0.0000000000000000,0.0000000000000000,0.8073445558547974,0.5900802612304688,0.2260210216045380,-0.0000000000000000,-0.5900802612304688,0.8073445558547974,1.1297746896743774,0.0000000000000000,0.0000000000000000,0.0000000000000000,1.0000000000000000
M 1.0000000000000000,0.0000000000000000,0.0000000000000000,0.0000000000000000,0.0000000000000000,0.7897577285766602,0.6134188175201416,0.2533315718173981,-0.0000000000000000,-0.6134188175201416,0.7897577285766602,1.1766393184661865,0.0000000000000000,0.0000000000000000,0.0000000000000000,1.0000000000000000
M 1.0000000000000000,0.0000000000000000,0.0000000000000000,0.0000000000000000,0.0000000000000000,0.7711121439933777,0.6366993188858032,0.2826064229011536,-0.0000000000000000,-0.6366993188858032,0.7711121439933777,1.2236285209655762,0.0000000000000000,0.0000000000000000,0.0000000000000000,1.0000000000000000
M 1.0000000000000000,0.0000000000000000,0.0000000000000000,0.0000000000000000,0.0000000000000000,0.7513847947120667,0.6598642468452454,0.3139002919197083,-0.0000000000000000,-0.6598642468452454,0.7513847947120667,1.2706412076950073,0.0000000000000000,0.0000000000000000,0.0000000000000000,1.0000000000000000
M 1.0000000000000000,0.0000000000000000,0.0000000000000000,0.0000000000000000,0.0000000000000000,0.7305551767349243,0.6828536987304688,0.3472644984722137,-0.0000000000000000,-0.6828536987304688,0.7305551767349243,1.3175716400146484,0.0000000000000000,0.0000000000000000,0.0000000000000000,1.0000000000000000
M 1.0000000000000000,0.0000000000000000,0.0000000000000000,0.0000000000000000,0.0000000000000000,0.7086046338081360,0.7056057453155518,0.3827465176582336,-0.0000000000000000,-0.7056057453155518,0.7086046338081360,1.3643097877502441,0.0000000000000000,0.0000000000000000,0.0000000000000000,1.0000000000000000
M 1.0000000000000000,0.0000000000000000,0.0000000000000000,0.0000000000000000,0.0000000000000000,0.6855176687240601,0.7280560135841370,0.4203892946243286,-0.0000000000000000,-0.7280560135841370,0.6855176687240601,1.4107402563095093,0.0000000000000000,0.0000000000000000,0.0000000000000000,1.0000000000000000
M 1.0000000000000000,0.0000000000000000,0.0000000000000000,0.0000000000000000,0.0000000000000000,0.6612814664840698,0.7501378655433655,0.4602307975292206,-0.0000000000000000,-0.7501378655433655,0.6612814664840698,1.4567428827285767,0.0000000000000000,0.0000000000000000,0.0000000000000000,1.0000000000000000
M 1.0000000000000000,0.0000000000000000,0.0000000000000000,0.0000000000000000,0.0000000000000000,0.6358864903450012,0.7717826366424561,0.5023038983345032,-0.0000000000000000,-0.7717826366424561,0.6358864903450012,1.5021934509277344,0.0000000000000000,0.0000000000000000,0.0000000000000000,1.0000000000000000
M 1.0000000000000000,0.0000000000000000,0.0000000000000000,0.0000000000000000,0.0000000000000000,0.6093263030052185,0.7929196357727051,0.5466357469558716,-0.0000000000000000,-0.7929196357727051,0.6093263030052185,1.5469629764556885,0.0000000000000000,0.0000000000000000,0.0000000000000000,1.0000000000000000
M 1.0000000000000000,0.0000000000000000,0.0000000000000000,0.0000000000000000,0.0000000000000000,0.5815982222557068,0.8134762048721313,0.5932471156120300,-0.0000000000000000,-0.8134762048721313,0.5815982222557068,1.5909183025360107,0.0000000000000000,0.0000000000000000,0.0000000000000000,1.0000000000000000
M 1.0000000000000000,0.0000000000000000,0.0000000000000000,0.0000000000000000,0.0000000000000000,0.5527028441429138,0.8333784341812134,0.6421532630920410,-0.0000000000000000,-0.8333784341812134,0.5527028441429138,1.6339228153228760,0.0000000000000000,0.0000000000000000,0.0000000000000000,1.0000000000000000
M 1.0000000000000000,0.0000000000000000,0.0000000000000000,0.0000000000000000,0.0000000000000000,0.5226453542709351,0.8525502085685730,0.6933611631393433,-0.0000000000000000,-0.8525502085685730,0.5226453542709351,1.6758351325988770,0.0000000000000000,0.0000000000000000,0.0000000000000000,1.0000000000000000
M 1.0000000000000000,0.0000000000000000,0.0000000000000000,0.0000000000000000,0.0000000000000000,0.4914350807666779,0.8709142208099365,0.7468705177307129,-0.0000000000000000,-0.8709142208099365,0.4914350807666779,1.7165107727050781,0.0000000000000000,0.0000000000000000,0.0000000000000000,1.0000000000000000
M 1.0000000000000000,0.0000000000000000,0.0000000000000000,0.0000000000000000,0.0000000000000000,0.4590851068496704,0.8883922696113586,0.8026744127273560,-0.0000000000000000,-0.8883922696113586,0.4590851068496704,1.7558027505874634,0.0000000000000000,0.0000000000000000,0.0000000000000000,1.0000000000000000
M 1.0000000000000000,0.0000000000000000,0.0000000000000000,0.0000000000000000,0.0000000000000000,0.4256134629249573,0.9049050807952881,0.8607568740844727,-0.0000000000000000,-0.9049050807952881,0.4256134629249573,1.7935609817504883,0.0000000000000000,0.0000000000000000,0.0000000000000000,1.0000000000000000
M 1.0000000000000000,0.0000000000000000,0.0000000000000000,0.0000000000000000,0.0000000000000000,0.3910433351993561,0.9203723073005676,0.9210928678512573,-0.0000000000000000,-0.9203723073005676,0.3910433351993561,1.8296320438385010,0.0000000000000000,0.0000000000000000,0.0000000000000000,1.0000000000000000
M 1.0000000000000000,0.0000000000000000,0.0000000000000000,0.0000000000000000,0.0000000000000000,0.3554018139839172,0.9347136616706848,0.9836498498916626,-0.0000000000000000,-0.9347136616706848,0.3554018139839172,1.8638626337051392,0.0000000000000000,0.0000000000000000,0.0000000000000000,1.0000000000000000
M 1.0000000000000000,0.0000000000000000,0.0000000000000000,0.0000000000000000,0.0000000000000000,0.3187222182750702,0.9478482007980347,1.0483841896057129,-0.0000000000000000,-0.9478482007980347,0.3187222182750702,1.8960956335067749,0.0000000000000000,0.0000000000000000,0.0000000000000000,1.0000000000000000
M 1.0000000000000000,0.0000000000000000,0.0000000000000000,0.0000000000000000,0.0000000000000000,0.2810423672199249,0.9596953988075256,1.1152437925338745,-0.0000000000000000,-0.9596953988075256,0.2810423672199249,1.9261748790740967,0.0000000000000000,0.0000000000000000,0.0000000000000000,1.0000000000000000
M 1.0000000000000000,0.0000000000000000,0.0000000000000000,0.0000000000000000,0.0000000000000000,0.2424057126045227,0.9701750278472900,1.1841661930084229,-0.0000000000000000,-0.9701750278472900,0.2424057126045227,1.9539426565170288,0.0000000000000000,0.0000000000000000,0.0000000000000000,1.0000000000000000
M 1.0000000000000000,0.0000000000000000,0.0000000000000000,0.0000000000000000,0.0000000000000000,0.2028613686561584,0.9792075157165527,1.2550781965255737,-0.0000000000000000,-0.9792075157165527,0.2028613686561584,1.9792414903640747,0.0000000000000000,0.0000000000000000,0.0000000000000000,1.0000000000000000
M 1.0000000000000000,0.0000000000000000,0.0000000000000000,0.0000000000000000,0.0000000000000000,0.1624635159969330,0.9867145419120789,1.3278970718383789,-0.0000000000000000,-0.9867145419120789,0.1624635159969330,2.0019154548645020,0.0000000000000000,0.0000000000000000,0.0000000000000000,1.0000000000000000
M 1.0000000000000000,0.0000000000000000,0.0000000000000000,0.0000000000000000,0.0000000000000000,0.1212723851203918,0.9926192760467529,1.4025285243988037,-0.0000000000000000,-0.9926192760467529,0.1212723851203918,2.0218095779418945,0.0000000000000000,0.0000000000000000,0.0000000000000000,1.0000000000000000
M 1.0000000000000000,0.0000000000000000,0.0000000000000000,0.0000000000000000,0.0000000000000000,0.0793544799089432,0.9968464970588684,1.4788665771484375,-0.0000000000000000,-0.9968464970588684,0.0793544799089432,2.0387706756591797,0.0000000000000000,0.0000000000000000,0.0000000000000000,1.0000000000000000
M 1.0000000000000000,0.0000000000000000,0.0000000000000000,0.0000000000000000,0.0000000000000000,0.0367807634174824,0.9993233680725098,1.5567963123321533,-0.0000000000000000,-0.9993233680725098,0.0367807634174824,2.0526490211486816,0.0000000000000000,0.0000000000000000,0.0000000000000000,1.0000000000000000
M 1.0000000000000000,0.0000000000000000,0.0000000000000000,0.0000000000000000,0.0000000000000000,-0.0063709928654134,0.9999796748161316,1.6361896991729736,-0.0000000000000000,-0.9999796748161316,-0.0063709928654134,2.0632982254028320,0.0000000000000000,0.0000000000000000,0.0000000000000000,1.0000000000000000
M 1.0000000000000000,0.0000000000000000,0.0000000000000000,0.0000000000000000,0.0000000000000000,-0.0500172488391399,0.9987483620643616,1.7169075012207031,-0.0000000000000000,-0.9987483620643616,-0.0500172488391399,2.0705761909484863,0.0000000000000000,0.0000000000000000,0.0000000000000000,1.0000000000000000
M 1.0000000000000000,0.0000000000000000,0.0000000000000000,0.0000000000000000,0.0000000000000000,-0.0940696448087692,0.9955655932426453,1.7988007068634033,-0.0000000000000000,-0.9955655932426453,-0.0940696448087692,2.0743463039398193,0.0000000000000000,0.0000000000000000,0.0000000000000000,1.0000000000000000
M 1.0000000000000000,0.0000000000000000,0.0000000000000000,0.0000000000000000,0.0000000000000000,-0.1384332329034805,0.9903717637062073,1.8817075490951538,-0.0000000000000000,-0.9903717637062073,-0.1384332329034805,2.0744776725769043,0.0000000000000000,0.0000000000000000,0.0000000000000000,1.0000000000000000
M 1.0000000000000000,0.0000000000000000,0.0000000000000000,0.0000000000000000,0.0000000000000000,-0.1830080449581146,0.9831113815307617,1.9654556512832642,-0.0000000000000000,-0.9831113815307617,-0.1830080449581146,2.0708460807800293,0.0000000000000000,0.0000000000000000,0.0000000000000000,1.0000000000000000
M 1.0000000000000000,0.0000000000000000,0.0000000000000000,0.0000000000000000,0.0000000000000000,-0.2276884913444519,0.9737340211868286,2.0498616695404053,-0.0000000000000000,-0.9737340211868286,-0.2276884913444519,2.0633356571197510,0.0000000000000000,0.0000000000000000,0.0000000000000000,1.0000000000000000
M 1.0000000000000000,0.0000000000000000,0.0000000000000000,0.0000000000000000,0.0000000000000000,-0.2723639607429504,0.9621942639350891,2.1347312927246094,-0.0000000000000000,-0.9621942639350891,-0.2723639607429504,2.0518383979797363,0.0000000000000000,0.0000000000000000,0.0000000000000000,1.0000000000000000
M 1.0000000000000000,0.0000000000000000,0.0000000000000000,0.0000000000000000,0.0000000000000000,-0.3169186711311340,0.9484527111053467,2.2198603153228760,-0.0000000000000000,-0.9484527111053467,-0.3169186711311340,2.0362563133239746,0.0000000000000000,0.0000000000000000,0.0000000000000000,1.0000000000000000
M 1.0000000000000000,0.0000000000000000,0.0000000000000000,0.0000000000000000,0.0000000000000000,-0.3612325489521027,0.9324757456779480,2.3050341606140137,-0.0000000000000000,-0.9324757456779480,-0.3612325489521027,2.0165014266967773,0.0000000000000000,0.0000000000000000,0.0000000000000000,1.0000000000000000
M 1.0000000000000000,0.0000000000000000,0.0000000000000000,0.0000000000000000,0.0000000000000000,-0.4051800370216370,0.9142369031906128,2.3900275230407715,-0.0000000000000000,-0.9142369031906128,-0.4051800370216370,1.9924972057342529,0.0000000000000000,0.0000000000000000,0.0000000000000000,1.0000000000000000
M 1.0000000000000000,0.0000000000000000,0.0000000000000000,0.0000000000000000,0.0000000000000000,-0.4486328363418579,0.8937161564826965,2.4746084213256836,-0.0000000000000000,-0.8937161564826965,-0.4486328363418579,1.9641788005828857,0.0000000000000000,0.0000000000000000,0.0000000000000000,1.0000000000000000
M 1.0000000000000000,0.0000000000000000,0.0000000000000000,0.0000000000000000,0.0000000000000000,-0.4914579987525940,0.8709012866020203,2.5585341453552246,-0.0000000000000000,-0.8709012866020203,-0.4914579987525940,1.9314947128295898,0.0000000000000000,0.0000000000000000,0.0000000000000000,1.0000000000000000
M 1.0000000000000000,0.0000000000000000,0.0000000000000000,0.0000000000000000,0.0000000000000000,-0.5335191488265991,0.8457880020141602,2.6415545940399170,-0.0000000000000000,-0.8457880020141602,-0.5335191488265991,1.8944069147109985,0.0000000000000000,0.0000000000000000,0.0000000000000000,1.0000000000000000
M 1.0000000000000000,0.0000000000000000,0.0000000000000000,0.0000000000000000,0.0000000000000000,-0.5746771693229675,0.8183801770210266,2.7234120368957520,-0.0000000000000000,-0.8183801770210266,-0.5746771693229675,1.8528923988342285,0.0000000000000000,0.0000000000000000,0.0000000000000000,1.0000000000000000
M 1.0000000000000000,0.0000000000000000,0.0000000000000000,0.0000000000000000,0.0000000000000000,-0.6147908568382263,0.7886901497840881,2.8038439750671387,-0.0000000000000000,-0.7886901497840881,-0.6147908568382263,1.8069427013397217,0.0000000000000000,0.0000000000000000,0.0000000000000000,1.0000000000000000
M 1.0000000000000000,0.0000000000000000,0.0000000000000000,0.0000000000000000,0.0000000000000000,-0.6537159681320190,0.7567399740219116,2.8825795650482178,-0.0000000000000000,-0.7567399740219116,-0.6537159681320190,1.7565672397613525,0.0000000000000000,0.0000000000000000,0.0000000000000000,1.0000000000000000
M 1.0000000000000000,0.0000000000000000,0.0000000000000000,0.0000000000000000,0.0000000000000000,-0.6913086771965027,0.7225595712661743,2.9593470096588135,-0.0000000000000000,-0.7225595712661743,-0.6913086771965027,1.7017894983291626,0.0000000000000000,0.0000000000000000,0.0000000000000000,1.0000000000000000
M 1.0000000000000000,0.0000000000000000,0.0000000000000000,0.0000000000000000,0.0000000000000000,-0.7274222970008850,0.6861900687217712,3.0338673591613770,-0.0000000000000000,-0.6861900687217712,-0.7274222970008850,1.6426534652709961,0.0000000000000000,0.0000000000000000,0.0000000000000000,1.0000000000000000
M 1.0000000000000000,0.0000000000000000,0.0000000000000000,0.0000000000000000,0.0000000000000000,-0.7619109153747559,0.6476818919181824,3.1058599948883057,-0.0000000000000000,-0.6476818919181824,-0.7619109153747559,1.5792198181152344,0.0000000000000000,0.0000000000000000,0.0000000000000000,1.0000000000000000
M 1.0000000000000000,0.0000000000000000,0.0000000000000000,0.0000000000000000,0.0000000000000000,-0.7946297526359558,0.6070944070816040,3.1750454902648926,-0.0000000000000000,-0.6070944070816040,-0.7946297526359558,1.5115665197372437,0.0000000000000000,0.0000000000000000,0.0000000000000000,1.0000000000000000
M 1.0000000000000000,0.0000000000000000,0.0000000000000000,0.0000000000000000,0.0000000000000000,-0.8254336714744568,0.5644991397857666,3.2411408424377441,-0.0000000000000000,-0.5644991397857666,-0.8254336714744568,1.4397937059402466,0.0000000000000000,0.0000000000000000,0.0000000000000000,1.0000000000000000
M 1.0000000000000000,0.0000000000000000,0.0000000000000000,0.0000000000000000,0.0000000000000000,-0.8541805744171143,0.5199765563011169,3.3038663864135742,-0.0000000000000000,-0.5199765563011169,-0.8541805744171143,1.3640183210372925,0.0000000000000000,0.0000000000000000,0.0000000000000000,1.0000000000000000
M 1.0000000000000000,0.0000000000000000,0.0000000000000000,0.0000000000000000,0.0000000000000000,-0.8807305097579956,0.4736177623271942,3.3629438877105713,-0.0000000000000000,-0.4736177623271942,-0.8807305097579956,1.2843780517578125,0.0000000000000000,0.0000000000000000,0.0000000000000000,1.0000000000000000
M 1.0000000000000000,0.0000000000000000,0.0000000000000000,0.0000000000000000,0.0000000000000000,-0.9049463272094727,0.4255256950855255,3.4180984497070312,-0.0000000000000000,-0.4255256950855255,-0.9049463272094727,1.2010324001312256,0.0000000000000000,0.0000000000000000,0.0000000000000000,1.0000000000000000
M 1.0000000000000000,0.0000000000000000,0.0000000000000000,0.0000000000000000,0.0000000000000000,-0.9266960024833679,0.3758118450641632,3.4690620899200439,-0.0000000000000000,-0.3758118450641632,-0.9266960024833679,1.1141579151153564,0.0000000000000000,0.0000000000000000,0.0000000000000000,1.0000000000000000
M 1.0000000000000000,0.0000000000000000,0.0000000000000000,0.0000000000000000,0.0000000000000000,-0.9458518028259277,0.3245988190174103,3.5155727863311768,-0.0000000000000000,-0.3245988190174103,-0.9458518028259277,1.0239528417587280,0.0000000000000000,0.0000000000000000,0.0000000000000000,1.0000000000000000
M 1.0000000000000000,0.0000000000000000,0.0000000000000000,0.0000000000000000,0.0000000000000000,-0.9622914791107178,0.2720205485820770,3.5573756694793701,-0.0000000000000000,-0.2720205485820770,-0.9622914791107178,0.9306371212005615,0.0000000000000000,0.0000000000000000,0.0000000000000000,1.0000000000000000
M 1.0000000000000000,0.0000000000000000,0.0000000000000000,0.0000000000000000,0.0000000000000000,-0.9758998155593872,0.2182191461324692,3.5942275524139404,-0.0000000000000000,-0.2182191461324692,-0.9758998155593872,0.8344475626945496,0.0000000000000000,0.0000000000000000,0.0000000000000000,1.0000000000000000
M 1.0000000000000000,0.0000000000000000,0.0000000000000000,0.0000000000000000,0.0000000000000000,-0.9865684509277344,0.1633483916521072,3.6258947849273682,-0.0000000000000000,-0.1633483916521072,-0.9865684509277344,0.7356439828872681,0.0000000000000000,0.0000000000000000,0.0000000000000000,1.0000000000000000
M 1.0000000000000000,0.0000000000000000,0.0000000000000000,0.0000000000000000,0.0000000000000000,-0.9941974878311157,0.1075702011585236,3.6521582603454590,-0.0000000000000000,-0.1075702011585236,-0.9941974878311157,0.6345029473304749,0.0000000000000000,0.0000000000000000,0.0000000000000000,1.0000000000000000
M 1.0000000000000000,0.0000000000000000,0.0000000000000000,0.0000000000000000,0.0000000000000000,-0.9986957907676697,0.0510558299720287,3.6728119850158691,-0.0000000000000000,-0.0510558299720287,-0.9986957907676697,0.5313200950622559,0.0000000000000000,0.0000000000000000,0.0000000000000000,1.0000000000000000
M 1.0000000000000000,0.0000000000000000,0.0000000000000000,0.0000000000000000,0.0000000000000000,-0.9999819397926331,-0.0060137584805489,3.6876664161682129,-0.0000000000000000,0.0060137584805489,-0.9999819397926331,0.4264112114906311,0.0000000000000000,0.0000000000000000,0.0000000000000000,1.0000000000000000
M 1.0000000000000000,0.0000000000000000,0.0000000000000000,0.0000000000000000,0.0000000000000000,-0.9979849457740784,-0.0634507611393929,3.6965498924255371,-0.0000000000000000,0.0634507611393929,-0.9979849457740784,0.3201069533824921,0.0000000000000000,0.0000000000000000,0.0000000000000000,1.0000000000000000
M 1.0000000000000000,0.0000000000000000,0.0000000000000000,0.0000000000000000,0.0000000000000000,-0.9926453232765198,-0.1210588738322258,3.6993098258972168,-0.0000000000000000,0.1210588738322258,-0.9926453232765198,0.2127560824155807,0.0000000000000000,0.0000000000000000,0.0000000000000000,1.0000000000000000
M 1.0000000000000000,0.0000000000000000,0.0000000000000000,0.0000000000000000,0.0000000000000000,-0.9839150905609131,-0.1786365360021591,3.6958134174346924,-0.0000000000000000,0.1786365360021591,-0.9839150905609131,0.1047196537256241,0.0000000000000000,0.0000000000000000,0.0000000000000000,1.0000000000000000
M 1.0000000000000000,0.0000000000000000,0.0000000000000000,0.0000000000000000,0.0000000000000000,-0.9717594385147095,-0.2359735220670700,3.6859507560729980,-0.0000000000000000,0.2359735220670700,-0.9717594385147095,-0.0036224722862244,0.0000000000000000,0.0000000000000000,0.0000000000000000,1.0000000000000000
M 1.0000000000000000,0.0000000000000000,0.0000000000000000,0.0000000000000000,0.0000000000000000,-0.9561567306518555,-0.2928553223609924,3.6696348190307617,-0.0000000000000000,0.2928553223609924,-0.9561567306518555,-0.1118796020746231,0.0000000000000000,0.0000000000000000,0.0000000000000000,1.0000000000000000
M 1.0000000000000000,0.0000000000000000,0.0000000000000000,0.0000000000000000,0.0000000000000000,-0.9370986223220825,-0.3490646779537201,3.6468026638031006,-0.0000000000000000,0.3490646779537201,-0.9370986223220825,-0.2196531742811203,0.0000000000000000,0.0000000000000000,0.0000000000000000,1.0000000000000000
M 1.0000000000000000,0.0000000000000000,0.0000000000000000,0.0000000000000000,0.0000000000000000,-0.9145925045013428,-0.4043767452239990,3.6174190044403076,-0.0000000000000000,0.4043767452239990,-0.9145925045013428,-0.3265271782875061,0.0000000000000000,0.0000000000000000,0.0000000000000000,1.0000000000000000
M 1.0000000000000000,0.0000000000000000,0.0000000000000000,0.0000000000000000,0.0000000000000000,-0.8886594772338867,-0.4585677087306976,3.5814738273620605,-0.0000000000000000,0.4585677087306976,-0.8886594772338867,-0.4320844113826752,0.0000000000000000,0.0000000000000000,0.0000000000000000,1.0000000000000000
M 1.0000000000000000,0.0000000000000000,0.0000000000000000,0.0000000000000000,0.0000000000000000,-0.8593362569808960,-0.5114109516143799,3.5389850139617920,-0.0000000000000000,0.5114109516143799,-0.8593362569808960,-0.5358991622924805,0.0000000000000000,0.0000000000000000,0.0000000000000000,1.0000000000000000
M 1.0000000000000000,0.0000000000000000,0.0000000000000000,0.0000000000000000,0.0000000000000000,-0.8266768455505371,-0.5626769661903381,3.4900016784667969,-0.0000000000000000,0.5626769661903381,-0.8266768455505371,-0.6375365853309631,0.0000000000000000,0.0000000000000000,0.0000000000000000,1.0000000000000000
M 1.0000000000000000,0.0000000000000000,0.0000000000000000,0.0000000000000000,0.0000000000000000,-0.7907488942146301,-0.6121406555175781,3.4345998764038086,-0.0000000000000000,0.6121406555175781,-0.7907488942146301,-0.7365668416023254,0.0000000000000000,0.0000000000000000,0.0000000000000000,1.0000000000000000
M 1.0000000000000000,0.0000000000000000,0.0000000000000000,0.0000000000000000,0.0000000000000000,-0.7516373991966248,-0.6595764756202698,3.3728864192962646,-0.0000000000000000,0.6595764756202698,-0.7516373991966248,-0.8325558304786682,0.0000000000000000,0.0000000000000000,0.0000000000000000,1.0000000000000000
M 1.0000000000000000,0.0000000000000000,0.0000000000000000,0.0000000000000000,0.0000000000000000,-0.7094449996948242,-0.7047607898712158,3.3050017356872559,-0.0000000000000000,0.7047607898712158,-0.7094449996948242,-0.9250688552856445,0.0000000000000000,0.0000000000000000,0.0000000000000000,1.0000000000000000
M 1.0000000000000000,0.0000000000000000,0.0000000000000000,0.0000000000000000,0.0000000000000000,-0.6642886996269226,-0.7474761605262756,3.2311139106750488,-0.0000000000000000,0.7474761605262756,-0.6642886996269226,-1.0136792659759521,0.0000000000000000,0.0000000000000000,0.0000000000000000,1.0000000000000000
M 1.0000000000000000,0.0000000000000000,0.0000000000000000,0.0000000000000000,0.0000000000000000,-0.6163026094436646,-0.7875095009803772,3.1514236927032471,-0.0000000000000000,0.7875095009803772,-0.6163026094436646,-1.0979653596878052,0.0000000000000000,0.0000000000000000,0.0000000000000000,1.0000000000000000
M 1.0000000000000000,0.0000000000000000,0.0000000000000000,0.0000000000000000,0.0000000000000000,-0.5656378865242004,-0.8246537446975708,3.0661642551422119,-0.0000000000000000,0.8246537446975708,-0.5656378865242004,-1.1775121688842773,0.0000000000000000,0.0000000000000000,0.0000000000000000,1.0000000000000000
M 1.0000000000000000,0.0000000000000000,0.0000000000000000,0.0000000000000000,0.0000000000000000,-0.5124616622924805,-0.8587101101875305,2.9756000041961670,-0.0000000000000000,0.8587101101875305,-0.5124616622924805,-1.2519170045852661,0.0000000000000000,0.0000000000000000,0.0000000000000000,1.0000000000000000
M 1.0000000000000000,0.0000000000000000,0.0000000000000000,0.0000000000000000,0.0000000000000000,-0.4569543600082397,-0.8894901275634766,2.8800225257873535,-0.0000000000000000,0.8894901275634766,-0.4569543600082397,-1.3207926750183105,0.0000000000000000,0.0000000000000000,0.0000000000000000,1.0000000000000000
M 1.0000000000000000,0.0000000000000000,0.0000000000000000,0.0000000000000000,0.0000000000000000,-0.3993151187896729,-0.9168137311935425,2.7797594070434570,-0.0000000000000000,0.9168137311935425,-0.3993151187896729,-1.3837639093399048,0.0000000000000000,0.0000000000000000,0.0000000000000000,1.0000000000000000
M 1.0000000000000000,0.0000000000000000,0.0000000000000000,0.0000000000000000,0.0000000000000000,-0.3397556245326996,-0.9405137896537781,2.6751642227172852,-0.0000000000000000,0.9405137896537781,-0.3397556245326996,-1.4404761791229248,0.0000000000000000,0.0000000000000000,0.0000000000000000,1.0000000000000000
M 1.0000000000000000,0.0000000000000000,0.0000000000000000,0.0000000000000000,0.0000000000000000,-0.2785014510154724,-0.9604358077049255,2.5666189193725586,-0.0000000000000000,0.9604358077049255,-0.2785014510154724,-1.4905956983566284,0.0000000000000000,0.0000000000000000,0.0000000000000000,1.0000000000000000
M 1.0000000000000000,0.0000000000000000,0.0000000000000000,0.0000000000000000,0.0000000000000000,-0.2157927006483078,-0.9764392375946045,2.4545354843139648,-0.0000000000000000,0.9764392375946045,-0.2157927006483078,-1.5338106155395508,0.0000000000000000,0.0000000000000000,0.0000000000000000,1.0000000000000000
M 1.0000000000000000,0.0000000000000000,0.0000000000000000,0.0000000000000000,0.0000000000000000,-0.1518798470497131,-0.9883989691734314,2.3393478393554688,-0.0000000000000000,0.9883989691734314,-0.1518798470497131,-1.5698355436325073,0.0000000000000000,0.0000000000000000,0.0000000000000000,1.0000000000000000
M 1.0000000000000000,0.0000000000000000,0.0000000000000000,0.0000000000000000,0.0000000000000000,-0.0870286896824837,-0.9962058067321777,2.2215225696563721,-0.0000000000000000,0.9962058067321777,-0.0870286896824837,-1.5984113216400146,0.0000000000000000,0.0000000000000000,0.0000000000000000,1.0000000000000000
M 1.0000000000000000,0.0000000000000000,0.0000000000000000,0.0000000000000000,0.0000000000000000,-0.0215087365359068,-0.9997686743736267,2.1015360355377197,-0.0000000000000000,0.9997686743736267,-0.0215087365359068,-1.6193108558654785,0.0000000000000000,0.0000000000000000,0.0000000000000000,1.0000000000000000
M 1.0000000000000000,0.0000000000000000,0.0000000000000000,0.0000000000000000,0.0000000000000000,0.0443929806351662,-0.9990141391754150,1.9799014329910278,-0.0000000000000000,0.9990141391754150,0.0443929806351662,-1.6323361396789551,0.0000000000000000,0.0000000000000000,0.0000000000000000,1.0000000000000000
M 1.0000000000000000,0.0000000000000000,0.0000000000000000,0.0000000000000000,0.0000000000000000,0.1103876531124115,-0.9938886165618896,1.8571393489837646,-0.0000000000000000,0.9938886165618896,0.1103876531124115,-1.6373250484466553,0.0000000000000000,0.0000000000000000,0.0000000000000000,1.0000000000000000
M 1.0000000000000000,0.0000000000000000,0.0000000000000000,0.0000000000000000,0.0000000000000000,0.1761784106492996,-0.9843582510948181,1.7337895631790161,-0.0000000000000000,0.9843582510948181,0.1761784106492996,-1.6341505050659180,0.0000000000000000,0.0000000000000000,0.0000000000000000,1.0000000000000000
