O INDEPENDENT_BRAKE_1_CG_hb_LABEL_Hand^Brake
A INDEPENDENT_BRAKE_1_CG_hb_LABEL_Hand^Brake_INDEPENDENT_BRAKE_1_CG_hb_LABEL_Hand^Brake
M 1.0000000000000000,0.0000000000000000,0.0000000000000000,0.0000000000000000,0.0000000000000000,1.0000000000000000,-0.0000000437113883,-0.0000000542588019,-0.0000000000000000,0.0000000437113883,1.0000000000000000,-0.0000000113884084,0.0000000000000000,0.0000000000000000,0.0000000000000000,1.0000000000000000
M 1.0000000000000000,0.0000000000000000,0.0000000000000000,0.0000000000000000,0.0000000000000000,0.9999999403953552,0.0002659122110344,-0.0001909529382829,-0.0000000000000000,-0.0002659122110344,0.9999999403953552,0.0005898369126953,0.0000000000000000,0.0000000000000000,0.0000000000000000,1.0000000000000000
M 1.0000000000000000,0.0000000000000000,0.0000000000000000,0.0000000000000000,0.0000000000000000,0.9999994635581970,0.0010619916720316,-0.0007621253607795,-0.0000000000000000,-0.0010619916720316,0.9999994635581970,0.0023555352818221,0.0000000000000000,0.0000000000000000,0.0000000000000000,1.0000000000000000
M 1.0000000000000000,0.0000000000000000,0.0000000000000000,0.0000000000000000,0.0000000000000000,0.9999971389770508,0.0023855704348534,-0.0017081091646105,-0.0000000000000000,-0.0023855704348534,0.9999971389770508,0.0052923965267837,0.0000000000000000,0.0000000000000000,0.0000000000000000,1.0000000000000000
M 1.0000000000000000,0.0000000000000000,0.0000000000000000,0.0000000000000000,0.0000000000000000,0.9999910593032837,0.0042338999919593,-0.0030231145210564,-0.0000000000000000,-0.0042338999919593,0.9999910593032837,0.0093956962227821,0.0000000000000000,0.0000000000000000,0.0000000000000000,1.0000000000000000
M 1.0000000000000000,0.0000000000000000,0.0000000000000000,0.0000000000000000,0.0000000000000000,0.9999781847000122,0.0066043413244188,-0.0046980921179056,-0.0000000000000000,-0.0066043413244188,0.9999781847000122,0.0146616697311401,0.0000000000000000,0.0000000000000000,0.0000000000000000,1.0000000000000000
M 1.0000000000000000,0.0000000000000000,0.0000000000000000,0.0000000000000000,0.0000000000000000,0.9999549388885498,0.0094941183924675,-0.0067234174348414,-0.0000000000000000,-0.0094941183924675,0.9999549388885498,0.0210867803543806,0.0000000000000000,0.0000000000000000,0.0000000000000000,1.0000000000000000
M 1.0000000000000000,0.0000000000000000,0.0000000000000000,0.0000000000000000,0.0000000000000000,0.9999167919158936,0.0129005471244454,-0.0090869097039104,-0.0000000000000000,-0.0129005471244454,0.9999167919158936,0.0286683570593596,0.0000000000000000,0.0000000000000000,0.0000000000000000,1.0000000000000000
M 1.0000000000000000,0.0000000000000000,0.0000000000000000,0.0000000000000000,0.0000000000000000,0.9998584985733032,0.0168210249394178,-0.0117752542719245,-0.0000000000000000,-0.0168210249394178,0.9998584985733032,0.0374043807387352,0.0000000000000000,0.0000000000000000,0.0000000000000000,1.0000000000000000
M 1.0000000000000000,0.0000000000000000,0.0000000000000000,0.0000000000000000,0.0000000000000000,0.9997741580009460,0.0212524179369211,-0.0147728472948074,-0.0000000000000000,-0.0212524179369211,0.9997741580009460,0.0472921393811703,0.0000000000000000,0.0000000000000000,0.0000000000000000,1.0000000000000000
M 1.0000000000000000,0.0000000000000000,0.0000000000000000,0.0000000000000000,0.0000000000000000,0.9996569156646729,0.0261920094490051,-0.0180629547685385,-0.0000000000000000,-0.0261920094490051,0.9996569156646729,0.0583305470645428,0.0000000000000000,0.0000000000000000,0.0000000000000000,1.0000000000000000
M 1.0000000000000000,0.0000000000000000,0.0000000000000000,0.0000000000000000,0.0000000000000000,0.9994994401931763,0.0316368751227856,-0.0216267853975296,-0.0000000000000000,-0.0316368751227856,0.9994994401931763,0.0705183073878288,0.0000000000000000,0.0000000000000000,0.0000000000000000,1.0000000000000000
M 1.0000000000000000,0.0000000000000000,0.0000000000000000,0.0000000000000000,0.0000000000000000,0.9992934465408325,0.0375838726758957,-0.0254439618438482,-0.0000000000000000,-0.0375838726758957,0.9992934465408325,0.0838545411825180,0.0000000000000000,0.0000000000000000,0.0000000000000000,1.0000000000000000
M 1.0000000000000000,0.0000000000000000,0.0000000000000000,0.0000000000000000,0.0000000000000000,0.9990302324295044,0.0440298542380333,-0.0294929072260857,-0.0000000000000000,-0.0440298542380333,0.9990302324295044,0.0983384475111961,0.0000000000000000,0.0000000000000000,0.0000000000000000,1.0000000000000000
M 1.0000000000000000,0.0000000000000000,0.0000000000000000,0.0000000000000000,0.0000000000000000,0.9987001419067383,0.0509713031351566,-0.0337496399879456,-0.0000000000000000,-0.0509713031351566,0.9987001419067383,0.1139691621065140,0.0000000000000000,0.0000000000000000,0.0000000000000000,1.0000000000000000
M 1.0000000000000000,0.0000000000000000,0.0000000000000000,0.0000000000000000,0.0000000000000000,0.9982929825782776,0.0584048815071583,-0.0381888709962368,-0.0000000000000000,-0.0584048815071583,0.9982929825782776,0.1307466030120850,0.0000000000000000,0.0000000000000000,0.0000000000000000,1.0000000000000000
M 1.0000000000000000,0.0000000000000000,0.0000000000000000,0.0000000000000000,0.0000000000000000,0.9977979063987732,0.0663269609212875,-0.0427846312522888,-0.0000000000000000,-0.0663269609212875,0.9977979063987732,0.1486705839633942,0.0000000000000000,0.0000000000000000,0.0000000000000000,1.0000000000000000
M 1.0000000000000000,0.0000000000000000,0.0000000000000000,0.0000000000000000,0.0000000000000000,0.9972035288810730,0.0747335702180862,-0.0475080721080303,-0.0000000000000000,-0.0747335702180862,0.9972035288810730,0.1677403599023819,0.0000000000000000,0.0000000000000000,0.0000000000000000,1.0000000000000000
M 1.0000000000000000,0.0000000000000000,0.0000000000000000,0.0000000000000000,0.0000000000000000,0.9964976310729980,0.0836206153035164,-0.0523295551538467,-0.0000000000000000,-0.0836206153035164,0.9964976310729980,0.1879557967185974,0.0000000000000000,0.0000000000000000,0.0000000000000000,1.0000000000000000
M 1.0000000000000000,0.0000000000000000,0.0000000000000000,0.0000000000000000,0.0000000000000000,0.9956676363945007,0.0929835140705109,-0.0572178885340691,-0.0000000000000000,-0.0929835140705109,0.9956676363945007,0.2093155831098557,0.0000000000000000,0.0000000000000000,0.0000000000000000,1.0000000000000000
M 1.0000000000000000,0.0000000000000000,0.0000000000000000,0.0000000000000000,0.0000000000000000,0.9947001934051514,0.1028179749846458,-0.0621404200792313,-0.0000000000000000,-0.1028179749846458,0.9947001934051514,0.2318199574947357,0.0000000000000000,0.0000000000000000,0.0000000000000000,1.0000000000000000
M 1.0000000000000000,0.0000000000000000,0.0000000000000000,0.0000000000000000,0.0000000000000000,0.9935814738273621,0.1131184399127960,-0.0670621767640114,-0.0000000000000000,-0.1131184399127960,0.9935814738273621,0.2554664611816406,0.0000000000000000,0.0000000000000000,0.0000000000000000,1.0000000000000000
M 1.0000000000000000,0.0000000000000000,0.0000000000000000,0.0000000000000000,0.0000000000000000,0.9922971725463867,0.1238799318671227,-0.0719480887055397,-0.0000000000000000,-0.1238799318671227,0.9922971725463867,0.2802543342113495,0.0000000000000000,0.0000000000000000,0.0000000000000000,1.0000000000000000
M 1.0000000000000000,0.0000000000000000,0.0000000000000000,0.0000000000000000,0.0000000000000000,0.9908323884010315,0.1350967586040497,-0.0767611786723137,-0.0000000000000000,-0.1350967586040497,0.9908323884010315,0.3061816990375519,0.0000000000000000,0.0000000000000000,0.0000000000000000,1.0000000000000000
M 1.0000000000000000,0.0000000000000000,0.0000000000000000,0.0000000000000000,0.0000000000000000,0.9891718029975891,0.1467622071504593,-0.0814622864127159,-0.0000000000000000,-0.1467622071504593,0.9891718029975891,0.3332446217536926,0.0000000000000000,0.0000000000000000,0.0000000000000000,1.0000000000000000
M 1.0000000000000000,0.0000000000000000,0.0000000000000000,0.0000000000000000,0.0000000000000000,0.9872994422912598,0.1588704288005829,-0.0860119238495827,-0.0000000000000000,-0.1588704288005829,0.9872994422912598,0.3614416718482971,0.0000000000000000,0.0000000000000000,0.0000000000000000,1.0000000000000000
M 1.0000000000000000,0.0000000000000000,0.0000000000000000,0.0000000000000000,0.0000000000000000,0.9851990938186646,0.1714137941598892,-0.0903688371181488,-0.0000000000000000,-0.1714137941598892,0.9851990938186646,0.3907675445079803,0.0000000000000000,0.0000000000000000,0.0000000000000000,1.0000000000000000
M 1.0000000000000000,0.0000000000000000,0.0000000000000000,0.0000000000000000,0.0000000000000000,0.9828541278839111,0.1843847632408142,-0.0944906622171402,-0.0000000000000000,-0.1843847632408142,0.9828541278839111,0.4212174713611603,0.0000000000000000,0.0000000000000000,0.0000000000000000,1.0000000000000000
M 1.0000000000000000,0.0000000000000000,0.0000000000000000,0.0000000000000000,0.0000000000000000,0.9802473187446594,0.1977754831314087,-0.0983333587646484,-0.0000000000000000,-0.1977754831314087,0.9802473187446594,0.4527864754199982,0.0000000000000000,0.0000000000000000,0.0000000000000000,1.0000000000000000
M 1.0000000000000000,0.0000000000000000,0.0000000000000000,0.0000000000000000,0.0000000000000000,0.9773613214492798,0.2115770429372787,-0.1018521487712860,-0.0000000000000000,-0.2115770429372787,0.9773613214492798,0.4854671657085419,0.0000000000000000,0.0000000000000000,0.0000000000000000,1.0000000000000000
M 1.0000000000000000,0.0000000000000000,0.0000000000000000,0.0000000000000000,0.0000000000000000,0.9741782546043396,0.2257801741361618,-0.1050010323524475,-0.0000000000000000,-0.2257801741361618,0.9741782546043396,0.5192518830299377,0.0000000000000000,0.0000000000000000,0.0000000000000000,1.0000000000000000
M 1.0000000000000000,0.0000000000000000,0.0000000000000000,0.0000000000000000,0.0000000000000000,0.9706801176071167,0.2403748780488968,-0.1077322810888290,-0.0000000000000000,-0.2403748780488968,0.9706801176071167,0.5541313886642456,0.0000000000000000,0.0000000000000000,0.0000000000000000,1.0000000000000000
M 1.0000000000000000,0.0000000000000000,0.0000000000000000,0.0000000000000000,0.0000000000000000,0.9668484926223755,0.2553505897521973,-0.1099980026483536,-0.0000000000000000,-0.2553505897521973,0.9668484926223755,0.5900954008102417,0.0000000000000000,0.0000000000000000,0.0000000000000000,1.0000000000000000
M 1.0000000000000000,0.0000000000000000,0.0000000000000000,0.0000000000000000,0.0000000000000000,0.9626648426055908,0.2706959545612335,-0.1117485761642456,-0.0000000000000000,-0.2706959545612335,0.9626648426055908,0.6271323561668396,0.0000000000000000,0.0000000000000000,0.0000000000000000,1.0000000000000000
M 1.0000000000000000,0.0000000000000000,0.0000000000000000,0.0000000000000000,0.0000000000000000,0.9581104516983032,0.2863987982273102,-0.1129340082406998,-0.0000000000000000,-0.2863987982273102,0.9581104516983032,0.6652283668518066,0.0000000000000000,0.0000000000000000,0.0000000000000000,1.0000000000000000
M 1.0000000000000000,0.0000000000000000,0.0000000000000000,0.0000000000000000,0.0000000000000000,0.9531663060188293,0.3024465143680573,-0.1135030239820480,-0.0000000000000000,-0.3024465143680573,0.9531663060188293,0.7043693661689758,0.0000000000000000,0.0000000000000000,0.0000000000000000,1.0000000000000000
M 1.0000000000000000,0.0000000000000000,0.0000000000000000,0.0000000000000000,0.0000000000000000,0.9478134512901306,0.3188253641128540,-0.1134035438299179,-0.0000000000000000,-0.3188253641128540,0.9478134512901306,0.7445383667945862,0.0000000000000000,0.0000000000000000,0.0000000000000000,1.0000000000000000
M 1.0000000000000000,0.0000000000000000,0.0000000000000000,0.0000000000000000,0.0000000000000000,0.9420327544212341,0.3355208337306976,-0.1125827133655548,-0.0000000000000000,-0.3355208337306976,0.9420327544212341,0.7857170104980469,0.0000000000000000,0.0000000000000000,0.0000000000000000,1.0000000000000000
M 1.0000000000000000,0.0000000000000000,0.0000000000000000,0.0000000000000000,0.0000000000000000,0.9358050227165222,0.3525178730487823,-0.1109874844551086,-0.0000000000000000,-0.3525178730487823,0.9358050227165222,0.8278856873512268,0.0000000000000000,0.0000000000000000,0.0000000000000000,1.0000000000000000
M 1.0000000000000000,0.0000000000000000,0.0000000000000000,0.0000000000000000,0.0000000000000000,0.9291113018989563,0.3698000609874725,-0.1085636615753174,-0.0000000000000000,-0.3698000609874725,0.9291113018989563,0.8710216283798218,0.0000000000000000,0.0000000000000000,0.0000000000000000,1.0000000000000000
M 1.0000000000000000,0.0000000000000000,0.0000000000000000,0.0000000000000000,0.0000000000000000,0.9219324588775635,0.3873505890369415,-0.1052569448947906,-0.0000000000000000,-0.3873505890369415,0.9219324588775635,0.9151012897491455,0.0000000000000000,0.0000000000000000,0.0000000000000000,1.0000000000000000
M 1.0000000000000000,0.0000000000000000,0.0000000000000000,0.0000000000000000,0.0000000000000000,0.9142497181892395,0.4051511585712433,-0.1010124683380127,-0.0000000000000000,-0.4051511585712433,0.9142497181892395,0.9600976705551147,0.0000000000000000,0.0000000000000000,0.0000000000000000,1.0000000000000000
M 1.0000000000000000,0.0000000000000000,0.0000000000000000,0.0000000000000000,0.0000000000000000,0.9060441851615906,0.4231831431388855,-0.0957748591899872,-0.0000000000000000,-0.4231831431388855,0.9060441851615906,1.0059828758239746,0.0000000000000000,0.0000000000000000,0.0000000000000000,1.0000000000000000
M 1.0000000000000000,0.0000000000000000,0.0000000000000000,0.0000000000000000,0.0000000000000000,0.8972974419593811,0.4414264261722565,-0.0894890427589417,-0.0000000000000000,-0.4414264261722565,0.8972974419593811,1.0527255535125732,0.0000000000000000,0.0000000000000000,0.0000000000000000,1.0000000000000000
M 1.0000000000000000,0.0000000000000000,0.0000000000000000,0.0000000000000000,0.0000000000000000,0.8879912495613098,0.4598603248596191,-0.0820994675159454,-0.0000000000000000,-0.4598603248596191,0.8879912495613098,1.1002931594848633,0.0000000000000000,0.0000000000000000,0.0000000000000000,1.0000000000000000
M 1.0000000000000000,0.0000000000000000,0.0000000000000000,0.0000000000000000,0.0000000000000000,0.8781078457832336,0.4784627556800842,-0.0735510885715485,-0.0000000000000000,-0.4784627556800842,0.8781078457832336,1.1486492156982422,0.0000000000000000,0.0000000000000000,0.0000000000000000,1.0000000000000000
M 1.0000000000000000,0.0000000000000000,0.0000000000000000,0.0000000000000000,0.0000000000000000,0.8676297068595886,0.4972108900547028,-0.0637884736061096,-0.0000000000000000,-0.4972108900547028,0.8676297068595886,1.1977558135986328,0.0000000000000000,0.0000000000000000,0.0000000000000000,1.0000000000000000
M 1.0000000000000000,0.0000000000000000,0.0000000000000000,0.0000000000000000,0.0000000000000000,0.8565398454666138,0.5160808563232422,-0.0527568459510803,-0.0000000000000000,-0.5160808563232422,0.8565398454666138,1.2475723028182983,0.0000000000000000,0.0000000000000000,0.0000000000000000,1.0000000000000000
M 1.0000000000000000,0.0000000000000000,0.0000000000000000,0.0000000000000000,0.0000000000000000,0.8448217511177063,0.5350478887557983,-0.0404018759727478,-0.0000000000000000,-0.5350478887557983,0.8448217511177063,1.2980556488037109,0.0000000000000000,0.0000000000000000,0.0000000000000000,1.0000000000000000
M 1.0000000000000000,0.0000000000000000,0.0000000000000000,0.0000000000000000,0.0000000000000000,0.8324596285820007,0.5540856122970581,-0.0266694426536560,-0.0000000000000000,-0.5540856122970581,0.8324596285820007,1.3491582870483398,0.0000000000000000,0.0000000000000000,0.0000000000000000,1.0000000000000000
M 1.0000000000000000,0.0000000000000000,0.0000000000000000,0.0000000000000000,0.0000000000000000,0.8194383382797241,0.5731673240661621,-0.0115067958831787,-0.0000000000000000,-0.5731673240661621,0.8194383382797241,1.4008324146270752,0.0000000000000000,0.0000000000000000,0.0000000000000000,1.0000000000000000
M 1.0000000000000000,0.0000000000000000,0.0000000000000000,0.0000000000000000,0.0000000000000000,0.8057432174682617,0.5922650098800659,0.0051386952400208,-0.0000000000000000,-0.5922650098800659,0.8057432174682617,1.4530261754989624,0.0000000000000000,0.0000000000000000,0.0000000000000000,1.0000000000000000
M 1.0000000000000000,0.0000000000000000,0.0000000000000000,0.0000000000000000,0.0000000000000000,0.7913608551025391,0.6113492846488953,0.0233177840709686,-0.0000000000000000,-0.6113492846488953,0.7913608551025391,1.5056841373443604,0.0000000000000000,0.0000000000000000,0.0000000000000000,1.0000000000000000
M 1.0000000000000000,0.0000000000000000,0.0000000000000000,0.0000000000000000,0.0000000000000000,0.7762781977653503,0.6303904652595520,0.0430807769298553,-0.0000000000000000,-0.6303904652595520,0.7762781977653503,1.5587499141693115,0.0000000000000000,0.0000000000000000,0.0000000000000000,1.0000000000000000
M 1.0000000000000000,0.0000000000000000,0.0000000000000000,0.0000000000000000,0.0000000000000000,0.7604833841323853,0.6493573188781738,0.0644765794277191,-0.0000000000000000,-0.6493573188781738,0.7604833841323853,1.6121624708175659,0.0000000000000000,0.0000000000000000,0.0000000000000000,1.0000000000000000
M 1.0000000000000000,0.0000000000000000,0.0000000000000000,0.0000000000000000,0.0000000000000000,0.7439659237861633,0.6682175397872925,0.0875515639781952,-0.0000000000000000,-0.6682175397872925,0.7439659237861633,1.6658580303192139,0.0000000000000000,0.0000000000000000,0.0000000000000000,1.0000000000000000
M 1.0000000000000000,0.0000000000000000,0.0000000000000000,0.0000000000000000,0.0000000000000000,0.7267156839370728,0.6869384050369263,0.1123518943786621,-0.0000000000000000,-0.6869384050369263,0.7267156839370728,1.7197711467742920,0.0000000000000000,0.0000000000000000,0.0000000000000000,1.0000000000000000
M 1.0000000000000000,0.0000000000000000,0.0000000000000000,0.0000000000000000,0.0000000000000000,0.7087240815162659,0.7054857611656189,0.1389206647872925,-0.0000000000000000,-0.7054857611656189,0.7087240815162659,1.7738323211669922,0.0000000000000000,0.0000000000000000,0.0000000000000000,1.0000000000000000
M 1.0000000000000000,0.0000000000000000,0.0000000000000000,0.0000000000000000,0.0000000000000000,0.6899840235710144,0.7238246202468872,0.1672992706298828,-0.0000000000000000,-0.7238246202468872,0.6899840235710144,1.8279689550399780,0.0000000000000000,0.0000000000000000,0.0000000000000000,1.0000000000000000
M 1.0000000000000000,0.0000000000000000,0.0000000000000000,0.0000000000000000,0.0000000000000000,0.6704891324043274,0.7419193983078003,0.1975271701812744,-0.0000000000000000,-0.7419193983078003,0.6704891324043274,1.8821067810058594,0.0000000000000000,0.0000000000000000,0.0000000000000000,1.0000000000000000
M 1.0000000000000000,0.0000000000000000,0.0000000000000000,0.0000000000000000,0.0000000000000000,0.6502349376678467,0.7597332000732422,0.2296408414840698,-0.0000000000000000,-0.7597332000732422,0.6502349376678467,1.9361672401428223,0.0000000000000000,0.0000000000000000,0.0000000000000000,1.0000000000000000
M 1.0000000000000000,0.0000000000000000,0.0000000000000000,0.0000000000000000,0.0000000000000000,0.6292180418968201,0.7772288322448730,0.2636745572090149,-0.0000000000000000,-0.7772288322448730,0.6292180418968201,1.9900703430175781,0.0000000000000000,0.0000000000000000,0.0000000000000000,1.0000000000000000
M 1.0000000000000000,0.0000000000000000,0.0000000000000000,0.0000000000000000,0.0000000000000000,0.6074368953704834,0.7943679690361023,0.2996593117713928,-0.0000000000000000,-0.7943679690361023,0.6074368953704834,2.0437319278717041,0.0000000000000000,0.0000000000000000,0.0000000000000000,1.0000000000000000
M 1.0000000000000000,0.0000000000000000,0.0000000000000000,0.0000000000000000,0.0000000000000000,0.5848913788795471,0.8111116886138916,0.3376232385635376,-0.0000000000000000,-0.8111116886138916,0.5848913788795471,2.0970661640167236,0.0000000000000000,0.0000000000000000,0.0000000000000000,1.0000000000000000
M 1.0000000000000000,0.0000000000000000,0.0000000000000000,0.0000000000000000,0.0000000000000000,0.5615828633308411,0.8274205327033997,0.3775917887687683,-0.0000000000000000,-0.8274205327033997,0.5615828633308411,2.1499843597412109,0.0000000000000000,0.0000000000000000,0.0000000000000000,1.0000000000000000
M 1.0000000000000000,0.0000000000000000,0.0000000000000000,0.0000000000000000,0.0000000000000000,0.5375147461891174,0.8432543873786926,0.4195863008499146,-0.0000000000000000,-0.8432543873786926,0.5375147461891174,2.2023949623107910,0.0000000000000000,0.0000000000000000,0.0000000000000000,1.0000000000000000
M 1.0000000000000000,0.0000000000000000,0.0000000000000000,0.0000000000000000,0.0000000000000000,0.5126922726631165,0.8585724234580994,0.4636241793632507,-0.0000000000000000,-0.8585724234580994,0.5126922726631165,2.2542040348052979,0.0000000000000000,0.0000000000000000,0.0000000000000000,1.0000000000000000
M 1.0000000000000000,0.0000000000000000,0.0000000000000000,0.0000000000000000,0.0000000000000000,0.4871219992637634,0.8733339309692383,0.5097205042839050,-0.0000000000000000,-0.8733339309692383,0.4871219992637634,2.3053162097930908,0.0000000000000000,0.0000000000000000,0.0000000000000000,1.0000000000000000
M 1.0000000000000000,0.0000000000000000,0.0000000000000000,0.0000000000000000,0.0000000000000000,0.4608131945133209,0.8874971270561218,0.5578845143318176,-0.0000000000000000,-0.8874971270561218,0.4608131945133209,2.3556325435638428,0.0000000000000000,0.0000000000000000,0.0000000000000000,1.0000000000000000
M 1.0000000000000000,0.0000000000000000,0.0000000000000000,0.0000000000000000,0.0000000000000000,0.4337767958641052,0.9010203480720520,0.6081221103668213,-0.0000000000000000,-0.9010203480720520,0.4337767958641052,2.4050521850585938,0.0000000000000000,0.0000000000000000,0.0000000000000000,1.0000000000000000
M 1.0000000000000000,0.0000000000000000,0.0000000000000000,0.0000000000000000,0.0000000000000000,0.4060252010822296,0.9138618707656860,0.6604356169700623,-0.0000000000000000,-0.9138618707656860,0.4060252010822296,2.4534742832183838,0.0000000000000000,0.0000000000000000,0.0000000000000000,1.0000000000000000
M 1.0000000000000000,0.0000000000000000,0.0000000000000000,0.0000000000000000,0.0000000000000000,0.3775738477706909,0.9259794950485229,0.7148212194442749,-0.0000000000000000,-0.9259794950485229,0.3775738477706909,2.5007939338684082,0.0000000000000000,0.0000000000000000,0.0000000000000000,1.0000000000000000
M 1.0000000000000000,0.0000000000000000,0.0000000000000000,0.0000000000000000,0.0000000000000000,0.3484397828578949,0.9373311996459961,0.7712711691856384,-0.0000000000000000,-0.9373311996459961,0.3484397828578949,2.5469057559967041,0.0000000000000000,0.0000000000000000,0.0000000000000000,1.0000000000000000
M 1.0000000000000000,0.0000000000000000,0.0000000000000000,0.0000000000000000,0.0000000000000000,0.3186422586441040,0.9478750824928284,0.8297730684280396,-0.0000000000000000,-0.9478750824928284,0.3186422586441040,2.5917029380798340,0.0000000000000000,0.0000000000000000,0.0000000000000000,1.0000000000000000
M 1.0000000000000000,0.0000000000000000,0.0000000000000000,0.0000000000000000,0.0000000000000000,0.2882030904293060,0.9575693011283875,0.8903084993362427,-0.0000000000000000,-0.9575693011283875,0.2882030904293060,2.6350769996643066,0.0000000000000000,0.0000000000000000,0.0000000000000000,1.0000000000000000
M 1.0000000000000000,0.0000000000000000,0.0000000000000000,0.0000000000000000,0.0000000000000000,0.2571457624435425,0.9663726687431335,0.9528549909591675,-0.0000000000000000,-0.9663726687431335,0.2571457624435425,2.6769196987152100,0.0000000000000000,0.0000000000000000,0.0000000000000000,1.0000000000000000
M 1.0000000000000000,0.0000000000000000,0.0000000000000000,0.0000000000000000,0.0000000000000000,0.2254964858293533,0.9742439985275269,1.0173840522766113,-0.0000000000000000,-0.9742439985275269,0.2254964858293533,2.7171211242675781,0.0000000000000000,0.0000000000000000,0.0000000000000000,1.0000000000000000
M 1.0000000000000000,0.0000000000000000,0.0000000000000000,0.0000000000000000,0.0000000000000000,0.1932839006185532,0.9811428785324097,1.0838612318038940,-0.0000000000000000,-0.9811428785324097,0.1932839006185532,2.7555706501007080,0.0000000000000000,0.0000000000000000,0.0000000000000000,1.0000000000000000
M 1.0000000000000000,0.0000000000000000,0.0000000000000000,0.0000000000000000,0.0000000000000000,0.1605385988950729,0.9870296120643616,1.1522471904754639,-0.0000000000000000,-0.9870296120643616,0.1605385988950729,2.7921586036682129,0.0000000000000000,0.0000000000000000,0.0000000000000000,1.0000000000000000
M 1.0000000000000000,0.0000000000000000,0.0000000000000000,0.0000000000000000,0.0000000000000000,0.1272936165332794,0.9918650984764099,1.2224966287612915,-0.0000000000000000,-0.9918650984764099,0.1272936165332794,2.8267741203308105,0.0000000000000000,0.0000000000000000,0.0000000000000000,1.0000000000000000
M 1.0000000000000000,0.0000000000000000,0.0000000000000000,0.0000000000000000,0.0000000000000000,0.0935846790671349,0.9956113100051880,1.2945578098297119,-0.0000000000000000,-0.9956113100051880,0.0935846790671349,2.8593077659606934,0.0000000000000000,0.0000000000000000,0.0000000000000000,1.0000000000000000
M 1.0000000000000000,0.0000000000000000,0.0000000000000000,0.0000000000000000,0.0000000000000000,0.0594494827091694,0.9982313513755798,1.3683736324310303,-0.0000000000000000,-0.9982313513755798,0.0594494827091694,2.8896503448486328,0.0000000000000000,0.0000000000000000,0.0000000000000000,1.0000000000000000
M 1.0000000000000000,0.0000000000000000,0.0000000000000000,0.0000000000000000,0.0000000000000000,0.0249281637370586,0.9996892213821411,1.4438810348510742,-0.0000000000000000,-0.9996892213821411,0.0249281637370586,2.9176931381225586,0.0000000000000000,0.0000000000000000,0.0000000000000000,1.0000000000000000
M 1.0000000000000000,0.0000000000000000,0.0000000000000000,0.0000000000000000,0.0000000000000000,-0.0099364370107651,0.9999506473541260,1.5210095643997192,-0.0000000000000000,-0.9999506473541260,-0.0099364370107651,2.9433293342590332,0.0000000000000000,0.0000000000000000,0.0000000000000000,1.0000000000000000
M 1.0000000000000000,0.0000000000000000,0.0000000000000000,0.0000000000000000,0.0000000000000000,-0.0451001375913620,0.9989824891090393,1.5996850728988647,-0.0000000000000000,-0.9989824891090393,-0.0451001375913620,2.9664537906646729,0.0000000000000000,0.0000000000000000,0.0000000000000000,1.0000000000000000
M 1.0000000000000000,0.0000000000000000,0.0000000000000000,0.0000000000000000,0.0000000000000000,-0.0805153697729111,0.9967533349990845,1.6798244714736938,-0.0000000000000000,-0.9967533349990845,-0.0805153697729111,2.9869627952575684,0.0000000000000000,0.0000000000000000,0.0000000000000000,1.0000000000000000
M 1.0000000000000000,0.0000000000000000,0.0000000000000000,0.0000000000000000,0.0000000000000000,-0.1161326840519905,0.9932336807250977,1.7613396644592285,-0.0000000000000000,-0.9932336807250977,-0.1161326840519905,3.0047547817230225,0.0000000000000000,0.0000000000000000,0.0000000000000000,1.0000000000000000
M 1.0000000000000000,0.0000000000000000,0.0000000000000000,0.0000000000000000,0.0000000000000000,-0.1519012302160263,0.9883956313133240,1.8441376686096191,-0.0000000000000000,-0.9883956313133240,-0.1519012302160263,3.0197319984436035,0.0000000000000000,0.0000000000000000,0.0000000000000000,1.0000000000000000
M 1.0000000000000000,0.0000000000000000,0.0000000000000000,0.0000000000000000,0.0000000000000000,-0.1877665966749191,0.9822136759757996,1.9281162023544312,-0.0000000000000000,-0.9822136759757996,-0.1877665966749191,3.0317986011505127,0.0000000000000000,0.0000000000000000,0.0000000000000000,1.0000000000000000
M 1.0000000000000000,0.0000000000000000,0.0000000000000000,0.0000000000000000,0.0000000000000000,-0.2236739993095398,0.9746639728546143,2.0131709575653076,-0.0000000000000000,-0.9746639728546143,-0.2236739993095398,3.0408620834350586,0.0000000000000000,0.0000000000000000,0.0000000000000000,1.0000000000000000
M 1.0000000000000000,0.0000000000000000,0.0000000000000000,0.0000000000000000,0.0000000000000000,-0.2595651149749756,0.9657256007194519,2.0991873741149902,-0.0000000000000000,-0.9657256007194519,-0.2595651149749756,3.0468342304229736,0.0000000000000000,0.0000000000000000,0.0000000000000000,1.0000000000000000
M 1.0000000000000000,0.0000000000000000,0.0000000000000000,0.0000000000000000,0.0000000000000000,-0.2953802049160004,0.9553797245025635,2.1860470771789551,-0.0000000000000000,-0.9553797245025635,-0.2953802049160004,3.0496308803558350,0.0000000000000000,0.0000000000000000,0.0000000000000000,1.0000000000000000
M 1.0000000000000000,0.0000000000000000,0.0000000000000000,0.0000000000000000,0.0000000000000000,-0.3310586512088776,0.9436101317405701,2.2736268043518066,-0.0000000000000000,-0.9436101317405701,-0.3310586512088776,3.0491714477539062,0.0000000000000000,0.0000000000000000,0.0000000000000000,1.0000000000000000
M 1.0000000000000000,0.0000000000000000,0.0000000000000000,0.0000000000000000,0.0000000000000000,-0.3665367662906647,0.9304035305976868,2.3617949485778809,-0.0000000000000000,-0.9304035305976868,-0.3665367662906647,3.0453817844390869,0.0000000000000000,0.0000000000000000,0.0000000000000000,1.0000000000000000
M 1.0000000000000000,0.0000000000000000,0.0000000000000000,0.0000000000000000,0.0000000000000000,-0.4017497897148132,0.9157494902610779,2.4504156112670898,-0.0000000000000000,-0.9157494902610779,-0.4017497897148132,3.0381915569305420,0.0000000000000000,0.0000000000000000,0.0000000000000000,1.0000000000000000
M 1.0000000000000000,0.0000000000000000,0.0000000000000000,0.0000000000000000,0.0000000000000000,-0.4366324841976166,0.8996399641036987,2.5393497943878174,-0.0000000000000000,-0.8996399641036987,-0.4366324841976166,3.0275361537933350,0.0000000000000000,0.0000000000000000,0.0000000000000000,1.0000000000000000
M 1.0000000000000000,0.0000000000000000,0.0000000000000000,0.0000000000000000,0.0000000000000000,-0.4711164534091949,0.8820710182189941,2.6284484863281250,-0.0000000000000000,-0.8820710182189941,-0.4711164534091949,3.0133578777313232,0.0000000000000000,0.0000000000000000,0.0000000000000000,1.0000000000000000
M 1.0000000000000000,0.0000000000000000,0.0000000000000000,0.0000000000000000,0.0000000000000000,-0.5051330327987671,0.8630414605140686,2.7175605297088623,-0.0000000000000000,-0.8630414605140686,-0.5051330327987671,2.9956045150756836,0.0000000000000000,0.0000000000000000,0.0000000000000000,1.0000000000000000
M 1.0000000000000000,0.0000000000000000,0.0000000000000000,0.0000000000000000,0.0000000000000000,-0.5386133790016174,0.8425530195236206,2.8065316677093506,-0.0000000000000000,-0.8425530195236206,-0.5386133790016174,2.9742307662963867,0.0000000000000000,0.0000000000000000,0.0000000000000000,1.0000000000000000
M 1.0000000000000000,0.0000000000000000,0.0000000000000000,0.0000000000000000,0.0000000000000000,-0.5714861154556274,0.8206117153167725,2.8951997756958008,-0.0000000000000000,-0.8206117153167725,-0.5714861154556274,2.9491982460021973,0.0000000000000000,0.0000000000000000,0.0000000000000000,1.0000000000000000
M 1.0000000000000000,0.0000000000000000,0.0000000000000000,0.0000000000000000,0.0000000000000000,-0.6036801338195801,0.7972266077995300,2.9834001064300537,-0.0000000000000000,-0.7972266077995300,-0.6036801338195801,2.9204761981964111,0.0000000000000000,0.0000000000000000,0.0000000000000000,1.0000000000000000
M 1.0000000000000000,0.0000000000000000,0.0000000000000000,0.0000000000000000,0.0000000000000000,-0.6351234912872314,0.7724105715751648,3.0709643363952637,-0.0000000000000000,-0.7724105715751648,-0.6351234912872314,2.8880414962768555,0.0000000000000000,0.0000000000000000,0.0000000000000000,1.0000000000000000
M 1.0000000000000000,0.0000000000000000,0.0000000000000000,0.0000000000000000,0.0000000000000000,-0.6657446026802063,0.7461796402931213,3.1577217578887939,-0.0000000000000000,-0.7461796402931213,-0.6657446026802063,2.8518779277801514,0.0000000000000000,0.0000000000000000,0.0000000000000000,1.0000000000000000
M 1.0000000000000000,0.0000000000000000,0.0000000000000000,0.0000000000000000,0.0000000000000000,-0.6954700350761414,0.7185550928115845,3.2434947490692139,-0.0000000000000000,-0.7185550928115845,-0.6954700350761414,2.8119802474975586,0.0000000000000000,0.0000000000000000,0.0000000000000000,1.0000000000000000
M 1.0000000000000000,0.0000000000000000,0.0000000000000000,0.0000000000000000,0.0000000000000000,-0.7242280244827271,0.6895605921745300,3.3281068801879883,-0.0000000000000000,-0.6895605921745300,-0.7242280244827271,2.7683491706848145,0.0000000000000000,0.0000000000000000,0.0000000000000000,1.0000000000000000
M 1.0000000000000000,0.0000000000000000,0.0000000000000000,0.0000000000000000,0.0000000000000000,-0.7519468069076538,0.6592237949371338,3.4113788604736328,-0.0000000000000000,-0.6592237949371338,-0.7519468069076538,2.7209947109222412,0.0000000000000000,0.0000000000000000,0.0000000000000000,1.0000000000000000
M 1.0000000000000000,0.0000000000000000,0.0000000000000000,0.0000000000000000,0.0000000000000000,-0.7785537838935852,0.6275779604911804,3.4931259155273438,-0.0000000000000000,-0.6275779604911804,-0.7785537838935852,2.6699383258819580,0.0000000000000000,0.0000000000000000,0.0000000000000000,1.0000000000000000
M 1.0000000000000000,0.0000000000000000,0.0000000000000000,0.0000000000000000,0.0000000000000000,-0.8039785027503967,0.5946583747863770,3.5731668472290039,-0.0000000000000000,-0.5946583747863770,-0.8039785027503967,2.6152074337005615,0.0000000000000000,0.0000000000000000,0.0000000000000000,1.0000000000000000
M 1.0000000000000000,0.0000000000000000,0.0000000000000000,0.0000000000000000,0.0000000000000000,-0.8281509876251221,0.5605050921440125,3.6513175964355469,-0.0000000000000000,-0.5605050921440125,-0.8281509876251221,2.5568408966064453,0.0000000000000000,0.0000000000000000,0.0000000000000000,1.0000000000000000
M 1.0000000000000000,0.0000000000000000,0.0000000000000000,0.0000000000000000,0.0000000000000000,-0.8510016202926636,0.5251630544662476,3.7273912429809570,-0.0000000000000000,-0.5251630544662476,-0.8510016202926636,2.4948878288269043,0.0000000000000000,0.0000000000000000,0.0000000000000000,1.0000000000000000
M 1.0000000000000000,0.0000000000000000,0.0000000000000000,0.0000000000000000,0.0000000000000000,-0.8724631667137146,0.4886798262596130,3.8012044429779053,-0.0000000000000000,-0.4886798262596130,-0.8724631667137146,2.4294061660766602,0.0000000000000000,0.0000000000000000,0.0000000000000000,1.0000000000000000
M 1.0000000000000000,0.0000000000000000,0.0000000000000000,0.0000000000000000,0.0000000000000000,-0.8924696445465088,0.4511074423789978,3.8725736141204834,-0.0000000000000000,-0.4511074423789978,-0.8924696445465088,2.3604631423950195,0.0000000000000000,0.0000000000000000,0.0000000000000000,1.0000000000000000
M 1.0000000000000000,0.0000000000000000,0.0000000000000000,0.0000000000000000,0.0000000000000000,-0.9109563231468201,0.4125027954578400,3.9413144588470459,-0.0000000000000000,-0.4125027954578400,-0.9109563231468201,2.2881388664245605,0.0000000000000000,0.0000000000000000,0.0000000000000000,1.0000000000000000
M 1.0000000000000000,0.0000000000000000,0.0000000000000000,0.0000000000000000,0.0000000000000000,-0.9278612732887268,0.3729256391525269,4.0072460174560547,-0.0000000000000000,-0.3729256391525269,-0.9278612732887268,2.2125208377838135,0.0000000000000000,0.0000000000000000,0.0000000000000000,1.0000000000000000
M 1.0000000000000000,0.0000000000000000,0.0000000000000000,0.0000000000000000,0.0000000000000000,-0.9431246519088745,0.3324394226074219,4.0701913833618164,-0.0000000000000000,-0.3324394226074219,-0.9431246519088745,2.1337075233459473,0.0000000000000000,0.0000000000000000,0.0000000000000000,1.0000000000000000
M 1.0000000000000000,0.0000000000000000,0.0000000000000000,0.0000000000000000,0.0000000000000000,-0.9566887617111206,0.2911128103733063,4.1299719810485840,-0.0000000000000000,-0.2911128103733063,-0.9566887617111206,2.0518090724945068,0.0000000000000000,0.0000000000000000,0.0000000000000000,1.0000000000000000
M 1.0000000000000000,0.0000000000000000,0.0000000000000000,0.0000000000000000,0.0000000000000000,-0.9684991240501404,0.2490170449018478,4.1864161491394043,-0.0000000000000000,-0.2490170449018478,-0.9684991240501404,1.9669444561004639,0.0000000000000000,0.0000000000000000,0.0000000000000000,1.0000000000000000
M 1.0000000000000000,0.0000000000000000,0.0000000000000000,0.0000000000000000,0.0000000000000000,-0.9785043001174927,0.2062266469001770,4.2393565177917480,-0.0000000000000000,-0.2062266469001770,-0.9785043001174927,1.8792421817779541,0.0000000000000000,0.0000000000000000,0.0000000000000000,1.0000000000000000
M 1.0000000000000000,0.0000000000000000,0.0000000000000000,0.0000000000000000,0.0000000000000000,-0.9866556525230408,0.1628207713365555,4.2886276245117188,-0.0000000000000000,-0.1628207713365555,-0.9866556525230408,1.7888427972793579,0.0000000000000000,0.0000000000000000,0.0000000000000000,1.0000000000000000
M 1.0000000000000000,0.0000000000000000,0.0000000000000000,0.0000000000000000,0.0000000000000000,-0.9929084777832031,0.1188814118504524,4.3340725898742676,-0.0000000000000000,-0.1188814118504524,-0.9929084777832031,1.6958957910537720,0.0000000000000000,0.0000000000000000,0.0000000000000000,1.0000000000000000
M 1.0000000000000000,0.0000000000000000,0.0000000000000000,0.0000000000000000,0.0000000000000000,-0.9972215294837952,0.0744931995868683,4.3755378723144531,-0.0000000000000000,-0.0744931995868683,-0.9972215294837952,1.6005594730377197,0.0000000000000000,0.0000000000000000,0.0000000000000000,1.0000000000000000
M 1.0000000000000000,0.0000000000000000,0.0000000000000000,0.0000000000000000,0.0000000000000000,-0.9995575547218323,0.0297444853931665,4.4128785133361816,-0.0000000000000000,-0.0297444853931665,-0.9995575547218323,1.5030026435852051,0.0000000000000000,0.0000000000000000,0.0000000000000000,1.0000000000000000
M 1.0000000000000000,0.0000000000000000,0.0000000000000000,0.0000000000000000,0.0000000000000000,-0.9998833537101746,-0.0152734974399209,4.4459547996520996,-0.0000000000000000,0.0152734974399209,-0.9998833537101746,1.4034042358398438,0.0000000000000000,0.0000000000000000,0.0000000000000000,1.0000000000000000
M 1.0000000000000000,0.0000000000000000,0.0000000000000000,0.0000000000000000,0.0000000000000000,-0.9981701970100403,-0.0604668557643890,4.4746351242065430,-0.0000000000000000,0.0604668557643890,-0.9981701970100403,1.3019512891769409,0.0000000000000000,0.0000000000000000,0.0000000000000000,1.0000000000000000
M 1.0000000000000000,0.0000000000000000,0.0000000000000000,0.0000000000000000,0.0000000000000000,-0.9943938255310059,-0.1057399585843086,4.4987974166870117,-0.0000000000000000,0.1057399585843086,-0.9943938255310059,1.1988388299942017,0.0000000000000000,0.0000000000000000,0.0000000000000000,1.0000000000000000
M 1.0000000000000000,0.0000000000000000,0.0000000000000000,0.0000000000000000,0.0000000000000000,-0.9885346889495850,-0.1509937345981598,4.5183267593383789,-0.0000000000000000,0.1509937345981598,-0.9885346889495850,1.0942723751068115,0.0000000000000000,0.0000000000000000,0.0000000000000000,1.0000000000000000
M 1.0000000000000000,0.0000000000000000,0.0000000000000000,0.0000000000000000,0.0000000000000000,-0.9805781841278076,-0.1961285769939423,4.5331201553344727,-0.0000000000000000,0.1961285769939423,-0.9805781841278076,0.9884624481201172,0.0000000000000000,0.0000000000000000,0.0000000000000000,1.0000000000000000
M 1.0000000000000000,0.0000000000000000,0.0000000000000000,0.0000000000000000,0.0000000000000000,-0.9705145955085754,-0.2410423457622528,4.5430812835693359,-0.0000000000000000,0.2410423457622528,-0.9705145955085754,0.8816282749176025,0.0000000000000000,0.0000000000000000,0.0000000000000000,1.0000000000000000
