O DOOR_31_LCG_il_LINVERT_INTERIOR
A DOOR_31_LCG_il_LINVERT_INTERIOR_DOOR_31_LCG_il_LINVERT_INTERIOR
M 0.9999999403953552,0.0000000000000207,0.0000000018626305,0.0000002992320560,-0.0000000000000124,1.0000000000000000,-0.0000000437113847,0.0000000424003801,-0.0000000018626598,0.0000000437113812,0.9999999403953552,-0.0000001677089756,0.0000000000000000,0.0000000000000000,0.0000000000000000,1.0000000000000000
M 0.9999502301216125,0.0000000022580791,0.0099671725183725,0.0132392514497042,-0.0000000018131336,1.0000000000000000,-0.0000000446483917,0.0000000468932271,-0.0099671725183725,0.0000000446275550,0.9999502301216125,0.0193423666059971,0.0000000000000000,0.0000000000000000,0.0000000000000000,1.0000000000000000
M 0.9997974038124084,0.0000000045585011,0.0201210211962461,0.0270482506603003,-0.0000000036412882,1.0000000000000000,-0.0000000456213485,0.0000001109909604,-0.0201210211962461,0.0000000455382576,0.9997974038124084,0.0391389615833759,0.0000000000000000,0.0000000000000000,0.0000000000000000,1.0000000000000000
M 0.9995357990264893,0.0000000069016961,0.0304638016968966,0.0414489656686783,-0.0000000054836669,1.0000000000000000,-0.0000000466314596,0.0000000558755673,-0.0304638016968966,0.0000000464424659,0.9995357990264893,0.0593888238072395,0.0000000000000000,0.0000000000000000,0.0000000000000000,1.0000000000000000
M 0.9991591572761536,0.0000000092880477,0.0409973040223122,0.0564629808068275,-0.0000000073394650,1.0000000000000000,-0.0000000476800963,0.0000000007519390,-0.0409973077476025,0.0000000473389008,0.9991591572761536,0.0800899341702461,0.0000000000000000,0.0000000000000000,0.0000000000000000,1.0000000000000000
M 0.9986942410469055,0.0000000115637224,0.0510843209922314,0.0717630684375763,-0.0000000090876542,1.0000000000000000,-0.0000000487028018,0.0000000049273510,-0.0510843247175217,0.0000000481747371,0.9986942410469055,0.0994058176875114,0.0000000000000000,0.0000000000000000,0.0000000000000000,1.0000000000000000
M 0.9987229108810425,0.0000000114091367,0.0505211763083935,0.0791661515831947,-0.0000000089629797,1.0000000000000000,-0.0000000486449672,0.0000000046097597,-0.0505211800336838,0.0000000481296070,0.9987229108810425,0.0893970653414726,0.0000000000000000,0.0000000000000000,0.0000000000000000,1.0000000000000000
M 0.9989007711410522,0.0000000104826734,0.0468734242022038,0.0838444083929062,-0.0000000082290281,1.0000000000000000,-0.0000000482723941,0.0000000027822722,-0.0468734242022038,0.0000000478330726,0.9989007711410522,0.0714326873421669,0.0000000000000000,0.0000000000000000,0.0000000000000000,1.0000000000000000
M 0.9990641474723816,0.0000000095627719,0.0432513020932674,0.0886015146970749,-0.0000000074978486,1.0000000000000000,-0.0000000479049334,0.0000000009567387,-0.0432513058185577,0.0000000475355790,0.9990641474723816,0.0535301342606544,0.0000000000000000,0.0000000000000000,0.0000000000000000,1.0000000000000000
M 0.9992133378982544,0.0000000086494509,0.0396550670266151,0.0934375375509262,-0.0000000067694659,1.0000000000000000,-0.0000000475429722,-0.0000000008671321,-0.0396550670266151,0.0000000472367887,0.9992133378982544,0.0356904789805412,0.0000000000000000,0.0000000000000000,0.0000000000000000,1.0000000000000000
M 0.9993487000465393,0.0000000077426261,0.0360843874514103,0.0983511209487915,-0.0000000060438841,1.0000000000000000,-0.0000000471861235,-0.0000000026889140,-0.0360843874514103,0.0000000469370676,0.9993487000465393,0.0179133769124746,0.0000000000000000,0.0000000000000000,0.0000000000000000,1.0000000000000000
M 0.9994704127311707,0.0000000068422445,0.0325390249490738,0.1033408045768738,-0.0000000053211053,1.0000000000000000,-0.0000000468344652,0.0000001147006827,-0.0325390249490738,0.0000000466362700,0.9994704127311707,0.0001985045819310,0.0000000000000000,0.0000000000000000,0.0000000000000000,1.0000000000000000
M 0.9995788335800171,0.0000000059483276,0.0290190465748310,0.1084059551358223,-0.0000000046012261,1.0000000000000000,-0.0000000464878660,0.0000001128834697,-0.0290190465748310,0.0000000463345735,0.9995788335800171,-0.0174539480358362,0.0000000000000000,0.0000000000000000,0.0000000000000000,1.0000000000000000
M 0.9996741414070129,0.0000000050608815,0.0255241263657808,0.1135449931025505,-0.0000000038843058,1.0000000000000000,-0.0000000461464360,0.0000001110687862,-0.0255241263657808,0.0000000460318184,0.9996741414070129,-0.0350444838404655,0.0000000000000000,0.0000000000000000,0.0000000000000000,1.0000000000000000
M 0.9997566938400269,0.0000000041797268,0.0220541991293430,0.1187571212649345,-0.0000000031701926,1.0000000000000000,-0.0000000458097915,0.0000000496521082,-0.0220541991293430,0.0000000457283740,0.9997566938400269,-0.0525727532804012,0.0000000000000000,0.0000000000000000,0.0000000000000000,1.0000000000000000
M 0.9998952150344849,0.0000000028824572,0.0144685059785843,0.1200010776519775,-0.0000000022304536,1.0000000000000000,-0.0000000450795028,0.0000000476445763,-0.0144685059785843,0.0000000450419080,0.9998952150344849,-0.0779641494154930,0.0000000000000000,0.0000000000000000,0.0000000000000000,1.0000000000000000
M 0.9999824166297913,0.0000000014911423,0.0059126261621714,0.1205423399806023,-0.0000000012294515,1.0000000000000000,-0.0000000442637003,0.0000000455558506,-0.0059126261621714,0.0000000442550920,0.9999824166297913,-0.1052033379673958,0.0000000000000000,0.0000000000000000,0.0000000000000000,1.0000000000000000
M 0.9999979734420776,0.0000000008680342,0.0019952170550823,0.1273979991674423,-0.0000000007804589,1.0000000000000000,-0.0000000438926762,0.0000000446256792,-0.0019952170550823,0.0000000438909922,0.9999979734420776,-0.1178963705897331,0.0000000000000000,0.0000000000000000,0.0000000000000000,1.0000000000000000
M 0.9999984502792358,0.0000000008435800,0.0016915574669838,0.1390435248613358,-0.0000000007693769,1.0000000000000000,-0.0000000438640448,0.0000000446283011,-0.0016915574669838,0.0000000438620091,0.9999984502792358,-0.1192033886909485,0.0000000000000000,0.0000000000000000,0.0000000000000000,1.0000000000000000
M 0.9999989271163940,0.0000000008190717,0.0013879202306271,0.1506897956132889,-0.0000000007582178,1.0000000000000000,-0.0000000438351755,0.0000000446309798,-0.0013879202306271,0.0000000438332783,0.9999989271163940,-0.1205100938677788,0.0000000000000000,0.0000000000000000,0.0000000000000000,1.0000000000000000
M 0.9999995231628418,0.0000000007861382,0.0008927956223488,0.1620873659849167,-0.0000000007470297,1.0000000000000000,-0.0000000437875052,0.0000000446582575,-0.0008927956223488,0.0000000437868266,0.9999995231628418,-0.1221828088164330,0.0000000000000000,0.0000000000000000,0.0000000000000000,1.0000000000000000
M 0.9999998807907104,0.0000000007492844,0.0003089997917414,0.1733713299036026,-0.0000000007357749,1.0000000000000000,-0.0000000437320544,0.0000000446954758,-0.0003089997917414,0.0000000437312515,0.9999998807907104,-0.1240250319242477,0.0000000000000000,0.0000000000000000,0.0000000000000000,1.0000000000000000
M 0.9999999403953552,0.0000000007299165,0.0000951252877712,0.1851413547992706,-0.0000000007257465,1.0000000000000000,-0.0000000437114380,0.0000000446909070,-0.0000951252877712,0.0000000437113314,0.9999999403953552,-0.1246997490525246,0.0000000000000000,0.0000000000000000,0.0000000000000000,1.0000000000000000
M 0.9999999403953552,0.0000000007204932,0.0000938959419727,0.1971909403800964,-0.0000000007163673,1.0000000000000000,-0.0000000437116690,0.0000000446610073,-0.0000938959419727,0.0000000437110970,0.9999999403953552,-0.1247037872672081,0.0000000000000000,0.0000000000000000,0.0000000000000000,1.0000000000000000
M 0.9999999403953552,0.0000000007110990,0.0000926721841097,0.2092403024435043,-0.0000000007070337,1.0000000000000000,-0.0000000437114487,0.0000000446318396,-0.0000926721841097,0.0000000437113101,0.9999999403953552,-0.1247076839208603,0.0000000000000000,0.0000000000000000,0.0000000000000000,1.0000000000000000
M 0.9999999403953552,0.0000000007017049,0.0000914484262466,0.2212899029254913,-0.0000000006976971,1.0000000000000000,-0.0000000437116832,0.0000000446020536,-0.0000914484262466,0.0000000437110756,0.9999999403953552,-0.1247115880250931,0.0000000000000000,0.0000000000000000,0.0000000000000000,1.0000000000000000
M 0.9999999403953552,0.0000000006923107,0.0000902246683836,0.2333395034074783,-0.0000000006883634,1.0000000000000000,-0.0000000437114593,0.0000000445728858,-0.0000902246683836,0.0000000437113066,0.9999999403953552,-0.1247152462601662,0.0000000000000000,0.0000000000000000,0.0000000000000000,1.0000000000000000
M 0.9999999403953552,0.0000000006829452,0.0000890046358109,0.2453888654708862,-0.0000000006790553,1.0000000000000000,-0.0000000437116938,0.0000000445432136,-0.0000890046358109,0.0000000437110721,0.9999999403953552,-0.1247191354632378,0.0000000000000000,0.0000000000000000,0.0000000000000000,1.0000000000000000
M 0.9999999403953552,0.0000000006735509,0.0000877790153027,0.2574382126331329,-0.0000000006697074,1.0000000000000000,-0.0000000437114736,0.0000000445139818,-0.0000877790153027,0.0000000437112888,0.9999999403953552,-0.1247231587767601,0.0000000000000000,0.0000000000000000,0.0000000000000000,1.0000000000000000
M 0.9999998807907104,0.0000000006641567,0.0000865552574396,0.2694878280162811,-0.0000000006603709,1.0000000000000000,-0.0000000437117045,0.0000000444841959,-0.0000865552574396,0.0000000437110543,0.9999998807907104,-0.1247270628809929,0.0000000000000000,0.0000000000000000,0.0000000000000000,1.0000000000000000
M 0.9999999403953552,0.0000000006547479,0.0000853277742863,0.2815371751785278,-0.0000000006510088,1.0000000000000000,-0.0000000437114842,0.0000000444549713,-0.0000853277742863,0.0000000437112746,0.9999999403953552,-0.1247307285666466,0.0000000000000000,0.0000000000000000,0.0000000000000000,1.0000000000000000
M 0.9999998807907104,0.0000000006453971,0.0000841114670038,0.2935867607593536,-0.0000000006417291,1.0000000000000000,-0.0000000437117151,0.0000000444253558,-0.0000841114670038,0.0000000437110437,0.9999998807907104,-0.1247346103191376,0.0000000000000000,0.0000000000000000,0.0000000000000000,1.0000000000000000
M 0.9999999403953552,0.0000000006360171,0.0000828877091408,0.3056361377239227,-0.0000000006323811,1.0000000000000000,-0.0000000437114949,0.0000000443961312,-0.0000828877091408,0.0000000437112710,0.9999999403953552,-0.1247385144233704,0.0000000000000000,0.0000000000000000,0.0000000000000000,1.0000000000000000
M 0.9999998807907104,0.0000000006266372,0.0000816658139229,0.3176857233047485,-0.0000000006230588,1.0000000000000000,-0.0000000437117293,0.0000000443664021,-0.0000816658139229,0.0000000437110366,0.9999998807907104,-0.1247425302863121,0.0000000000000000,0.0000000000000000,0.0000000000000000,1.0000000000000000
M 0.9999999403953552,0.0000000006172429,0.0000804401934147,0.3297351002693176,-0.0000000006137110,1.0000000000000000,-0.0000000437115055,0.0000000443371775,-0.0000804401934147,0.0000000437112533,0.9999999403953552,-0.1247463151812553,0.0000000000000000,0.0000000000000000,0.0000000000000000,1.0000000000000000
M 0.9999998807907104,0.0000000006078920,0.0000792220234871,0.3417844474315643,-0.0000000006044171,1.0000000000000000,-0.0000000437117400,0.0000000443075621,-0.0000792220234871,0.0000000437110188,0.9999998807907104,-0.1247501969337463,0.0000000000000000,0.0000000000000000,0.0000000000000000,1.0000000000000000
M 0.9999999403953552,0.0000000005984689,0.0000779945403337,0.3538340330123901,-0.0000000005950550,1.0000000000000000,-0.0000000437115162,0.0000000442782806,-0.0000779945403337,0.0000000437112462,0.9999999403953552,-0.1247538700699806,0.0000000000000000,0.0000000000000000,0.0000000000000000,1.0000000000000000
M 0.9999998807907104,0.0000000005891035,0.0000767745077610,0.3658836483955383,-0.0000000005857469,1.0000000000000000,-0.0000000437117507,0.0000000442486083,-0.0000767745077610,0.0000000437110153,0.9999998807907104,-0.1247577592730522,0.0000000000000000,0.0000000000000000,0.0000000000000000,1.0000000000000000
M 0.9999999403953552,0.0000000005797092,0.0000755488872528,0.3779329955577850,-0.0000000005763989,1.0000000000000000,-0.0000000437115304,0.0000000442193837,-0.0000755488872528,0.0000000437112355,0.9999999403953552,-0.1247617825865746,0.0000000000000000,0.0000000000000000,0.0000000000000000,1.0000000000000000
M 0.9999998807907104,0.0000000005703295,0.0000743269920349,0.3899826109409332,-0.0000000005670766,1.0000000000000000,-0.0000000437117613,0.0000000441896546,-0.0000743269920349,0.0000000437110046,0.9999998807907104,-0.1247655600309372,0.0000000000000000,0.0000000000000000,0.0000000000000000,1.0000000000000000
M 0.9999999403953552,0.0000000005609495,0.0000731032341719,0.4020319581031799,-0.0000000005577430,1.0000000000000000,-0.0000000437115411,0.0000000441605437,-0.0000731032341719,0.0000000437112178,0.9999999403953552,-0.1247693300247192,0.0000000000000000,0.0000000000000000,0.0000000000000000,1.0000000000000000
M 0.9999998807907104,0.0000000005515697,0.0000718832015991,0.4140815734863281,-0.0000000005484349,1.0000000000000000,-0.0000000437117720,0.0000000441308146,-0.0000718832015991,0.0000000437109833,0.9999998807907104,-0.1247732266783714,0.0000000000000000,0.0000000000000000,0.0000000000000000,1.0000000000000000
M 0.9999999403953552,0.0000000005422475,0.0000706668943167,0.4261306822299957,-0.0000000005391437,1.0000000000000000,-0.0000000437115517,0.0000000441017605,-0.0000706668943167,0.0000000437112142,0.9999999403953552,-0.1247771084308624,0.0000000000000000,0.0000000000000000,0.0000000000000000,1.0000000000000000
M 0.9999998807907104,0.0000000005328532,0.0000694431364536,0.4381802976131439,-0.0000000005298072,1.0000000000000000,-0.0000000437117826,0.0000000440720314,-0.0000694431364536,0.0000000437109833,0.9999998807907104,-0.1247811242938042,0.0000000000000000,0.0000000000000000,0.0000000000000000,1.0000000000000000
M 0.9999999403953552,0.0000000005234878,0.0000682212412357,0.4502296447753906,-0.0000000005204878,1.0000000000000000,-0.0000000437115695,0.0000000440429204,-0.0000682212412357,0.0000000437111964,0.9999999403953552,-0.1247848942875862,0.0000000000000000,0.0000000000000000,0.0000000000000000,1.0000000000000000
M 0.9999998807907104,0.0000000005141080,0.0000669993460178,0.4622792601585388,-0.0000000005111654,1.0000000000000000,-0.0000000437118004,0.0000000440131913,-0.0000669993460178,0.0000000437109620,0.9999998807907104,-0.1247887909412384,0.0000000000000000,0.0000000000000000,0.0000000000000000,1.0000000000000000
M 0.9999999403953552,0.0000000005047137,0.0000657755881548,0.4743288457393646,-0.0000000005018318,1.0000000000000000,-0.0000000437115801,0.0000000439839667,-0.0000657755881548,0.0000000437111858,0.9999999403953552,-0.1247924566268921,0.0000000000000000,0.0000000000000000,0.0000000000000000,1.0000000000000000
M 0.9999998807907104,0.0000000004953628,0.0000645574182272,0.4863784313201904,-0.0000000004925379,1.0000000000000000,-0.0000000437118146,0.0000000439543513,-0.0000645574182272,0.0000000437109549,0.9999998807907104,-0.1247963383793831,0.0000000000000000,0.0000000000000000,0.0000000000000000,1.0000000000000000
M 0.9999999403953552,0.0000000004859829,0.0000633336603642,0.4984278082847595,-0.0000000004832041,1.0000000000000000,-0.0000000437115908,0.0000000439251835,-0.0000633336603642,0.0000000437111822,0.9999999403953552,-0.1248002350330353,0.0000000000000000,0.0000000000000000,0.0000000000000000,1.0000000000000000
M 0.9999999403953552,0.0000000004765600,0.0000621061772108,0.5104771852493286,-0.0000000004738421,1.0000000000000000,-0.0000000437113705,0.0000000438959589,-0.0000621061772108,0.0000000437113954,0.9999999403953552,-0.1248041391372681,0.0000000000000000,0.0000000000000000,0.0000000000000000,1.0000000000000000
M 0.9999999403953552,0.0000000004672954,0.0000608973205090,0.5225265622138977,-0.0000000004646192,1.0000000000000000,-0.0000000437116014,0.0000000438665140,-0.0000608973205090,0.0000000437111645,0.9999999403953552,-0.1248079985380173,0.0000000000000000,0.0000000000000000,0.0000000000000000,1.0000000000000000
M 0.9999999403953552,0.0000000004578580,0.0000596698373556,0.5345758795738220,-0.0000000004552430,1.0000000000000000,-0.0000000437113812,0.0000000438371757,-0.0000596698373556,0.0000000437113847,0.9999999403953552,-0.1248116791248322,0.0000000000000000,0.0000000000000000,0.0000000000000000,1.0000000000000000
M 0.9999999403953552,0.0000000004485212,0.0000584516674280,0.5466254949569702,-0.0000000004459491,1.0000000000000000,-0.0000000437116121,0.0000000438075602,-0.0000584516674280,0.0000000437111538,0.9999999403953552,-0.1248155608773232,0.0000000000000000,0.0000000000000000,0.0000000000000000,1.0000000000000000
M 0.9999999403953552,0.0000000004391415,0.0000572297722101,0.5586748719215393,-0.0000000004366295,1.0000000000000000,-0.0000000437113918,0.0000000437784422,-0.0000572297722101,0.0000000437113741,0.9999999403953552,-0.1248194500803947,0.0000000000000000,0.0000000000000000,0.0000000000000000,1.0000000000000000
M 0.9999999403953552,0.0000000004297759,0.0000560078769922,0.5707244277000427,-0.0000000004273072,1.0000000000000000,-0.0000000437116228,0.0000000437487131,-0.0000560078769922,0.0000000437111431,0.9999999403953552,-0.1248233467340469,0.0000000000000000,0.0000000000000000,0.0000000000000000,1.0000000000000000
M 0.9999999403953552,0.0000000004203964,0.0000547878444195,0.5827740430831909,-0.0000000004180020,1.0000000000000000,-0.0000000437114025,0.0000000437196022,-0.0000547878444195,0.0000000437113634,0.9999999403953552,-0.1248272359371185,0.0000000000000000,0.0000000000000000,0.0000000000000000,1.0000000000000000
M 0.9999999403953552,0.0000000004110597,0.0000535696744919,0.5948236584663391,-0.0000000004087081,1.0000000000000000,-0.0000000437116334,0.0000000436899867,-0.0000535696744919,0.0000000437111325,0.9999999403953552,-0.1248311176896095,0.0000000000000000,0.0000000000000000,0.0000000000000000,1.0000000000000000
M 0.9999999403953552,0.0000000004016799,0.0000523477792740,0.6068730354309082,-0.0000000003993885,1.0000000000000000,-0.0000000437114096,0.0000000436608758,-0.0000523477792740,0.0000000437113599,0.9999999403953552,-0.1248350068926811,0.0000000000000000,0.0000000000000000,0.0000000000000000,1.0000000000000000
M 0.9999999403953552,0.0000000003923288,0.0000511277467012,0.6189226508140564,-0.0000000003900804,1.0000000000000000,-0.0000000437116441,0.0000000436312035,-0.0000511277467012,0.0000000437111289,0.9999999403953552,-0.1248388960957527,0.0000000000000000,0.0000000000000000,0.0000000000000000,1.0000000000000000
M 0.9999999403953552,0.0000000003829780,0.0000499095767736,0.6309717297554016,-0.0000000003807894,1.0000000000000000,-0.0000000437114203,0.0000000436021494,-0.0000499095767736,0.0000000437113457,0.9999999403953552,-0.1248425394296646,0.0000000000000000,0.0000000000000000,0.0000000000000000,1.0000000000000000
M 0.9999999403953552,0.0000000003736269,0.0000486914068460,0.6430213451385498,-0.0000000003714955,1.0000000000000000,-0.0000000437116547,0.0000000435724772,-0.0000486914068460,0.0000000437111112,0.9999999403953552,-0.1248464286327362,0.0000000000000000,0.0000000000000000,0.0000000000000000,1.0000000000000000
M 0.9999999403953552,0.0000000003642903,0.0000474750995636,0.6550707221031189,-0.0000000003622045,1.0000000000000000,-0.0000000437114309,0.0000000435434799,-0.0000474750995636,0.0000000437113350,0.9999999403953552,-0.1248501837253571,0.0000000000000000,0.0000000000000000,0.0000000000000000,1.0000000000000000
M 0.9999999403953552,0.0000000003549392,0.0000462550669909,0.6671203374862671,-0.0000000003528964,1.0000000000000000,-0.0000000437116654,0.0000000435138077,-0.0000462550669909,0.0000000437111041,0.9999999403953552,-0.1248540729284286,0.0000000000000000,0.0000000000000000,0.0000000000000000,1.0000000000000000
M 0.9999999403953552,0.0000000003455595,0.0000450331717730,0.6791698932647705,-0.0000000003435768,1.0000000000000000,-0.0000000437114416,0.0000000434846967,-0.0000450331717730,0.0000000437113243,0.9999999403953552,-0.1248579621315002,0.0000000000000000,0.0000000000000000,0.0000000000000000,1.0000000000000000
M 0.9999999403953552,0.0000000003361942,0.0000438131392002,0.6912192702293396,-0.0000000003342687,1.0000000000000000,-0.0000000437116725,0.0000000434550245,-0.0000438131392002,0.0000000437110899,0.9999999403953552,-0.1248619705438614,0.0000000000000000,0.0000000000000000,0.0000000000000000,1.0000000000000000
M 0.9999999403953552,0.0000000003268432,0.0000425949692726,0.7032686471939087,-0.0000000003249777,1.0000000000000000,-0.0000000437114522,0.0000000434259135,-0.0000425949692726,0.0000000437113137,0.9999999403953552,-0.1248657405376434,0.0000000000000000,0.0000000000000000,0.0000000000000000,1.0000000000000000
M 0.9999999403953552,0.0000000003174778,0.0000413749366999,0.7153182625770569,-0.0000000003156696,1.0000000000000000,-0.0000000437116832,0.0000000433962413,-0.0000413749366999,0.0000000437110828,0.9999999403953552,-0.1248696297407150,0.0000000000000000,0.0000000000000000,0.0000000000000000,1.0000000000000000
M 0.9999999403953552,0.0000000003081556,0.0000401586294174,0.7273676395416260,-0.0000000003063928,1.0000000000000000,-0.0000000437114593,0.0000000433673009,-0.0000401586294174,0.0000000437113030,0.9999999403953552,-0.1248733773827553,0.0000000000000000,0.0000000000000000,0.0000000000000000,1.0000000000000000
M 0.9999999403953552,0.0000000002987759,0.0000389367341995,0.7394171953201294,-0.0000000002970705,1.0000000000000000,-0.0000000437116938,0.0000000433375718,-0.0000389367341995,0.0000000437110721,0.9999999403953552,-0.1248772740364075,0.0000000000000000,0.0000000000000000,0.0000000000000000,1.0000000000000000
M 0.9999999403953552,0.0000000002894248,0.0000377167016268,0.7514665722846985,-0.0000000002877651,1.0000000000000000,-0.0000000437114736,0.0000000433085177,-0.0000377167016268,0.0000000437112959,0.9999999403953552,-0.1248810365796089,0.0000000000000000,0.0000000000000000,0.0000000000000000,1.0000000000000000
M 0.9999999403953552,0.0000000002800739,0.0000365003943443,0.7635161876678467,-0.0000000002784855,1.0000000000000000,-0.0000000437117045,0.0000000432788454,-0.0000365003943443,0.0000000437110614,0.9999999403953552,-0.1248849257826805,0.0000000000000000,0.0000000000000000,0.0000000000000000,1.0000000000000000
M 0.9999999403953552,0.0000000002707228,0.0000352803617716,0.7755655646324158,-0.0000000002691660,1.0000000000000000,-0.0000000437114807,0.0000000432497345,-0.0000352803617716,0.0000000437112853,0.9999999403953552,-0.1248886957764626,0.0000000000000000,0.0000000000000000,0.0000000000000000,1.0000000000000000
M 0.9999998807907104,0.0000000002613718,0.0000340621918440,0.7876151204109192,-0.0000000002598721,1.0000000000000000,-0.0000000437117151,0.0000000432201190,-0.0000340621918440,0.0000000437110508,0.9999998807907104,-0.1248925775289536,0.0000000000000000,0.0000000000000000,0.0000000000000000,1.0000000000000000
M 0.9999999403953552,0.0000000002520208,0.0000328421592712,0.7996647357940674,-0.0000000002505669,1.0000000000000000,-0.0000000437114913,0.0000000431910649,-0.0000328421592712,0.0000000437112746,0.9999999403953552,-0.1248964592814445,0.0000000000000000,0.0000000000000000,0.0000000000000000,1.0000000000000000
M 0.9999998807907104,0.0000000002426843,0.0000316258519888,0.8117143511772156,-0.0000000002412872,1.0000000000000000,-0.0000000437117222,0.0000000431614495,-0.0000316258519888,0.0000000437110437,0.9999998807907104,-0.1249003410339355,0.0000000000000000,0.0000000000000000,0.0000000000000000,1.0000000000000000
M 0.9999999403953552,0.0000000002333767,0.0000304132699966,0.8237637281417847,-0.0000000002320387,1.0000000000000000,-0.0000000437115020,0.0000000431325660,-0.0000304132699966,0.0000000437112675,0.9999999403953552,-0.1249040812253952,0.0000000000000000,0.0000000000000000,0.0000000000000000,1.0000000000000000
M 0.9999998807907104,0.0000000002240256,0.0000291951000690,0.8358128666877747,-0.0000000002227448,1.0000000000000000,-0.0000000437117329,0.0000000431028937,-0.0000291951000690,0.0000000437110330,0.9999998807907104,-0.1249079704284668,0.0000000000000000,0.0000000000000000,0.0000000000000000,1.0000000000000000
M 0.9999999403953552,0.0000000002146746,0.0000279750674963,0.8478622436523438,-0.0000000002134396,1.0000000000000000,-0.0000000437115091,0.0000000430738396,-0.0000279750674963,0.0000000437112568,0.9999999403953552,-0.1249118521809578,0.0000000000000000,0.0000000000000000,0.0000000000000000,1.0000000000000000
M 0.9999998807907104,0.0000000002053670,0.0000267624855042,0.8599113821983337,-0.0000000002041883,1.0000000000000000,-0.0000000437117400,0.0000000430443379,-0.0000267624855042,0.0000000437110259,0.9999998807907104,-0.1249155998229980,0.0000000000000000,0.0000000000000000,0.0000000000000000,1.0000000000000000
M 0.9999999403953552,0.0000000001959727,0.0000255368649960,0.8719611763954163,-0.0000000001948404,1.0000000000000000,-0.0000000437115197,0.0000000430151630,-0.0000255368649960,0.0000000437112462,0.9999999403953552,-0.1249196156859398,0.0000000000000000,0.0000000000000000,0.0000000000000000,1.0000000000000000
M 0.9999998807907104,0.0000000001865930,0.0000243168324232,0.8840112686157227,-0.0000000001855323,1.0000000000000000,-0.0000000437117507,0.0000000429854339,-0.0000243168324232,0.0000000437110117,0.9999998807907104,-0.1249235123395920,0.0000000000000000,0.0000000000000000,0.0000000000000000,1.0000000000000000
M 0.9999999403953552,0.0000000001772998,0.0000231061130762,0.8960596919059753,-0.0000000001762839,1.0000000000000000,-0.0000000437115304,0.0000000429565503,-0.0000231061130762,0.0000000437112391,0.9999999403953552,-0.1249272525310516,0.0000000000000000,0.0000000000000000,0.0000000000000000,1.0000000000000000
M 0.9999998807907104,0.0000000001679775,0.0000218898057938,0.9081097841262817,-0.0000000001670042,1.0000000000000000,-0.0000000437117613,0.0000000429269349,-0.0000218898057938,0.0000000437110046,0.9999998807907104,-0.1249311342835426,0.0000000000000000,0.0000000000000000,0.0000000000000000,1.0000000000000000
M 0.9999999403953552,0.0000000001586121,0.0000206697732210,0.9201593995094299,-0.0000000001576990,1.0000000000000000,-0.0000000437115375,0.0000000428978808,-0.0000206697732210,0.0000000437112284,0.9999999403953552,-0.1249350160360336,0.0000000000000000,0.0000000000000000,0.0000000000000000,1.0000000000000000
M 0.9999998807907104,0.0000000001492898,0.0000194534659386,0.9322089552879333,-0.0000000001484193,1.0000000000000000,-0.0000000437117720,0.0000000428683222,-0.0000194534659386,0.0000000437109975,0.9999998807907104,-0.1249388903379440,0.0000000000000000,0.0000000000000000,0.0000000000000000,1.0000000000000000
M 0.9999999403953552,0.0000000001399103,0.0000182334333658,0.9442578554153442,-0.0000000001391139,1.0000000000000000,-0.0000000437115482,0.0000000428391544,-0.0000182334333658,0.0000000437112178,0.9999999403953552,-0.1249425485730171,0.0000000000000000,0.0000000000000000,0.0000000000000000,1.0000000000000000
M 0.9999998807907104,0.0000000001306024,0.0000170189887285,0.9563079476356506,-0.0000000001298485,1.0000000000000000,-0.0000000437117791,0.0000000428096527,-0.0000170189887285,0.0000000437109868,0.9999998807907104,-0.1249464154243469,0.0000000000000000,0.0000000000000000,0.0000000000000000,1.0000000000000000
M 0.9999999403953552,0.0000000001212660,0.0000158026814461,0.9683573246002197,-0.0000000001205717,1.0000000000000000,-0.0000000437115553,0.0000000427806555,-0.0000158026814461,0.0000000437112107,0.9999999403953552,-0.1249501705169678,0.0000000000000000,0.0000000000000000,0.0000000000000000,1.0000000000000000
M 0.9999998807907104,0.0000000001119437,0.0000145863741636,0.9804069399833679,-0.0000000001112920,1.0000000000000000,-0.0000000437117897,0.0000000427510969,-0.0000145863741636,0.0000000437109762,0.9999998807907104,-0.1249540448188782,0.0000000000000000,0.0000000000000000,0.0000000000000000,1.0000000000000000
M 0.9999999403953552,0.0000000001025929,0.0000133682042360,0.9924558401107788,-0.0000000001020010,1.0000000000000000,-0.0000000437115659,0.0000000427220428,-0.0000133682042360,0.0000000437111929,0.9999999403953552,-0.1249579265713692,0.0000000000000000,0.0000000000000000,0.0000000000000000,1.0000000000000000
M 0.9999998807907104,0.0000000000932995,0.0000121574848890,1.0045053958892822,-0.0000000000927639,1.0000000000000000,-0.0000000437117968,0.0000000426925411,-0.0000121574848890,0.0000000437109620,0.9999998807907104,-0.1249619126319885,0.0000000000000000,0.0000000000000000,0.0000000000000000,1.0000000000000000
M 0.9999999403953552,0.0000000000839341,0.0000109374523163,1.0165553092956543,-0.0000000000834444,1.0000000000000000,-0.0000000437115730,0.0000000426634301,-0.0000109374523163,0.0000000437111929,0.9999999403953552,-0.1249655634164810,0.0000000000000000,0.0000000000000000,0.0000000000000000,1.0000000000000000
M 0.9999998807907104,0.0000000000746263,0.0000097230076790,1.0286043882369995,-0.0000000000741789,1.0000000000000000,-0.0000000437118075,0.0000000426339284,-0.0000097230076790,0.0000000437109584,0.9999998807907104,-0.1249694302678108,0.0000000000000000,0.0000000000000000,0.0000000000000000,1.0000000000000000
M 0.9999999403953552,0.0000000000652610,0.0000085029751062,1.0406539440155029,-0.0000000000648737,1.0000000000000000,-0.0000000437115837,0.0000000426048175,-0.0000085029751062,0.0000000437111822,0.9999999403953552,-0.1249732002615929,0.0000000000000000,0.0000000000000000,0.0000000000000000,1.0000000000000000
M 0.9999999403953552,0.0000000000559679,0.0000072922557592,1.0527033805847168,-0.0000000000556394,1.0000000000000000,-0.0000000437113599,0.0000000425759907,-0.0000072922557592,0.0000000437114061,0.9999999403953552,-0.1249771714210510,0.0000000000000000,0.0000000000000000,0.0000000000000000,1.0000000000000000
M 0.9999999403953552,0.0000000000466890,0.0000060833990574,1.0647529363632202,-0.0000000000464165,1.0000000000000000,-0.0000000437115908,0.0000000425465458,-0.0000060833990574,0.0000000437111751,0.9999999403953552,-0.1249810308218002,0.0000000000000000,0.0000000000000000,0.0000000000000000,1.0000000000000000
M 0.9999999403953552,0.0000000000373093,0.0000048615038395,1.0768018960952759,-0.0000000000370971,1.0000000000000000,-0.0000000437113670,0.0000000425174349,-0.0000048615038395,0.0000000437113989,0.9999999403953552,-0.1249846816062927,0.0000000000000000,0.0000000000000000,0.0000000000000000,1.0000000000000000
M 0.9999999403953552,0.0000000000280303,0.0000036507844925,1.0888519287109375,-0.0000000000278600,1.0000000000000000,-0.0000000437115979,0.0000000424879900,-0.0000036507844925,0.0000000437111680,0.9999999403953552,-0.1249886602163315,0.0000000000000000,0.0000000000000000,0.0000000000000000,1.0000000000000000
M 0.9999999403953552,0.0000000000186218,0.0000024251639843,1.1009013652801514,-0.0000000000185122,1.0000000000000000,-0.0000000437113776,0.0000000424587654,-0.0000024251639843,0.0000000437113883,0.9999999403953552,-0.1249924451112747,0.0000000000000000,0.0000000000000000,0.0000000000000000,1.0000000000000000
M 0.9999999403953552,0.0000000000093428,0.0000012163072824,1.1129509210586548,-0.0000000000092893,1.0000000000000000,-0.0000000437116086,0.0000000424293205,-0.0000012163072824,0.0000000437111574,0.9999999403953552,-0.1249963045120239,0.0000000000000000,0.0000000000000000,0.0000000000000000,1.0000000000000000
M 0.9999999403953552,0.0000000000000207,0.0000000018626305,1.1249998807907104,-0.0000000000000124,1.0000000000000000,-0.0000000437113847,0.0000000424003801,-0.0000000018626598,0.0000000437113812,0.9999999403953552,-0.1250001639127731,0.0000000000000000,0.0000000000000000,0.0000000000000000,1.0000000000000000
O WIDGET_35_CG_displays_HIDE
A WIDGET_35_CG_displays_HIDE_WIDGET_35_CG_displays_HIDE
M 0.9999999403953552,0.0000000000000207,0.0000000018626305,0.0000002992320560,-0.0000000000000124,1.0000000000000000,-0.0000000437113847,0.0000000424003801,-0.0000000018626598,0.0000000437113812,0.9999999403953552,-0.0000001677089756,0.0000000000000000,0.0000000000000000,0.0000000000000000,1.0000000000000000
M 0.9999502301216125,0.0000000022580791,0.0099671725183725,0.0132392514497042,-0.0000000018131336,1.0000000000000000,-0.0000000446483917,0.0000000468932271,-0.0099671725183725,0.0000000446275550,0.9999502301216125,0.0193423666059971,0.0000000000000000,0.0000000000000000,0.0000000000000000,1.0000000000000000
M 0.9997974038124084,0.0000000045585011,0.0201210211962461,0.0270482506603003,-0.0000000036412882,1.0000000000000000,-0.0000000456213485,0.0000001109909604,-0.0201210211962461,0.0000000455382576,0.9997974038124084,0.0391389615833759,0.0000000000000000,0.0000000000000000,0.0000000000000000,1.0000000000000000
M 0.9995357990264893,0.0000000069016961,0.0304638016968966,0.0414489656686783,-0.0000000054836669,1.0000000000000000,-0.0000000466314596,0.0000000558755673,-0.0304638016968966,0.0000000464424659,0.9995357990264893,0.0593888238072395,0.0000000000000000,0.0000000000000000,0.0000000000000000,1.0000000000000000
M 0.9991591572761536,0.0000000092880477,0.0409973040223122,0.0564629808068275,-0.0000000073394650,1.0000000000000000,-0.0000000476800963,0.0000000007519390,-0.0409973077476025,0.0000000473389008,0.9991591572761536,0.0800899341702461,0.0000000000000000,0.0000000000000000,0.0000000000000000,1.0000000000000000
M 0.9986942410469055,0.0000000115637224,0.0510843209922314,0.0717630684375763,-0.0000000090876542,1.0000000000000000,-0.0000000487028018,0.0000000049273510,-0.0510843247175217,0.0000000481747371,0.9986942410469055,0.0994058176875114,0.0000000000000000,0.0000000000000000,0.0000000000000000,1.0000000000000000
M 0.9987229108810425,0.0000000114091367,0.0505211763083935,0.0791661515831947,-0.0000000089629797,1.0000000000000000,-0.0000000486449672,0.0000000046097597,-0.0505211800336838,0.0000000481296070,0.9987229108810425,0.0893970653414726,0.0000000000000000,0.0000000000000000,0.0000000000000000,1.0000000000000000
M 0.9989007711410522,0.0000000104826734,0.0468734242022038,0.0838444083929062,-0.0000000082290281,1.0000000000000000,-0.0000000482723941,0.0000000027822722,-0.0468734242022038,0.0000000478330726,0.9989007711410522,0.0714326873421669,0.0000000000000000,0.0000000000000000,0.0000000000000000,1.0000000000000000
M 0.9990641474723816,0.0000000095627719,0.0432513020932674,0.0886015146970749,-0.0000000074978486,1.0000000000000000,-0.0000000479049334,0.0000000009567387,-0.0432513058185577,0.0000000475355790,0.9990641474723816,0.0535301342606544,0.0000000000000000,0.0000000000000000,0.0000000000000000,1.0000000000000000
M 0.9992133378982544,0.0000000086494509,0.0396550670266151,0.0934375375509262,-0.0000000067694659,1.0000000000000000,-0.0000000475429722,-0.0000000008671321,-0.0396550670266151,0.0000000472367887,0.9992133378982544,0.0356904789805412,0.0000000000000000,0.0000000000000000,0.0000000000000000,1.0000000000000000
M 0.9993487000465393,0.0000000077426261,0.0360843874514103,0.0983511209487915,-0.0000000060438841,1.0000000000000000,-0.0000000471861235,-0.0000000026889140,-0.0360843874514103,0.0000000469370676,0.9993487000465393,0.0179133769124746,0.0000000000000000,0.0000000000000000,0.0000000000000000,1.0000000000000000
M 0.9994704127311707,0.0000000068422445,0.0325390249490738,0.1033408045768738,-0.0000000053211053,1.0000000000000000,-0.0000000468344652,0.0000001147006827,-0.0325390249490738,0.0000000466362700,0.9994704127311707,0.0001985045819310,0.0000000000000000,0.0000000000000000,0.0000000000000000,1.0000000000000000
M 0.9995788335800171,0.0000000059483276,0.0290190465748310,0.1084059551358223,-0.0000000046012261,1.0000000000000000,-0.0000000464878660,0.0000001128834697,-0.0290190465748310,0.0000000463345735,0.9995788335800171,-0.0174539480358362,0.0000000000000000,0.0000000000000000,0.0000000000000000,1.0000000000000000
M 0.9996741414070129,0.0000000050608815,0.0255241263657808,0.1135449931025505,-0.0000000038843058,1.0000000000000000,-0.0000000461464360,0.0000001110687862,-0.0255241263657808,0.0000000460318184,0.9996741414070129,-0.0350444838404655,0.0000000000000000,0.0000000000000000,0.0000000000000000,1.0000000000000000
M 0.9997566938400269,0.0000000041797268,0.0220541991293430,0.1187571212649345,-0.0000000031701926,1.0000000000000000,-0.0000000458097915,0.0000000496521082,-0.0220541991293430,0.0000000457283740,0.9997566938400269,-0.0525727532804012,0.0000000000000000,0.0000000000000000,0.0000000000000000,1.0000000000000000
M 0.9998952150344849,0.0000000028824572,0.0144685059785843,0.1200010776519775,-0.0000000022304536,1.0000000000000000,-0.0000000450795028,0.0000000476445763,-0.0144685059785843,0.0000000450419080,0.9998952150344849,-0.0779641494154930,0.0000000000000000,0.0000000000000000,0.0000000000000000,1.0000000000000000
M 0.9999824166297913,0.0000000014911423,0.0059126261621714,0.1205423399806023,-0.0000000012294515,1.0000000000000000,-0.0000000442637003,0.0000000455558506,-0.0059126261621714,0.0000000442550920,0.9999824166297913,-0.1052033379673958,0.0000000000000000,0.0000000000000000,0.0000000000000000,1.0000000000000000
M 0.9999979734420776,0.0000000008680342,0.0019952170550823,0.1273979991674423,-0.0000000007804589,1.0000000000000000,-0.0000000438926762,0.0000000446256792,-0.0019952170550823,0.0000000438909922,0.9999979734420776,-0.1178963705897331,0.0000000000000000,0.0000000000000000,0.0000000000000000,1.0000000000000000
M 0.9999984502792358,0.0000000008435800,0.0016915574669838,0.1390435248613358,-0.0000000007693769,1.0000000000000000,-0.0000000438640448,0.0000000446283011,-0.0016915574669838,0.0000000438620091,0.9999984502792358,-0.1192033886909485,0.0000000000000000,0.0000000000000000,0.0000000000000000,1.0000000000000000
M 0.9999989271163940,0.0000000008190717,0.0013879202306271,0.1506897956132889,-0.0000000007582178,1.0000000000000000,-0.0000000438351755,0.0000000446309798,-0.0013879202306271,0.0000000438332783,0.9999989271163940,-0.1205100938677788,0.0000000000000000,0.0000000000000000,0.0000000000000000,1.0000000000000000
M 0.9999995231628418,0.0000000007861382,0.0008927956223488,0.1620873659849167,-0.0000000007470297,1.0000000000000000,-0.0000000437875052,0.0000000446582575,-0.0008927956223488,0.0000000437868266,0.9999995231628418,-0.1221828088164330,0.0000000000000000,0.0000000000000000,0.0000000000000000,1.0000000000000000
M 0.9999998807907104,0.0000000007492844,0.0003089997917414,0.1733713299036026,-0.0000000007357749,1.0000000000000000,-0.0000000437320544,0.0000000446954758,-0.0003089997917414,0.0000000437312515,0.9999998807907104,-0.1240250319242477,0.0000000000000000,0.0000000000000000,0.0000000000000000,1.0000000000000000
M 0.9999999403953552,0.0000000007299165,0.0000951252877712,0.1851413547992706,-0.0000000007257465,1.0000000000000000,-0.0000000437114380,0.0000000446909070,-0.0000951252877712,0.0000000437113314,0.9999999403953552,-0.1246997490525246,0.0000000000000000,0.0000000000000000,0.0000000000000000,1.0000000000000000
M 0.9999999403953552,0.0000000007204932,0.0000938959419727,0.1971909403800964,-0.0000000007163673,1.0000000000000000,-0.0000000437116690,0.0000000446610073,-0.0000938959419727,0.0000000437110970,0.9999999403953552,-0.1247037872672081,0.0000000000000000,0.0000000000000000,0.0000000000000000,1.0000000000000000
M 0.9999999403953552,0.0000000007110990,0.0000926721841097,0.2092403024435043,-0.0000000007070337,1.0000000000000000,-0.0000000437114487,0.0000000446318396,-0.0000926721841097,0.0000000437113101,0.9999999403953552,-0.1247076839208603,0.0000000000000000,0.0000000000000000,0.0000000000000000,1.0000000000000000
M 0.9999999403953552,0.0000000007017049,0.0000914484262466,0.2212899029254913,-0.0000000006976971,1.0000000000000000,-0.0000000437116832,0.0000000446020536,-0.0000914484262466,0.0000000437110756,0.9999999403953552,-0.1247115880250931,0.0000000000000000,0.0000000000000000,0.0000000000000000,1.0000000000000000
M 0.9999999403953552,0.0000000006923107,0.0000902246683836,0.2333395034074783,-0.0000000006883634,1.0000000000000000,-0.0000000437114593,0.0000000445728858,-0.0000902246683836,0.0000000437113066,0.9999999403953552,-0.1247152462601662,0.0000000000000000,0.0000000000000000,0.0000000000000000,1.0000000000000000
