O DOOR_10
A DOOR_10_DOOR_10
M 1.0000000000000000,0.0000000000000000,0.0000000000000000,0.0000000000000000,0.0000000000000000,1.0000000000000000,-0.0000000437113883,-0.0000000077452640,-0.0000000000000000,0.0000000437113883,1.0000000000000000,0.0000000352570844,0.0000000000000000,0.0000000000000000,0.0000000000000000,1.0000000000000000
M 1.0000000000000000,0.0000000000000000,0.0000000000000000,0.0000000000000000,0.0000000000000000,0.9999981522560120,0.0019359139259905,0.0028590767178684,-0.0000000000000000,-0.0019359139259905,0.9999981522560120,0.0009013745002449,0.0000000000000000,0.0000000000000000,0.0000000000000000,1.0000000000000000
M 1.0000000000000000,0.0000000000000000,0.0000000000000000,0.0000000000000000,0.0000000000000000,0.9999708533287048,0.0076370253227651,0.0112888719886541,-0.0000000000000000,-0.0076370253227651,0.9999708533287048,0.0035234678070992,0.0000000000000000,0.0000000000000000,0.0000000000000000,1.0000000000000000
M 1.0000000000000000,0.0000000000000000,0.0000000000000000,0.0000000000000000,0.0000000000000000,0.9998564720153809,0.0169422421604395,0.0250803660601377,-0.0000000000000000,-0.0169422421604395,0.9998564720153809,0.0077000306919217,0.0000000000000000,0.0000000000000000,0.0000000000000000,1.0000000000000000
M 1.0000000000000000,0.0000000000000000,0.0000000000000000,0.0000000000000000,0.0000000000000000,0.9995591640472412,0.0296894349157810,0.0440389886498451,-0.0000000000000000,-0.0296894349157810,0.9995591640472412,0.0132139679044485,0.0000000000000000,0.0000000000000000,0.0000000000000000,1.0000000000000000
M 1.0000000000000000,0.0000000000000000,0.0000000000000000,0.0000000000000000,0.0000000000000000,0.9989545941352844,0.0457130596041679,0.0679783597588539,-0.0000000000000000,-0.0457130596041679,0.9989545941352844,0.0198043882846832,0.0000000000000000,0.0000000000000000,0.0000000000000000,1.0000000000000000
M 1.0000000000000000,0.0000000000000000,0.0000000000000000,0.0000000000000000,0.0000000000000000,0.9978954792022705,0.0648430287837982,0.0967161655426025,-0.0000000000000000,-0.0648430287837982,0.9978954792022705,0.0271743051707745,0.0000000000000000,0.0000000000000000,0.0000000000000000,1.0000000000000000
M 1.0000000000000000,0.0000000000000000,0.0000000000000000,0.0000000000000000,0.0000000000000000,0.9962168335914612,0.0869022533297539,0.1300680190324783,-0.0000000000000000,-0.0869022533297539,0.9962168335914612,0.0349974744021893,0.0000000000000000,0.0000000000000000,0.0000000000000000,1.0000000000000000
M 1.0000000000000000,0.0000000000000000,0.0000000000000000,0.0000000000000000,0.0000000000000000,0.9937413334846497,0.1117057576775551,0.1678436100482941,-0.0000000000000000,-0.1117057576775551,0.9937413334846497,0.0429258495569229,0.0000000000000000,0.0000000000000000,0.0000000000000000,1.0000000000000000
M 1.0000000000000000,0.0000000000000000,0.0000000000000000,0.0000000000000000,0.0000000000000000,0.9902842044830322,0.1390582323074341,0.2098408639431000,-0.0000000000000000,-0.1390582323074341,0.9902842044830322,0.0505952313542366,0.0000000000000000,0.0000000000000000,0.0000000000000000,1.0000000000000000
M 1.0000000000000000,0.0000000000000000,0.0000000000000000,0.0000000000000000,0.0000000000000000,0.9856583476066589,0.1687531620264053,0.2558422684669495,-0.0000000000000000,-0.1687531620264053,0.9856583476066589,0.0576329752802849,0.0000000000000000,0.0000000000000000,0.0000000000000000,1.0000000000000000
M 1.0000000000000000,0.0000000000000000,0.0000000000000000,0.0000000000000000,0.0000000000000000,0.9796788692474365,0.2005724012851715,0.3056121468544006,-0.0000000000000000,-0.2005724012851715,0.9796788692474365,0.0636643320322037,0.0000000000000000,0.0000000000000000,0.0000000000000000,1.0000000000000000
M 1.0000000000000000,0.0000000000000000,0.0000000000000000,0.0000000000000000,0.0000000000000000,0.9721680283546448,0.2342846691608429,0.3588919639587402,-0.0000000000000000,-0.2342846691608429,0.9721680283546448,0.0683189183473587,0.0000000000000000,0.0000000000000000,0.0000000000000000,1.0000000000000000
M 1.0000000000000000,0.0000000000000000,0.0000000000000000,0.0000000000000000,0.0000000000000000,0.9629593491554260,0.2696464359760284,0.4153999388217926,-0.0000000000000000,-0.2696464359760284,0.9629593491554260,0.0712370574474335,0.0000000000000000,0.0000000000000000,0.0000000000000000,1.0000000000000000
M 1.0000000000000000,0.0000000000000000,0.0000000000000000,0.0000000000000000,0.0000000000000000,0.9519020318984985,0.3064025342464447,0.4748298227787018,-0.0000000000000000,-0.3064025342464447,0.9519020318984985,0.0720770657062531,0.0000000000000000,0.0000000000000000,0.0000000000000000,1.0000000000000000
M 1.0000000000000000,0.0000000000000000,0.0000000000000000,0.0000000000000000,0.0000000000000000,0.9388643503189087,0.3442872464656830,0.5368508100509644,-0.0000000000000000,-0.3442872464656830,0.9388643503189087,0.0705204010009766,0.0000000000000000,0.0000000000000000,0.0000000000000000,1.0000000000000000
M 1.0000000000000000,0.0000000000000000,0.0000000000000000,0.0000000000000000,0.0000000000000000,0.9237377047538757,0.3830256164073944,0.6011075973510742,-0.0000000000000000,-0.3830256164073944,0.9237377047538757,0.0662782192230225,0.0000000000000000,0.0000000000000000,0.0000000000000000,1.0000000000000000
M 1.0000000000000000,0.0000000000000000,0.0000000000000000,0.0000000000000000,0.0000000000000000,0.9064391255378723,0.4223365783691406,0.6672241091728210,-0.0000000000000000,-0.4223365783691406,0.9064391255378723,0.0590968132019043,0.0000000000000000,0.0000000000000000,0.0000000000000000,1.0000000000000000
M 1.0000000000000000,0.0000000000000000,0.0000000000000000,0.0000000000000000,0.0000000000000000,0.8869140744209290,0.4619345068931580,0.7348040342330933,-0.0000000000000000,-0.4619345068931580,0.8869140744209290,0.0487622171640396,0.0000000000000000,0.0000000000000000,0.0000000000000000,1.0000000000000000
M 1.0000000000000000,0.0000000000000000,0.0000000000000000,0.0000000000000000,0.0000000000000000,0.8651384115219116,0.5015332102775574,0.8034361600875854,-0.0000000000000000,-0.5015332102775574,0.8651384115219116,0.0351054072380066,0.0000000000000000,0.0000000000000000,0.0000000000000000,1.0000000000000000
M 1.0000000000000000,0.0000000000000000,0.0000000000000000,0.0000000000000000,0.0000000000000000,0.8411196470260620,0.5408490896224976,0.8726981878280640,-0.0000000000000000,-0.5408490896224976,0.8411196470260620,0.0180047452449799,0.0000000000000000,0.0000000000000000,0.0000000000000000,1.0000000000000000
M 1.0000000000000000,0.0000000000000000,0.0000000000000000,0.0000000000000000,0.0000000000000000,0.8148977756500244,0.5796046257019043,0.9421617388725281,-0.0000000000000000,-0.5796046257019043,0.8148977756500244,-0.0026103258132935,0.0000000000000000,0.0000000000000000,0.0000000000000000,1.0000000000000000
M 1.0000000000000000,0.0000000000000000,0.0000000000000000,0.0000000000000000,0.0000000000000000,0.7865455150604248,0.6175323128700256,1.0113979578018188,-0.0000000000000000,-0.6175323128700256,0.7865455150604248,-0.0267571210861206,0.0000000000000000,0.0000000000000000,0.0000000000000000,1.0000000000000000
M 1.0000000000000000,0.0000000000000000,0.0000000000000000,0.0000000000000000,0.0000000000000000,0.7561674714088440,0.6543780565261841,1.0799828767776489,-0.0000000000000000,-0.6543780565261841,0.7561674714088440,-0.0544001162052155,0.0000000000000000,0.0000000000000000,0.0000000000000000,1.0000000000000000
M 1.0000000000000000,0.0000000000000000,0.0000000000000000,0.0000000000000000,0.0000000000000000,0.7238993644714355,0.6899055838584900,1.1475043296813965,-0.0000000000000000,-0.6899055838584900,0.7238993644714355,-0.0854491889476776,0.0000000000000000,0.0000000000000000,0.0000000000000000,1.0000000000000000
M 1.0000000000000000,0.0000000000000000,0.0000000000000000,0.0000000000000000,0.0000000000000000,0.6899055838584900,0.7238993644714355,1.2135671377182007,-0.0000000000000000,-0.7238993644714355,0.6899055838584900,-0.1197622120380402,0.0000000000000000,0.0000000000000000,0.0000000000000000,1.0000000000000000
M 1.0000000000000000,0.0000000000000000,0.0000000000000000,0.0000000000000000,0.0000000000000000,0.6543780565261841,0.7561675906181335,1.2777985334396362,-0.0000000000000000,-0.7561675906181335,0.6543780565261841,-0.1571455597877502,0.0000000000000000,0.0000000000000000,0.0000000000000000,1.0000000000000000
M 1.0000000000000000,0.0000000000000000,0.0000000000000000,0.0000000000000000,0.0000000000000000,0.6175322532653809,0.7865456342697144,1.3398550748825073,-0.0000000000000000,-0.7865456342697144,0.6175322532653809,-0.1973577737808228,0.0000000000000000,0.0000000000000000,0.0000000000000000,1.0000000000000000
M 1.0000000000000000,0.0000000000000000,0.0000000000000000,0.0000000000000000,0.0000000000000000,0.5796047449111938,0.8148977756500244,1.3994256258010864,-0.0000000000000000,-0.8148977756500244,0.5796047449111938,-0.2401131391525269,0.0000000000000000,0.0000000000000000,0.0000000000000000,1.0000000000000000
M 1.0000000000000000,0.0000000000000000,0.0000000000000000,0.0000000000000000,0.0000000000000000,0.5408489704132080,0.8411197066307068,1.4562380313873291,-0.0000000000000000,-0.8411197066307068,0.5408489704132080,-0.2850861549377441,0.0000000000000000,0.0000000000000000,0.0000000000000000,1.0000000000000000
M 1.0000000000000000,0.0000000000000000,0.0000000000000000,0.0000000000000000,0.0000000000000000,0.5015331506729126,0.8651384115219116,1.5100591182708740,-0.0000000000000000,-0.8651384115219116,0.5015331506729126,-0.3319148123264313,0.0000000000000000,0.0000000000000000,0.0000000000000000,1.0000000000000000
M 1.0000000000000000,0.0000000000000000,0.0000000000000000,0.0000000000000000,0.0000000000000000,0.4619343876838684,0.8869140744209290,1.5607008934020996,-0.0000000000000000,-0.8869140744209290,0.4619343876838684,-0.3802087604999542,0.0000000000000000,0.0000000000000000,0.0000000000000000,1.0000000000000000
M 1.0000000000000000,0.0000000000000000,0.0000000000000000,0.0000000000000000,0.0000000000000000,0.4223366379737854,0.9064390063285828,1.6080191135406494,-0.0000000000000000,-0.9064390063285828,0.4223366379737854,-0.4295522570610046,0.0000000000000000,0.0000000000000000,0.0000000000000000,1.0000000000000000
M 1.0000000000000000,0.0000000000000000,0.0000000000000000,0.0000000000000000,0.0000000000000000,0.3830255568027496,0.9237377643585205,1.6519167423248291,-0.0000000000000000,-0.9237377643585205,0.3830255568027496,-0.4795121550559998,0.0000000000000000,0.0000000000000000,0.0000000000000000,1.0000000000000000
M 1.0000000000000000,0.0000000000000000,0.0000000000000000,0.0000000000000000,0.0000000000000000,0.3442872464656830,0.9388644099235535,1.6923400163650513,-0.0000000000000000,-0.9388644099235535,0.3442872464656830,-0.5296407938003540,0.0000000000000000,0.0000000000000000,0.0000000000000000,1.0000000000000000
M 1.0000000000000000,0.0000000000000000,0.0000000000000000,0.0000000000000000,0.0000000000000000,0.3064024150371552,0.9519020915031433,1.7292805910110474,-0.0000000000000000,-0.9519020915031433,0.3064024150371552,-0.5794849395751953,0.0000000000000000,0.0000000000000000,0.0000000000000000,1.0000000000000000
M 1.0000000000000000,0.0000000000000000,0.0000000000000000,0.0000000000000000,0.0000000000000000,0.2696464359760284,0.9629594087600708,1.7627702951431274,-0.0000000000000000,-0.9629594087600708,0.2696464359760284,-0.6285872459411621,0.0000000000000000,0.0000000000000000,0.0000000000000000,1.0000000000000000
M 1.0000000000000000,0.0000000000000000,0.0000000000000000,0.0000000000000000,0.0000000000000000,0.2342844903469086,0.9721680879592896,1.7928798198699951,-0.0000000000000000,-0.9721680879592896,0.2342844903469086,-0.6764947175979614,0.0000000000000000,0.0000000000000000,0.0000000000000000,1.0000000000000000
M 1.0000000000000000,0.0000000000000000,0.0000000000000000,0.0000000000000000,0.0000000000000000,0.2005724459886551,0.9796788692474365,1.8197118043899536,-0.0000000000000000,-0.9796788692474365,0.2005724459886551,-0.7227592468261719,0.0000000000000000,0.0000000000000000,0.0000000000000000,1.0000000000000000
M 1.0000000000000000,0.0000000000000000,0.0000000000000000,0.0000000000000000,0.0000000000000000,0.1687531024217606,0.9856583476066589,1.8433992862701416,-0.0000000000000000,-0.9856583476066589,0.1687531024217606,-0.7669444680213928,0.0000000000000000,0.0000000000000000,0.0000000000000000,1.0000000000000000
M 1.0000000000000000,0.0000000000000000,0.0000000000000000,0.0000000000000000,0.0000000000000000,0.1390580534934998,0.9902842640876770,1.8640964031219482,-0.0000000000000000,-0.9902842640876770,0.1390580534934998,-0.8086255192756653,0.0000000000000000,0.0000000000000000,0.0000000000000000,1.0000000000000000
M 1.0000000000000000,0.0000000000000000,0.0000000000000000,0.0000000000000000,0.0000000000000000,0.1117056831717491,0.9937413334846497,1.8819738626480103,-0.0000000000000000,-0.9937413334846497,0.1117056831717491,-0.8473937511444092,0.0000000000000000,0.0000000000000000,0.0000000000000000,1.0000000000000000
M 1.0000000000000000,0.0000000000000000,0.0000000000000000,0.0000000000000000,0.0000000000000000,0.0869024172425270,0.9962168335914612,1.8972115516662598,-0.0000000000000000,-0.9962168335914612,0.0869024172425270,-0.8828569054603577,0.0000000000000000,0.0000000000000000,0.0000000000000000,1.0000000000000000
M 1.0000000000000000,0.0000000000000000,0.0000000000000000,0.0000000000000000,0.0000000000000000,0.0648430734872818,0.9978954792022705,1.9099915027618408,-0.0000000000000000,-0.9978954792022705,0.0648430734872818,-0.9146410822868347,0.0000000000000000,0.0000000000000000,0.0000000000000000,1.0000000000000000
M 1.0000000000000000,0.0000000000000000,0.0000000000000000,0.0000000000000000,0.0000000000000000,0.0457131043076515,0.9989545941352844,1.9204887151718140,-0.0000000000000000,-0.9989545941352844,0.0457131043076515,-0.9423896670341492,0.0000000000000000,0.0000000000000000,0.0000000000000000,1.0000000000000000
M 1.0000000000000000,0.0000000000000000,0.0000000000000000,0.0000000000000000,0.0000000000000000,0.0296895969659090,0.9995591640472412,1.9288641214370728,-0.0000000000000000,-0.9995591640472412,0.0296895969659090,-0.9657642245292664,0.0000000000000000,0.0000000000000000,0.0000000000000000,1.0000000000000000
M 1.0000000000000000,0.0000000000000000,0.0000000000000000,0.0000000000000000,0.0000000000000000,0.0169422868639231,0.9998564720153809,1.9352560043334961,-0.0000000000000000,-0.9998564720153809,0.0169422868639231,-0.9844453334808350,0.0000000000000000,0.0000000000000000,0.0000000000000000,1.0000000000000000
M 1.0000000000000000,0.0000000000000000,0.0000000000000000,0.0000000000000000,0.0000000000000000,0.0076370690949261,0.9999708533287048,1.9397703409194946,-0.0000000000000000,-0.9999708533287048,0.0076370690949261,-0.9981300234794617,0.0000000000000000,0.0000000000000000,0.0000000000000000,1.0000000000000000
M 1.0000000000000000,0.0000000000000000,0.0000000000000000,0.0000000000000000,0.0000000000000000,0.0019360769074410,0.9999981522560120,1.9424730539321899,-0.0000000000000000,-0.9999981522560120,0.0019360769074410,-1.0065340995788574,0.0000000000000000,0.0000000000000000,0.0000000000000000,1.0000000000000000
M 1.0000000000000000,0.0000000000000000,0.0000000000000000,0.0000000000000000,0.0000000000000000,0.0000001192092896,1.0000000000000000,1.9433798789978027,-0.0000000000000000,-1.0000000000000000,0.0000001192092896,-1.0093915462493896,0.0000000000000000,0.0000000000000000,0.0000000000000000,1.0000000000000000
M 1.0000000000000000,0.0000000000000000,0.0000000000000000,0.0000000000000000,0.0000000000000000,0.0000001192092896,1.0000000000000000,1.9433798789978027,-0.0000000000000000,-1.0000000000000000,0.0000001192092896,-1.0093915462493896,0.0000000000000000,0.0000000000000000,0.0000000000000000,1.0000000000000000
M 1.0000000000000000,0.0000000000000000,0.0000000000000000,0.0000000000000000,0.0000000000000000,0.0000001192092896,1.0000000000000000,1.9433798789978027,-0.0000000000000000,-1.0000000000000000,0.0000001192092896,-1.0093915462493896,0.0000000000000000,0.0000000000000000,0.0000000000000000,1.0000000000000000
M 1.0000000000000000,0.0000000000000000,0.0000000000000000,0.0000000000000000,0.0000000000000000,0.0000001192092896,1.0000000000000000,1.9433798789978027,-0.0000000000000000,-1.0000000000000000,0.0000001192092896,-1.0093915462493896,0.0000000000000000,0.0000000000000000,0.0000000000000000,1.0000000000000000
M 1.0000000000000000,0.0000000000000000,0.0000000000000000,0.0000000000000000,0.0000000000000000,0.0000001192092896,1.0000000000000000,1.9433798789978027,-0.0000000000000000,-1.0000000000000000,0.0000001192092896,-1.0093915462493896,0.0000000000000000,0.0000000000000000,0.0000000000000000,1.0000000000000000
M 1.0000000000000000,0.0000000000000000,0.0000000000000000,0.0000000000000000,0.0000000000000000,0.0000001192092896,1.0000000000000000,1.9433798789978027,-0.0000000000000000,-1.0000000000000000,0.0000001192092896,-1.0093915462493896,0.0000000000000000,0.0000000000000000,0.0000000000000000,1.0000000000000000
M 1.0000000000000000,0.0000000000000000,0.0000000000000000,0.0000000000000000,0.0000000000000000,0.0000001192092896,1.0000000000000000,1.9433798789978027,-0.0000000000000000,-1.0000000000000000,0.0000001192092896,-1.0093915462493896,0.0000000000000000,0.0000000000000000,0.0000000000000000,1.0000000000000000
M 1.0000000000000000,0.0000000000000000,0.0000000000000000,0.0000000000000000,0.0000000000000000,0.0000001192092896,1.0000000000000000,1.9433798789978027,-0.0000000000000000,-1.0000000000000000,0.0000001192092896,-1.0093915462493896,0.0000000000000000,0.0000000000000000,0.0000000000000000,1.0000000000000000
M 1.0000000000000000,0.0000000000000000,0.0000000000000000,0.0000000000000000,0.0000000000000000,0.0000001192092896,1.0000000000000000,1.9433798789978027,-0.0000000000000000,-1.0000000000000000,0.0000001192092896,-1.0093915462493896,0.0000000000000000,0.0000000000000000,0.0000000000000000,1.0000000000000000
M 1.0000000000000000,0.0000000000000000,0.0000000000000000,0.0000000000000000,0.0000000000000000,0.0000001192092896,1.0000000000000000,1.9433798789978027,-0.0000000000000000,-1.0000000000000000,0.0000001192092896,-1.0093915462493896,0.0000000000000000,0.0000000000000000,0.0000000000000000,1.0000000000000000
M 1.0000000000000000,0.0000000000000000,0.0000000000000000,0.0000000000000000,0.0000000000000000,0.0000001192092896,1.0000000000000000,1.9433798789978027,-0.0000000000000000,-1.0000000000000000,0.0000001192092896,-1.0093915462493896,0.0000000000000000,0.0000000000000000,0.0000000000000000,1.0000000000000000
M 1.0000000000000000,0.0000000000000000,0.0000000000000000,0.0000000000000000,0.0000000000000000,0.0000001192092896,1.0000000000000000,1.9433798789978027,-0.0000000000000000,-1.0000000000000000,0.0000001192092896,-1.0093915462493896,0.0000000000000000,0.0000000000000000,0.0000000000000000,1.0000000000000000
M 1.0000000000000000,0.0000000000000000,0.0000000000000000,0.0000000000000000,0.0000000000000000,0.0000001192092896,1.0000000000000000,1.9433798789978027,-0.0000000000000000,-1.0000000000000000,0.0000001192092896,-1.0093915462493896,0.0000000000000000,0.0000000000000000,0.0000000000000000,1.0000000000000000
M 1.0000000000000000,0.0000000000000000,0.0000000000000000,0.0000000000000000,0.0000000000000000,0.0000001192092896,1.0000000000000000,1.9433798789978027,-0.0000000000000000,-1.0000000000000000,0.0000001192092896,-1.0093915462493896,0.0000000000000000,0.0000000000000000,0.0000000000000000,1.0000000000000000
M 1.0000000000000000,0.0000000000000000,0.0000000000000000,0.0000000000000000,0.0000000000000000,0.0000001192092896,1.0000000000000000,1.9433798789978027,-0.0000000000000000,-1.0000000000000000,0.0000001192092896,-1.0093915462493896,0.0000000000000000,0.0000000000000000,0.0000000000000000,1.0000000000000000
M 1.0000000000000000,0.0000000000000000,0.0000000000000000,0.0000000000000000,0.0000000000000000,0.0000001192092896,1.0000000000000000,1.9433798789978027,-0.0000000000000000,-1.0000000000000000,0.0000001192092896,-1.0093915462493896,0.0000000000000000,0.0000000000000000,0.0000000000000000,1.0000000000000000
M 1.0000000000000000,0.0000000000000000,0.0000000000000000,0.0000000000000000,0.0000000000000000,0.0000001192092896,1.0000000000000000,1.9433798789978027,-0.0000000000000000,-1.0000000000000000,0.0000001192092896,-1.0093915462493896,0.0000000000000000,0.0000000000000000,0.0000000000000000,1.0000000000000000
M 1.0000000000000000,0.0000000000000000,0.0000000000000000,0.0000000000000000,0.0000000000000000,0.0000001192092896,1.0000000000000000,1.9433798789978027,-0.0000000000000000,-1.0000000000000000,0.0000001192092896,-1.0093915462493896,0.0000000000000000,0.0000000000000000,0.0000000000000000,1.0000000000000000
M 1.0000000000000000,0.0000000000000000,0.0000000000000000,0.0000000000000000,0.0000000000000000,0.0000001192092896,1.0000000000000000,1.9433798789978027,-0.0000000000000000,-1.0000000000000000,0.0000001192092896,-1.0093915462493896,0.0000000000000000,0.0000000000000000,0.0000000000000000,1.0000000000000000
M 1.0000000000000000,0.0000000000000000,0.0000000000000000,0.0000000000000000,0.0000000000000000,0.0000001192092896,1.0000000000000000,1.9433798789978027,-0.0000000000000000,-1.0000000000000000,0.0000001192092896,-1.0093915462493896,0.0000000000000000,0.0000000000000000,0.0000000000000000,1.0000000000000000
M 1.0000000000000000,0.0000000000000000,0.0000000000000000,0.0000000000000000,0.0000000000000000,0.0000001192092896,1.0000000000000000,1.9433798789978027,-0.0000000000000000,-1.0000000000000000,0.0000001192092896,-1.0093915462493896,0.0000000000000000,0.0000000000000000,0.0000000000000000,1.0000000000000000
M 1.0000000000000000,0.0000000000000000,0.0000000000000000,0.0000000000000000,0.0000000000000000,0.0000001192092896,1.0000000000000000,1.9433798789978027,-0.0000000000000000,-1.0000000000000000,0.0000001192092896,-1.0093915462493896,0.0000000000000000,0.0000000000000000,0.0000000000000000,1.0000000000000000
M 1.0000000000000000,0.0000000000000000,0.0000000000000000,0.0000000000000000,0.0000000000000000,0.0000001192092896,1.0000000000000000,1.9433798789978027,-0.0000000000000000,-1.0000000000000000,0.0000001192092896,-1.0093915462493896,0.0000000000000000,0.0000000000000000,0.0000000000000000,1.0000000000000000
M 1.0000000000000000,0.0000000000000000,0.0000000000000000,0.0000000000000000,0.0000000000000000,0.0000001192092896,1.0000000000000000,1.9433798789978027,-0.0000000000000000,-1.0000000000000000,0.0000001192092896,-1.0093915462493896,0.0000000000000000,0.0000000000000000,0.0000000000000000,1.0000000000000000
M 1.0000000000000000,0.0000000000000000,0.0000000000000000,0.0000000000000000,0.0000000000000000,0.0000001192092896,1.0000000000000000,1.9433798789978027,-0.0000000000000000,-1.0000000000000000,0.0000001192092896,-1.0093915462493896,0.0000000000000000,0.0000000000000000,0.0000000000000000,1.0000000000000000
M 1.0000000000000000,0.0000000000000000,0.0000000000000000,0.0000000000000000,0.0000000000000000,0.0000001192092896,1.0000000000000000,1.9433798789978027,-0.0000000000000000,-1.0000000000000000,0.0000001192092896,-1.0093915462493896,0.0000000000000000,0.0000000000000000,0.0000000000000000,1.0000000000000000
M 1.0000000000000000,0.0000000000000000,0.0000000000000000,0.0000000000000000,0.0000000000000000,0.0000001192092896,1.0000000000000000,1.9433798789978027,-0.0000000000000000,-1.0000000000000000,0.0000001192092896,-1.0093915462493896,0.0000000000000000,0.0000000000000000,0.0000000000000000,1.0000000000000000
M 1.0000000000000000,0.0000000000000000,0.0000000000000000,0.0000000000000000,0.0000000000000000,0.0000001192092896,1.0000000000000000,1.9433798789978027,-0.0000000000000000,-1.0000000000000000,0.0000001192092896,-1.0093915462493896,0.0000000000000000,0.0000000000000000,0.0000000000000000,1.0000000000000000
M 1.0000000000000000,0.0000000000000000,0.0000000000000000,0.0000000000000000,0.0000000000000000,0.0000001192092896,1.0000000000000000,1.9433798789978027,-0.0000000000000000,-1.0000000000000000,0.0000001192092896,-1.0093915462493896,0.0000000000000000,0.0000000000000000,0.0000000000000000,1.0000000000000000
M 1.0000000000000000,0.0000000000000000,0.0000000000000000,0.0000000000000000,0.0000000000000000,0.0000001192092896,1.0000000000000000,1.9433798789978027,-0.0000000000000000,-1.0000000000000000,0.0000001192092896,-1.0093915462493896,0.0000000000000000,0.0000000000000000,0.0000000000000000,1.0000000000000000
M 1.0000000000000000,0.0000000000000000,0.0000000000000000,0.0000000000000000,0.0000000000000000,0.0000001192092896,1.0000000000000000,1.9433798789978027,-0.0000000000000000,-1.0000000000000000,0.0000001192092896,-1.0093915462493896,0.0000000000000000,0.0000000000000000,0.0000000000000000,1.0000000000000000
M 1.0000000000000000,0.0000000000000000,0.0000000000000000,0.0000000000000000,0.0000000000000000,0.0000001192092896,1.0000000000000000,1.9433798789978027,-0.0000000000000000,-1.0000000000000000,0.0000001192092896,-1.0093915462493896,0.0000000000000000,0.0000000000000000,0.0000000000000000,1.0000000000000000
M 1.0000000000000000,0.0000000000000000,0.0000000000000000,0.0000000000000000,0.0000000000000000,0.0000001192092896,1.0000000000000000,1.9433798789978027,-0.0000000000000000,-1.0000000000000000,0.0000001192092896,-1.0093915462493896,0.0000000000000000,0.0000000000000000,0.0000000000000000,1.0000000000000000
M 1.0000000000000000,0.0000000000000000,0.0000000000000000,0.0000000000000000,0.0000000000000000,0.0000001192092896,1.0000000000000000,1.9433798789978027,-0.0000000000000000,-1.0000000000000000,0.0000001192092896,-1.0093915462493896,0.0000000000000000,0.0000000000000000,0.0000000000000000,1.0000000000000000
M 1.0000000000000000,0.0000000000000000,0.0000000000000000,0.0000000000000000,0.0000000000000000,0.0000001192092896,1.0000000000000000,1.9433798789978027,-0.0000000000000000,-1.0000000000000000,0.0000001192092896,-1.0093915462493896,0.0000000000000000,0.0000000000000000,0.0000000000000000,1.0000000000000000
M 1.0000000000000000,0.0000000000000000,0.0000000000000000,0.0000000000000000,0.0000000000000000,0.0000001192092896,1.0000000000000000,1.9433798789978027,-0.0000000000000000,-1.0000000000000000,0.0000001192092896,-1.0093915462493896,0.0000000000000000,0.0000000000000000,0.0000000000000000,1.0000000000000000
M 1.0000000000000000,0.0000000000000000,0.0000000000000000,0.0000000000000000,0.0000000000000000,0.0000001192092896,1.0000000000000000,1.9433798789978027,-0.0000000000000000,-1.0000000000000000,0.0000001192092896,-1.0093915462493896,0.0000000000000000,0.0000000000000000,0.0000000000000000,1.0000000000000000
M 1.0000000000000000,0.0000000000000000,0.0000000000000000,0.0000000000000000,0.0000000000000000,0.0000001192092896,1.0000000000000000,1.9433798789978027,-0.0000000000000000,-1.0000000000000000,0.0000001192092896,-1.0093915462493896,0.0000000000000000,0.0000000000000000,0.0000000000000000,1.0000000000000000
M 1.0000000000000000,0.0000000000000000,0.0000000000000000,0.0000000000000000,0.0000000000000000,0.0000001192092896,1.0000000000000000,1.9433798789978027,-0.0000000000000000,-1.0000000000000000,0.0000001192092896,-1.0093915462493896,0.0000000000000000,0.0000000000000000,0.0000000000000000,1.0000000000000000
M 1.0000000000000000,0.0000000000000000,0.0000000000000000,0.0000000000000000,0.0000000000000000,0.0000001192092896,1.0000000000000000,1.9433798789978027,-0.0000000000000000,-1.0000000000000000,0.0000001192092896,-1.0093915462493896,0.0000000000000000,0.0000000000000000,0.0000000000000000,1.0000000000000000
M 1.0000000000000000,0.0000000000000000,0.0000000000000000,0.0000000000000000,0.0000000000000000,0.0000001192092896,1.0000000000000000,1.9433798789978027,-0.0000000000000000,-1.0000000000000000,0.0000001192092896,-1.0093915462493896,0.0000000000000000,0.0000000000000000,0.0000000000000000,1.0000000000000000
M 1.0000000000000000,0.0000000000000000,0.0000000000000000,0.0000000000000000,0.0000000000000000,0.0000001192092896,1.0000000000000000,1.9433798789978027,-0.0000000000000000,-1.0000000000000000,0.0000001192092896,-1.0093915462493896,0.0000000000000000,0.0000000000000000,0.0000000000000000,1.0000000000000000
M 1.0000000000000000,0.0000000000000000,0.0000000000000000,0.0000000000000000,0.0000000000000000,0.0000001192092896,1.0000000000000000,1.9433798789978027,-0.0000000000000000,-1.0000000000000000,0.0000001192092896,-1.0093915462493896,0.0000000000000000,0.0000000000000000,0.0000000000000000,1.0000000000000000
M 1.0000000000000000,0.0000000000000000,0.0000000000000000,0.0000000000000000,0.0000000000000000,0.0000001192092896,1.0000000000000000,1.9433798789978027,-0.0000000000000000,-1.0000000000000000,0.0000001192092896,-1.0093915462493896,0.0000000000000000,0.0000000000000000,0.0000000000000000,1.0000000000000000
M 1.0000000000000000,0.0000000000000000,0.0000000000000000,0.0000000000000000,0.0000000000000000,0.0000001192092896,1.0000000000000000,1.9433798789978027,-0.0000000000000000,-1.0000000000000000,0.0000001192092896,-1.0093915462493896,0.0000000000000000,0.0000000000000000,0.0000000000000000,1.0000000000000000
M 1.0000000000000000,0.0000000000000000,0.0000000000000000,0.0000000000000000,0.0000000000000000,0.0000001192092896,1.0000000000000000,1.9433798789978027,-0.0000000000000000,-1.0000000000000000,0.0000001192092896,-1.0093915462493896,0.0000000000000000,0.0000000000000000,0.0000000000000000,1.0000000000000000
M 1.0000000000000000,0.0000000000000000,0.0000000000000000,0.0000000000000000,0.0000000000000000,0.0000001192092896,1.0000000000000000,1.9433798789978027,-0.0000000000000000,-1.0000000000000000,0.0000001192092896,-1.0093915462493896,0.0000000000000000,0.0000000000000000,0.0000000000000000,1.0000000000000000
M 1.0000000000000000,0.0000000000000000,0.0000000000000000,0.0000000000000000,0.0000000000000000,0.0000001192092896,1.0000000000000000,1.9433798789978027,-0.0000000000000000,-1.0000000000000000,0.0000001192092896,-1.0093915462493896,0.0000000000000000,0.0000000000000000,0.0000000000000000,1.0000000000000000
M 1.0000000000000000,0.0000000000000000,0.0000000000000000,0.0000000000000000,0.0000000000000000,0.0000001192092896,1.0000000000000000,1.9433798789978027,-0.0000000000000000,-1.0000000000000000,0.0000001192092896,-1.0093915462493896,0.0000000000000000,0.0000000000000000,0.0000000000000000,1.0000000000000000
M 1.0000000000000000,0.0000000000000000,0.0000000000000000,0.0000000000000000,0.0000000000000000,0.0000001192092896,1.0000000000000000,1.9433798789978027,-0.0000000000000000,-1.0000000000000000,0.0000001192092896,-1.0093915462493896,0.0000000000000000,0.0000000000000000,0.0000000000000000,1.0000000000000000
M 1.0000000000000000,0.0000000000000000,0.0000000000000000,0.0000000000000000,0.0000000000000000,0.0000001192092896,1.0000000000000000,1.9433798789978027,-0.0000000000000000,-1.0000000000000000,0.0000001192092896,-1.0093915462493896,0.0000000000000000,0.0000000000000000,0.0000000000000000,1.0000000000000000
M 1.0000000000000000,0.0000000000000000,0.0000000000000000,0.0000000000000000,0.0000000000000000,0.0000001192092896,1.0000000000000000,1.9433798789978027,-0.0000000000000000,-1.0000000000000000,0.0000001192092896,-1.0093915462493896,0.0000000000000000,0.0000000000000000,0.0000000000000000,1.0000000000000000
M 1.0000000000000000,0.0000000000000000,0.0000000000000000,0.0000000000000000,0.0000000000000000,0.0000001192092896,1.0000000000000000,1.9433798789978027,-0.0000000000000000,-1.0000000000000000,0.0000001192092896,-1.0093915462493896,0.0000000000000000,0.0000000000000000,0.0000000000000000,1.0000000000000000
M 1.0000000000000000,0.0000000000000000,0.0000000000000000,0.0000000000000000,0.0000000000000000,0.0000001192092896,1.0000000000000000,1.9433798789978027,-0.0000000000000000,-1.0000000000000000,0.0000001192092896,-1.0093915462493896,0.0000000000000000,0.0000000000000000,0.0000000000000000,1.0000000000000000
M 1.0000000000000000,0.0000000000000000,0.0000000000000000,0.0000000000000000,0.0000000000000000,0.0000001192092896,1.0000000000000000,1.9433798789978027,-0.0000000000000000,-1.0000000000000000,0.0000001192092896,-1.0093915462493896,0.0000000000000000,0.0000000000000000,0.0000000000000000,1.0000000000000000
M 1.0000000000000000,0.0000000000000000,0.0000000000000000,0.0000000000000000,0.0000000000000000,0.0000001192092896,1.0000000000000000,1.9433798789978027,-0.0000000000000000,-1.0000000000000000,0.0000001192092896,-1.0093915462493896,0.0000000000000000,0.0000000000000000,0.0000000000000000,1.0000000000000000
M 1.0000000000000000,0.0000000000000000,0.0000000000000000,0.0000000000000000,0.0000000000000000,0.0000001192092896,1.0000000000000000,1.9433798789978027,-0.0000000000000000,-1.0000000000000000,0.0000001192092896,-1.0093915462493896,0.0000000000000000,0.0000000000000000,0.0000000000000000,1.0000000000000000
M 1.0000000000000000,0.0000000000000000,0.0000000000000000,0.0000000000000000,0.0000000000000000,0.0000001192092896,1.0000000000000000,1.9433798789978027,-0.0000000000000000,-1.0000000000000000,0.0000001192092896,-1.0093915462493896,0.0000000000000000,0.0000000000000000,0.0000000000000000,1.0000000000000000
M 1.0000000000000000,0.0000000000000000,0.0000000000000000,0.0000000000000000,0.0000000000000000,0.0000001192092896,1.0000000000000000,1.9433798789978027,-0.0000000000000000,-1.0000000000000000,0.0000001192092896,-1.0093915462493896,0.0000000000000000,0.0000000000000000,0.0000000000000000,1.0000000000000000
M 1.0000000000000000,0.0000000000000000,0.0000000000000000,0.0000000000000000,0.0000000000000000,0.0000001192092896,1.0000000000000000,1.9433798789978027,-0.0000000000000000,-1.0000000000000000,0.0000001192092896,-1.0093915462493896,0.0000000000000000,0.0000000000000000,0.0000000000000000,1.0000000000000000
M 1.0000000000000000,0.0000000000000000,0.0000000000000000,0.0000000000000000,0.0000000000000000,0.0000001192092896,1.0000000000000000,1.9433798789978027,-0.0000000000000000,-1.0000000000000000,0.0000001192092896,-1.0093915462493896,0.0000000000000000,0.0000000000000000,0.0000000000000000,1.0000000000000000
M 1.0000000000000000,0.0000000000000000,0.0000000000000000,0.0000000000000000,0.0000000000000000,0.0000001192092896,1.0000000000000000,1.9433798789978027,-0.0000000000000000,-1.0000000000000000,0.0000001192092896,-1.0093915462493896,0.0000000000000000,0.0000000000000000,0.0000000000000000,1.0000000000000000
M 1.0000000000000000,0.0000000000000000,0.0000000000000000,0.0000000000000000,0.0000000000000000,0.0000001192092896,1.0000000000000000,1.9433798789978027,-0.0000000000000000,-1.0000000000000000,0.0000001192092896,-1.0093915462493896,0.0000000000000000,0.0000000000000000,0.0000000000000000,1.0000000000000000
M 1.0000000000000000,0.0000000000000000,0.0000000000000000,0.0000000000000000,0.0000000000000000,0.0000001192092896,1.0000000000000000,1.9433798789978027,-0.0000000000000000,-1.0000000000000000,0.0000001192092896,-1.0093915462493896,0.0000000000000000,0.0000000000000000,0.0000000000000000,1.0000000000000000
M 1.0000000000000000,0.0000000000000000,0.0000000000000000,0.0000000000000000,0.0000000000000000,0.0000001192092896,1.0000000000000000,1.9433798789978027,-0.0000000000000000,-1.0000000000000000,0.0000001192092896,-1.0093915462493896,0.0000000000000000,0.0000000000000000,0.0000000000000000,1.0000000000000000
M 1.0000000000000000,0.0000000000000000,0.0000000000000000,0.0000000000000000,0.0000000000000000,0.0000001192092896,1.0000000000000000,1.9433798789978027,-0.0000000000000000,-1.0000000000000000,0.0000001192092896,-1.0093915462493896,0.0000000000000000,0.0000000000000000,0.0000000000000000,1.0000000000000000
M 1.0000000000000000,0.0000000000000000,0.0000000000000000,0.0000000000000000,0.0000000000000000,0.0000001192092896,1.0000000000000000,1.9433798789978027,-0.0000000000000000,-1.0000000000000000,0.0000001192092896,-1.0093915462493896,0.0000000000000000,0.0000000000000000,0.0000000000000000,1.0000000000000000
M 1.0000000000000000,0.0000000000000000,0.0000000000000000,0.0000000000000000,0.0000000000000000,0.0000001192092896,1.0000000000000000,1.9433798789978027,-0.0000000000000000,-1.0000000000000000,0.0000001192092896,-1.0093915462493896,0.0000000000000000,0.0000000000000000,0.0000000000000000,1.0000000000000000
M 1.0000000000000000,0.0000000000000000,0.0000000000000000,0.0000000000000000,0.0000000000000000,0.0000001192092896,1.0000000000000000,1.9433798789978027,-0.0000000000000000,-1.0000000000000000,0.0000001192092896,-1.0093915462493896,0.0000000000000000,0.0000000000000000,0.0000000000000000,1.0000000000000000
M 1.0000000000000000,0.0000000000000000,0.0000000000000000,0.0000000000000000,0.0000000000000000,0.0000001192092896,1.0000000000000000,1.9433798789978027,-0.0000000000000000,-1.0000000000000000,0.0000001192092896,-1.0093915462493896,0.0000000000000000,0.0000000000000000,0.0000000000000000,1.0000000000000000
M 1.0000000000000000,0.0000000000000000,0.0000000000000000,0.0000000000000000,0.0000000000000000,0.0000001192092896,1.0000000000000000,1.9433798789978027,-0.0000000000000000,-1.0000000000000000,0.0000001192092896,-1.0093915462493896,0.0000000000000000,0.0000000000000000,0.0000000000000000,1.0000000000000000
O DOOR_3_EXTERNAL_CG_dfr
A DOOR_3_EXTERNAL_CG_dfr_DOOR_3_EXTERNAL_CG_dfr
M 1.0000000000000000,0.0000000000000000,0.0000000000000000,0.0000000000000000,0.0000000000000000,1.0000000000000000,-0.0000000437113883,0.0000000000000000,-0.0000000000000000,0.0000000437113883,1.0000000000000000,-0.0000000000000000,0.0000000000000000,0.0000000000000000,0.0000000000000000,1.0000000000000000
M 1.0000000000000000,0.0000000000000000,0.0000000000000000,-0.0000858488929225,0.0000000000000000,1.0000000000000000,-0.0000000437113883,0.0000000000000000,-0.0000000000000000,0.0000000437113883,1.0000000000000000,-0.0003180337953381,0.0000000000000000,0.0000000000000000,0.0000000000000000,1.0000000000000000
M 1.0000000000000000,0.0000000000000000,0.0000000000000000,-0.0003434751415625,0.0000000000000000,1.0000000000000000,-0.0000000437113883,0.0000000000000000,-0.0000000000000000,0.0000000437113883,1.0000000000000000,-0.0012466924963519,0.0000000000000000,0.0000000000000000,0.0000000000000000,1.0000000000000000
M 1.0000000000000000,0.0000000000000000,0.0000000000000000,-0.0007729980279692,0.0000000000000000,1.0000000000000000,-0.0000000437113883,0.0000000000000000,-0.0000000000000000,0.0000000437113883,1.0000000000000000,-0.0027478120755404,0.0000000000000000,0.0000000000000000,0.0000000000000000,1.0000000000000000
M 1.0000000000000000,0.0000000000000000,0.0000000000000000,-0.0013745368923992,0.0000000000000000,1.0000000000000000,-0.0000000437113883,0.0000000000000000,-0.0000000000000000,0.0000000437113883,1.0000000000000000,-0.0047832280397415,0.0000000000000000,0.0000000000000000,0.0000000000000000,1.0000000000000000
M 1.0000000000000000,0.0000000000000000,0.0000000000000000,-0.0021482110023499,0.0000000000000000,1.0000000000000000,-0.0000000437113883,0.0000000000000000,-0.0000000000000000,0.0000000437113883,1.0000000000000000,-0.0073147765360773,0.0000000000000000,0.0000000000000000,0.0000000000000000,1.0000000000000000
M 1.0000000000000000,0.0000000000000000,0.0000000000000000,-0.0030941395089030,0.0000000000000000,1.0000000000000000,-0.0000000437113883,0.0000000000000000,-0.0000000000000000,0.0000000437113883,1.0000000000000000,-0.0103042935952544,0.0000000000000000,0.0000000000000000,0.0000000000000000,1.0000000000000000
M 1.0000000000000000,0.0000000000000000,0.0000000000000000,-0.0042124423198402,0.0000000000000000,1.0000000000000000,-0.0000000437113883,0.0000000000000000,-0.0000000000000000,0.0000000437113883,1.0000000000000000,-0.0137136140838265,0.0000000000000000,0.0000000000000000,0.0000000000000000,1.0000000000000000
M 1.0000000000000000,0.0000000000000000,0.0000000000000000,-0.0055032386444509,0.0000000000000000,1.0000000000000000,-0.0000000437113883,0.0000000000000000,-0.0000000000000000,0.0000000437113883,1.0000000000000000,-0.0175045784562826,0.0000000000000000,0.0000000000000000,0.0000000000000000,1.0000000000000000
