O Idle_1
A Idle_1_Idle_1
M 1.0000000000000000,0.0000000000000000,0.0000000000000000,0.0000000000000000,0.0000000000000000,1.0000000000000000,-0.0000000437113883,0.0000000023593094,-0.0000000000000000,0.0000000437113883,1.0000000000000000,-0.0000000011191901,0.0000000000000000,0.0000000000000000,0.0000000000000000,1.0000000000000000
M 0.9999998807907104,0.0005294529255480,-0.0000000000231431,-0.0006452670204453,-0.0005294529255480,0.9999998807907104,-0.0000000437113918,0.0000166669724422,-0.0000000000000000,0.0000000437113883,1.0000000000000000,-0.0000000011191901,0.0000000000000000,0.0000000000000000,0.0000000000000000,1.0000000000000000
M 0.9999977946281433,0.0021058788988739,-0.0000000000920509,-0.0025664709974080,-0.0021058788988739,0.9999977946281433,-0.0000000437112995,0.0000685528866597,-0.0000000000000000,0.0000000437113883,1.0000000000000000,-0.0000000011191901,0.0000000000000000,0.0000000000000000,0.0000000000000000,1.0000000000000000
M 0.9999889135360718,0.0047113681212068,-0.0000000002059405,-0.0057416334748268,-0.0047113681212068,0.9999889135360718,-0.0000000437109051,0.0001607032609172,-0.0000000000000000,0.0000000437113883,1.0000000000000000,-0.0000000011191901,0.0000000000000000,0.0000000000000000,0.0000000000000000,1.0000000000000000
M 0.9999653100967407,0.0083279749378562,-0.0000000003640273,-0.0101486351341009,-0.0083279749378562,0.9999653100967407,-0.0000000437098713,0.0003025708720088,-0.0000000000000000,0.0000000437113883,1.0000000000000000,-0.0000000011191901,0.0000000000000000,0.0000000000000000,0.0000000000000000,1.0000000000000000
M 0.9999163150787354,0.0129376789554954,-0.0000000005655238,-0.0157651808112860,-0.0129376789554954,0.9999163150787354,-0.0000000437077361,0.0005063479766250,-0.0000000000000000,0.0000000437113883,1.0000000000000000,-0.0000000011191901,0.0000000000000000,0.0000000000000000,0.0000000000000000,1.0000000000000000
M 0.9998284578323364,0.0185223352164030,-0.0000000008096370,-0.0225687362253666,-0.0185223352164030,0.9998284578323364,-0.0000000437038885,0.0007879184558988,-0.0000000000000000,0.0000000437113883,1.0000000000000000,-0.0000000011191901,0.0000000000000000,0.0000000000000000,0.0000000000000000,1.0000000000000000
M 0.9996858835220337,0.0250636152923107,-0.0000000010955654,-0.0305364653468132,-0.0250636152923107,0.9996858835220337,-0.0000000436976570,0.0011660213349387,-0.0000000000000000,0.0000000437113883,1.0000000000000000,-0.0000000011191901,0.0000000000000000,0.0000000000000000,0.0000000000000000,1.0000000000000000
M 0.9994703531265259,0.0325429290533066,-0.0000000014224966,-0.0396451428532600,-0.0325429290533066,0.9994703531265259,-0.0000000436882353,0.0016624871641397,-0.0000000000000000,0.0000000437113883,1.0000000000000000,-0.0000000011191901,0.0000000000000000,0.0000000000000000,0.0000000000000000,1.0000000000000000
M 0.9991615414619446,0.0409413650631905,-0.0000000017896039,-0.0498710833489895,-0.0409413650631905,0.9991615414619446,-0.0000000436747385,0.0023012820165604,-0.0000000000000000,0.0000000437113883,1.0000000000000000,-0.0000000011191901,0.0000000000000000,0.0000000000000000,0.0000000000000000,1.0000000000000000
M 0.9987372159957886,0.0502395853400230,-0.0000000021960420,-0.0611900314688683,-0.0502395853400230,0.9987372159957886,-0.0000000436561898,0.0031089812982827,-0.0000000000000000,0.0000000437113883,1.0000000000000000,-0.0000000011191901,0.0000000000000000,0.0000000000000000,0.0000000000000000,1.0000000000000000
M 0.9981731772422791,0.0604177638888359,-0.0000000026409444,-0.0735770612955093,-0.0604177638888359,0.9981731772422791,-0.0000000436315339,0.0041145295836031,-0.0000000000000000,0.0000000437113883,1.0000000000000000,-0.0000000011191901,0.0000000000000000,0.0000000000000000,0.0000000000000000,1.0000000000000000
M 0.9974437952041626,0.0714554712176323,-0.0000000031234177,-0.0870064720511436,-0.0714554712176323,0.9974437952041626,-0.0000000435996519,0.0053484016098082,-0.0000000000000000,0.0000000437113883,1.0000000000000000,-0.0000000011191901,0.0000000000000000,0.0000000000000000,0.0000000000000000,1.0000000000000000
M 0.9965218901634216,0.0833316072821617,-0.0000000036425407,-0.1014517098665237,-0.0833316072821617,0.9965218901634216,-0.0000000435593641,0.0068430784158409,-0.0000000000000000,0.0000000437113883,1.0000000000000000,-0.0000000011191901,0.0000000000000000,0.0000000000000000,0.0000000000000000,1.0000000000000000
M 0.9953789710998535,0.0960243269801140,-0.0000000041973567,-0.1168852448463440,-0.0960243269801140,0.9953789710998535,-0.0000000435093952,0.0086326859891415,-0.0000000000000000,0.0000000437113883,1.0000000000000000,-0.0000000011191901,0.0000000000000000,0.0000000000000000,0.0000000000000000,1.0000000000000000
M 0.9939855933189392,0.1095109134912491,-0.0000000047868740,-0.1332784742116928,-0.1095109134912491,0.9939855933189392,-0.0000000434484981,0.0107522783800960,-0.0000000000000000,0.0000000437113883,1.0000000000000000,-0.0000000011191901,0.0000000000000000,0.0000000000000000,0.0000000000000000,1.0000000000000000
M 0.9923112392425537,0.1237676888704300,-0.0000000054100582,-0.1506015956401825,-0.1237676888704300,0.9923112392425537,-0.0000000433753016,0.0132384272292256,-0.0000000000000000,0.0000000437113883,1.0000000000000000,-0.0000000011191901,0.0000000000000000,0.0000000000000000,0.0000000000000000,1.0000000000000000
M 0.9903246164321899,0.1387699842453003,-0.0000000060658296,-0.1688235551118851,-0.1387699842453003,0.9903246164321899,-0.0000000432884626,0.0161283891648054,-0.0000000000000000,0.0000000437113883,1.0000000000000000,-0.0000000011191901,0.0000000000000000,0.0000000000000000,0.0000000000000000,1.0000000000000000
M 0.9879940152168274,0.1544920504093170,-0.0000000067530621,-0.1879120022058487,-0.1544920504093170,0.9879940152168274,-0.0000000431865885,0.0194602236151695,-0.0000000000000000,0.0000000437113883,1.0000000000000000,-0.0000000011191901,0.0000000000000000,0.0000000000000000,0.0000000000000000,1.0000000000000000
M 0.9852871894836426,0.1709069162607193,-0.0000000074705788,-0.2078330218791962,-0.1709069162607193,0.9852871894836426,-0.0000000430682796,0.0232720654457808,-0.0000000000000000,0.0000000437113883,1.0000000000000000,-0.0000000011191901,0.0000000000000000,0.0000000000000000,0.0000000000000000,1.0000000000000000
M 0.9821715950965881,0.1879864484071732,-0.0000000082171496,-0.2285513430833817,-0.1879864484071732,0.9821715950965881,-0.0000000429320828,0.0276029743254185,-0.0000000000000000,0.0000000437113883,1.0000000000000000,-0.0000000011191901,0.0000000000000000,0.0000000000000000,0.0000000000000000,1.0000000000000000
M 0.9786148667335510,0.2057011723518372,-0.0000000089914858,-0.2500300109386444,-0.2057011723518372,0.9786148667335510,-0.0000000427766231,0.0324912481009960,-0.0000000000000000,0.0000000437113883,1.0000000000000000,-0.0000000011191901,0.0000000000000000,0.0000000000000000,0.0000000000000000,1.0000000000000000
M 0.9745844602584839,0.2240203320980072,-0.0000000097922399,-0.2722305357456207,-0.2240203320980072,0.9745844602584839,-0.0000000426004405,0.0379758588969707,-0.0000000000000000,0.0000000437113883,1.0000000000000000,-0.0000000011191901,0.0000000000000000,0.0000000000000000,0.0000000000000000,1.0000000000000000
M 0.9700483679771423,0.2429117262363434,-0.0000000106180087,-0.2951126694679260,-0.2429117262363434,0.9700483679771423,-0.0000000424021600,0.0440945476293564,-0.0000000000000000,0.0000000437113883,1.0000000000000000,-0.0000000011191901,0.0000000000000000,0.0000000000000000,0.0000000000000000,1.0000000000000000
M 0.9649749994277954,0.2623418867588043,-0.0000000114673284,-0.3186346590518951,-0.2623418867588043,0.9649749994277954,-0.0000000421803961,0.0508848875761032,-0.0000000000000000,0.0000000437113883,1.0000000000000000,-0.0000000011191901,0.0000000000000000,0.0000000000000000,0.0000000000000000,1.0000000000000000
M 0.9593333005905151,0.2822757959365845,-0.0000000123386670,-0.3427527844905853,-0.2822757959365845,0.9593333005905151,-0.0000000419337987,0.0583836957812309,-0.0000000000000000,0.0000000437113883,1.0000000000000000,-0.0000000011191901,0.0000000000000000,0.0000000000000000,0.0000000000000000,1.0000000000000000
M 0.9530931711196899,0.3026771247386932,-0.0000000132304390,-0.3674219250679016,-0.3026771247386932,0.9530931711196899,-0.0000000416610249,0.0666263103485107,-0.0000000000000000,0.0000000437113883,1.0000000000000000,-0.0000000011191901,0.0000000000000000,0.0000000000000000,0.0000000000000000,1.0000000000000000
M 0.9462254047393799,0.3235080242156982,-0.0000000141409853,-0.3925949335098267,-0.3235080242156982,0.9462254047393799,-0.0000000413608277,0.0756474360823631,-0.0000000000000000,0.0000000437113883,1.0000000000000000,-0.0000000011191901,0.0000000000000000,0.0000000000000000,0.0000000000000000,1.0000000000000000
M 0.9387021064758301,0.3447294235229492,-0.0000000150686024,-0.4182234108448029,-0.3447294235229492,0.9387021064758301,-0.0000000410319707,0.0854795873165131,-0.0000000000000000,0.0000000437113883,1.0000000000000000,-0.0000000011191901,0.0000000000000000,0.0000000000000000,0.0000000000000000,1.0000000000000000
M 0.9304965734481812,0.3663006126880646,-0.0000000160115086,-0.4442568719387054,-0.3663006126880646,0.9304965734481812,-0.0000000406732958,0.0961541533470154,-0.0000000000000000,0.0000000437113883,1.0000000000000000,-0.0000000011191901,0.0000000000000000,0.0000000000000000,0.0000000000000000,1.0000000000000000
M 0.9215836524963379,0.3881797790527344,-0.0000000169678760,-0.4706435799598694,-0.3881797790527344,0.9215836524963379,-0.0000000402837017,0.1077005863189697,-0.0000000000000000,0.0000000437113883,1.0000000000000000,-0.0000000011191901,0.0000000000000000,0.0000000000000000,0.0000000000000000,1.0000000000000000
M 0.9119398593902588,0.4103238880634308,-0.0000000179358306,-0.4973303675651550,-0.4103238880634308,0.9119398593902588,-0.0000000398621580,0.1201459094882011,-0.0000000000000000,0.0000000437113883,1.0000000000000000,-0.0000000011191901,0.0000000000000000,0.0000000000000000,0.0000000000000000,1.0000000000000000
M 0.9015434980392456,0.4326885044574738,-0.0000000189134184,-0.5242623090744019,-0.4326885044574738,0.9015434980392456,-0.0000000394077233,0.1335153281688690,-0.0000000000000000,0.0000000437113883,1.0000000000000000,-0.0000000011191901,0.0000000000000000,0.0000000000000000,0.0000000000000000,1.0000000000000000
M 0.8903748393058777,0.4552281498908997,-0.0000000198986552,-0.5513835549354553,-0.4552281498908997,0.8903748393058777,-0.0000000389195201,0.1478316038846970,-0.0000000000000000,0.0000000437113883,1.0000000000000000,-0.0000000011191901,0.0000000000000000,0.0000000000000000,0.0000000000000000,1.0000000000000000
M 0.8784161806106567,0.4778964519500732,-0.0000000208895212,-0.5786368250846863,-0.4778964519500732,0.8784161806106567,-0.0000000383967915,0.1631145179271698,-0.0000000000000000,0.0000000437113883,1.0000000000000000,-0.0000000011191901,0.0000000000000000,0.0000000000000000,0.0000000000000000,1.0000000000000000
M 0.8656521439552307,0.5006459951400757,-0.0000000218839311,-0.6059639453887939,-0.5006459951400757,0.8656521439552307,-0.0000000378388556,0.1793816536664963,-0.0000000000000000,0.0000000437113883,1.0000000000000000,-0.0000000011191901,0.0000000000000000,0.0000000000000000,0.0000000000000000,1.0000000000000000
M 0.8520696163177490,0.5234284996986389,-0.0000000228797905,-0.6333056688308716,-0.5234284996986389,0.8520696163177490,-0.0000000372451474,0.1966472417116165,-0.0000000000000000,0.0000000437113883,1.0000000000000000,-0.0000000011191901,0.0000000000000000,0.0000000000000000,0.0000000000000000,1.0000000000000000
M 0.8376580476760864,0.5461950302124023,-0.0000000238749429,-0.6606019735336304,-0.5461950302124023,0.8376580476760864,-0.0000000366151944,0.2149228751659393,-0.0000000000000000,0.0000000437113883,1.0000000000000000,-0.0000000011191901,0.0000000000000000,0.0000000000000000,0.0000000000000000,1.0000000000000000
M 0.8224092721939087,0.5688962936401367,-0.0000000248672460,-0.6877925992012024,-0.5688962936401367,0.8224092721939087,-0.0000000359486521,0.2342166602611542,-0.0000000000000000,0.0000000437113883,1.0000000000000000,-0.0000000011191901,0.0000000000000000,0.0000000000000000,0.0000000000000000,1.0000000000000000
M 0.8063179254531860,0.5914824008941650,-0.0000000258545167,-0.7148166298866272,-0.5914824008941650,0.8063179254531860,-0.0000000352452751,0.2545338273048401,-0.0000000000000000,0.0000000437113883,1.0000000000000000,-0.0000000011191901,0.0000000000000000,0.0000000000000000,0.0000000000000000,1.0000000000000000
M 0.7893812656402588,0.6139032840728760,-0.0000000268345612,-0.7416127920150757,-0.6139032840728760,0.7893812656402588,-0.0000000345049536,0.2758760452270508,-0.0000000000000000,0.0000000437113883,1.0000000000000000,-0.0000000011191901,0.0000000000000000,0.0000000000000000,0.0000000000000000,1.0000000000000000
M 0.7715994119644165,0.6361087560653687,-0.0000000278051964,-0.7681199908256531,-0.6361087560653687,0.7715994119644165,-0.0000000337276838,0.2982416152954102,-0.0000000000000000,0.0000000437113883,1.0000000000000000,-0.0000000011191901,0.0000000000000000,0.0000000000000000,0.0000000000000000,1.0000000000000000
M 0.7529752850532532,0.6580488085746765,-0.0000000287642266,-0.7942774891853333,-0.6580488085746765,0.7529752850532532,-0.0000000329135972,0.3216254115104675,-0.0000000000000000,0.0000000437113883,1.0000000000000000,-0.0000000011191901,0.0000000000000000,0.0000000000000000,0.0000000000000000,1.0000000000000000
M 0.7335146665573120,0.6796736121177673,-0.0000000297094811,-0.8200245499610901,-0.6796736121177673,0.7335146665573120,-0.0000000320629425,0.3460187613964081,-0.0000000000000000,0.0000000437113883,1.0000000000000000,-0.0000000011191901,0.0000000000000000,0.0000000000000000,0.0000000000000000,1.0000000000000000
M 0.7132263183593750,0.7009338736534119,-0.0000000306387946,-0.8453015089035034,-0.7009338736534119,0.7132263183593750,-0.0000000311761141,0.3714095950126648,-0.0000000000000000,0.0000000437113883,1.0000000000000000,-0.0000000011191901,0.0000000000000000,0.0000000000000000,0.0000000000000000,1.0000000000000000
M 0.6921218037605286,0.7217807173728943,-0.0000000315500372,-0.8700490593910217,-0.7217807173728943,0.6921218037605286,-0.0000000302536058,0.3977822065353394,-0.0000000000000000,0.0000000437113883,1.0000000000000000,-0.0000000011191901,0.0000000000000000,0.0000000000000000,0.0000000000000000,1.0000000000000000
M 0.6702157258987427,0.7421663403511047,-0.0000000324411218,-0.8942094445228577,-0.7421663403511047,0.6702157258987427,-0.0000000292960607,0.4251173138618469,-0.0000000000000000,0.0000000437113883,1.0000000000000000,-0.0000000011191901,0.0000000000000000,0.0000000000000000,0.0000000000000000,1.0000000000000000
M 0.6475251913070679,0.7620440721511841,-0.0000000333100054,-0.9177263975143433,-0.7620440721511841,0.6475251913070679,-0.0000000283042283,0.4533925354480743,-0.0000000000000000,0.0000000437113883,1.0000000000000000,-0.0000000011191901,0.0000000000000000,0.0000000000000000,0.0000000000000000,1.0000000000000000
M 0.6240708231925964,0.7813677787780762,-0.0000000341546702,-0.9405441880226135,-0.7813677787780762,0.6240708231925964,-0.0000000272790057,0.4825814366340637,-0.0000000000000000,0.0000000437113883,1.0000000000000000,-0.0000000011191901,0.0000000000000000,0.0000000000000000,0.0000000000000000,1.0000000000000000
M 0.5998754501342773,0.8000934123992920,-0.0000000349732012,-0.9626099467277527,-0.8000934123992920,0.5998754501342773,-0.0000000262213895,0.5126547217369080,-0.0000000000000000,0.0000000437113883,1.0000000000000000,-0.0000000011191901,0.0000000000000000,0.0000000000000000,0.0000000000000000,1.0000000000000000
M 0.5749646425247192,0.8181782364845276,-0.0000000357637049,-0.9838723540306091,-0.8181782364845276,0.5749646425247192,-0.0000000251325023,0.5435799360275269,-0.0000000000000000,0.0000000437113883,1.0000000000000000,-0.0000000011191901,0.0000000000000000,0.0000000000000000,0.0000000000000000,1.0000000000000000
M 0.5493670701980591,0.8355811238288879,-0.0000000365244119,-1.0042822360992432,-0.8355811238288879,0.5493670701980591,-0.0000000240135964,0.5753207802772522,-0.0000000000000000,0.0000000437113883,1.0000000000000000,-0.0000000011191901,0.0000000000000000,0.0000000000000000,0.0000000000000000,1.0000000000000000
M 0.5231136083602905,0.8522629737854004,-0.0000000372535993,-1.0237927436828613,-0.8522629737854004,0.5231136083602905,-0.0000000228660220,0.6078385114669800,-0.0000000000000000,0.0000000437113883,1.0000000000000000,-0.0000000011191901,0.0000000000000000,0.0000000000000000,0.0000000000000000,1.0000000000000000
M 0.4962373077869415,0.8681869506835938,-0.0000000379496647,-1.0423603057861328,-0.8681869506835938,0.4962373077869415,-0.0000000216912213,0.6410916447639465,-0.0000000000000000,0.0000000437113883,1.0000000000000000,-0.0000000011191901,0.0000000000000000,0.0000000000000000,0.0000000000000000,1.0000000000000000
M 0.4687741398811340,0.8833180665969849,-0.0000000386110663,-1.0599430799484253,-0.8833180665969849,0.4687741398811340,-0.0000000204907682,0.6750351786613464,-0.0000000000000000,0.0000000437113883,1.0000000000000000,-0.0000000011191901,0.0000000000000000,0.0000000000000000,0.0000000000000000,1.0000000000000000
M 0.4407615959644318,0.8976241946220398,-0.0000000392364008,-1.0765032768249512,-0.8976241946220398,0.4407615959644318,-0.0000000192663006,0.7096225619316101,-0.0000000000000000,0.0000000437113883,1.0000000000000000,-0.0000000011191901,0.0000000000000000,0.0000000000000000,0.0000000000000000,1.0000000000000000
M 0.4122396707534790,0.9110754132270813,-0.0000000398243714,-1.0920056104660034,-0.9110754132270813,0.4122396707534790,-0.0000000180195681,0.7448040246963501,-0.0000000000000000,0.0000000437113883,1.0000000000000000,-0.0000000011191901,0.0000000000000000,0.0000000000000000,0.0000000000000000,1.0000000000000000
M 0.3832498788833618,0.9236447215080261,-0.0000000403737985,-1.1064186096191406,-0.9236447215080261,0.3832498788833618,-0.0000000167523844,0.7805281281471252,-0.0000000000000000,0.0000000437113883,1.0000000000000000,-0.0000000011191901,0.0000000000000000,0.0000000000000000,0.0000000000000000,1.0000000000000000
M 0.3538356721401215,0.9353076219558716,-0.0000000408836023,-1.1197135448455811,-0.9353076219558716,0.3538356721401215,-0.0000000154666502,0.8167411684989929,-0.0000000000000000,0.0000000437113883,1.0000000000000000,-0.0000000011191901,0.0000000000000000,0.0000000000000000,0.0000000000000000,1.0000000000000000
M 0.3240419030189514,0.9460427165031433,-0.0000000413528412,-1.1318658590316772,-0.9460427165031433,0.3240419030189514,-0.0000000141643230,0.8533877730369568,-0.0000000000000000,0.0000000437113883,1.0000000000000000,-0.0000000011191901,0.0000000000000000,0.0000000000000000,0.0000000000000000,1.0000000000000000
M 0.2939144968986511,0.9558317065238953,-0.0000000417807300,-1.1428546905517578,-0.9558317065238953,0.2939144968986511,-0.0000000128474129,0.8904114365577698,-0.0000000000000000,0.0000000437113883,1.0000000000000000,-0.0000000011191901,0.0000000000000000,0.0000000000000000,0.0000000000000000,1.0000000000000000
M 0.2635006606578827,0.9646592140197754,-0.0000000421666009,-1.1526627540588379,-0.9646592140197754,0.2635006606578827,-0.0000000115179795,0.9277541637420654,-0.0000000000000000,0.0000000437113883,1.0000000000000000,-0.0000000011191901,0.0000000000000000,0.0000000000000000,0.0000000000000000,1.0000000000000000
M 0.2328488677740097,0.9725129604339600,-0.0000000425098996,-1.1612766981124878,-0.9725129604339600,0.2328488677740097,-0.0000000101781472,0.9653564691543579,-0.0000000000000000,0.0000000437113883,1.0000000000000000,-0.0000000011191901,0.0000000000000000,0.0000000000000000,0.0000000000000000,1.0000000000000000
M 0.2020076066255569,0.9793839454650879,-0.0000000428102318,-1.1686868667602539,-0.9793839454650879,0.2020076066255569,-0.0000000088300327,1.0031589269638062,-0.0000000000000000,0.0000000437113883,1.0000000000000000,-0.0000000011191901,0.0000000000000000,0.0000000000000000,0.0000000000000000,1.0000000000000000
M 0.1710264533758163,0.9852664470672607,-0.0000000430673630,-1.1748881340026855,-0.9852664470672607,0.1710264533758163,-0.0000000074758040,1.0411010980606079,-0.0000000000000000,0.0000000437113883,1.0000000000000000,-0.0000000011191901,0.0000000000000000,0.0000000000000000,0.0000000000000000,1.0000000000000000
M 0.1399547755718231,0.9901579022407532,-0.0000000432811760,-1.1798784732818604,-0.9901579022407532,0.1399547755718231,-0.0000000061176175,1.0791225433349609,-0.0000000000000000,0.0000000437113883,1.0000000000000000,-0.0000000011191901,0.0000000000000000,0.0000000000000000,0.0000000000000000,1.0000000000000000
M 0.1088428720831871,0.9940589666366577,-0.0000000434516991,-1.1836606264114380,-0.9940589666366577,0.1088428720831871,-0.0000000047576729,1.1171621084213257,-0.0000000000000000,0.0000000437113883,1.0000000000000000,-0.0000000011191901,0.0000000000000000,0.0000000000000000,0.0000000000000000,1.0000000000000000
M 0.0777394771575928,0.9969736933708191,-0.0000000435791030,-1.1862410306930542,-0.9969736933708191,0.0777394771575928,-0.0000000033981005,1.1551604270935059,-0.0000000000000000,0.0000000437113883,1.0000000000000000,-0.0000000011191901,0.0000000000000000,0.0000000000000000,0.0000000000000000,1.0000000000000000
M 0.0466947741806507,0.9989091753959656,-0.0000000436637073,-1.1876298189163208,-0.9989091753959656,0.0466947741806507,-0.0000000020410935,1.1930567026138306,-0.0000000000000000,0.0000000437113883,1.0000000000000000,-0.0000000011191901,0.0000000000000000,0.0000000000000000,0.0000000000000000,1.0000000000000000
M 0.0157567448914051,0.9998758435249329,-0.0000000437059597,-1.1878411769866943,-0.9998758435249329,0.0157567448914051,-0.0000000006887492,1.2307926416397095,-0.0000000000000000,0.0000000437113883,1.0000000000000000,-0.0000000011191901,0.0000000000000000,0.0000000000000000,0.0000000000000000,1.0000000000000000
M -0.0150265246629715,0.9998871088027954,-0.0000000437064536,-1.1868928670883179,-0.9998871088027954,-0.0150265246629715,0.0000000006568303,1.2683100700378418,-0.0000000000000000,0.0000000437113883,1.0000000000000000,-0.0000000011191901,0.0000000000000000,0.0000000000000000,0.0000000000000000,1.0000000000000000
M -0.0456076413393021,0.9989594221115112,-0.0000000436659029,-1.1848065853118896,-0.9989594221115112,-0.0456076413393021,0.0000000019935735,1.3055517673492432,-0.0000000000000000,0.0000000437113883,1.0000000000000000,-0.0000000011191901,0.0000000000000000,0.0000000000000000,0.0000000000000000,1.0000000000000000
M -0.0759409070014954,0.9971123337745667,-0.0000000435851639,-1.1816076040267944,-0.9971123337745667,-0.0759409070014954,0.0000000033194829,1.3424627780914307,-0.0000000000000000,0.0000000437113883,1.0000000000000000,-0.0000000011191901,0.0000000000000000,0.0000000000000000,0.0000000000000000,1.0000000000000000
M -0.1059816628694534,0.9943680763244629,-0.0000000434652172,-1.1773241758346558,-0.9943680763244629,-0.1059816628694534,0.0000000046326063,1.3789891004562378,-0.0000000000000000,0.0000000437113883,1.0000000000000000,-0.0000000011191901,0.0000000000000000,0.0000000000000000,0.0000000000000000,1.0000000000000000
M -0.1356864571571350,0.9907518029212952,-0.0000000433071357,-1.1719886064529419,-0.9907518029212952,-0.1356864571571350,0.0000000059310432,1.4150788784027100,-0.0000000000000000,0.0000000437113883,1.0000000000000000,-0.0000000011191901,0.0000000000000000,0.0000000000000000,0.0000000000000000,1.0000000000000000
M -0.1650138050317764,0.9862912297248840,-0.0000000431121592,-1.1656358242034912,-0.9862912297248840,-0.1650138050317764,0.0000000072129835,1.4506821632385254,-0.0000000000000000,0.0000000437113883,1.0000000000000000,-0.0000000011191901,0.0000000000000000,0.0000000000000000,0.0000000000000000,1.0000000000000000
M -0.1939238011837006,0.9810165762901306,-0.0000000428815952,-1.1583038568496704,-0.9810165762901306,-0.1939238011837006,0.0000000084766780,1.4857513904571533,-0.0000000000000000,0.0000000437113883,1.0000000000000000,-0.0000000011191901,0.0000000000000000,0.0000000000000000,0.0000000000000000,1.0000000000000000
M -0.2223785817623138,0.9749603867530823,-0.0000000426168718,-1.1500337123870850,-0.9749603867530823,-0.2223785817623138,0.0000000097204769,1.5202413797378540,-0.0000000000000000,0.0000000437113883,1.0000000000000000,-0.0000000011191901,0.0000000000000000,0.0000000000000000,0.0000000000000000,1.0000000000000000
M -0.2503417134284973,0.9681575298309326,-0.0000000423195097,-1.1408687829971313,-0.9681575298309326,-0.2503417134284973,0.0000000109427818,1.5541088581085205,-0.0000000000000000,0.0000000437113883,1.0000000000000000,-0.0000000011191901,0.0000000000000000,0.0000000000000000,0.0000000000000000,1.0000000000000000
M -0.2777797579765320,0.9606447815895081,-0.0000000419911252,-1.1308552026748657,-0.9606447815895081,-0.2777797579765320,0.0000000121421371,1.5873142480850220,-0.0000000000000000,0.0000000437113883,1.0000000000000000,-0.0000000011191901,0.0000000000000000,0.0000000000000000,0.0000000000000000,1.0000000000000000
M -0.3046603500843048,0.9524610638618469,-0.0000000416334025,-1.1200412511825562,-0.9524610638618469,-0.3046603500843048,0.0000000133171270,1.6198191642761230,-0.0000000000000000,0.0000000437113883,1.0000000000000000,-0.0000000011191901,0.0000000000000000,0.0000000000000000,0.0000000000000000,1.0000000000000000
M -0.3309543728828430,0.9436467289924622,-0.0000000412481072,-1.1084771156311035,-0.9436467289924622,-0.3309543728828430,0.0000000144664769,1.6515896320343018,-0.0000000000000000,0.0000000437113883,1.0000000000000000,-0.0000000011191901,0.0000000000000000,0.0000000000000000,0.0000000000000000,1.0000000000000000
M -0.3566344082355499,0.9342440366744995,-0.0000000408371115,-1.0962150096893311,-0.9342440366744995,-0.3566344082355499,0.0000000155889861,1.6825933456420898,-0.0000000000000000,0.0000000437113883,1.0000000000000000,-0.0000000011191901,0.0000000000000000,0.0000000000000000,0.0000000000000000,1.0000000000000000
M -0.3816756606101990,0.9242963194847107,-0.0000000404022771,-1.0833088159561157,-0.9242963194847107,-0.3816756606101990,0.0000000166835736,1.7128014564514160,-0.0000000000000000,0.0000000437113883,1.0000000000000000,-0.0000000011191901,0.0000000000000000,0.0000000000000000,0.0000000000000000,1.0000000000000000
M -0.4060552716255188,0.9138485193252563,-0.0000000399455864,-1.0698136091232300,-0.9138485193252563,-0.4060552716255188,0.0000000177492403,1.7421876192092896,-0.0000000000000000,0.0000000437113883,1.0000000000000000,-0.0000000011191901,0.0000000000000000,0.0000000000000000,0.0000000000000000,1.0000000000000000
M -0.4297534823417664,0.9029462337493896,-0.0000000394690325,-1.0557860136032104,-0.9029462337493896,-0.4297534823417664,0.0000000187851210,1.7707290649414062,-0.0000000000000000,0.0000000437113883,1.0000000000000000,-0.0000000011191901,0.0000000000000000,0.0000000000000000,0.0000000000000000,1.0000000000000000
M -0.4527523219585419,0.8916363120079041,-0.0000000389746617,-1.0412832498550415,-0.8916363120079041,-0.4527523219585419,0.0000000197904324,1.7984055280685425,-0.0000000000000000,0.0000000437113883,1.0000000000000000,-0.0000000011191901,0.0000000000000000,0.0000000000000000,0.0000000000000000,1.0000000000000000
M -0.4750363230705261,0.8799661993980408,-0.0000000384645524,-1.0263639688491821,-0.8799661993980408,-0.4750363230705261,0.0000000207645012,1.8251994848251343,-0.0000000000000000,0.0000000437113883,1.0000000000000000,-0.0000000011191901,0.0000000000000000,0.0000000000000000,0.0000000000000000,1.0000000000000000
M -0.4965928494930267,0.8679835796356201,-0.0000000379407687,-1.0110864639282227,-0.8679835796356201,-0.4965928494930267,0.0000000217067626,1.8510969877243042,-0.0000000000000000,0.0000000437113883,1.0000000000000000,-0.0000000011191901,0.0000000000000000,0.0000000000000000,0.0000000000000000,1.0000000000000000
M -0.5174105763435364,0.8557372689247131,-0.0000000374054636,-0.9955106973648071,-0.8557372689247131,-0.5174105763435364,0.0000000226167352,1.8760858774185181,-0.0000000000000000,0.0000000437113883,1.0000000000000000,-0.0000000011191901,0.0000000000000000,0.0000000000000000,0.0000000000000000,1.0000000000000000
M -0.5374818444252014,0.8432753682136536,-0.0000000368607367,-0.9796956181526184,-0.8432753682136536,-0.5374818444252014,0.0000000234940813,1.9001584053039551,-0.0000000000000000,0.0000000437113883,1.0000000000000000,-0.0000000011191901,0.0000000000000000,0.0000000000000000,0.0000000000000000,1.0000000000000000
M -0.5567996501922607,0.8306468129158020,-0.0000000363087267,-0.9637008309364319,-0.8306468129158020,-0.5567996501922607,0.0000000243384850,1.9233072996139526,-0.0000000000000000,0.0000000437113883,1.0000000000000000,-0.0000000011191901,0.0000000000000000,0.0000000000000000,0.0000000000000000,1.0000000000000000
M -0.5753591656684875,0.8179008364677429,-0.0000000357515795,-0.9475866556167603,-0.8179008364677429,-0.5753591656684875,0.0000000251497472,1.9455283880233765,-0.0000000000000000,0.0000000437113883,1.0000000000000000,-0.0000000011191901,0.0000000000000000,0.0000000000000000,0.0000000000000000,1.0000000000000000
M -0.5931597948074341,0.8050847649574280,-0.0000000351913805,-0.9314107894897461,-0.8050847649574280,-0.5931597948074341,0.0000000259278377,1.9668223857879639,-0.0000000000000000,0.0000000437113883,1.0000000000000000,-0.0000000011191901,0.0000000000000000,0.0000000000000000,0.0000000000000000,1.0000000000000000
M -0.6101996898651123,0.7922476530075073,-0.0000000346302436,-0.9152331352233887,-0.7922476530075073,-0.6101996898651123,0.0000000266726747,1.9871885776519775,-0.0000000000000000,0.0000000437113883,1.0000000000000000,-0.0000000011191901,0.0000000000000000,0.0000000000000000,0.0000000000000000,1.0000000000000000
M -0.6264806985855103,0.7794369459152222,-0.0000000340702719,-0.8991112709045410,-0.7794369459152222,-0.6264806985855103,0.0000000273843419,2.0066306591033936,-0.0000000000000000,0.0000000437113883,1.0000000000000000,-0.0000000011191901,0.0000000000000000,0.0000000000000000,0.0000000000000000,1.0000000000000000
M -0.6420058012008667,0.7666997909545898,-0.0000000335135120,-0.8831026554107666,-0.7666997909545898,-0.6420058012008667,0.0000000280629688,2.0251538753509521,-0.0000000000000000,0.0000000437113883,1.0000000000000000,-0.0000000011191901,0.0000000000000000,0.0000000000000000,0.0000000000000000,1.0000000000000000
M -0.6567797064781189,0.7540825009346008,-0.0000000329619922,-0.8672636747360229,-0.7540825009346008,-0.6567797064781189,0.0000000287087527,2.0427653789520264,-0.0000000000000000,0.0000000437113883,1.0000000000000000,-0.0000000011191901,0.0000000000000000,0.0000000000000000,0.0000000000000000,1.0000000000000000
M -0.6708078980445862,0.7416311502456665,-0.0000000324177272,-0.8516501784324646,-0.7416311502456665,-0.6708078980445862,0.0000000293219440,2.0594730377197266,-0.0000000000000000,0.0000000437113883,1.0000000000000000,-0.0000000011191901,0.0000000000000000,0.0000000000000000,0.0000000000000000,1.0000000000000000
M -0.6840980648994446,0.7293900847434998,-0.0000000318826565,-0.8363161087036133,-0.7293900847434998,-0.6840980648994446,0.0000000299028784,2.0752880573272705,-0.0000000000000000,0.0000000437113883,1.0000000000000000,-0.0000000011191901,0.0000000000000000,0.0000000000000000,0.0000000000000000,1.0000000000000000
M -0.6966577172279358,0.7174036502838135,-0.0000000313587094,-0.8213151693344116,-0.7174036502838135,-0.6966577172279358,0.0000000304518757,2.0902204513549805,-0.0000000000000000,0.0000000437113883,1.0000000000000000,-0.0000000011191901,0.0000000000000000,0.0000000000000000,0.0000000000000000,1.0000000000000000
M -0.7084960937500000,0.7057147622108459,-0.0000000308477759,-0.8066993355751038,-0.7057147622108459,-0.7084960937500000,0.0000000309693498,2.1042830944061279,-0.0000000000000000,0.0000000437113883,1.0000000000000000,-0.0000000011191901,0.0000000000000000,0.0000000000000000,0.0000000000000000,1.0000000000000000
M -0.7196227312088013,0.6943652629852295,-0.0000000303516678,-0.7925194501876831,-0.6943652629852295,-0.7196227312088013,0.0000000314557091,2.1174890995025635,-0.0000000000000000,0.0000000437113883,1.0000000000000000,-0.0000000011191901,0.0000000000000000,0.0000000000000000,0.0000000000000000,1.0000000000000000
M -0.7300478219985962,0.6833960413932800,-0.0000000298721901,-0.7788249254226685,-0.6833960413932800,-0.7300478219985962,0.0000000319114015,2.1298518180847168,-0.0000000000000000,0.0000000437113883,1.0000000000000000,-0.0000000011191901,0.0000000000000000,0.0000000000000000,0.0000000000000000,1.0000000000000000
M -0.7397823929786682,0.6728461980819702,-0.0000000294110443,-0.7656630873680115,-0.6728461980819702,-0.7397823929786682,0.0000000323369171,2.1413862705230713,-0.0000000000000000,0.0000000437113883,1.0000000000000000,-0.0000000011191901,0.0000000000000000,0.0000000000000000,0.0000000000000000,1.0000000000000000
M -0.7488368153572083,0.6627544164657593,-0.0000000289699198,-0.7530807852745056,-0.6627544164657593,-0.7488368153572083,0.0000000327326966,2.1521060466766357,-0.0000000000000000,0.0000000437113883,1.0000000000000000,-0.0000000011191901,0.0000000000000000,0.0000000000000000,0.0000000000000000,1.0000000000000000
M -0.7572223544120789,0.6531571745872498,-0.0000000285504100,-0.7411220669746399,-0.6531571745872498,-0.7572223544120789,0.0000000330992407,2.1620259284973145,-0.0000000000000000,0.0000000437113883,1.0000000000000000,-0.0000000011191901,0.0000000000000000,0.0000000000000000,0.0000000000000000,1.0000000000000000
M -0.7649486660957336,0.6440912485122681,-0.0000000281541226,-0.7298315763473511,-0.6440912485122681,-0.7649486660957336,0.0000000334369723,2.1711590290069580,-0.0000000000000000,0.0000000437113883,1.0000000000000000,-0.0000000011191901,0.0000000000000000,0.0000000000000000,0.0000000000000000,1.0000000000000000
M -0.7720265984535217,0.6355902552604675,-0.0000000277825318,-0.7192497849464417,-0.6355902552604675,-0.7720265984535217,0.0000000337463568,2.1795196533203125,-0.0000000000000000,0.0000000437113883,1.0000000000000000,-0.0000000011191901,0.0000000000000000,0.0000000000000000,0.0000000000000000,1.0000000000000000
M -0.7784654498100281,0.6276874542236328,-0.0000000274370908,-0.7094170451164246,-0.6276874542236328,-0.7784654498100281,0.0000000340278064,2.1871199607849121,-0.0000000000000000,0.0000000437113883,1.0000000000000000,-0.0000000011191901,0.0000000000000000,0.0000000000000000,0.0000000000000000,1.0000000000000000
M -0.7842740416526794,0.6204145550727844,-0.0000000271191851,-0.7003716826438904,-0.6204145550727844,-0.7842740416526794,0.0000000342817081,2.1939718723297119,-0.0000000000000000,0.0000000437113883,1.0000000000000000,-0.0000000011191901,0.0000000000000000,0.0000000000000000,0.0000000000000000,1.0000000000000000
M -0.7894604206085205,0.6138014793395996,-0.0000000268301186,-0.6921498775482178,-0.6138014793395996,-0.7894604206085205,0.0000000345084104,2.2000861167907715,-0.0000000000000000,0.0000000437113883,1.0000000000000000,-0.0000000011191901,0.0000000000000000,0.0000000000000000,0.0000000000000000,1.0000000000000000
M -0.7940307855606079,0.6078775525093079,-0.0000000265711719,-0.6847872734069824,-0.6078775525093079,-0.7940307855606079,0.0000000347081865,2.2054712772369385,-0.0000000000000000,0.0000000437113883,1.0000000000000000,-0.0000000011191901,0.0000000000000000,0.0000000000000000,0.0000000000000000,1.0000000000000000
M -0.7979912161827087,0.6026691198348999,-0.0000000263435069,-0.6783157587051392,-0.6026691198348999,-0.7979912161827087,0.0000000348813032,2.2101352214813232,-0.0000000000000000,0.0000000437113883,1.0000000000000000,-0.0000000011191901,0.0000000000000000,0.0000000000000000,0.0000000000000000,1.0000000000000000
M -0.8013447523117065,0.5982027649879456,-0.0000000261482693,-0.6727676391601562,-0.5982027649879456,-0.8013447523117065,0.0000000350278988,2.2140827178955078,-0.0000000000000000,0.0000000437113883,1.0000000000000000,-0.0000000011191901,0.0000000000000000,0.0000000000000000,0.0000000000000000,1.0000000000000000
M -0.8040939569473267,0.5945022106170654,-0.0000000259865214,-0.6681716442108154,-0.5945022106170654,-0.8040939569473267,0.0000000351480622,2.2173178195953369,-0.0000000000000000,0.0000000437113883,1.0000000000000000,-0.0000000011191901,0.0000000000000000,0.0000000000000000,0.0000000000000000,1.0000000000000000
M -0.8062386512756348,0.5915904641151428,-0.0000000258592436,-0.6645559072494507,-0.5915904641151428,-0.8062386512756348,0.0000000352418112,2.2198405265808105,-0.0000000000000000,0.0000000437113883,1.0000000000000000,-0.0000000011191901,0.0000000000000000,0.0000000000000000,0.0000000000000000,1.0000000000000000
M -0.8077775239944458,0.5894874334335327,-0.0000000257673136,-0.6619447469711304,-0.5894874334335327,-0.8077775239944458,0.0000000353090783,2.2216503620147705,-0.0000000000000000,0.0000000437113883,1.0000000000000000,-0.0000000011191901,0.0000000000000000,0.0000000000000000,0.0000000000000000,1.0000000000000000
M -0.8087055087089539,0.5882136821746826,-0.0000000257116373,-0.6603633761405945,-0.5882136821746826,-0.8087055087089539,0.0000000353496397,2.2227416038513184,-0.0000000000000000,0.0000000437113883,1.0000000000000000,-0.0000000011191901,0.0000000000000000,0.0000000000000000,0.0000000000000000,1.0000000000000000
M -0.8090170621871948,0.5877851843833923,-0.0000000256929056,-0.6598314046859741,-0.5877851843833923,-0.8090170621871948,0.0000000353632643,2.2231078147888184,-0.0000000000000000,0.0000000437113883,1.0000000000000000,-0.0000000011191901,0.0000000000000000,0.0000000000000000,0.0000000000000000,1.0000000000000000
