O fan_2
A fan_2_fan_2
M 1.0000000000000000,0.0000000000000000,0.0000000000000000,0.0000000000000000,0.0000000000000000,1.0000000000000000,-0.0000000437113883,-0.0000000000490132,-0.0000000000000000,0.0000000437113883,1.0000000000000000,-0.0000000000027285,0.0000000000000000,0.0000000000000000,0.0000000000000000,1.0000000000000000
M 0.9943348169326782,-0.0000000046462363,-0.1062934920191765,-0.0269379392266273,0.0000000000000000,1.0000000000000000,-0.0000000437113883,-0.0000000000490132,0.1062934920191765,0.0000000434637570,0.9943348169326782,0.5048283934593201,0.0000000000000000,0.0000000000000000,0.0000000000000000,1.0000000000000000
M 0.9774034023284912,-0.0000000092398249,-0.2113826423883438,-0.1073837950825691,0.0000000000000000,1.0000000000000000,-0.0000000437113883,-0.0000000000490132,0.2113826423883438,0.0000000427236451,0.9774034023284912,1.0039335489273071,0.0000000000000000,0.0000000000000000,0.0000000000000000,1.0000000000000000
M 0.9493976235389709,-0.0000000137287257,-0.3140767216682434,-0.2404250353574753,0.0000000000000000,1.0000000000000000,-0.0000000437113883,-0.0000000000490132,0.3140767216682434,0.0000000414994723,0.9493976235389709,1.4916602373123169,0.0000000000000000,0.0000000000000000,0.0000000000000000,1.0000000000000000
M 0.9106347560882568,-0.0000000180620727,-0.4132122099399567,-0.4245554208755493,0.0000000000000000,1.0000000000000000,-0.0000000437113883,-0.0000000000490132,0.4132122099399567,0.0000000398051085,0.9106347560882568,1.9624825716018677,0.0000000000000000,0.0000000000000000,0.0000000000000000,1.0000000000000000
M 0.8615540862083435,-0.0000000221907701,-0.5076658129692078,-0.6576870679855347,0.0000000000000000,1.0000000000000000,-0.0000000437113883,-0.0000000000490132,0.5076658129692078,0.0000000376597242,0.8615540862083435,2.4110655784606934,0.0000000000000000,0.0000000000000000,0.0000000000000000,1.0000000000000000
M 0.8027116656303406,-0.0000000260680384,-0.5963673591613770,-0.9371798634529114,0.0000000000000000,1.0000000000000000,-0.0000000437113883,-0.0000000000490132,0.5963673591613770,0.0000000350876412,0.8027116656303406,2.8323266506195068,0.0000000000000000,0.0000000000000000,0.0000000000000000,1.0000000000000000
M 0.7347741127014160,-0.0000000296499465,-0.6783118844032288,-1.2598670721054077,0.0000000000000000,1.0000000000000000,-0.0000000437113883,-0.0000000000490132,0.6783118844032288,0.0000000321179954,0.7347741127014160,3.2214937210083008,0.0000000000000000,0.0000000000000000,0.0000000000000000,1.0000000000000000
M 0.6585113406181335,-0.0000000328959153,-0.7525708079338074,-1.6220917701721191,0.0000000000000000,1.0000000000000000,-0.0000000437113883,-0.0000000000490132,0.7525708079338074,0.0000000287844450,0.6585113406181335,3.5741560459136963,0.0000000000000000,0.0000000000000000,0.0000000000000000,1.0000000000000000
M 0.5747874379158020,-0.0000000357691334,-0.8183027505874634,-2.0197496414184570,0.0000000000000000,1.0000000000000000,-0.0000000437113883,-0.0000000000490132,0.8183027505874634,0.0000000251247503,0.5747874379158020,3.8863177299499512,0.0000000000000000,0.0000000000000000,0.0000000000000000,1.0000000000000000
M 0.4845508933067322,-0.0000000382371077,-0.8747630715370178,-2.4483358860015869,0.0000000000000000,1.0000000000000000,-0.0000000437113883,-0.0000000000490132,0.8747630715370178,0.0000000211803854,0.4845508933067322,4.1544432640075684,0.0000000000000000,0.0000000000000000,0.0000000000000000,1.0000000000000000
M 0.3888240754604340,-0.0000000402718143,-0.9213120341300964,-2.9029946327209473,0.0000000000000000,1.0000000000000000,-0.0000000437113883,-0.0000000000490132,0.9213120341300964,0.0000000169960401,0.3888240754604340,4.3754940032958984,0.0000000000000000,0.0000000000000000,0.0000000000000000,1.0000000000000000
M 0.2886919677257538,-0.0000000418502459,-0.9574220180511475,-3.3785727024078369,0.0000000000000000,1.0000000000000000,-0.0000000437113883,-0.0000000000490132,0.9574220180511475,0.0000000126191235,0.2886919677257538,4.5469646453857422,0.0000000000000000,0.0000000000000000,0.0000000000000000,1.0000000000000000
M 0.1852886229753494,-0.0000000429544862,-0.9826841354370117,-3.8696839809417725,0.0000000000000000,1.0000000000000000,-0.0000000437113883,-0.0000000000490132,0.9826841354370117,0.0000000080992226,0.1852886229753494,4.6669135093688965,0.0000000000000000,0.0000000000000000,0.0000000000000000,1.0000000000000000
M 0.0797860026359558,-0.0000000435720366,-0.9968119859695435,-4.3707623481750488,0.0000000000000000,1.0000000000000000,-0.0000000437113883,-0.0000000000490132,0.9968119859695435,0.0000000034875560,0.0797860026359558,4.7339806556701660,0.0000000000000000,0.0000000000000000,0.0000000000000000,1.0000000000000000
M -0.0266205053776503,-0.0000000436958949,-0.9996455907821655,-4.8761296272277832,0.0000000000000000,1.0000000000000000,-0.0000000437113883,-0.0000000000490132,0.9996455907821655,-0.0000000011636188,-0.0266205053776503,4.7474064826965332,0.0000000000000000,0.0000000000000000,0.0000000000000000,1.0000000000000000
M -0.1327256262302399,-0.0000000433246647,-0.9911528229713440,-5.3800625801086426,0.0000000000000000,1.0000000000000000,-0.0000000437113883,-0.0000000000490132,0.9911528229713440,-0.0000000058016214,-0.1327256262302399,4.7070393562316895,0.0000000000000000,0.0000000000000000,0.0000000000000000,1.0000000000000000
M -0.2373268008232117,-0.0000000424625490,-0.9714298844337463,-5.8768496513366699,0.0000000000000000,1.0000000000000000,-0.0000000437113883,-0.0000000000490132,0.9714298844337463,-0.0000000103738840,-0.2373268008232117,4.6133360862731934,0.0000000000000000,0.0000000000000000,0.0000000000000000,1.0000000000000000
M -0.3392388522624969,-0.0000000411193142,-0.9407002925872803,-6.3608613014221191,0.0000000000000000,1.0000000000000000,-0.0000000437113883,-0.0000000000490132,0.9407002925872803,-0.0000000148285979,-0.3392388522624969,4.4673576354980469,0.0000000000000000,0.0000000000000000,0.0000000000000000,1.0000000000000000
M -0.4373072981834412,-0.0000000393101693,-0.8993121385574341,-6.8266148567199707,0.0000000000000000,1.0000000000000000,-0.0000000437113883,-0.0000000000490132,0.8993121385574341,-0.0000000191153084,-0.4373072981834412,4.2707600593566895,0.0000000000000000,0.0000000000000000,0.0000000000000000,1.0000000000000000
M -0.5304208993911743,-0.0000000370556492,-0.8477344512939453,-7.2688326835632324,0.0000000000000000,1.0000000000000000,-0.0000000437113883,-0.0000000000490132,0.8477344512939453,-0.0000000231854340,-0.5304208993911743,4.0257687568664551,0.0000000000000000,0.0000000000000000,0.0000000000000000,1.0000000000000000
M -0.6175248026847839,-0.0000000343812410,-0.7865514159202576,-7.6825056076049805,0.0000000000000000,1.0000000000000000,-0.0000000437113883,-0.0000000000490132,0.7865514159202576,-0.0000000269928595,-0.6175248026847839,3.7351601123809814,0.0000000000000000,0.0000000000000000,0.0000000000000000,1.0000000000000000
M -0.6976316571235657,-0.0000000313173061,-0.7164565920829773,-8.0629444122314453,0.0000000000000000,1.0000000000000000,-0.0000000437113883,-0.0000000000490132,0.7164565920829773,-0.0000000304944479,-0.6976316571235657,3.4022276401519775,0.0000000000000000,0.0000000000000000,0.0000000000000000,1.0000000000000000
M -0.7698339819908142,-0.0000000278985333,-0.6382442116737366,-8.4058380126953125,0.0000000000000000,1.0000000000000000,-0.0000000437113883,-0.0000000000490132,0.6382442116737366,-0.0000000336505117,-0.7698339819908142,3.0307443141937256,0.0000000000000000,0.0000000000000000,0.0000000000000000,1.0000000000000000
M -0.8333138823509216,-0.0000000241636577,-0.5528000593185425,-8.7073040008544922,0.0000000000000000,1.0000000000000000,-0.0000000437113883,-0.0000000000490132,0.5528000593185425,-0.0000000364253054,-0.8333138823509216,2.6249167919158936,0.0000000000000000,0.0000000000000000,0.0000000000000000,1.0000000000000000
M -0.8873520493507385,-0.0000000201549870,-0.4610925316810608,-8.9639253616333008,0.0000000000000000,1.0000000000000000,-0.0000000437113883,-0.0000000000490132,0.4610925316810608,-0.0000000387873911,-0.8873520493507385,2.1893451213836670,0.0000000000000000,0.0000000000000000,0.0000000000000000,1.0000000000000000
M -0.9313362836837769,-0.0000000159179532,-0.3641603887081146,-9.1727943420410156,0.0000000000000000,1.0000000000000000,-0.0000000437113883,-0.0000000000490132,0.3641603887081146,-0.0000000407099883,-0.9313362836837769,1.7289626598358154,0.0000000000000000,0.0000000000000000,0.0000000000000000,1.0000000000000000
M -0.9647679328918457,-0.0000000115005694,-0.2631023526191711,-9.3315439224243164,0.0000000000000000,1.0000000000000000,-0.0000000437113883,-0.0000000000490132,0.2631023526191711,-0.0000000421713473,-0.9647679328918457,1.2489877939224243,0.0000000000000000,0.0000000000000000,0.0000000000000000,1.0000000000000000
M -0.9872683882713318,-0.0000000069528756,-0.1590632945299149,-9.4383764266967773,0.0000000000000000,1.0000000000000000,-0.0000000437113883,-0.0000000000490132,0.1590632945299149,-0.0000000431548735,-0.9872683882713318,0.7548580765724182,0.0000000000000000,0.0000000000000000,0.0000000000000000,1.0000000000000000
M -0.9985827207565308,-0.0000000023264164,-0.0532222054898739,-9.4920816421508789,0.0000000000000000,1.0000000000000000,-0.0000000437113883,-0.0000000000490132,0.0532222054898739,-0.0000000436494219,-0.9985827207565308,0.2521731555461884,0.0000000000000000,0.0000000000000000,0.0000000000000000,1.0000000000000000
M -0.9985827207565308,0.0000000023264137,0.0532221421599388,-9.4920492172241211,0.0000000000000000,1.0000000000000000,-0.0000000437113883,-0.0000000000490132,-0.0532221421599388,-0.0000000436494219,-0.9985827207565308,-0.2533734142780304,0.0000000000000000,0.0000000000000000,0.0000000000000000,1.0000000000000000
M -0.9872683882713318,0.0000000069528845,0.1590634584426880,-9.4382810592651367,0.0000000000000000,1.0000000000000000,-0.0000000437113883,-0.0000000000490132,-0.1590634584426880,-0.0000000431548592,-0.9872683882713318,-0.7560526132583618,0.0000000000000000,0.0000000000000000,0.0000000000000000,1.0000000000000000
M -0.9647678136825562,0.0000000115005836,0.2631027698516846,-9.3313856124877930,0.0000000000000000,1.0000000000000000,-0.0000000437113883,-0.0000000000490132,-0.2631027698516846,-0.0000000421713260,-0.9647678136825562,-1.2501698732376099,0.0000000000000000,0.0000000000000000,0.0000000000000000,1.0000000000000000
M -0.9313361048698425,0.0000000159179692,0.3641607761383057,-9.1725749969482422,0.0000000000000000,1.0000000000000000,-0.0000000437113883,-0.0000000000490132,-0.3641607761383057,-0.0000000407099954,-0.9313361048698425,-1.7301245927810669,0.0000000000000000,0.0000000000000000,0.0000000000000000,1.0000000000000000
M -0.8873519897460938,0.0000000201550012,0.4610926806926727,-8.9636478424072266,0.0000000000000000,1.0000000000000000,-0.0000000437113883,-0.0000000000490132,-0.4610926806926727,-0.0000000387873875,-0.8873519897460938,-2.1904797554016113,0.0000000000000000,0.0000000000000000,0.0000000000000000,1.0000000000000000
M -0.8333138227462769,0.0000000241636666,0.5528002381324768,-8.7069711685180664,0.0000000000000000,1.0000000000000000,-0.0000000437113883,-0.0000000000490132,-0.5528002381324768,-0.0000000364253054,-0.8333138227462769,-2.6260192394256592,0.0000000000000000,0.0000000000000000,0.0000000000000000,1.0000000000000000
M -0.7698339819908142,0.0000000278985315,0.6382441520690918,-8.4054546356201172,0.0000000000000000,1.0000000000000000,-0.0000000437113883,-0.0000000000490132,-0.6382441520690918,-0.0000000336505117,-0.7698339819908142,-3.0318074226379395,0.0000000000000000,0.0000000000000000,0.0000000000000000,1.0000000000000000
M -0.6976315379142761,0.0000000313173167,0.7164567112922668,-8.0625133514404297,0.0000000000000000,1.0000000000000000,-0.0000000437113883,-0.0000000000490132,-0.7164567112922668,-0.0000000304944443,-0.6976315379142761,-3.4032483100891113,0.0000000000000000,0.0000000000000000,0.0000000000000000,1.0000000000000000
M -0.6175246238708496,0.0000000343812587,0.7865515351295471,-7.6820325851440430,0.0000000000000000,1.0000000000000000,-0.0000000437113883,-0.0000000000490132,-0.7865515351295471,-0.0000000269928577,-0.6175246238708496,-3.7361323833465576,0.0000000000000000,0.0000000000000000,0.0000000000000000,1.0000000000000000
M -0.5304207205772400,0.0000000370556528,0.8477345108985901,-7.2683229446411133,0.0000000000000000,1.0000000000000000,-0.0000000437113883,-0.0000000000490132,-0.8477345108985901,-0.0000000231854269,-0.5304207205772400,-4.0266885757446289,0.0000000000000000,0.0000000000000000,0.0000000000000000,1.0000000000000000
M -0.4373073577880859,0.0000000393101693,0.8993121385574341,-6.8260750770568848,0.0000000000000000,1.0000000000000000,-0.0000000437113883,-0.0000000000490132,-0.8993121385574341,-0.0000000191153120,-0.4373073577880859,-4.2716231346130371,0.0000000000000000,0.0000000000000000,0.0000000000000000,1.0000000000000000
M -0.3392386734485626,0.0000000411193035,0.9407003521919250,-6.3602952957153320,0.0000000000000000,1.0000000000000000,-0.0000000437113883,-0.0000000000490132,-0.9407003521919250,-0.0000000148285935,-0.3392386734485626,-4.4681630134582520,0.0000000000000000,0.0000000000000000,0.0000000000000000,1.0000000000000000
M -0.2373262792825699,0.0000000424625384,0.9714300036430359,-5.8762636184692383,0.0000000000000000,1.0000000000000000,-0.0000000437113883,-0.0000000000490132,-0.9714300036430359,-0.0000000103738609,-0.2373262792825699,-4.6140794754028320,0.0000000000000000,0.0000000000000000,0.0000000000000000,1.0000000000000000
M -0.1327253431081772,0.0000000433246541,0.9911528825759888,-5.3794660568237305,0.0000000000000000,1.0000000000000000,-0.0000000437113883,-0.0000000000490132,-0.9911528825759888,-0.0000000058016072,-0.1327253431081772,-4.7077198028564453,0.0000000000000000,0.0000000000000000,0.0000000000000000,1.0000000000000000
M -0.0266200918704271,0.0000000436958842,0.9996456503868103,-4.8755273818969727,0.0000000000000000,1.0000000000000000,-0.0000000437113883,-0.0000000000490132,-0.9996456503868103,-0.0000000011636012,-0.0266200918704271,-4.7480239868164062,0.0000000000000000,0.0000000000000000,0.0000000000000000,1.0000000000000000
M 0.0797862932085991,0.0000000435720366,0.9968119859695435,-4.3701620101928711,0.0000000000000000,1.0000000000000000,-0.0000000437113883,-0.0000000000490132,-0.9968119859695435,0.0000000034875696,0.0797862932085991,-4.7345337867736816,0.0000000000000000,0.0000000000000000,0.0000000000000000,1.0000000000000000
M 0.1852886825799942,0.0000000429544720,0.9826841354370117,-3.8690934181213379,0.0000000000000000,1.0000000000000000,-0.0000000437113883,-0.0000000000490132,-0.9826841354370117,0.0000000080992253,0.1852886825799942,-4.6674027442932129,0.0000000000000000,0.0000000000000000,0.0000000000000000,1.0000000000000000
M 0.2886921167373657,0.0000000418502424,0.9574219584465027,-3.3779969215393066,0.0000000000000000,1.0000000000000000,-0.0000000437113883,-0.0000000000490132,-0.9574219584465027,0.0000000126191333,0.2886921167373657,-4.5473918914794922,0.0000000000000000,0.0000000000000000,0.0000000000000000,1.0000000000000000
M 0.3888241350650787,0.0000000402718250,0.9213119745254517,-2.9024407863616943,0.0000000000000000,1.0000000000000000,-0.0000000437113883,-0.0000000000490132,-0.9213119745254517,0.0000000169960419,0.3888241350650787,-4.3758611679077148,0.0000000000000000,0.0000000000000000,0.0000000000000000,1.0000000000000000
M 0.4845510423183441,0.0000000382370899,0.8747630119323730,-2.4478096961975098,0.0000000000000000,1.0000000000000000,-0.0000000437113883,-0.0000000000490132,-0.8747630119323730,0.0000000211803979,0.4845510423183441,-4.1547527313232422,0.0000000000000000,0.0000000000000000,0.0000000000000000,1.0000000000000000
M 0.5747873783111572,0.0000000357691512,0.8183028101921082,-2.0192582607269287,0.0000000000000000,1.0000000000000000,-0.0000000437113883,-0.0000000000490132,-0.8183028101921082,0.0000000251247538,0.5747873783111572,-3.8865737915039062,0.0000000000000000,0.0000000000000000,0.0000000000000000,1.0000000000000000
M 0.6585115194320679,0.0000000328959082,0.7525706291198730,-1.6216387748718262,0.0000000000000000,1.0000000000000000,-0.0000000437113883,-0.0000000000490132,-0.7525706291198730,0.0000000287844522,0.6585115194320679,-3.5743601322174072,0.0000000000000000,0.0000000000000000,0.0000000000000000,1.0000000000000000
M 0.7347744107246399,0.0000000296499323,0.6783115267753601,-1.2594581842422485,0.0000000000000000,1.0000000000000000,-0.0000000437113883,-0.0000000000490132,-0.6783115267753601,0.0000000321180096,0.7347744107246399,-3.2216513156890869,0.0000000000000000,0.0000000000000000,0.0000000000000000,1.0000000000000000
M 0.8027117252349854,0.0000000260680331,0.5963672399520874,-0.9368214011192322,0.0000000000000000,1.0000000000000000,-0.0000000437113883,-0.0000000000490132,-0.5963672399520874,0.0000000350876448,0.8027117252349854,-2.8324449062347412,0.0000000000000000,0.0000000000000000,0.0000000000000000,1.0000000000000000
M 0.8615542650222778,0.0000000221907541,0.5076654553413391,-0.6573816537857056,0.0000000000000000,1.0000000000000000,-0.0000000437113883,-0.0000000000490132,-0.5076654553413391,0.0000000376597313,0.8615542650222778,-2.4111468791961670,0.0000000000000000,0.0000000000000000,0.0000000000000000,1.0000000000000000
M 0.9106348752975464,0.0000000180620710,0.4132120311260223,-0.4243062734603882,0.0000000000000000,1.0000000000000000,-0.0000000437113883,-0.0000000000490132,-0.4132120311260223,0.0000000398051156,0.9106348752975464,-1.9625352621078491,0.0000000000000000,0.0000000000000000,0.0000000000000000,1.0000000000000000
M 0.9493977427482605,0.0000000137287115,0.3140763044357300,-0.2402358800172806,0.0000000000000000,1.0000000000000000,-0.0000000437113883,-0.0000000000490132,-0.3140763044357300,0.0000000414994936,0.9493977427482605,-1.4916886091232300,0.0000000000000000,0.0000000000000000,0.0000000000000000,1.0000000000000000
M 0.9774034023284912,0.0000000092398169,0.2113824486732483,-0.1072568222880363,0.0000000000000000,1.0000000000000000,-0.0000000437113883,-0.0000000000490132,-0.2113824486732483,0.0000000427236593,0.9774034023284912,-1.0039461851119995,0.0000000000000000,0.0000000000000000,0.0000000000000000,1.0000000000000000
M 0.9943348169326782,0.0000000046462385,0.1062935441732407,-0.0268740877509117,0.0000000000000000,1.0000000000000000,-0.0000000437113883,-0.0000000000490132,-0.1062935441732407,0.0000000434637570,0.9943348169326782,-0.5048320889472961,0.0000000000000000,0.0000000000000000,0.0000000000000000,1.0000000000000000
M 1.0000000000000000,-0.0000000000000076,-0.0000001748455531,-0.0000000000525144,0.0000000000000000,1.0000000000000000,-0.0000000437113883,-0.0000000000490132,0.0000001748455531,0.0000000437113883,1.0000000000000000,0.0000008304084531,0.0000000000000000,0.0000000000000000,0.0000000000000000,1.0000000000000000
O fan_1
A fan_1_fan_1
M 1.0000000000000000,0.0000000000000000,0.0000000000000000,0.0000000000000000,0.0000000000000000,1.0000000000000000,-0.0000000437113883,-0.0000000000980269,-0.0000000000000000,0.0000000437113883,1.0000000000000000,0.0000000000263753,0.0000000000000000,0.0000000000000000,0.0000000000000000,1.0000000000000000
M 0.9943348169326782,-0.0000000046462363,-0.1062934920191765,-0.0337028577923775,0.0000000000000000,1.0000000000000000,-0.0000000437113883,-0.0000000000980269,0.1062934920191765,0.0000000434637570,0.9943348169326782,0.6311461925506592,0.0000000000000000,0.0000000000000000,0.0000000000000000,1.0000000000000000
M 0.9774034023284912,-0.0000000092398249,-0.2113826423883438,-0.1343009471893311,0.0000000000000000,1.0000000000000000,-0.0000000437113883,-0.0000000000980269,0.2113826423883438,0.0000000427236451,0.9774034023284912,1.2551344633102417,0.0000000000000000,0.0000000000000000,0.0000000000000000,1.0000000000000000
M 0.9493976235389709,-0.0000000137287257,-0.3140767216682434,-0.3006558418273926,0.0000000000000000,1.0000000000000000,-0.0000000437113883,-0.0000000000980269,0.3140767216682434,0.0000000414994723,0.9493976235389709,1.8648946285247803,0.0000000000000000,0.0000000000000000,0.0000000000000000,1.0000000000000000
M 0.9106347560882568,-0.0000000180620727,-0.4132122099399567,-0.5308814048767090,0.0000000000000000,1.0000000000000000,-0.0000000437113883,-0.0000000000980269,0.4132122099399567,0.0000000398051085,0.9106347560882568,2.4535181522369385,0.0000000000000000,0.0000000000000000,0.0000000000000000,1.0000000000000000
M 0.8615540862083435,-0.0000000221907701,-0.5076658129692078,-0.8223695755004883,0.0000000000000000,1.0000000000000000,-0.0000000437113883,-0.0000000000980269,0.5076658129692078,0.0000000376597242,0.8615540862083435,3.0143353939056396,0.0000000000000000,0.0000000000000000,0.0000000000000000,1.0000000000000000
M 0.8027116656303406,-0.0000000260680384,-0.5963673591613770,-1.1718173027038574,0.0000000000000000,1.0000000000000000,-0.0000000437113883,-0.0000000000980269,0.5963673591613770,0.0000000350876412,0.8027116656303406,3.5409920215606689,0.0000000000000000,0.0000000000000000,0.0000000000000000,1.0000000000000000
M 0.7347741127014160,-0.0000000296499465,-0.6783118844032288,-1.5752664804458618,0.0000000000000000,1.0000000000000000,-0.0000000437113883,-0.0000000000980269,0.6783118844032288,0.0000000321179954,0.7347741127014160,4.0275216102600098,0.0000000000000000,0.0000000000000000,0.0000000000000000,1.0000000000000000
M 0.6585113406181335,-0.0000000328959153,-0.7525708079338074,-2.0281441211700439,0.0000000000000000,1.0000000000000000,-0.0000000437113883,-0.0000000000980269,0.7525708079338074,0.0000000287844450,0.6585113406181335,4.4684100151062012,0.0000000000000000,0.0000000000000000,0.0000000000000000,1.0000000000000000
M 0.5747874379158020,-0.0000000357691334,-0.8183027505874634,-2.5253193378448486,0.0000000000000000,1.0000000000000000,-0.0000000437113883,-0.0000000000980269,0.8183027505874634,0.0000000251247503,0.5747874379158020,4.8586630821228027,0.0000000000000000,0.0000000000000000,0.0000000000000000,1.0000000000000000
M 0.4845508933067322,-0.0000000382371077,-0.8747630715370178,-3.0611600875854492,0.0000000000000000,1.0000000000000000,-0.0000000437113883,-0.0000000000980269,0.8747630715370178,0.0000000211803854,0.4845508933067322,5.1938591003417969,0.0000000000000000,0.0000000000000000,0.0000000000000000,1.0000000000000000
M 0.3888240754604340,-0.0000000402718143,-0.9213120341300964,-3.6295948028564453,0.0000000000000000,1.0000000000000000,-0.0000000437113883,-0.0000000000980269,0.9213120341300964,0.0000000169960401,0.3888240754604340,5.4701995849609375,0.0000000000000000,0.0000000000000000,0.0000000000000000,1.0000000000000000
M 0.2886919677257538,-0.0000000418502459,-0.9574220180511475,-4.2241811752319336,0.0000000000000000,1.0000000000000000,-0.0000000437113883,-0.0000000000980269,0.9574220180511475,0.0000000126191235,0.2886919677257538,5.6845536231994629,0.0000000000000000,0.0000000000000000,0.0000000000000000,1.0000000000000000
M 0.1852886229753494,-0.0000000429544862,-0.9826841354370117,-4.8381848335266113,0.0000000000000000,1.0000000000000000,-0.0000000437113883,-0.0000000000980269,0.9826841354370117,0.0000000080992226,0.1852886229753494,5.8344931602478027,0.0000000000000000,0.0000000000000000,0.0000000000000000,1.0000000000000000
M 0.0797860026359558,-0.0000000435720366,-0.9968119859695435,-5.4646468162536621,0.0000000000000000,1.0000000000000000,-0.0000000437113883,-0.0000000000980269,0.9968119859695435,0.0000000034875560,0.0797860026359558,5.9183177947998047,0.0000000000000000,0.0000000000000000,0.0000000000000000,1.0000000000000000
M -0.0266205053776503,-0.0000000436958949,-0.9996455907821655,-6.0964689254760742,0.0000000000000000,1.0000000000000000,-0.0000000437113883,-0.0000000000980269,0.9996455907821655,-0.0000000011636188,-0.0266205053776503,5.9350795745849609,0.0000000000000000,0.0000000000000000,0.0000000000000000,1.0000000000000000
M -0.1327256262302399,-0.0000000433246647,-0.9911528229713440,-6.7264952659606934,0.0000000000000000,1.0000000000000000,-0.0000000437113883,-0.0000000000980269,0.9911528229713440,-0.0000000058016214,-0.1327256262302399,5.8845872879028320,0.0000000000000000,0.0000000000000000,0.0000000000000000,1.0000000000000000
M -0.2373268008232117,-0.0000000424625490,-0.9714298844337463,-7.3475842475891113,0.0000000000000000,1.0000000000000000,-0.0000000437113883,-0.0000000000980269,0.9714298844337463,-0.0000000103738840,-0.2373268008232117,5.7674131393432617,0.0000000000000000,0.0000000000000000,0.0000000000000000,1.0000000000000000
M -0.3392388522624969,-0.0000000411193142,-0.9407002925872803,-7.9526991844177246,0.0000000000000000,1.0000000000000000,-0.0000000437113883,-0.0000000000980269,0.9407002925872803,-0.0000000148285979,-0.3392388522624969,5.5848860740661621,0.0000000000000000,0.0000000000000000,0.0000000000000000,1.0000000000000000
M -0.4373072981834412,-0.0000000393101693,-0.8993121385574341,-8.5349855422973633,0.0000000000000000,1.0000000000000000,-0.0000000437113883,-0.0000000000980269,0.8993121385574341,-0.0000000191153084,-0.4373072981834412,5.3390722274780273,0.0000000000000000,0.0000000000000000,0.0000000000000000,1.0000000000000000
M -0.5304208993911743,-0.0000000370556492,-0.8477344512939453,-9.0878438949584961,0.0000000000000000,1.0000000000000000,-0.0000000437113883,-0.0000000000980269,0.8477344512939453,-0.0000000231854340,-0.5304208993911743,5.0327582359313965,0.0000000000000000,0.0000000000000000,0.0000000000000000,1.0000000000000000
M -0.6175248026847839,-0.0000000343812410,-0.7865514159202576,-9.6050128936767578,0.0000000000000000,1.0000000000000000,-0.0000000437113883,-0.0000000000980269,0.7865514159202576,-0.0000000269928595,-0.6175248026847839,4.6694135665893555,0.0000000000000000,0.0000000000000000,0.0000000000000000,1.0000000000000000
M -0.6976316571235657,-0.0000000313173061,-0.7164565920829773,-10.0806293487548828,0.0000000000000000,1.0000000000000000,-0.0000000437113883,-0.0000000000980269,0.7164565920829773,-0.0000000304944479,-0.6976316571235657,4.2531561851501465,0.0000000000000000,0.0000000000000000,0.0000000000000000,1.0000000000000000
M -0.7698339819908142,-0.0000000278985333,-0.6382442116737366,-10.5093050003051758,0.0000000000000000,1.0000000000000000,-0.0000000437113883,-0.0000000000980269,0.6382442116737366,-0.0000000336505117,-0.7698339819908142,3.7887029647827148,0.0000000000000000,0.0000000000000000,0.0000000000000000,1.0000000000000000
M -0.8333138823509216,-0.0000000241636577,-0.5528000593185425,-10.8861846923828125,0.0000000000000000,1.0000000000000000,-0.0000000437113883,-0.0000000000980269,0.5528000593185425,-0.0000000364253054,-0.8333138823509216,3.2813143730163574,0.0000000000000000,0.0000000000000000,0.0000000000000000,1.0000000000000000
M -0.8873520493507385,-0.0000000201549870,-0.4610925316810608,-11.2069978713989258,0.0000000000000000,1.0000000000000000,-0.0000000437113883,-0.0000000000980269,0.4610925316810608,-0.0000000387873911,-0.8873520493507385,2.7367410659790039,0.0000000000000000,0.0000000000000000,0.0000000000000000,1.0000000000000000
M -0.9313362836837769,-0.0000000159179532,-0.3641603887081146,-11.4681091308593750,0.0000000000000000,1.0000000000000000,-0.0000000437113883,-0.0000000000980269,0.3641603887081146,-0.0000000407099883,-0.9313362836837769,2.1611506938934326,0.0000000000000000,0.0000000000000000,0.0000000000000000,1.0000000000000000
M -0.9647679328918457,-0.0000000115005694,-0.2631023526191711,-11.6665592193603516,0.0000000000000000,1.0000000000000000,-0.0000000437113883,-0.0000000000980269,0.2631023526191711,-0.0000000421713473,-0.9647679328918457,1.5610681772232056,0.0000000000000000,0.0000000000000000,0.0000000000000000,1.0000000000000000
M -0.9872683882713318,-0.0000000069528756,-0.1590632945299149,-11.8000993728637695,0.0000000000000000,1.0000000000000000,-0.0000000437113883,-0.0000000000980269,0.1590632945299149,-0.0000000431548735,-0.9872683882713318,0.9432914257049561,0.0000000000000000,0.0000000000000000,0.0000000000000000,1.0000000000000000
M -0.9985827207565308,-0.0000000023264164,-0.0532222054898739,-11.8672180175781250,0.0000000000000000,1.0000000000000000,-0.0000000437113883,-0.0000000000980269,0.0532222054898739,-0.0000000436494219,-0.9985827207565308,0.3148213326931000,0.0000000000000000,0.0000000000000000,0.0000000000000000,1.0000000000000000
M -0.9985827207565308,0.0000000023264137,0.0532221421599388,-11.8671541213989258,0.0000000000000000,1.0000000000000000,-0.0000000437113883,-0.0000000000980269,-0.0532221421599388,-0.0000000436494219,-0.9985827207565308,-0.3172240257263184,0.0000000000000000,0.0000000000000000,0.0000000000000000,1.0000000000000000
M -0.9872683882713318,0.0000000069528845,0.1590634584426880,-11.7999086380004883,0.0000000000000000,1.0000000000000000,-0.0000000437113883,-0.0000000000980269,-0.1590634584426880,-0.0000000431548592,-0.9872683882713318,-0.9456818699836731,0.0000000000000000,0.0000000000000000,0.0000000000000000,1.0000000000000000
M -0.9647678136825562,0.0000000115005836,0.2631027698516846,-11.6662416458129883,0.0000000000000000,1.0000000000000000,-0.0000000437113883,-0.0000000000980269,-0.2631027698516846,-0.0000000421713260,-0.9647678136825562,-1.5634330511093140,0.0000000000000000,0.0000000000000000,0.0000000000000000,1.0000000000000000
M -0.9313361048698425,0.0000000159179692,0.3641607761383057,-11.4676704406738281,0.0000000000000000,1.0000000000000000,-0.0000000437113883,-0.0000000000980269,-0.3641607761383057,-0.0000000407099954,-0.9313361048698425,-2.1634752750396729,0.0000000000000000,0.0000000000000000,0.0000000000000000,1.0000000000000000
M -0.8873519897460938,0.0000000201550012,0.4610926806926727,-11.2064428329467773,0.0000000000000000,1.0000000000000000,-0.0000000437113883,-0.0000000000980269,-0.4610926806926727,-0.0000000387873875,-0.8873519897460938,-2.7390110492706299,0.0000000000000000,0.0000000000000000,0.0000000000000000,1.0000000000000000
M -0.8333138227462769,0.0000000241636666,0.5528002381324768,-10.8855199813842773,0.0000000000000000,1.0000000000000000,-0.0000000437113883,-0.0000000000980269,-0.5528002381324768,-0.0000000364253054,-0.8333138227462769,-3.2835199832916260,0.0000000000000000,0.0000000000000000,0.0000000000000000,1.0000000000000000
M -0.7698339819908142,0.0000000278985315,0.6382441520690918,-10.5085382461547852,0.0000000000000000,1.0000000000000000,-0.0000000437113883,-0.0000000000980269,-0.6382441520690918,-0.0000000336505117,-0.7698339819908142,-3.7908308506011963,0.0000000000000000,0.0000000000000000,0.0000000000000000,1.0000000000000000
M -0.6976315379142761,0.0000000313173167,0.7164567112922668,-10.0797672271728516,0.0000000000000000,1.0000000000000000,-0.0000000437113883,-0.0000000000980269,-0.7164567112922668,-0.0000000304944443,-0.6976315379142761,-4.2551975250244141,0.0000000000000000,0.0000000000000000,0.0000000000000000,1.0000000000000000
M -0.6175246238708496,0.0000000343812587,0.7865515351295471,-9.6040658950805664,0.0000000000000000,1.0000000000000000,-0.0000000437113883,-0.0000000000980269,-0.7865515351295471,-0.0000000269928577,-0.6175246238708496,-4.6713585853576660,0.0000000000000000,0.0000000000000000,0.0000000000000000,1.0000000000000000
M -0.5304207205772400,0.0000000370556528,0.8477345108985901,-9.0868234634399414,0.0000000000000000,1.0000000000000000,-0.0000000437113883,-0.0000000000980269,-0.8477345108985901,-0.0000000231854269,-0.5304207205772400,-5.0345988273620605,0.0000000000000000,0.0000000000000000,0.0000000000000000,1.0000000000000000
M -0.4373073577880859,0.0000000393101693,0.8993121385574341,-8.5339040756225586,0.0000000000000000,1.0000000000000000,-0.0000000437113883,-0.0000000000980269,-0.8993121385574341,-0.0000000191153120,-0.4373073577880859,-5.3408002853393555,0.0000000000000000,0.0000000000000000,0.0000000000000000,1.0000000000000000
M -0.3392386734485626,0.0000000411193035,0.9407003521919250,-7.9515666961669922,0.0000000000000000,1.0000000000000000,-0.0000000437113883,-0.0000000000980269,-0.9407003521919250,-0.0000000148285935,-0.3392386734485626,-5.5864963531494141,0.0000000000000000,0.0000000000000000,0.0000000000000000,1.0000000000000000
M -0.2373262792825699,0.0000000424625384,0.9714300036430359,-7.3464131355285645,0.0000000000000000,1.0000000000000000,-0.0000000437113883,-0.0000000000980269,-0.9714300036430359,-0.0000000103738609,-0.2373262792825699,-5.7689018249511719,0.0000000000000000,0.0000000000000000,0.0000000000000000,1.0000000000000000
M -0.1327253431081772,0.0000000433246541,0.9911528825759888,-6.7253017425537109,0.0000000000000000,1.0000000000000000,-0.0000000437113883,-0.0000000000980269,-0.9911528825759888,-0.0000000058016072,-0.1327253431081772,-5.8859496116638184,0.0000000000000000,0.0000000000000000,0.0000000000000000,1.0000000000000000
M -0.0266200918704271,0.0000000436958842,0.9996456503868103,-6.0952649116516113,0.0000000000000000,1.0000000000000000,-0.0000000437113883,-0.0000000000980269,-0.9996456503868103,-0.0000000011636012,-0.0266200918704271,-5.9363136291503906,0.0000000000000000,0.0000000000000000,0.0000000000000000,1.0000000000000000
M 0.0797862932085991,0.0000000435720366,0.9968119859695435,-5.4634466171264648,0.0000000000000000,1.0000000000000000,-0.0000000437113883,-0.0000000000980269,-0.9968119859695435,0.0000000034875696,0.0797862932085991,-5.9194240570068359,0.0000000000000000,0.0000000000000000,0.0000000000000000,1.0000000000000000
M 0.1852886825799942,0.0000000429544720,0.9826841354370117,-4.8370027542114258,0.0000000000000000,1.0000000000000000,-0.0000000437113883,-0.0000000000980269,-0.9826841354370117,0.0000000080992253,0.1852886825799942,-5.8354725837707520,0.0000000000000000,0.0000000000000000,0.0000000000000000,1.0000000000000000
M 0.2886921167373657,0.0000000418502424,0.9574219584465027,-4.2230291366577148,0.0000000000000000,1.0000000000000000,-0.0000000437113883,-0.0000000000980269,-0.9574219584465027,0.0000000126191333,0.2886921167373657,-5.6854085922241211,0.0000000000000000,0.0000000000000000,0.0000000000000000,1.0000000000000000
M 0.3888241350650787,0.0000000402718250,0.9213119745254517,-3.6284866333007812,0.0000000000000000,1.0000000000000000,-0.0000000437113883,-0.0000000000980269,-0.9213119745254517,0.0000000169960419,0.3888241350650787,-5.4709348678588867,0.0000000000000000,0.0000000000000000,0.0000000000000000,1.0000000000000000
M 0.4845510423183441,0.0000000382370899,0.8747630119323730,-3.0601072311401367,0.0000000000000000,1.0000000000000000,-0.0000000437113883,-0.0000000000980269,-0.8747630119323730,0.0000000211803979,0.4845510423183441,-5.1944785118103027,0.0000000000000000,0.0000000000000000,0.0000000000000000,1.0000000000000000
M 0.5747873783111572,0.0000000357691512,0.8183028101921082,-2.5243360996246338,0.0000000000000000,1.0000000000000000,-0.0000000437113883,-0.0000000000980269,-0.8183028101921082,0.0000000251247538,0.5747873783111572,-4.8591747283935547,0.0000000000000000,0.0000000000000000,0.0000000000000000,1.0000000000000000
M 0.6585115194320679,0.0000000328959082,0.7525706291198730,-2.0272381305694580,0.0000000000000000,1.0000000000000000,-0.0000000437113883,-0.0000000000980269,-0.7525706291198730,0.0000000287844522,0.6585115194320679,-4.4688200950622559,0.0000000000000000,0.0000000000000000,0.0000000000000000,1.0000000000000000
M 0.7347744107246399,0.0000000296499323,0.6783115267753601,-1.5744489431381226,0.0000000000000000,1.0000000000000000,-0.0000000437113883,-0.0000000000980269,-0.6783115267753601,0.0000000321180096,0.7347744107246399,-4.0278382301330566,0.0000000000000000,0.0000000000000000,0.0000000000000000,1.0000000000000000
M 0.8027117252349854,0.0000000260680331,0.5963672399520874,-1.1711001396179199,0.0000000000000000,1.0000000000000000,-0.0000000437113883,-0.0000000000980269,-0.5963672399520874,0.0000000350876448,0.8027117252349854,-3.5412285327911377,0.0000000000000000,0.0000000000000000,0.0000000000000000,1.0000000000000000
M 0.8615542650222778,0.0000000221907541,0.5076654553413391,-0.8217577934265137,0.0000000000000000,1.0000000000000000,-0.0000000437113883,-0.0000000000980269,-0.5076654553413391,0.0000000376597313,0.8615542650222778,-3.0144996643066406,0.0000000000000000,0.0000000000000000,0.0000000000000000,1.0000000000000000
M 0.9106348752975464,0.0000000180620710,0.4132120311260223,-0.5303840637207031,0.0000000000000000,1.0000000000000000,-0.0000000437113883,-0.0000000000980269,-0.4132120311260223,0.0000000398051156,0.9106348752975464,-2.4536244869232178,0.0000000000000000,0.0000000000000000,0.0000000000000000,1.0000000000000000
M 0.9493977427482605,0.0000000137287115,0.3140763044357300,-0.3002772331237793,0.0000000000000000,1.0000000000000000,-0.0000000437113883,-0.0000000000980269,-0.3140763044357300,0.0000000414994936,0.9493977427482605,-1.8649529218673706,0.0000000000000000,0.0000000000000000,0.0000000000000000,1.0000000000000000
M 0.9774034023284912,0.0000000092398169,0.2113824486732483,-0.1340467929840088,0.0000000000000000,1.0000000000000000,-0.0000000437113883,-0.0000000000980269,-0.2113824486732483,0.0000000427236593,0.9774034023284912,-1.2551604509353638,0.0000000000000000,0.0000000000000000,0.0000000000000000,1.0000000000000000
M 0.9943348169326782,0.0000000046462385,0.1062935441732407,-0.0335750505328178,0.0000000000000000,1.0000000000000000,-0.0000000437113883,-0.0000000000980269,-0.1062935441732407,0.0000000434637570,0.9943348169326782,-0.6311532855033875,0.0000000000000000,0.0000000000000000,0.0000000000000000,1.0000000000000000
M 1.0000000000000000,-0.0000000000000076,-0.0000001748455531,-0.0000000001051159,0.0000000000000000,1.0000000000000000,-0.0000000437113883,-0.0000000000980269,0.0000001748455531,0.0000000437113883,1.0000000000000000,0.0000010382244682,0.0000000000000000,0.0000000000000000,0.0000000000000000,1.0000000000000000
