O DOOR_31_LCG_il_LINVERT_INTERIOR
A DOOR_31_LCG_il_LINVERT_INTERIOR_DOOR_31_LCG_il_LINVERT_INTERIOR
M 1.0000000000000000,-0.0000000000000070,0.0000000000000002,-0.0000001996756680,-0.0000000000000070,1.0000000000000000,-0.0000000437113847,-0.0000000403590761,0.0000000000000002,0.0000000437113918,1.0000000000000000,-0.0000000787288670,0.0000000000000000,0.0000000000000000,0.0000000000000000,1.0000000000000000
M 0.9999526143074036,-0.0000000022727065,-0.0097337951883674,-0.0123636201024055,0.0000000018381812,1.0000000000000000,-0.0000000446488677,-0.0000000457535947,0.0097337951883674,0.0000000446284112,0.9999526143074036,-0.0343170873820782,0.0000000000000000,0.0000000000000000,0.0000000000000000,1.0000000000000000
M 0.9998068213462830,-0.0000000045891646,-0.0196550171822309,-0.0247425902634859,0.0000000036931667,1.0000000000000000,-0.0000000456223255,-0.0000000512325116,0.0196550171822309,0.0000000455409008,0.9998068213462830,-0.0691875442862511,0.0000000000000000,0.0000000000000000,0.0000000000000000,1.0000000000000000
M 0.9995568990707397,-0.0000000069499815,-0.0297663137316704,-0.0371273905038834,0.0000000055643383,1.0000000000000000,-0.0000000466334988,-0.0000000567967078,0.0297663137316704,0.0000000464473828,0.9995568990707397,-0.1046252474188805,0.0000000000000000,0.0000000000000000,0.0000000000000000,1.0000000000000000
M 0.9991968870162964,-0.0000000093557073,-0.0400699116289616,-0.0495077520608902,0.0000000074510140,1.0000000000000000,-0.0000000476835957,-0.0000000624460981,0.0400699116289616,0.0000000473468056,0.9991968870162964,-0.1406427770853043,0.0000000000000000,0.0000000000000000,0.0000000000000000,1.0000000000000000
M 0.9987520575523376,-0.0000000116512844,-0.0499436520040035,-0.0617369599640369,0.0000000092301420,1.0000000000000000,-0.0000000487079213,-0.0000000678171688,0.0499436520040035,0.0000000481863012,0.9987520575523376,-0.1756483465433121,0.0000000000000000,0.0000000000000000,0.0000000000000000,1.0000000000000000
M 0.9987792968750000,-0.0000000114955885,-0.0493958666920662,-0.0693299323320389,0.0000000091035943,1.0000000000000000,-0.0000000486499339,-0.0000000674541880,0.0493958666920662,0.0000000481409970,0.9987792968750000,-0.1826323717832565,0.0000000000000000,0.0000000000000000,0.0000000000000000,1.0000000000000000
M 0.9989488720893860,-0.0000000105622728,-0.0458382740616798,-0.0751858875155449,0.0000000083581213,1.0000000000000000,-0.0000000482768421,-0.0000000652755574,0.0458382740616798,0.0000000478429421,0.9989488720893860,-0.1809840798377991,0.0000000000000000,0.0000000000000000,0.0000000000000000,1.0000000000000000
M 0.9991046786308289,-0.0000000096357589,-0.0423063859343529,-0.0810430720448494,0.0000000076157036,1.0000000000000000,-0.0000000479090438,-0.0000000631106616,0.0423063859343529,0.0000000475438995,0.9991046786308289,-0.1794120669364929,0.0000000000000000,0.0000000000000000,0.0000000000000000,1.0000000000000000
M 0.9992469549179077,-0.0000000087160785,-0.0388004742562771,-0.0869027823209763,0.0000000068764119,1.0000000000000000,-0.0000000475466599,-0.0000000609598416,0.0388004742562771,0.0000000472438018,0.9992469549179077,-0.1779167056083679,0.0000000000000000,0.0000000000000000,0.0000000000000000,1.0000000000000000
M 0.9993760585784912,-0.0000000078030453,-0.0353201627731323,-0.0927652493119240,0.0000000061401475,1.0000000000000000,-0.0000000471892498,-0.0000000588223301,0.0353201627731323,0.0000000469430361,0.9993760585784912,-0.1764965653419495,0.0000000000000000,0.0000000000000000,0.0000000000000000,1.0000000000000000
M 0.9994921684265137,-0.0000000068967010,-0.0318651981651783,-0.0986306294798851,0.0000000054069531,1.0000000000000000,-0.0000000468372825,-0.0000000566987524,0.0318651981651783,0.0000000466410981,0.9994921684265137,-0.1751508116722107,0.0000000000000000,0.0000000000000000,0.0000000000000000,1.0000000000000000
M 0.9995956420898438,-0.0000000059970366,-0.0284356363117695,-0.1044997125864029,0.0000000046769415,1.0000000000000000,-0.0000000464901682,0.0000000050159699,0.0284356363117695,0.0000000463385987,0.9995956420898438,-0.1738793402910233,0.0000000000000000,0.0000000000000000,0.0000000000000000,1.0000000000000000
M 0.9996866583824158,-0.0000000051040545,-0.0250311326235533,-0.1103722825646400,0.0000000039501273,1.0000000000000000,-0.0000000461484753,0.0000000071118009,0.0250311326235533,0.0000000460349128,0.9996866583824158,-0.1726808995008469,0.0000000000000000,0.0000000000000000,0.0000000000000000,1.0000000000000000
M 0.9997655749320984,-0.0000000042175303,-0.0216516014188528,-0.1162494421005249,0.0000000032263969,1.0000000000000000,-0.0000000458114435,-0.0000000504100015,0.0216516014188528,0.0000000457308005,0.9997655749320984,-0.1715551465749741,0.0000000000000000,0.0000000000000000,0.0000000000000000,1.0000000000000000
M 0.9998993873596191,-0.0000000029060050,-0.0141832120716572,-0.1186231896281242,0.0000000022668516,1.0000000000000000,-0.0000000450805082,-0.0000000472845372,0.0141832120716572,0.0000000450431017,0.9998993873596191,-0.1559772342443466,0.0000000000000000,0.0000000000000000,0.0000000000000000,1.0000000000000000
M 0.9999834299087524,-0.0000000014988772,-0.0057537080720067,-0.1200606748461723,0.0000000012442101,1.0000000000000000,-0.0000000442642722,-0.0000000439058212,0.0057537080720067,0.0000000442552128,0.9999834299087524,-0.1369889527559280,0.0000000000000000,0.0000000000000000,0.0000000000000000,1.0000000000000000
M 0.9999982118606567,-0.0000000008686220,-0.0018935613334179,-0.1271948218345642,0.0000000007854979,1.0000000000000000,-0.0000000438922534,-0.0000000423827444,0.0018935613334179,0.0000000438916139,0.9999982118606567,-0.1285132020711899,0.0000000000000000,0.0000000000000000,0.0000000000000000,1.0000000000000000
M 0.9999987483024597,-0.0000000008435111,-0.0015912442468107,-0.1388545334339142,0.0000000007737029,1.0000000000000000,-0.0000000438620340,-0.0000000423171116,0.0015912442468107,0.0000000438641941,0.9999987483024597,-0.1281719803810120,0.0000000000000000,0.0000000000000000,0.0000000000000000,1.0000000000000000
M 0.9999991655349731,-0.0000000008183051,-0.0012889635981992,-0.1505142897367477,0.0000000007617942,1.0000000000000000,-0.0000000438353673,-0.0000000422557704,0.0012889635981992,0.0000000438332250,0.9999991655349731,-0.1278309673070908,0.0000000000000000,0.0000000000000000,0.0000000000000000,1.0000000000000000
M 0.9999997019767761,-0.0000000007842487,-0.0007951380684972,-0.1619322001934052,0.0000000007494309,1.0000000000000000,-0.0000000437831638,-0.0000000421606927,0.0007951380684972,0.0000000437912604,0.9999997019767761,-0.1268143504858017,0.0000000000000000,0.0000000000000000,0.0000000000000000,1.0000000000000000
M 1.0000000000000000,-0.0000000007460720,-0.0002126288745785,-0.1732376813888550,0.0000000007367690,1.0000000000000000,-0.0000000437113847,-0.0000000420398507,0.0002126288745785,0.0000000437519461,1.0000000000000000,-0.1254851371049881,0.0000000000000000,0.0000000000000000,0.0000000000000000,1.0000000000000000
M 1.0000000000000000,-0.0000000007262385,0.0000000003631160,-0.1850163489580154,0.0000000007262245,1.0000000000000000,-0.0000000437113847,-0.0000000420157775,-0.0000000003631156,0.0000000437113918,1.0000000000000000,-0.1250000745058060,0.0000000000000000,0.0000000000000000,0.0000000000000000,1.0000000000000000
M 1.0000000000000000,-0.0000000007168309,0.0000000003584122,-0.1970674544572830,0.0000000007168169,1.0000000000000000,-0.0000000437113847,-0.0000000419943191,-0.0000000003584118,0.0000000437113918,1.0000000000000000,-0.1250000745058060,0.0000000000000000,0.0000000000000000,0.0000000000000000,1.0000000000000000
M 1.0000000000000000,-0.0000000007074802,0.0000000003537369,-0.2091185599565506,0.0000000007074662,1.0000000000000000,-0.0000000437113847,-0.0000000419730029,-0.0000000003537364,0.0000000437113918,1.0000000000000000,-0.1250000745058060,0.0000000000000000,0.0000000000000000,0.0000000000000000,1.0000000000000000
M 1.0000000000000000,-0.0000000006981437,0.0000000003490686,-0.2211696654558182,0.0000000006981297,1.0000000000000000,-0.0000000437113847,-0.0000000419516866,-0.0000000003490681,0.0000000437113918,1.0000000000000000,-0.1250000745058060,0.0000000000000000,0.0000000000000000,0.0000000000000000,1.0000000000000000
M 1.0000000000000000,-0.0000000006887929,0.0000000003443932,-0.2332207709550858,0.0000000006887789,1.0000000000000000,-0.0000000437113847,-0.0000000419303703,-0.0000000003443928,0.0000000437113918,1.0000000000000000,-0.1250000745058060,0.0000000000000000,0.0000000000000000,0.0000000000000000,1.0000000000000000
M 1.0000000000000000,-0.0000000006794990,0.0000000003397463,-0.2452716380357742,0.0000000006794850,1.0000000000000000,-0.0000000437113847,-0.0000000419091677,-0.0000000003397458,0.0000000437113918,1.0000000000000000,-0.1250000745058060,0.0000000000000000,0.0000000000000000,0.0000000000000000,1.0000000000000000
M 1.0000000000000000,-0.0000000006701341,0.0000000003350638,-0.2573227584362030,0.0000000006701201,1.0000000000000000,-0.0000000437113847,-0.0000000418877946,-0.0000000003350633,0.0000000437113918,1.0000000000000000,-0.1250000745058060,0.0000000000000000,0.0000000000000000,0.0000000000000000,1.0000000000000000
M 1.0000000000000000,-0.0000000006608259,0.0000000003304098,-0.2693738639354706,0.0000000006608120,1.0000000000000000,-0.0000000437113847,-0.0000000418665635,-0.0000000003304093,0.0000000437113918,1.0000000000000000,-0.1250000745058060,0.0000000000000000,0.0000000000000000,0.0000000000000000,1.0000000000000000
M 1.0000000000000000,-0.0000000006514752,0.0000000003257344,-0.2814249694347382,0.0000000006514612,1.0000000000000000,-0.0000000437113847,-0.0000000418452473,-0.0000000003257339,0.0000000437113918,1.0000000000000000,-0.1250000745058060,0.0000000000000000,0.0000000000000000,0.0000000000000000,1.0000000000000000
M 1.0000000000000000,-0.0000000006421245,0.0000000003210590,-0.2934760749340057,0.0000000006421105,1.0000000000000000,-0.0000000437113847,-0.0000000418239026,-0.0000000003210585,0.0000000437113918,1.0000000000000000,-0.1250000745058060,0.0000000000000000,0.0000000000000000,0.0000000000000000,1.0000000000000000
M 1.0000000000000000,-0.0000000006328021,0.0000000003163979,-0.3055270612239838,0.0000000006327882,1.0000000000000000,-0.0000000437113847,-0.0000000418026431,-0.0000000003163974,0.0000000437113918,1.0000000000000000,-0.1250000745058060,0.0000000000000000,0.0000000000000000,0.0000000000000000,1.0000000000000000
M 1.0000000000000000,-0.0000000006234656,0.0000000003117296,-0.3175781667232513,0.0000000006234516,1.0000000000000000,-0.0000000437113847,-0.0000000417813268,-0.0000000003117291,0.0000000437113918,1.0000000000000000,-0.1250000745058060,0.0000000000000000,0.0000000000000000,0.0000000000000000,1.0000000000000000
M 1.0000000000000000,-0.0000000006141291,0.0000000003070613,-0.3296292722225189,0.0000000006141151,1.0000000000000000,-0.0000000437113847,-0.0000000417600390,-0.0000000003070608,0.0000000437113918,1.0000000000000000,-0.1250000745058060,0.0000000000000000,0.0000000000000000,0.0000000000000000,1.0000000000000000
M 1.0000000000000000,-0.0000000006048352,0.0000000003024143,-0.3416802585124969,0.0000000006048212,1.0000000000000000,-0.0000000437113847,-0.0000000417388364,-0.0000000003024139,0.0000000437113918,1.0000000000000000,-0.1250000745058060,0.0000000000000000,0.0000000000000000,0.0000000000000000,1.0000000000000000
M 1.0000000000000000,-0.0000000005954418,0.0000000002977177,-0.3537313640117645,0.0000000005954278,1.0000000000000000,-0.0000000437113847,-0.0000000417174064,-0.0000000002977172,0.0000000437113918,1.0000000000000000,-0.1250000745058060,0.0000000000000000,0.0000000000000000,0.0000000000000000,1.0000000000000000
M 1.0000000000000000,-0.0000000005861053,0.0000000002930494,-0.3657824695110321,0.0000000005860913,1.0000000000000000,-0.0000000437113847,-0.0000000416961186,-0.0000000002930489,0.0000000437113918,1.0000000000000000,-0.1250000745058060,0.0000000000000000,0.0000000000000000,0.0000000000000000,1.0000000000000000
M 1.0000000000000000,-0.0000000005767830,0.0000000002883882,-0.3778335750102997,0.0000000005767690,1.0000000000000000,-0.0000000437113847,-0.0000000416748307,-0.0000000002883878,0.0000000437113918,1.0000000000000000,-0.1250000745058060,0.0000000000000000,0.0000000000000000,0.0000000000000000,1.0000000000000000
M 1.0000000000000000,-0.0000000005674322,0.0000000002837129,-0.3898846805095673,0.0000000005674182,1.0000000000000000,-0.0000000437113847,-0.0000000416535144,-0.0000000002837124,0.0000000437113918,1.0000000000000000,-0.1250000745058060,0.0000000000000000,0.0000000000000000,0.0000000000000000,1.0000000000000000
M 1.0000000000000000,-0.0000000005581241,0.0000000002790588,-0.4019357860088348,0.0000000005581101,1.0000000000000000,-0.0000000437113847,-0.0000000416322834,-0.0000000002790584,0.0000000437113918,1.0000000000000000,-0.1250000745058060,0.0000000000000000,0.0000000000000000,0.0000000000000000,1.0000000000000000
M 1.0000000000000000,-0.0000000005487876,0.0000000002743905,-0.4139867722988129,0.0000000005487736,1.0000000000000000,-0.0000000437113847,-0.0000000416109671,-0.0000000002743901,0.0000000437113918,1.0000000000000000,-0.1250000745058060,0.0000000000000000,0.0000000000000000,0.0000000000000000,1.0000000000000000
M 1.0000000000000000,-0.0000000005394653,0.0000000002697294,-0.4260378777980804,0.0000000005394513,1.0000000000000000,-0.0000000437113847,-0.0000000415897077,-0.0000000002697289,0.0000000437113918,1.0000000000000000,-0.1250000745058060,0.0000000000000000,0.0000000000000000,0.0000000000000000,1.0000000000000000
M 1.0000000000000000,-0.0000000005301429,0.0000000002650682,-0.4380889832973480,0.0000000005301289,1.0000000000000000,-0.0000000437113847,-0.0000000415684482,-0.0000000002650678,0.0000000437113918,1.0000000000000000,-0.1250000745058060,0.0000000000000000,0.0000000000000000,0.0000000000000000,1.0000000000000000
M 1.0000000000000000,-0.0000000005208348,0.0000000002604142,-0.4501399695873260,0.0000000005208208,1.0000000000000000,-0.0000000437113847,-0.0000000415472172,-0.0000000002604137,0.0000000437113918,1.0000000000000000,-0.1250000745058060,0.0000000000000000,0.0000000000000000,0.0000000000000000,1.0000000000000000
M 1.0000000000000000,-0.0000000005114983,0.0000000002557459,-0.4621910750865936,0.0000000005114843,1.0000000000000000,-0.0000000437113847,-0.0000000415259009,-0.0000000002557455,0.0000000437113918,1.0000000000000000,-0.1250000745058060,0.0000000000000000,0.0000000000000000,0.0000000000000000,1.0000000000000000
M 1.0000000000000000,-0.0000000005021760,0.0000000002510847,-0.4742421805858612,0.0000000005021620,1.0000000000000000,-0.0000000437113847,-0.0000000415046415,-0.0000000002510843,0.0000000437113918,1.0000000000000000,-0.1250000745058060,0.0000000000000000,0.0000000000000000,0.0000000000000000,1.0000000000000000
M 1.0000000000000000,-0.0000000004928536,0.0000000002464236,-0.4862932860851288,0.0000000004928397,1.0000000000000000,-0.0000000437113847,-0.0000000414833821,-0.0000000002464231,0.0000000437113918,1.0000000000000000,-0.1250000745058060,0.0000000000000000,0.0000000000000000,0.0000000000000000,1.0000000000000000
M 1.0000000000000000,-0.0000000004835171,0.0000000002417553,-0.4983443915843964,0.0000000004835031,1.0000000000000000,-0.0000000437113847,-0.0000000414620942,-0.0000000002417549,0.0000000437113918,1.0000000000000000,-0.1250000745058060,0.0000000000000000,0.0000000000000000,0.0000000000000000,1.0000000000000000
M 1.0000000000000000,-0.0000000004741664,0.0000000002370799,-0.5103954672813416,0.0000000004741524,1.0000000000000000,-0.0000000437113847,-0.0000000414407495,-0.0000000002370795,0.0000000437113918,1.0000000000000000,-0.1250000745058060,0.0000000000000000,0.0000000000000000,0.0000000000000000,1.0000000000000000
M 1.0000000000000000,-0.0000000004649009,0.0000000002324472,-0.5224465727806091,0.0000000004648869,1.0000000000000000,-0.0000000437113847,-0.0000000414196037,-0.0000000002324468,0.0000000437113918,1.0000000000000000,-0.1250000745058060,0.0000000000000000,0.0000000000000000,0.0000000000000000,1.0000000000000000
M 1.0000000000000000,-0.0000000004555644,0.0000000002277789,-0.5344974398612976,0.0000000004555503,1.0000000000000000,-0.0000000437113847,-0.0000000413983159,-0.0000000002277785,0.0000000437113918,1.0000000000000000,-0.1250000745058060,0.0000000000000000,0.0000000000000000,0.0000000000000000,1.0000000000000000
M 1.0000000000000000,-0.0000000004462420,0.0000000002231178,-0.5465485453605652,0.0000000004462280,1.0000000000000000,-0.0000000437113847,-0.0000000413770564,-0.0000000002231173,0.0000000437113918,1.0000000000000000,-0.1250000745058060,0.0000000000000000,0.0000000000000000,0.0000000000000000,1.0000000000000000
M 1.0000000000000000,-0.0000000004369339,0.0000000002184637,-0.5585996508598328,0.0000000004369199,1.0000000000000000,-0.0000000437113847,-0.0000000413558254,-0.0000000002184633,0.0000000437113918,1.0000000000000000,-0.1250000745058060,0.0000000000000000,0.0000000000000000,0.0000000000000000,1.0000000000000000
M 1.0000000000000000,-0.0000000004276116,0.0000000002138025,-0.5706507563591003,0.0000000004275976,1.0000000000000000,-0.0000000437113847,-0.0000000413345376,-0.0000000002138021,0.0000000437113918,1.0000000000000000,-0.1250000745058060,0.0000000000000000,0.0000000000000000,0.0000000000000000,1.0000000000000000
M 1.0000000000000000,-0.0000000004182751,0.0000000002091343,-0.5827018618583679,0.0000000004182611,1.0000000000000000,-0.0000000437113847,-0.0000000413132497,-0.0000000002091338,0.0000000437113918,1.0000000000000000,-0.1250000745058060,0.0000000000000000,0.0000000000000000,0.0000000000000000,1.0000000000000000
M 1.0000000000000000,-0.0000000004089670,0.0000000002044802,-0.5947529673576355,0.0000000004089530,1.0000000000000000,-0.0000000437113847,-0.0000000412920187,-0.0000000002044798,0.0000000437113918,1.0000000000000000,-0.1250000745058060,0.0000000000000000,0.0000000000000000,0.0000000000000000,1.0000000000000000
M 1.0000000000000000,-0.0000000003996731,0.0000000001998333,-0.6068040728569031,0.0000000003996591,1.0000000000000000,-0.0000000437113847,-0.0000000412708161,-0.0000000001998328,0.0000000437113918,1.0000000000000000,-0.1250000745058060,0.0000000000000000,0.0000000000000000,0.0000000000000000,1.0000000000000000
M 1.0000000000000000,-0.0000000003903365,0.0000000001951650,-0.6188551783561707,0.0000000003903225,1.0000000000000000,-0.0000000437113847,-0.0000000412494998,-0.0000000001951646,0.0000000437113918,1.0000000000000000,-0.1250000745058060,0.0000000000000000,0.0000000000000000,0.0000000000000000,1.0000000000000000
M 1.0000000000000000,-0.0000000003810569,0.0000000001905252,-0.6309060454368591,0.0000000003810428,1.0000000000000000,-0.0000000437113847,-0.0000000412283541,-0.0000000001905247,0.0000000437113918,1.0000000000000000,-0.1250000745058060,0.0000000000000000,0.0000000000000000,0.0000000000000000,1.0000000000000000
M 1.0000000000000000,-0.0000000003717487,0.0000000001858711,-0.6429571509361267,0.0000000003717347,1.0000000000000000,-0.0000000437113847,-0.0000000412071230,-0.0000000001858707,0.0000000437113918,1.0000000000000000,-0.1250000745058060,0.0000000000000000,0.0000000000000000,0.0000000000000000,1.0000000000000000
M 1.0000000000000000,-0.0000000003624122,0.0000000001812028,-0.6550082564353943,0.0000000003623982,1.0000000000000000,-0.0000000437113847,-0.0000000411858068,-0.0000000001812024,0.0000000437113918,1.0000000000000000,-0.1250000745058060,0.0000000000000000,0.0000000000000000,0.0000000000000000,1.0000000000000000
M 1.0000000000000000,-0.0000000003531183,0.0000000001765559,-0.6670593619346619,0.0000000003531043,1.0000000000000000,-0.0000000437113847,-0.0000000411646042,-0.0000000001765555,0.0000000437113918,1.0000000000000000,-0.1250000745058060,0.0000000000000000,0.0000000000000000,0.0000000000000000,1.0000000000000000
M 1.0000000000000000,-0.0000000003437960,0.0000000001718947,-0.6791104674339294,0.0000000003437820,1.0000000000000000,-0.0000000437113847,-0.0000000411433447,-0.0000000001718943,0.0000000437113918,1.0000000000000000,-0.1250000745058060,0.0000000000000000,0.0000000000000000,0.0000000000000000,1.0000000000000000
M 1.0000000000000000,-0.0000000003344737,0.0000000001672336,-0.6911615729331970,0.0000000003344597,1.0000000000000000,-0.0000000437113847,-0.0000000411220853,-0.0000000001672331,0.0000000437113918,1.0000000000000000,-0.1250000745058060,0.0000000000000000,0.0000000000000000,0.0000000000000000,1.0000000000000000
M 1.0000000000000000,-0.0000000003251656,0.0000000001625795,-0.7032126784324646,0.0000000003251515,1.0000000000000000,-0.0000000437113847,-0.0000000411008543,-0.0000000001625791,0.0000000437113918,1.0000000000000000,-0.1250000745058060,0.0000000000000000,0.0000000000000000,0.0000000000000000,1.0000000000000000
M 1.0000000000000000,-0.0000000003158575,0.0000000001579255,-0.7152637839317322,0.0000000003158434,1.0000000000000000,-0.0000000437113847,-0.0000000410795948,-0.0000000001579250,0.0000000437113918,1.0000000000000000,-0.1250000745058060,0.0000000000000000,0.0000000000000000,0.0000000000000000,1.0000000000000000
M 1.0000000000000000,-0.0000000003066204,0.0000000001533069,-0.7273146510124207,0.0000000003066064,1.0000000000000000,-0.0000000437113847,-0.0000000410585344,-0.0000000001533065,0.0000000437113918,1.0000000000000000,-0.1250000745058060,0.0000000000000000,0.0000000000000000,0.0000000000000000,1.0000000000000000
M 1.0000000000000000,-0.0000000002972697,0.0000000001486316,-0.7393657565116882,0.0000000002972556,1.0000000000000000,-0.0000000437113847,-0.0000000410371896,-0.0000000001486311,0.0000000437113918,1.0000000000000000,-0.1250000745058060,0.0000000000000000,0.0000000000000000,0.0000000000000000,1.0000000000000000
M 1.0000000000000000,-0.0000000002879758,0.0000000001439846,-0.7514168620109558,0.0000000002879617,1.0000000000000000,-0.0000000437113847,-0.0000000410160155,-0.0000000001439842,0.0000000437113918,1.0000000000000000,-0.1250000745058060,0.0000000000000000,0.0000000000000000,0.0000000000000000,1.0000000000000000
M 1.0000000000000000,-0.0000000002786534,0.0000000001393234,-0.7634679675102234,0.0000000002786394,1.0000000000000000,-0.0000000437113847,-0.0000000409947276,-0.0000000001393230,0.0000000437113918,1.0000000000000000,-0.1250000745058060,0.0000000000000000,0.0000000000000000,0.0000000000000000,1.0000000000000000
M 1.0000000000000000,-0.0000000002693737,0.0000000001346836,-0.7755190730094910,0.0000000002693597,1.0000000000000000,-0.0000000437113847,-0.0000000409735534,-0.0000000001346832,0.0000000437113918,1.0000000000000000,-0.1250000745058060,0.0000000000000000,0.0000000000000000,0.0000000000000000,1.0000000000000000
M 1.0000000000000000,-0.0000000002600514,0.0000000001300224,-0.7875701785087585,0.0000000002600374,1.0000000000000000,-0.0000000437113847,-0.0000000409522940,-0.0000000001300220,0.0000000437113918,1.0000000000000000,-0.1250000745058060,0.0000000000000000,0.0000000000000000,0.0000000000000000,1.0000000000000000
M 1.0000000000000000,-0.0000000002507717,0.0000000001253826,-0.7996212840080261,0.0000000002507577,1.0000000000000000,-0.0000000437113847,-0.0000000409311198,-0.0000000001253822,0.0000000437113918,1.0000000000000000,-0.1250000745058060,0.0000000000000000,0.0000000000000000,0.0000000000000000,1.0000000000000000
M 1.0000000000000000,-0.0000000002414494,0.0000000001207214,-0.8116723895072937,0.0000000002414354,1.0000000000000000,-0.0000000437113847,-0.0000000409098604,-0.0000000001207210,0.0000000437113918,1.0000000000000000,-0.1250000745058060,0.0000000000000000,0.0000000000000000,0.0000000000000000,1.0000000000000000
M 1.0000000000000000,-0.0000000002321982,0.0000000001160958,-0.8237232565879822,0.0000000002321841,1.0000000000000000,-0.0000000437113847,-0.0000000408887715,-0.0000000001160954,0.0000000437113918,1.0000000000000000,-0.1250000745058060,0.0000000000000000,0.0000000000000000,0.0000000000000000,1.0000000000000000
M 1.0000000000000000,-0.0000000002228758,0.0000000001114346,-0.8357743620872498,0.0000000002228618,1.0000000000000000,-0.0000000437113847,-0.0000000408674836,-0.0000000001114342,0.0000000437113918,1.0000000000000000,-0.1250000745058060,0.0000000000000000,0.0000000000000000,0.0000000000000000,1.0000000000000000
M 1.0000000000000000,-0.0000000002135677,0.0000000001067806,-0.8478254675865173,0.0000000002135537,1.0000000000000000,-0.0000000437113847,-0.0000000408462526,-0.0000000001067802,0.0000000437113918,1.0000000000000000,-0.1250000745058060,0.0000000000000000,0.0000000000000000,0.0000000000000000,1.0000000000000000
M 1.0000000000000000,-0.0000000002042880,0.0000000001021407,-0.8598765730857849,0.0000000002042740,1.0000000000000000,-0.0000000437113847,-0.0000000408250784,-0.0000000001021403,0.0000000437113918,1.0000000000000000,-0.1250000745058060,0.0000000000000000,0.0000000000000000,0.0000000000000000,1.0000000000000000
M 1.0000000000000000,-0.0000000001949799,0.0000000000974867,-0.8719276785850525,0.0000000001949659,1.0000000000000000,-0.0000000437113847,-0.0000000408038474,-0.0000000000974863,0.0000000437113918,1.0000000000000000,-0.1250000745058060,0.0000000000000000,0.0000000000000000,0.0000000000000000,1.0000000000000000
M 1.0000000000000000,-0.0000000001856860,0.0000000000928397,-0.8839787840843201,0.0000000001856720,1.0000000000000000,-0.0000000437113847,-0.0000000407826448,-0.0000000000928393,0.0000000437113918,1.0000000000000000,-0.1250000745058060,0.0000000000000000,0.0000000000000000,0.0000000000000000,1.0000000000000000
M 1.0000000000000000,-0.0000000001763921,0.0000000000881928,-0.8960298895835876,0.0000000001763781,1.0000000000000000,-0.0000000437113847,-0.0000000407614422,-0.0000000000881924,0.0000000437113918,1.0000000000000000,-0.1250000745058060,0.0000000000000000,0.0000000000000000,0.0000000000000000,1.0000000000000000
M 1.0000000000000000,-0.0000000001671124,0.0000000000835529,-0.9080807566642761,0.0000000001670984,1.0000000000000000,-0.0000000437113847,-0.0000000407402680,-0.0000000000835525,0.0000000437113918,1.0000000000000000,-0.1250000745058060,0.0000000000000000,0.0000000000000000,0.0000000000000000,1.0000000000000000
M 1.0000000000000000,-0.0000000001578185,0.0000000000789060,-0.9201318621635437,0.0000000001578045,1.0000000000000000,-0.0000000437113847,-0.0000000407190939,-0.0000000000789056,0.0000000437113918,1.0000000000000000,-0.1250000745058060,0.0000000000000000,0.0000000000000000,0.0000000000000000,1.0000000000000000
M 1.0000000000000000,-0.0000000001485247,0.0000000000742590,-0.9321829676628113,0.0000000001485106,1.0000000000000000,-0.0000000437113847,-0.0000000406978913,-0.0000000000742586,0.0000000437113918,1.0000000000000000,-0.1250000745058060,0.0000000000000000,0.0000000000000000,0.0000000000000000,1.0000000000000000
M 1.0000000000000000,-0.0000000001392308,0.0000000000696121,-0.9442340731620789,0.0000000001392167,1.0000000000000000,-0.0000000437113847,-0.0000000406766887,-0.0000000000696117,0.0000000437113918,1.0000000000000000,-0.1250000745058060,0.0000000000000000,0.0000000000000000,0.0000000000000000,1.0000000000000000
M 1.0000000000000000,-0.0000000001299511,0.0000000000649722,-0.9562851786613464,0.0000000001299370,1.0000000000000000,-0.0000000437113847,-0.0000000406555145,-0.0000000000649718,0.0000000437113918,1.0000000000000000,-0.1250000745058060,0.0000000000000000,0.0000000000000000,0.0000000000000000,1.0000000000000000
M 1.0000000000000000,-0.0000000001206714,0.0000000000603324,-0.9683362841606140,0.0000000001206574,1.0000000000000000,-0.0000000437113847,-0.0000000406343403,-0.0000000000603320,0.0000000437113918,1.0000000000000000,-0.1250000745058060,0.0000000000000000,0.0000000000000000,0.0000000000000000,1.0000000000000000
M 1.0000000000000000,-0.0000000001114059,0.0000000000556996,-0.9803871512413025,0.0000000001113919,1.0000000000000000,-0.0000000437113847,-0.0000000406131946,-0.0000000000556993,0.0000000437113918,1.0000000000000000,-0.1250000745058060,0.0000000000000000,0.0000000000000000,0.0000000000000000,1.0000000000000000
M 1.0000000000000000,-0.0000000001020978,0.0000000000510456,-0.9924384951591492,0.0000000001020838,1.0000000000000000,-0.0000000437113847,-0.0000000405919636,-0.0000000000510452,0.0000000437113918,1.0000000000000000,-0.1250000745058060,0.0000000000000000,0.0000000000000000,0.0000000000000000,1.0000000000000000
M 1.0000000000000000,-0.0000000000927897,0.0000000000463915,-1.0044894218444824,0.0000000000927757,1.0000000000000000,-0.0000000437113847,-0.0000000405707326,-0.0000000000463911,0.0000000437113918,1.0000000000000000,-0.1250000745058060,0.0000000000000000,0.0000000000000000,0.0000000000000000,1.0000000000000000
M 1.0000000000000000,-0.0000000000835384,0.0000000000417659,-1.0165406465530396,0.0000000000835244,1.0000000000000000,-0.0000000437113847,-0.0000000405496152,-0.0000000000417655,0.0000000437113918,1.0000000000000000,-0.1250000745058060,0.0000000000000000,0.0000000000000000,0.0000000000000000,1.0000000000000000
M 1.0000000000000000,-0.0000000000742303,0.0000000000371118,-1.0285916328430176,0.0000000000742163,1.0000000000000000,-0.0000000437113847,-0.0000000405283842,-0.0000000000371115,0.0000000437113918,1.0000000000000000,-0.1250000745058060,0.0000000000000000,0.0000000000000000,0.0000000000000000,1.0000000000000000
M 1.0000000000000000,-0.0000000000649932,0.0000000000324933,-1.0406427383422852,0.0000000000649792,1.0000000000000000,-0.0000000437113847,-0.0000000405073237,-0.0000000000324929,0.0000000437113918,1.0000000000000000,-0.1250000745058060,0.0000000000000000,0.0000000000000000,0.0000000000000000,1.0000000000000000
M 1.0000000000000000,-0.0000000000556425,0.0000000000278179,-1.0526938438415527,0.0000000000556285,1.0000000000000000,-0.0000000437113847,-0.0000000404859790,-0.0000000000278176,0.0000000437113918,1.0000000000000000,-0.1250000745058060,0.0000000000000000,0.0000000000000000,0.0000000000000000,1.0000000000000000
M 1.0000000000000000,-0.0000000000464339,0.0000000000232136,-1.0647448301315308,0.0000000000464199,1.0000000000000000,-0.0000000437113847,-0.0000000404649754,-0.0000000000232132,0.0000000437113918,1.0000000000000000,-0.1250000745058060,0.0000000000000000,0.0000000000000000,0.0000000000000000,1.0000000000000000
M 1.0000000000000000,-0.0000000000370973,0.0000000000185454,-1.0767960548400879,0.0000000000370833,1.0000000000000000,-0.0000000437113847,-0.0000000404436875,-0.0000000000185450,0.0000000437113918,1.0000000000000000,-0.1250000745058060,0.0000000000000000,0.0000000000000000,0.0000000000000000,1.0000000000000000
M 1.0000000000000000,-0.0000000000278745,0.0000000000139339,-1.0888470411300659,0.0000000000278605,1.0000000000000000,-0.0000000437113847,-0.0000000404226554,-0.0000000000139336,0.0000000437113918,1.0000000000000000,-0.1250000745058060,0.0000000000000000,0.0000000000000000,0.0000000000000000,1.0000000000000000
M 1.0000000000000000,-0.0000000000185522,0.0000000000092728,-1.1008981466293335,0.0000000000185382,1.0000000000000000,-0.0000000437113847,-0.0000000404013676,-0.0000000000092724,0.0000000437113918,1.0000000000000000,-0.1250000745058060,0.0000000000000000,0.0000000000000000,0.0000000000000000,1.0000000000000000
M 1.0000000000000000,-0.0000000000093009,0.0000000000046471,-1.1129491329193115,0.0000000000092869,1.0000000000000000,-0.0000000437113847,-0.0000000403802787,-0.0000000000046468,0.0000000437113918,1.0000000000000000,-0.1250000745058060,0.0000000000000000,0.0000000000000000,0.0000000000000000,1.0000000000000000
M 1.0000000000000000,-0.0000000000000070,0.0000000000000002,-1.1250002384185791,-0.0000000000000070,1.0000000000000000,-0.0000000437113847,-0.0000000403590761,0.0000000000000002,0.0000000437113918,1.0000000000000000,-0.1250000745058060,0.0000000000000000,0.0000000000000000,0.0000000000000000,1.0000000000000000
O WIDGET_35_CG_displays_HIDE
A WIDGET_35_CG_displays_HIDE_WIDGET_35_CG_displays_HIDE
M 1.0000000000000000,-0.0000000000000070,0.0000000000000002,-0.0000001996756680,-0.0000000000000070,1.0000000000000000,-0.0000000437113847,-0.0000000403590761,0.0000000000000002,0.0000000437113918,1.0000000000000000,-0.0000000787288670,0.0000000000000000,0.0000000000000000,0.0000000000000000,1.0000000000000000
M 0.9999526143074036,-0.0000000022727065,-0.0097337951883674,-0.0123636201024055,0.0000000018381812,1.0000000000000000,-0.0000000446488677,-0.0000000457535947,0.0097337951883674,0.0000000446284112,0.9999526143074036,-0.0343170873820782,0.0000000000000000,0.0000000000000000,0.0000000000000000,1.0000000000000000
M 0.9998068213462830,-0.0000000045891646,-0.0196550171822309,-0.0247425902634859,0.0000000036931667,1.0000000000000000,-0.0000000456223255,-0.0000000512325116,0.0196550171822309,0.0000000455409008,0.9998068213462830,-0.0691875442862511,0.0000000000000000,0.0000000000000000,0.0000000000000000,1.0000000000000000
M 0.9995568990707397,-0.0000000069499815,-0.0297663137316704,-0.0371273905038834,0.0000000055643383,1.0000000000000000,-0.0000000466334988,-0.0000000567967078,0.0297663137316704,0.0000000464473828,0.9995568990707397,-0.1046252474188805,0.0000000000000000,0.0000000000000000,0.0000000000000000,1.0000000000000000
M 0.9991968870162964,-0.0000000093557073,-0.0400699116289616,-0.0495077520608902,0.0000000074510140,1.0000000000000000,-0.0000000476835957,-0.0000000624460981,0.0400699116289616,0.0000000473468056,0.9991968870162964,-0.1406427770853043,0.0000000000000000,0.0000000000000000,0.0000000000000000,1.0000000000000000
M 0.9987520575523376,-0.0000000116512844,-0.0499436520040035,-0.0617369599640369,0.0000000092301420,1.0000000000000000,-0.0000000487079213,-0.0000000678171688,0.0499436520040035,0.0000000481863012,0.9987520575523376,-0.1756483465433121,0.0000000000000000,0.0000000000000000,0.0000000000000000,1.0000000000000000
M 0.9987792968750000,-0.0000000114955885,-0.0493958666920662,-0.0693299323320389,0.0000000091035943,1.0000000000000000,-0.0000000486499339,-0.0000000674541880,0.0493958666920662,0.0000000481409970,0.9987792968750000,-0.1826323717832565,0.0000000000000000,0.0000000000000000,0.0000000000000000,1.0000000000000000
M 0.9989488720893860,-0.0000000105622728,-0.0458382740616798,-0.0751858875155449,0.0000000083581213,1.0000000000000000,-0.0000000482768421,-0.0000000652755574,0.0458382740616798,0.0000000478429421,0.9989488720893860,-0.1809840798377991,0.0000000000000000,0.0000000000000000,0.0000000000000000,1.0000000000000000
M 0.9991046786308289,-0.0000000096357589,-0.0423063859343529,-0.0810430720448494,0.0000000076157036,1.0000000000000000,-0.0000000479090438,-0.0000000631106616,0.0423063859343529,0.0000000475438995,0.9991046786308289,-0.1794120669364929,0.0000000000000000,0.0000000000000000,0.0000000000000000,1.0000000000000000
M 0.9992469549179077,-0.0000000087160785,-0.0388004742562771,-0.0869027823209763,0.0000000068764119,1.0000000000000000,-0.0000000475466599,-0.0000000609598416,0.0388004742562771,0.0000000472438018,0.9992469549179077,-0.1779167056083679,0.0000000000000000,0.0000000000000000,0.0000000000000000,1.0000000000000000
M 0.9993760585784912,-0.0000000078030453,-0.0353201627731323,-0.0927652493119240,0.0000000061401475,1.0000000000000000,-0.0000000471892498,-0.0000000588223301,0.0353201627731323,0.0000000469430361,0.9993760585784912,-0.1764965653419495,0.0000000000000000,0.0000000000000000,0.0000000000000000,1.0000000000000000
M 0.9994921684265137,-0.0000000068967010,-0.0318651981651783,-0.0986306294798851,0.0000000054069531,1.0000000000000000,-0.0000000468372825,-0.0000000566987524,0.0318651981651783,0.0000000466410981,0.9994921684265137,-0.1751508116722107,0.0000000000000000,0.0000000000000000,0.0000000000000000,1.0000000000000000
M 0.9995956420898438,-0.0000000059970366,-0.0284356363117695,-0.1044997125864029,0.0000000046769415,1.0000000000000000,-0.0000000464901682,0.0000000050159699,0.0284356363117695,0.0000000463385987,0.9995956420898438,-0.1738793402910233,0.0000000000000000,0.0000000000000000,0.0000000000000000,1.0000000000000000
M 0.9996866583824158,-0.0000000051040545,-0.0250311326235533,-0.1103722825646400,0.0000000039501273,1.0000000000000000,-0.0000000461484753,0.0000000071118009,0.0250311326235533,0.0000000460349128,0.9996866583824158,-0.1726808995008469,0.0000000000000000,0.0000000000000000,0.0000000000000000,1.0000000000000000
M 0.9997655749320984,-0.0000000042175303,-0.0216516014188528,-0.1162494421005249,0.0000000032263969,1.0000000000000000,-0.0000000458114435,-0.0000000504100015,0.0216516014188528,0.0000000457308005,0.9997655749320984,-0.1715551465749741,0.0000000000000000,0.0000000000000000,0.0000000000000000,1.0000000000000000
M 0.9998993873596191,-0.0000000029060050,-0.0141832120716572,-0.1186231896281242,0.0000000022668516,1.0000000000000000,-0.0000000450805082,-0.0000000472845372,0.0141832120716572,0.0000000450431017,0.9998993873596191,-0.1559772342443466,0.0000000000000000,0.0000000000000000,0.0000000000000000,1.0000000000000000
M 0.9999834299087524,-0.0000000014988772,-0.0057537080720067,-0.1200606748461723,0.0000000012442101,1.0000000000000000,-0.0000000442642722,-0.0000000439058212,0.0057537080720067,0.0000000442552128,0.9999834299087524,-0.1369889527559280,0.0000000000000000,0.0000000000000000,0.0000000000000000,1.0000000000000000
M 0.9999982118606567,-0.0000000008686220,-0.0018935613334179,-0.1271948218345642,0.0000000007854979,1.0000000000000000,-0.0000000438922534,-0.0000000423827444,0.0018935613334179,0.0000000438916139,0.9999982118606567,-0.1285132020711899,0.0000000000000000,0.0000000000000000,0.0000000000000000,1.0000000000000000
M 0.9999987483024597,-0.0000000008435111,-0.0015912442468107,-0.1388545334339142,0.0000000007737029,1.0000000000000000,-0.0000000438620340,-0.0000000423171116,0.0015912442468107,0.0000000438641941,0.9999987483024597,-0.1281719803810120,0.0000000000000000,0.0000000000000000,0.0000000000000000,1.0000000000000000
M 0.9999991655349731,-0.0000000008183051,-0.0012889635981992,-0.1505142897367477,0.0000000007617942,1.0000000000000000,-0.0000000438353673,-0.0000000422557704,0.0012889635981992,0.0000000438332250,0.9999991655349731,-0.1278309673070908,0.0000000000000000,0.0000000000000000,0.0000000000000000,1.0000000000000000
M 0.9999997019767761,-0.0000000007842487,-0.0007951380684972,-0.1619322001934052,0.0000000007494309,1.0000000000000000,-0.0000000437831638,-0.0000000421606927,0.0007951380684972,0.0000000437912604,0.9999997019767761,-0.1268143504858017,0.0000000000000000,0.0000000000000000,0.0000000000000000,1.0000000000000000
M 1.0000000000000000,-0.0000000007460720,-0.0002126288745785,-0.1732376813888550,0.0000000007367690,1.0000000000000000,-0.0000000437113847,-0.0000000420398507,0.0002126288745785,0.0000000437519461,1.0000000000000000,-0.1254851371049881,0.0000000000000000,0.0000000000000000,0.0000000000000000,1.0000000000000000
M 1.0000000000000000,-0.0000000007262385,0.0000000003631160,-0.1850163489580154,0.0000000007262245,1.0000000000000000,-0.0000000437113847,-0.0000000420157775,-0.0000000003631156,0.0000000437113918,1.0000000000000000,-0.1250000745058060,0.0000000000000000,0.0000000000000000,0.0000000000000000,1.0000000000000000
M 1.0000000000000000,-0.0000000007168309,0.0000000003584122,-0.1970674544572830,0.0000000007168169,1.0000000000000000,-0.0000000437113847,-0.0000000419943191,-0.0000000003584118,0.0000000437113918,1.0000000000000000,-0.1250000745058060,0.0000000000000000,0.0000000000000000,0.0000000000000000,1.0000000000000000
M 1.0000000000000000,-0.0000000007074802,0.0000000003537369,-0.2091185599565506,0.0000000007074662,1.0000000000000000,-0.0000000437113847,-0.0000000419730029,-0.0000000003537364,0.0000000437113918,1.0000000000000000,-0.1250000745058060,0.0000000000000000,0.0000000000000000,0.0000000000000000,1.0000000000000000
M 1.0000000000000000,-0.0000000006981437,0.0000000003490686,-0.2211696654558182,0.0000000006981297,1.0000000000000000,-0.0000000437113847,-0.0000000419516866,-0.0000000003490681,0.0000000437113918,1.0000000000000000,-0.1250000745058060,0.0000000000000000,0.0000000000000000,0.0000000000000000,1.0000000000000000
