O WINDOW_4_TOGGLE_CG_w4_LCG_cab2_INTERIOR
A WINDOW_4_TOGGLE_CG_w4_LCG_cab2_INTERIOR_WINDOW_4_TOGGLE_CG_w4_LCG_cab2_INTERIOR
M 1.0000000000000000,0.0000000000000000,0.0000000000000000,0.0000000000000000,0.0000000000000000,1.0000000000000000,-0.0000000437113883,0.0000000296764568,-0.0000000000000000,0.0000000437113883,1.0000000000000000,-0.0000000568751659,0.0000000000000000,0.0000000000000000,0.0000000000000000,1.0000000000000000
M 0.9996455907821655,-0.0000000011636200,-0.0266205221414566,-0.0318592488765717,0.0000000000000000,1.0000000000000000,-0.0000000437113883,0.0000000296764568,0.0266205221414566,0.0000000436958949,0.9996455907821655,-0.1693280637264252,0.0000000000000000,0.0000000000000000,0.0000000000000000,1.0000000000000000
M 0.9985827207565308,-0.0000000023264153,-0.0532221794128418,-0.0592001378536224,0.0000000000000000,1.0000000000000000,-0.0000000437113883,0.0000000296764568,0.0532221794128418,0.0000000436494219,0.9985827207565308,-0.3394441604614258,0.0000000000000000,0.0000000000000000,0.0000000000000000,1.0000000000000000
M 0.9968119859695435,-0.0000000034875607,-0.0797861069440842,-0.0820018351078033,0.0000000000000000,1.0000000000000000,-0.0000000437113883,0.0000000296764568,0.0797861069440842,0.0000000435720366,0.9968119859695435,-0.5102277398109436,0.0000000000000000,0.0000000000000000,0.0000000000000000,1.0000000000000000
M 0.9943348169326782,-0.0000000046462363,-0.1062934920191765,-0.1002497673034668,0.0000000000000000,1.0000000000000000,-0.0000000437113883,0.0000000296764568,0.1062934920191765,0.0000000434637570,0.9943348169326782,-0.6815579533576965,0.0000000000000000,0.0000000000000000,0.0000000000000000,1.0000000000000000
M 0.9911528229713440,-0.0000000058016170,-0.1327255219221115,-0.1139303222298622,0.0000000000000000,1.0000000000000000,-0.0000000437113883,0.0000000296764568,0.1327255219221115,0.0000000433246647,0.9911528229713440,-0.8533130884170532,0.0000000000000000,0.0000000000000000,0.0000000000000000,1.0000000000000000
M 0.9872683286666870,-0.0000000069528876,-0.1590634882450104,-0.1230333745479584,0.0000000000000000,1.0000000000000000,-0.0000000437113883,0.0000000296764568,0.1590634882450104,0.0000000431548699,0.9872683286666870,-1.0253714323043823,0.0000000000000000,0.0000000000000000,0.0000000000000000,1.0000000000000000
M 0.9826841354370117,-0.0000000080992244,-0.1852887421846390,-0.1275535970926285,0.0000000000000000,1.0000000000000000,-0.0000000437113883,0.0000000296764568,0.1852887421846390,0.0000000429544720,0.9826841354370117,-1.1976113319396973,0.0000000000000000,0.0000000000000000,0.0000000000000000,1.0000000000000000
M 0.9774034023284912,-0.0000000092398249,-0.2113826423883438,-0.1274866759777069,0.0000000000000000,1.0000000000000000,-0.0000000437113883,0.0000000296764568,0.2113826423883438,0.0000000427236451,0.9774034023284912,-1.3699104785919189,0.0000000000000000,0.0000000000000000,0.0000000000000000,1.0000000000000000
M 0.9714298844337463,-0.0000000103738795,-0.2373266965150833,-0.1228332445025444,0.0000000000000000,1.0000000000000000,-0.0000000437113883,0.0000000296764568,0.2373266965150833,0.0000000424625490,0.9714298844337463,-1.5421466827392578,0.0000000000000000,0.0000000000000000,0.0000000000000000,1.0000000000000000
M 0.9647678732872009,-0.0000000115005747,-0.2631025612354279,-0.1135964840650558,0.0000000000000000,1.0000000000000000,-0.0000000437113883,0.0000000296764568,0.2631025612354279,0.0000000421713438,0.9647678732872009,-1.7141981124877930,0.0000000000000000,0.0000000000000000,0.0000000000000000,1.0000000000000000
M 0.9574220180511475,-0.0000000126191271,-0.2886919677257538,-0.0997825637459755,0.0000000000000000,1.0000000000000000,-0.0000000437113883,0.0000000296764568,0.2886919677257538,0.0000000418502317,0.9574220180511475,-1.8859426975250244,0.0000000000000000,0.0000000000000000,0.0000000000000000,1.0000000000000000
M 0.9493976235389709,-0.0000000137287257,-0.3140767216682434,-0.0814020335674286,0.0000000000000000,1.0000000000000000,-0.0000000437113883,0.0000000296764568,0.3140767216682434,0.0000000414994723,0.9493976235389709,-2.0572586059570312,0.0000000000000000,0.0000000000000000,0.0000000000000000,1.0000000000000000
M 0.9407002329826355,-0.0000000148286023,-0.3392388820648193,-0.0584666915237904,0.0000000000000000,1.0000000000000000,-0.0000000437113883,0.0000000296764568,0.3392388820648193,0.0000000411193142,0.9407002329826355,-2.2280244827270508,0.0000000000000000,0.0000000000000000,0.0000000000000000,1.0000000000000000
M 0.9313361644744873,-0.0000000159179621,-0.3641605973243713,-0.0309946946799755,0.0000000000000000,1.0000000000000000,-0.0000000437113883,0.0000000296764568,0.3641605973243713,0.0000000407099812,0.9313361644744873,-2.3981192111968994,0.0000000000000000,0.0000000000000000,0.0000000000000000,1.0000000000000000
M 0.9213119745254517,-0.0000000169960437,-0.3888241648674011,0.0009961382020265,0.0000000000000000,1.0000000000000000,-0.0000000437113883,0.0000000296764568,0.3888241648674011,0.0000000402718250,0.9213119745254517,-2.5674223899841309,0.0000000000000000,0.0000000000000000,0.0000000000000000,1.0000000000000000
M 0.9106347560882568,-0.0000000180620727,-0.4132122099399567,0.0374827422201633,0.0000000000000000,1.0000000000000000,-0.0000000437113883,0.0000000296764568,0.4132122099399567,0.0000000398051085,0.9106347560882568,-2.7358143329620361,0.0000000000000000,0.0000000000000000,0.0000000000000000,1.0000000000000000
M 0.8993121385574341,-0.0000000191153120,-0.4373073577880859,0.0784387066960335,0.0000000000000000,1.0000000000000000,-0.0000000437113883,0.0000000296764568,0.4373073577880859,0.0000000393101693,0.8993121385574341,-2.9031748771667480,0.0000000000000000,0.0000000000000000,0.0000000000000000,1.0000000000000000
M 0.8873520493507385,-0.0000000201549941,-0.4610925018787384,0.1238359361886978,0.0000000000000000,1.0000000000000000,-0.0000000437113883,0.0000000296764568,0.4610925018787384,0.0000000387873911,0.8873520493507385,-3.0693857669830322,0.0000000000000000,0.0000000000000000,0.0000000000000000,1.0000000000000000
M 0.8747630715370178,-0.0000000211803908,-0.4845508635044098,0.1736411154270172,0.0000000000000000,1.0000000000000000,-0.0000000437113883,0.0000000296764568,0.4845508635044098,0.0000000382371077,0.8747630715370178,-3.2343292236328125,0.0000000000000000,0.0000000000000000,0.0000000000000000,1.0000000000000000
M 0.8615540862083435,-0.0000000221907701,-0.5076658129692078,0.2278196513652802,0.0000000000000000,1.0000000000000000,-0.0000000437113883,0.0000000296764568,0.5076658129692078,0.0000000376597242,0.8615540862083435,-3.3978888988494873,0.0000000000000000,0.0000000000000000,0.0000000000000000,1.0000000000000000
M 0.8477343916893005,-0.0000000231854287,-0.5304209589958191,0.2863330543041229,0.0000000000000000,1.0000000000000000,-0.0000000437113883,0.0000000296764568,0.5304209589958191,0.0000000370556457,0.8477343916893005,-3.5599482059478760,0.0000000000000000,0.0000000000000000,0.0000000000000000,1.0000000000000000
M 0.8333138823509216,-0.0000000241636613,-0.5528001189231873,0.3491400182247162,0.0000000000000000,1.0000000000000000,-0.0000000437113883,0.0000000296764568,0.5528001189231873,0.0000000364253054,0.8333138823509216,-3.7203922271728516,0.0000000000000000,0.0000000000000000,0.0000000000000000,1.0000000000000000
M 0.8183027505874634,-0.0000000251247609,-0.5747873783111572,0.4161956310272217,0.0000000000000000,1.0000000000000000,-0.0000000437113883,0.0000000296764568,0.5747873783111572,0.0000000357691476,0.8183027505874634,-3.8791072368621826,0.0000000000000000,0.0000000000000000,0.0000000000000000,1.0000000000000000
M 0.8027116656303406,-0.0000000260680384,-0.5963673591613770,0.4874523282051086,0.0000000000000000,1.0000000000000000,-0.0000000437113883,0.0000000296764568,0.5963673591613770,0.0000000350876412,0.8027116656303406,-4.0359811782836914,0.0000000000000000,0.0000000000000000,0.0000000000000000,1.0000000000000000
M 0.7865515351295471,-0.0000000269928506,-0.6175246238708496,0.5628602504730225,0.0000000000000000,1.0000000000000000,-0.0000000437113883,0.0000000296764568,0.6175246238708496,0.0000000343812587,0.7865515351295471,-4.1909027099609375,0.0000000000000000,0.0000000000000000,0.0000000000000000,1.0000000000000000
M 0.7698339223861694,-0.0000000278985404,-0.6382442116737366,0.6423656940460205,0.0000000000000000,1.0000000000000000,-0.0000000437113883,0.0000000296764568,0.6382442116737366,0.0000000336505224,0.7698339223861694,-4.3437619209289551,0.0000000000000000,0.0000000000000000,0.0000000000000000,1.0000000000000000
M 0.7525707483291626,-0.0000000287844397,-0.6585114002227783,0.7259116172790527,0.0000000000000000,1.0000000000000000,-0.0000000437113883,0.0000000296764568,0.6585114002227783,0.0000000328959118,0.7525707483291626,-4.4944500923156738,0.0000000000000000,0.0000000000000000,0.0000000000000000,1.0000000000000000
M 0.7347741127014160,-0.0000000296499465,-0.6783118844032288,0.8134396672248840,0.0000000000000000,1.0000000000000000,-0.0000000437113883,0.0000000296764568,0.6783118844032288,0.0000000321179954,0.7347741127014160,-4.6428618431091309,0.0000000000000000,0.0000000000000000,0.0000000000000000,1.0000000000000000
M 0.7164567708969116,-0.0000000304944372,-0.6976315379142761,0.9048872590065002,0.0000000000000000,1.0000000000000000,-0.0000000437113883,0.0000000296764568,0.6976315379142761,0.0000000313173132,0.7164567708969116,-4.7888898849487305,0.0000000000000000,0.0000000000000000,0.0000000000000000,1.0000000000000000
M 0.6976315379142761,-0.0000000313173167,-0.7164567112922668,1.0001900196075439,0.0000000000000000,1.0000000000000000,-0.0000000437113883,0.0000000296764568,0.7164567112922668,0.0000000304944372,0.6976315379142761,-4.9324321746826172,0.0000000000000000,0.0000000000000000,0.0000000000000000,1.0000000000000000
M 0.6783118247985840,-0.0000000321179989,-0.7347741723060608,1.0992802381515503,0.0000000000000000,1.0000000000000000,-0.0000000437113883,0.0000000296764568,0.7347741723060608,0.0000000296499518,0.6783118247985840,-5.0733866691589355,0.0000000000000000,0.0000000000000000,0.0000000000000000,1.0000000000000000
M 0.6585113406181335,-0.0000000328959153,-0.7525708079338074,1.2020877599716187,0.0000000000000000,1.0000000000000000,-0.0000000437113883,0.0000000296764568,0.7525708079338074,0.0000000287844450,0.6585113406181335,-5.2116537094116211,0.0000000000000000,0.0000000000000000,0.0000000000000000,1.0000000000000000
M 0.6382441520690918,-0.0000000336505011,-0.7698340415954590,1.3085387945175171,0.0000000000000000,1.0000000000000000,-0.0000000437113883,0.0000000296764568,0.7698340415954590,0.0000000278985315,0.6382441520690918,-5.3471341133117676,0.0000000000000000,0.0000000000000000,0.0000000000000000,1.0000000000000000
M 0.6175245642662048,-0.0000000343812481,-0.7865515947341919,1.4185596704483032,0.0000000000000000,1.0000000000000000,-0.0000000437113883,0.0000000296764568,0.7865515947341919,0.0000000269928560,0.6175245642662048,-5.4797329902648926,0.0000000000000000,0.0000000000000000,0.0000000000000000,1.0000000000000000
M 0.5963672995567322,-0.0000000350876412,-0.8027116656303406,1.5320708751678467,0.0000000000000000,1.0000000000000000,-0.0000000437113883,0.0000000296764568,0.8027116656303406,0.0000000260680419,0.5963672995567322,-5.6093564033508301,0.0000000000000000,0.0000000000000000,0.0000000000000000,1.0000000000000000
M 0.5747874379158020,-0.0000000357691334,-0.8183027505874634,1.6489921808242798,0.0000000000000000,1.0000000000000000,-0.0000000437113883,0.0000000296764568,0.8183027505874634,0.0000000251247503,0.5747874379158020,-5.7359118461608887,0.0000000000000000,0.0000000000000000,0.0000000000000000,1.0000000000000000
M 0.5528000593185425,-0.0000000364252948,-0.8333139419555664,1.7692413330078125,0.0000000000000000,1.0000000000000000,-0.0000000437113883,0.0000000296764568,0.8333139419555664,0.0000000241636577,0.5528000593185425,-5.8593101501464844,0.0000000000000000,0.0000000000000000,0.0000000000000000,1.0000000000000000
M 0.5304208993911743,-0.0000000370556350,-0.8477344512939453,1.8927328586578369,0.0000000000000000,1.0000000000000000,-0.0000000437113883,0.0000000296764568,0.8477344512939453,0.0000000231854340,0.5304208993911743,-5.9794635772705078,0.0000000000000000,0.0000000000000000,0.0000000000000000,1.0000000000000000
M 0.5076657533645630,-0.0000000376597242,-0.8615540862083435,2.0193796157836914,0.0000000000000000,1.0000000000000000,-0.0000000437113883,0.0000000296764568,0.8615540862083435,0.0000000221907754,0.5076657533645630,-6.0962867736816406,0.0000000000000000,0.0000000000000000,0.0000000000000000,1.0000000000000000
M 0.4845508933067322,-0.0000000382371077,-0.8747630715370178,2.1490902900695801,0.0000000000000000,1.0000000000000000,-0.0000000437113883,0.0000000296764568,0.8747630715370178,0.0000000211803854,0.4845508933067322,-6.2096972465515137,0.0000000000000000,0.0000000000000000,0.0000000000000000,1.0000000000000000
M 0.4610924720764160,-0.0000000387873769,-0.8873521089553833,2.2817752361297607,0.0000000000000000,1.0000000000000000,-0.0000000437113883,0.0000000296764568,0.8873521089553833,0.0000000201549923,0.4610924720764160,-6.3196148872375488,0.0000000000000000,0.0000000000000000,0.0000000000000000,1.0000000000000000
M 0.4373072087764740,-0.0000000393101836,-0.8993121981620789,2.4173390865325928,0.0000000000000000,1.0000000000000000,-0.0000000437113883,0.0000000296764568,0.8993121981620789,0.0000000191153049,0.4373072087764740,-6.4259619712829590,0.0000000000000000,0.0000000000000000,0.0000000000000000,1.0000000000000000
M 0.4132121503353119,-0.0000000398050979,-0.9106348156929016,2.5556848049163818,0.0000000000000000,1.0000000000000000,-0.0000000437113883,0.0000000296764568,0.9106348156929016,0.0000000180620763,0.4132121503353119,-6.5286617279052734,0.0000000000000000,0.0000000000000000,0.0000000000000000,1.0000000000000000
M 0.3888240754604340,-0.0000000402718143,-0.9213120341300964,2.6967165470123291,0.0000000000000000,1.0000000000000000,-0.0000000437113883,0.0000000296764568,0.9213120341300964,0.0000000169960401,0.3888240754604340,-6.6276421546936035,0.0000000000000000,0.0000000000000000,0.0000000000000000,1.0000000000000000
M 0.3641605377197266,-0.0000000407099989,-0.9313362240791321,2.8403322696685791,0.0000000000000000,1.0000000000000000,-0.0000000437113883,0.0000000296764568,0.9313362240791321,0.0000000159179585,0.3641605377197266,-6.7228331565856934,0.0000000000000000,0.0000000000000000,0.0000000000000000,1.0000000000000000
M 0.3392388820648193,-0.0000000411193142,-0.9407002329826355,2.9864313602447510,0.0000000000000000,1.0000000000000000,-0.0000000437113883,0.0000000296764568,0.9407002329826355,0.0000000148286023,0.3392388820648193,-6.8141670227050781,0.0000000000000000,0.0000000000000000,0.0000000000000000,1.0000000000000000
M 0.3140766620635986,-0.0000000414994723,-0.9493976235389709,3.1349108219146729,0.0000000000000000,1.0000000000000000,-0.0000000437113883,0.0000000296764568,0.9493976235389709,0.0000000137287230,0.3140766620635986,-6.9015803337097168,0.0000000000000000,0.0000000000000000,0.0000000000000000,1.0000000000000000
M 0.2886919677257538,-0.0000000418502459,-0.9574220180511475,3.2856636047363281,0.0000000000000000,1.0000000000000000,-0.0000000437113883,0.0000000296764568,0.9574220180511475,0.0000000126191235,0.2886919677257538,-6.9850091934204102,0.0000000000000000,0.0000000000000000,0.0000000000000000,1.0000000000000000
M 0.2631025314331055,-0.0000000421713438,-0.9647678732872009,3.4385848045349121,0.0000000000000000,1.0000000000000000,-0.0000000437113883,0.0000000296764568,0.9647678732872009,0.0000000115005729,0.2631025314331055,-7.0643959045410156,0.0000000000000000,0.0000000000000000,0.0000000000000000,1.0000000000000000
M 0.2373267114162445,-0.0000000424625490,-0.9714298844337463,3.5935645103454590,0.0000000000000000,1.0000000000000000,-0.0000000437113883,0.0000000296764568,0.9714298844337463,0.0000000103738804,0.2373267114162445,-7.1396832466125488,0.0000000000000000,0.0000000000000000,0.0000000000000000,1.0000000000000000
M 0.2113825827836990,-0.0000000427236451,-0.9774034023284912,3.7504940032958984,0.0000000000000000,1.0000000000000000,-0.0000000437113883,0.0000000296764568,0.9774034023284912,0.0000000092398222,0.2113825827836990,-7.2108187675476074,0.0000000000000000,0.0000000000000000,0.0000000000000000,1.0000000000000000
M 0.1852886229753494,-0.0000000429544862,-0.9826841354370117,3.9092614650726318,0.0000000000000000,1.0000000000000000,-0.0000000437113883,0.0000000296764568,0.9826841354370117,0.0000000080992226,0.1852886229753494,-7.2777514457702637,0.0000000000000000,0.0000000000000000,0.0000000000000000,1.0000000000000000
M 0.1590634584426880,-0.0000000431548592,-0.9872683882713318,4.0697536468505859,0.0000000000000000,1.0000000000000000,-0.0000000437113883,0.0000000296764568,0.9872683882713318,0.0000000069528827,0.1590634584426880,-7.3404335975646973,0.0000000000000000,0.0000000000000000,0.0000000000000000,1.0000000000000000
M 0.1327254176139832,-0.0000000433246647,-0.9911528229713440,4.2318587303161621,0.0000000000000000,1.0000000000000000,-0.0000000437113883,0.0000000296764568,0.9911528229713440,0.0000000058016121,0.1327254176139832,-7.3988213539123535,0.0000000000000000,0.0000000000000000,0.0000000000000000,1.0000000000000000
M 0.1062934398651123,-0.0000000434637570,-0.9943348169326782,4.3954596519470215,0.0000000000000000,1.0000000000000000,-0.0000000437113883,0.0000000296764568,0.9943348169326782,0.0000000046462318,0.1062934398651123,-7.4528727531433105,0.0000000000000000,0.0000000000000000,0.0000000000000000,1.0000000000000000
M 0.0797860026359558,-0.0000000435720366,-0.9968119859695435,4.5604424476623535,0.0000000000000000,1.0000000000000000,-0.0000000437113883,0.0000000296764568,0.9968119859695435,0.0000000034875560,0.0797860026359558,-7.5025496482849121,0.0000000000000000,0.0000000000000000,0.0000000000000000,1.0000000000000000
M 0.0532221309840679,-0.0000000436494219,-0.9985827207565308,4.7266883850097656,0.0000000000000000,1.0000000000000000,-0.0000000437113883,0.0000000296764568,0.9985827207565308,0.0000000023264133,0.0532221309840679,-7.5478181838989258,0.0000000000000000,0.0000000000000000,0.0000000000000000,1.0000000000000000
M 0.0266205370426178,-0.0000000436958949,-0.9996455907821655,4.8940801620483398,0.0000000000000000,1.0000000000000000,-0.0000000437113883,0.0000000296764568,0.9996455907821655,0.0000000011636206,0.0266205370426178,-7.5886440277099609,0.0000000000000000,0.0000000000000000,0.0000000000000000,1.0000000000000000
M -0.0000000437113883,-0.0000000437113883,-1.0000000000000000,5.0625004768371582,0.0000000000000000,1.0000000000000000,-0.0000000437113883,0.0000000296764568,1.0000000000000000,-0.0000000000000019,-0.0000000437113883,-7.6250000000000000,0.0000000000000000,0.0000000000000000,0.0000000000000000,1.0000000000000000
O WINDOW_4
A WINDOW_4_WINDOW_4
M 1.0000000000000000,0.0000000000000000,0.0000000000000000,0.0000000000000000,0.0000000000000000,1.0000000000000000,-0.0000000437113883,0.0000000296764568,-0.0000000000000000,0.0000000437113883,1.0000000000000000,-0.0000000568751659,0.0000000000000000,0.0000000000000000,0.0000000000000000,1.0000000000000000
M 0.9996455907821655,-0.0000000011636200,-0.0266205221414566,-0.0318592488765717,0.0000000000000000,1.0000000000000000,-0.0000000437113883,0.0000000296764568,0.0266205221414566,0.0000000436958949,0.9996455907821655,-0.1693280637264252,0.0000000000000000,0.0000000000000000,0.0000000000000000,1.0000000000000000
M 0.9985827207565308,-0.0000000023264153,-0.0532221794128418,-0.0592001378536224,0.0000000000000000,1.0000000000000000,-0.0000000437113883,0.0000000296764568,0.0532221794128418,0.0000000436494219,0.9985827207565308,-0.3394441604614258,0.0000000000000000,0.0000000000000000,0.0000000000000000,1.0000000000000000
M 0.9968119859695435,-0.0000000034875607,-0.0797861069440842,-0.0820018351078033,0.0000000000000000,1.0000000000000000,-0.0000000437113883,0.0000000296764568,0.0797861069440842,0.0000000435720366,0.9968119859695435,-0.5102277398109436,0.0000000000000000,0.0000000000000000,0.0000000000000000,1.0000000000000000
M 0.9943348169326782,-0.0000000046462363,-0.1062934920191765,-0.1002497673034668,0.0000000000000000,1.0000000000000000,-0.0000000437113883,0.0000000296764568,0.1062934920191765,0.0000000434637570,0.9943348169326782,-0.6815579533576965,0.0000000000000000,0.0000000000000000,0.0000000000000000,1.0000000000000000
M 0.9911528229713440,-0.0000000058016170,-0.1327255219221115,-0.1139303222298622,0.0000000000000000,1.0000000000000000,-0.0000000437113883,0.0000000296764568,0.1327255219221115,0.0000000433246647,0.9911528229713440,-0.8533130884170532,0.0000000000000000,0.0000000000000000,0.0000000000000000,1.0000000000000000
M 0.9872683286666870,-0.0000000069528876,-0.1590634882450104,-0.1230333745479584,0.0000000000000000,1.0000000000000000,-0.0000000437113883,0.0000000296764568,0.1590634882450104,0.0000000431548699,0.9872683286666870,-1.0253714323043823,0.0000000000000000,0.0000000000000000,0.0000000000000000,1.0000000000000000
M 0.9826841354370117,-0.0000000080992244,-0.1852887421846390,-0.1275535970926285,0.0000000000000000,1.0000000000000000,-0.0000000437113883,0.0000000296764568,0.1852887421846390,0.0000000429544720,0.9826841354370117,-1.1976113319396973,0.0000000000000000,0.0000000000000000,0.0000000000000000,1.0000000000000000
M 0.9774034023284912,-0.0000000092398249,-0.2113826423883438,-0.1274866759777069,0.0000000000000000,1.0000000000000000,-0.0000000437113883,0.0000000296764568,0.2113826423883438,0.0000000427236451,0.9774034023284912,-1.3699104785919189,0.0000000000000000,0.0000000000000000,0.0000000000000000,1.0000000000000000
M 0.9714298844337463,-0.0000000103738795,-0.2373266965150833,-0.1228332445025444,0.0000000000000000,1.0000000000000000,-0.0000000437113883,0.0000000296764568,0.2373266965150833,0.0000000424625490,0.9714298844337463,-1.5421466827392578,0.0000000000000000,0.0000000000000000,0.0000000000000000,1.0000000000000000
M 0.9647678732872009,-0.0000000115005747,-0.2631025612354279,-0.1135964840650558,0.0000000000000000,1.0000000000000000,-0.0000000437113883,0.0000000296764568,0.2631025612354279,0.0000000421713438,0.9647678732872009,-1.7141981124877930,0.0000000000000000,0.0000000000000000,0.0000000000000000,1.0000000000000000
M 0.9574220180511475,-0.0000000126191271,-0.2886919677257538,-0.0997825637459755,0.0000000000000000,1.0000000000000000,-0.0000000437113883,0.0000000296764568,0.2886919677257538,0.0000000418502317,0.9574220180511475,-1.8859426975250244,0.0000000000000000,0.0000000000000000,0.0000000000000000,1.0000000000000000
M 0.9493976235389709,-0.0000000137287257,-0.3140767216682434,-0.0814020335674286,0.0000000000000000,1.0000000000000000,-0.0000000437113883,0.0000000296764568,0.3140767216682434,0.0000000414994723,0.9493976235389709,-2.0572586059570312,0.0000000000000000,0.0000000000000000,0.0000000000000000,1.0000000000000000
M 0.9407002329826355,-0.0000000148286023,-0.3392388820648193,-0.0584666915237904,0.0000000000000000,1.0000000000000000,-0.0000000437113883,0.0000000296764568,0.3392388820648193,0.0000000411193142,0.9407002329826355,-2.2280244827270508,0.0000000000000000,0.0000000000000000,0.0000000000000000,1.0000000000000000
M 0.9313361644744873,-0.0000000159179621,-0.3641605973243713,-0.0309946946799755,0.0000000000000000,1.0000000000000000,-0.0000000437113883,0.0000000296764568,0.3641605973243713,0.0000000407099812,0.9313361644744873,-2.3981192111968994,0.0000000000000000,0.0000000000000000,0.0000000000000000,1.0000000000000000
M 0.9213119745254517,-0.0000000169960437,-0.3888241648674011,0.0009961382020265,0.0000000000000000,1.0000000000000000,-0.0000000437113883,0.0000000296764568,0.3888241648674011,0.0000000402718250,0.9213119745254517,-2.5674223899841309,0.0000000000000000,0.0000000000000000,0.0000000000000000,1.0000000000000000
M 0.9106347560882568,-0.0000000180620727,-0.4132122099399567,0.0374827422201633,0.0000000000000000,1.0000000000000000,-0.0000000437113883,0.0000000296764568,0.4132122099399567,0.0000000398051085,0.9106347560882568,-2.7358143329620361,0.0000000000000000,0.0000000000000000,0.0000000000000000,1.0000000000000000
M 0.8993121385574341,-0.0000000191153120,-0.4373073577880859,0.0784387066960335,0.0000000000000000,1.0000000000000000,-0.0000000437113883,0.0000000296764568,0.4373073577880859,0.0000000393101693,0.8993121385574341,-2.9031748771667480,0.0000000000000000,0.0000000000000000,0.0000000000000000,1.0000000000000000
M 0.8873520493507385,-0.0000000201549941,-0.4610925018787384,0.1238359361886978,0.0000000000000000,1.0000000000000000,-0.0000000437113883,0.0000000296764568,0.4610925018787384,0.0000000387873911,0.8873520493507385,-3.0693857669830322,0.0000000000000000,0.0000000000000000,0.0000000000000000,1.0000000000000000
M 0.8747630715370178,-0.0000000211803908,-0.4845508635044098,0.1736411154270172,0.0000000000000000,1.0000000000000000,-0.0000000437113883,0.0000000296764568,0.4845508635044098,0.0000000382371077,0.8747630715370178,-3.2343292236328125,0.0000000000000000,0.0000000000000000,0.0000000000000000,1.0000000000000000
M 0.8615540862083435,-0.0000000221907701,-0.5076658129692078,0.2278196513652802,0.0000000000000000,1.0000000000000000,-0.0000000437113883,0.0000000296764568,0.5076658129692078,0.0000000376597242,0.8615540862083435,-3.3978888988494873,0.0000000000000000,0.0000000000000000,0.0000000000000000,1.0000000000000000
M 0.8477343916893005,-0.0000000231854287,-0.5304209589958191,0.2863330543041229,0.0000000000000000,1.0000000000000000,-0.0000000437113883,0.0000000296764568,0.5304209589958191,0.0000000370556457,0.8477343916893005,-3.5599482059478760,0.0000000000000000,0.0000000000000000,0.0000000000000000,1.0000000000000000
M 0.8333138823509216,-0.0000000241636613,-0.5528001189231873,0.3491400182247162,0.0000000000000000,1.0000000000000000,-0.0000000437113883,0.0000000296764568,0.5528001189231873,0.0000000364253054,0.8333138823509216,-3.7203922271728516,0.0000000000000000,0.0000000000000000,0.0000000000000000,1.0000000000000000
M 0.8183027505874634,-0.0000000251247609,-0.5747873783111572,0.4161956310272217,0.0000000000000000,1.0000000000000000,-0.0000000437113883,0.0000000296764568,0.5747873783111572,0.0000000357691476,0.8183027505874634,-3.8791072368621826,0.0000000000000000,0.0000000000000000,0.0000000000000000,1.0000000000000000
M 0.8027116656303406,-0.0000000260680384,-0.5963673591613770,0.4874523282051086,0.0000000000000000,1.0000000000000000,-0.0000000437113883,0.0000000296764568,0.5963673591613770,0.0000000350876412,0.8027116656303406,-4.0359811782836914,0.0000000000000000,0.0000000000000000,0.0000000000000000,1.0000000000000000
M 0.7865515351295471,-0.0000000269928506,-0.6175246238708496,0.5628602504730225,0.0000000000000000,1.0000000000000000,-0.0000000437113883,0.0000000296764568,0.6175246238708496,0.0000000343812587,0.7865515351295471,-4.1909027099609375,0.0000000000000000,0.0000000000000000,0.0000000000000000,1.0000000000000000
M 0.7698339223861694,-0.0000000278985404,-0.6382442116737366,0.6423656940460205,0.0000000000000000,1.0000000000000000,-0.0000000437113883,0.0000000296764568,0.6382442116737366,0.0000000336505224,0.7698339223861694,-4.3437619209289551,0.0000000000000000,0.0000000000000000,0.0000000000000000,1.0000000000000000
M 0.7525707483291626,-0.0000000287844397,-0.6585114002227783,0.7259116172790527,0.0000000000000000,1.0000000000000000,-0.0000000437113883,0.0000000296764568,0.6585114002227783,0.0000000328959118,0.7525707483291626,-4.4944500923156738,0.0000000000000000,0.0000000000000000,0.0000000000000000,1.0000000000000000
M 0.7347741127014160,-0.0000000296499465,-0.6783118844032288,0.8134396672248840,0.0000000000000000,1.0000000000000000,-0.0000000437113883,0.0000000296764568,0.6783118844032288,0.0000000321179954,0.7347741127014160,-4.6428618431091309,0.0000000000000000,0.0000000000000000,0.0000000000000000,1.0000000000000000
M 0.7164567708969116,-0.0000000304944372,-0.6976315379142761,0.9048872590065002,0.0000000000000000,1.0000000000000000,-0.0000000437113883,0.0000000296764568,0.6976315379142761,0.0000000313173132,0.7164567708969116,-4.7888898849487305,0.0000000000000000,0.0000000000000000,0.0000000000000000,1.0000000000000000
M 0.6976315379142761,-0.0000000313173167,-0.7164567112922668,1.0001900196075439,0.0000000000000000,1.0000000000000000,-0.0000000437113883,0.0000000296764568,0.7164567112922668,0.0000000304944372,0.6976315379142761,-4.9324321746826172,0.0000000000000000,0.0000000000000000,0.0000000000000000,1.0000000000000000
M 0.6783118247985840,-0.0000000321179989,-0.7347741723060608,1.0992802381515503,0.0000000000000000,1.0000000000000000,-0.0000000437113883,0.0000000296764568,0.7347741723060608,0.0000000296499518,0.6783118247985840,-5.0733866691589355,0.0000000000000000,0.0000000000000000,0.0000000000000000,1.0000000000000000
M 0.6585113406181335,-0.0000000328959153,-0.7525708079338074,1.2020877599716187,0.0000000000000000,1.0000000000000000,-0.0000000437113883,0.0000000296764568,0.7525708079338074,0.0000000287844450,0.6585113406181335,-5.2116537094116211,0.0000000000000000,0.0000000000000000,0.0000000000000000,1.0000000000000000
M 0.6382441520690918,-0.0000000336505011,-0.7698340415954590,1.3085387945175171,0.0000000000000000,1.0000000000000000,-0.0000000437113883,0.0000000296764568,0.7698340415954590,0.0000000278985315,0.6382441520690918,-5.3471341133117676,0.0000000000000000,0.0000000000000000,0.0000000000000000,1.0000000000000000
M 0.6175245642662048,-0.0000000343812481,-0.7865515947341919,1.4185596704483032,0.0000000000000000,1.0000000000000000,-0.0000000437113883,0.0000000296764568,0.7865515947341919,0.0000000269928560,0.6175245642662048,-5.4797329902648926,0.0000000000000000,0.0000000000000000,0.0000000000000000,1.0000000000000000
M 0.5963672995567322,-0.0000000350876412,-0.8027116656303406,1.5320708751678467,0.0000000000000000,1.0000000000000000,-0.0000000437113883,0.0000000296764568,0.8027116656303406,0.0000000260680419,0.5963672995567322,-5.6093564033508301,0.0000000000000000,0.0000000000000000,0.0000000000000000,1.0000000000000000
M 0.5747874379158020,-0.0000000357691334,-0.8183027505874634,1.6489921808242798,0.0000000000000000,1.0000000000000000,-0.0000000437113883,0.0000000296764568,0.8183027505874634,0.0000000251247503,0.5747874379158020,-5.7359118461608887,0.0000000000000000,0.0000000000000000,0.0000000000000000,1.0000000000000000
M 0.5528000593185425,-0.0000000364252948,-0.8333139419555664,1.7692413330078125,0.0000000000000000,1.0000000000000000,-0.0000000437113883,0.0000000296764568,0.8333139419555664,0.0000000241636577,0.5528000593185425,-5.8593101501464844,0.0000000000000000,0.0000000000000000,0.0000000000000000,1.0000000000000000
M 0.5304208993911743,-0.0000000370556350,-0.8477344512939453,1.8927328586578369,0.0000000000000000,1.0000000000000000,-0.0000000437113883,0.0000000296764568,0.8477344512939453,0.0000000231854340,0.5304208993911743,-5.9794635772705078,0.0000000000000000,0.0000000000000000,0.0000000000000000,1.0000000000000000
M 0.5076657533645630,-0.0000000376597242,-0.8615540862083435,2.0193796157836914,0.0000000000000000,1.0000000000000000,-0.0000000437113883,0.0000000296764568,0.8615540862083435,0.0000000221907754,0.5076657533645630,-6.0962867736816406,0.0000000000000000,0.0000000000000000,0.0000000000000000,1.0000000000000000
M 0.4845508933067322,-0.0000000382371077,-0.8747630715370178,2.1490902900695801,0.0000000000000000,1.0000000000000000,-0.0000000437113883,0.0000000296764568,0.8747630715370178,0.0000000211803854,0.4845508933067322,-6.2096972465515137,0.0000000000000000,0.0000000000000000,0.0000000000000000,1.0000000000000000
M 0.4610924720764160,-0.0000000387873769,-0.8873521089553833,2.2817752361297607,0.0000000000000000,1.0000000000000000,-0.0000000437113883,0.0000000296764568,0.8873521089553833,0.0000000201549923,0.4610924720764160,-6.3196148872375488,0.0000000000000000,0.0000000000000000,0.0000000000000000,1.0000000000000000
M 0.4373072087764740,-0.0000000393101836,-0.8993121981620789,2.4173390865325928,0.0000000000000000,1.0000000000000000,-0.0000000437113883,0.0000000296764568,0.8993121981620789,0.0000000191153049,0.4373072087764740,-6.4259619712829590,0.0000000000000000,0.0000000000000000,0.0000000000000000,1.0000000000000000
M 0.4132121503353119,-0.0000000398050979,-0.9106348156929016,2.5556848049163818,0.0000000000000000,1.0000000000000000,-0.0000000437113883,0.0000000296764568,0.9106348156929016,0.0000000180620763,0.4132121503353119,-6.5286617279052734,0.0000000000000000,0.0000000000000000,0.0000000000000000,1.0000000000000000
M 0.3888240754604340,-0.0000000402718143,-0.9213120341300964,2.6967165470123291,0.0000000000000000,1.0000000000000000,-0.0000000437113883,0.0000000296764568,0.9213120341300964,0.0000000169960401,0.3888240754604340,-6.6276421546936035,0.0000000000000000,0.0000000000000000,0.0000000000000000,1.0000000000000000
M 0.3641605377197266,-0.0000000407099989,-0.9313362240791321,2.8403322696685791,0.0000000000000000,1.0000000000000000,-0.0000000437113883,0.0000000296764568,0.9313362240791321,0.0000000159179585,0.3641605377197266,-6.7228331565856934,0.0000000000000000,0.0000000000000000,0.0000000000000000,1.0000000000000000
M 0.3392388820648193,-0.0000000411193142,-0.9407002329826355,2.9864313602447510,0.0000000000000000,1.0000000000000000,-0.0000000437113883,0.0000000296764568,0.9407002329826355,0.0000000148286023,0.3392388820648193,-6.8141670227050781,0.0000000000000000,0.0000000000000000,0.0000000000000000,1.0000000000000000
M 0.3140766620635986,-0.0000000414994723,-0.9493976235389709,3.1349108219146729,0.0000000000000000,1.0000000000000000,-0.0000000437113883,0.0000000296764568,0.9493976235389709,0.0000000137287230,0.3140766620635986,-6.9015803337097168,0.0000000000000000,0.0000000000000000,0.0000000000000000,1.0000000000000000
M 0.2886919677257538,-0.0000000418502459,-0.9574220180511475,3.2856636047363281,0.0000000000000000,1.0000000000000000,-0.0000000437113883,0.0000000296764568,0.9574220180511475,0.0000000126191235,0.2886919677257538,-6.9850091934204102,0.0000000000000000,0.0000000000000000,0.0000000000000000,1.0000000000000000
M 0.2631025314331055,-0.0000000421713438,-0.9647678732872009,3.4385848045349121,0.0000000000000000,1.0000000000000000,-0.0000000437113883,0.0000000296764568,0.9647678732872009,0.0000000115005729,0.2631025314331055,-7.0643959045410156,0.0000000000000000,0.0000000000000000,0.0000000000000000,1.0000000000000000
M 0.2373267114162445,-0.0000000424625490,-0.9714298844337463,3.5935645103454590,0.0000000000000000,1.0000000000000000,-0.0000000437113883,0.0000000296764568,0.9714298844337463,0.0000000103738804,0.2373267114162445,-7.1396832466125488,0.0000000000000000,0.0000000000000000,0.0000000000000000,1.0000000000000000
M 0.2113825827836990,-0.0000000427236451,-0.9774034023284912,3.7504940032958984,0.0000000000000000,1.0000000000000000,-0.0000000437113883,0.0000000296764568,0.9774034023284912,0.0000000092398222,0.2113825827836990,-7.2108187675476074,0.0000000000000000,0.0000000000000000,0.0000000000000000,1.0000000000000000
M 0.1852886229753494,-0.0000000429544862,-0.9826841354370117,3.9092614650726318,0.0000000000000000,1.0000000000000000,-0.0000000437113883,0.0000000296764568,0.9826841354370117,0.0000000080992226,0.1852886229753494,-7.2777514457702637,0.0000000000000000,0.0000000000000000,0.0000000000000000,1.0000000000000000
M 0.1590634584426880,-0.0000000431548592,-0.9872683882713318,4.0697536468505859,0.0000000000000000,1.0000000000000000,-0.0000000437113883,0.0000000296764568,0.9872683882713318,0.0000000069528827,0.1590634584426880,-7.3404335975646973,0.0000000000000000,0.0000000000000000,0.0000000000000000,1.0000000000000000
M 0.1327254176139832,-0.0000000433246647,-0.9911528229713440,4.2318587303161621,0.0000000000000000,1.0000000000000000,-0.0000000437113883,0.0000000296764568,0.9911528229713440,0.0000000058016121,0.1327254176139832,-7.3988213539123535,0.0000000000000000,0.0000000000000000,0.0000000000000000,1.0000000000000000
M 0.1062934398651123,-0.0000000434637570,-0.9943348169326782,4.3954596519470215,0.0000000000000000,1.0000000000000000,-0.0000000437113883,0.0000000296764568,0.9943348169326782,0.0000000046462318,0.1062934398651123,-7.4528727531433105,0.0000000000000000,0.0000000000000000,0.0000000000000000,1.0000000000000000
M 0.0797860026359558,-0.0000000435720366,-0.9968119859695435,4.5604424476623535,0.0000000000000000,1.0000000000000000,-0.0000000437113883,0.0000000296764568,0.9968119859695435,0.0000000034875560,0.0797860026359558,-7.5025496482849121,0.0000000000000000,0.0000000000000000,0.0000000000000000,1.0000000000000000
M 0.0532221309840679,-0.0000000436494219,-0.9985827207565308,4.7266883850097656,0.0000000000000000,1.0000000000000000,-0.0000000437113883,0.0000000296764568,0.9985827207565308,0.0000000023264133,0.0532221309840679,-7.5478181838989258,0.0000000000000000,0.0000000000000000,0.0000000000000000,1.0000000000000000
M 0.0266205370426178,-0.0000000436958949,-0.9996455907821655,4.8940801620483398,0.0000000000000000,1.0000000000000000,-0.0000000437113883,0.0000000296764568,0.9996455907821655,0.0000000011636206,0.0266205370426178,-7.5886440277099609,0.0000000000000000,0.0000000000000000,0.0000000000000000,1.0000000000000000
M -0.0000000437113883,-0.0000000437113883,-1.0000000000000000,5.0625004768371582,0.0000000000000000,1.0000000000000000,-0.0000000437113883,0.0000000296764568,1.0000000000000000,-0.0000000000000019,-0.0000000437113883,-7.6250000000000000,0.0000000000000000,0.0000000000000000,0.0000000000000000,1.0000000000000000
O DOOR_4_CG_d4_LCG_cab2_INTERIOR
A DOOR_4_CG_d4_LCG_cab2_INTERIOR_DOOR_4_CG_d4_LCG_cab2_INTERIOR
M 1.0000000000000000,0.0000000000000000,0.0000000000000000,0.0000000000000000,0.0000000000000000,1.0000000000000000,-0.0000000437113883,0.0000000296764568,-0.0000000000000000,0.0000000437113883,1.0000000000000000,-0.0000000568751659,0.0000000000000000,0.0000000000000000,0.0000000000000000,1.0000000000000000
M 0.9996455907821655,-0.0000000011636200,-0.0266205221414566,-0.0318592488765717,0.0000000000000000,1.0000000000000000,-0.0000000437113883,0.0000000296764568,0.0266205221414566,0.0000000436958949,0.9996455907821655,-0.1693280637264252,0.0000000000000000,0.0000000000000000,0.0000000000000000,1.0000000000000000
M 0.9985827207565308,-0.0000000023264153,-0.0532221794128418,-0.0592001378536224,0.0000000000000000,1.0000000000000000,-0.0000000437113883,0.0000000296764568,0.0532221794128418,0.0000000436494219,0.9985827207565308,-0.3394441604614258,0.0000000000000000,0.0000000000000000,0.0000000000000000,1.0000000000000000
M 0.9968119859695435,-0.0000000034875607,-0.0797861069440842,-0.0820018351078033,0.0000000000000000,1.0000000000000000,-0.0000000437113883,0.0000000296764568,0.0797861069440842,0.0000000435720366,0.9968119859695435,-0.5102277398109436,0.0000000000000000,0.0000000000000000,0.0000000000000000,1.0000000000000000
M 0.9943348169326782,-0.0000000046462363,-0.1062934920191765,-0.1002497673034668,0.0000000000000000,1.0000000000000000,-0.0000000437113883,0.0000000296764568,0.1062934920191765,0.0000000434637570,0.9943348169326782,-0.6815579533576965,0.0000000000000000,0.0000000000000000,0.0000000000000000,1.0000000000000000
M 0.9911528229713440,-0.0000000058016170,-0.1327255219221115,-0.1139303222298622,0.0000000000000000,1.0000000000000000,-0.0000000437113883,0.0000000296764568,0.1327255219221115,0.0000000433246647,0.9911528229713440,-0.8533130884170532,0.0000000000000000,0.0000000000000000,0.0000000000000000,1.0000000000000000
M 0.9872683286666870,-0.0000000069528876,-0.1590634882450104,-0.1230333745479584,0.0000000000000000,1.0000000000000000,-0.0000000437113883,0.0000000296764568,0.1590634882450104,0.0000000431548699,0.9872683286666870,-1.0253714323043823,0.0000000000000000,0.0000000000000000,0.0000000000000000,1.0000000000000000
M 0.9826841354370117,-0.0000000080992244,-0.1852887421846390,-0.1275535970926285,0.0000000000000000,1.0000000000000000,-0.0000000437113883,0.0000000296764568,0.1852887421846390,0.0000000429544720,0.9826841354370117,-1.1976113319396973,0.0000000000000000,0.0000000000000000,0.0000000000000000,1.0000000000000000
