O WINDOW_2_TOGGLE_CG_w2_LCG_cab1_INTERIOR
A WINDOW_2_TOGGLE_CG_w2_LCG_cab1_INTERIOR_WINDOW_2_TOGGLE_CG_w2_LCG_cab1_INTERIOR
M 1.0000000000000000,0.0000000000000000,0.0000000000000000,0.0000000000000000,0.0000000000000000,1.0000000000000000,-0.0000000437113883,0.0000000245851766,-0.0000000000000000,0.0000000437113883,1.0000000000000000,-0.0000000068336021,0.0000000000000000,0.0000000000000000,0.0000000000000000,1.0000000000000000
M 0.9999850392341614,-0.0054744770750403,0.0000000002392970,0.0161517430096865,0.0054744770750403,0.9999850392341614,-0.0000000437107346,0.0368260145187378,-0.0000000000000000,0.0000000437113883,1.0000000000000000,-0.0000000068336021,0.0000000000000000,0.0000000000000000,0.0000000000000000,1.0000000000000000
M 0.9997714161872864,-0.0213811397552490,0.0000000009345993,0.0619393698871136,0.0213811397552490,0.9997714161872864,-0.0000000437013981,0.1443330943584442,-0.0000000000000000,0.0000000437113883,1.0000000000000000,-0.0000000068336021,0.0000000000000000,0.0000000000000000,0.0000000000000000,1.0000000000000000
M 0.9988979697227478,-0.0469346828758717,0.0000000020515794,0.1319330334663391,0.0469346828758717,0.9988979697227478,-0.0000000436632028,0.3186140060424805,-0.0000000000000000,0.0000000437113883,1.0000000000000000,-0.0000000068336021,0.0000000000000000,0.0000000000000000,0.0000000000000000,1.0000000000000000
M 0.9966881275177002,-0.0813192054629326,0.0000000035545744,0.2191648036241531,0.0813192054629326,0.9966881275177002,-0.0000000435666081,0.5561955571174622,-0.0000000000000000,0.0000000437113883,1.0000000000000000,-0.0000000068336021,0.0000000000000000,0.0000000000000000,0.0000000000000000,1.0000000000000000
M 0.9923241138458252,-0.1236640438437462,0.0000000054055271,0.3155553340911865,0.1236640438437462,0.9923241138458252,-0.0000000433758629,0.8536555767059326,-0.0000000000000000,0.0000000437113883,1.0000000000000000,-0.0000000068336021,0.0000000000000000,0.0000000000000000,0.0000000000000000,1.0000000000000000
M 0.9849181175231934,-0.1730209439992905,0.0000000075629840,0.4123246967792511,0.1730209439992905,0.9849181175231934,-0.0000000430521396,1.2072588205337524,-0.0000000000000000,0.0000000437113883,1.0000000000000000,-0.0000000068336021,0.0000000000000000,0.0000000000000000,0.0000000000000000,1.0000000000000000
M 0.9735797047615051,-0.2283475250005722,0.0000000099813873,0.5003955364227295,0.2283475250005722,0.9735797047615051,-0.0000000425565077,1.6126451492309570,-0.0000000000000000,0.0000000437113883,1.0000000000000000,-0.0000000068336021,0.0000000000000000,0.0000000000000000,0.0000000000000000,1.0000000000000000
M 0.9574797153472900,-0.2885006666183472,0.0000000126107649,0.5708032846450806,0.2885006666183472,0.9574797153472900,-0.0000000418527684,2.0645961761474609,-0.0000000000000000,0.0000000437113883,1.0000000000000000,-0.0000000068336021,0.0000000000000000,0.0000000000000000,0.0000000000000000,1.0000000000000000
M 0.9359092116355896,-0.3522413074970245,0.0000000153969530,0.6151062846183777,0.3522413074970245,0.9359092116355896,-0.0000000409098782,2.5568907260894775,-0.0000000000000000,0.0000000437113883,1.0000000000000000,-0.0000000068336021,0.0000000000000000,0.0000000000000000,0.0000000000000000,1.0000000000000000
M 0.9083311557769775,-0.4182517528533936,0.0000000182823570,0.6257849931716919,0.4182517528533936,0.9083311557769775,-0.0000000397044175,3.0822708606719971,-0.0000000000000000,0.0000000437113883,1.0000000000000000,-0.0000000068336021,0.0000000000000000,0.0000000000000000,0.0000000000000000,1.0000000000000000
M 0.8744221925735474,-0.4851657450199127,0.0000000212072617,0.5966101884841919,0.4851657450199127,0.8744221925735474,-0.0000000382222076,3.6325166225433350,-0.0000000000000000,0.0000000437113883,1.0000000000000000,-0.0000000068336021,0.0000000000000000,0.0000000000000000,0.0000000000000000,1.0000000000000000
M 0.8341035842895508,-0.5516079068183899,0.0000000241115394,0.5229697227478027,0.5516079068183899,0.8341035842895508,-0.0000000364598129,4.1986207962036133,-0.0000000000000000,0.0000000437113883,1.0000000000000000,-0.0000000068336021,0.0000000000000000,0.0000000000000000,0.0000000000000000,1.0000000000000000
M 0.7875576019287109,-0.6162410378456116,0.0000000269367515,0.4021185636520386,0.6162410378456116,0.7875576019287109,-0.0000000344252378,4.7710580825805664,-0.0000000000000000,0.0000000437113883,1.0000000000000000,-0.0000000068336021,0.0000000000000000,0.0000000000000000,0.0000000000000000,1.0000000000000000
M 0.7352301478385925,-0.6778175830841064,0.0000000296283407,0.2333485186100006,0.6778175830841064,0.7352301478385925,-0.0000000321379154,5.3401222229003906,-0.0000000000000000,0.0000000437113883,1.0000000000000000,-0.0000000068336021,0.0000000000000000,0.0000000000000000,0.0000000000000000,1.0000000000000000
M 0.6778175234794617,-0.7352301478385925,0.0000000321379154,0.0180513039231300,0.7352301478385925,0.6778175234794617,-0.0000000296283371,5.8963069915771484,-0.0000000000000000,0.0000000437113883,1.0000000000000000,-0.0000000068336021,0.0000000000000000,0.0000000000000000,0.0000000000000000,1.0000000000000000
M 0.6162409782409668,-0.7875576615333557,0.0000000344252236,-0.2403190881013870,0.7875576615333557,0.6162409782409668,-0.0000000269367408,6.4306874275207520,-0.0000000000000000,0.0000000437113883,1.0000000000000000,-0.0000000068336021,0.0000000000000000,0.0000000000000000,0.0000000000000000,1.0000000000000000
M 0.5516078472137451,-0.8341035842895508,0.0000000364598129,-0.5363896489143372,0.8341035842895508,0.5516078472137451,-0.0000000241115377,6.9352979660034180,-0.0000000000000000,0.0000000437113883,1.0000000000000000,-0.0000000068336021,0.0000000000000000,0.0000000000000000,0.0000000000000000,1.0000000000000000
M 0.4851655960083008,-0.8744223117828369,0.0000000382222005,-0.8631022572517395,0.8744223117828369,0.4851655960083008,-0.0000000212072617,7.4034395217895508,-0.0000000000000000,0.0000000437113883,1.0000000000000000,-0.0000000068336021,0.0000000000000000,0.0000000000000000,0.0000000000000000,1.0000000000000000
M 0.4182515740394592,-0.9083312153816223,0.0000000397044175,-1.2120137214660645,0.9083312153816223,0.4182515740394592,-0.0000000182823570,7.8299164772033691,-0.0000000000000000,0.0000000437113883,1.0000000000000000,-0.0000000068336021,0.0000000000000000,0.0000000000000000,0.0000000000000000,1.0000000000000000
M 0.3522410690784454,-0.9359093308448792,0.0000000409098817,-1.5736494064331055,0.9359093308448792,0.3522410690784454,-0.0000000153969424,8.2111749649047852,-0.0000000000000000,0.0000000437113883,1.0000000000000000,-0.0000000068336021,0.0000000000000000,0.0000000000000000,0.0000000000000000,1.0000000000000000
M 0.2885006666183472,-0.9574797153472900,0.0000000418527684,-1.9378679990768433,0.9574797153472900,0.2885006666183472,-0.0000000126107649,8.5453310012817383,-0.0000000000000000,0.0000000437113883,1.0000000000000000,-0.0000000068336021,0.0000000000000000,0.0000000000000000,0.0000000000000000,1.0000000000000000
M 0.2283476293087006,-0.9735796451568604,0.0000000425565183,-2.2942245006561279,0.9735796451568604,0.2283476293087006,-0.0000000099813882,8.8320817947387695,-0.0000000000000000,0.0000000437113883,1.0000000000000000,-0.0000000068336021,0.0000000000000000,0.0000000000000000,0.0000000000000000,1.0000000000000000
M 0.1730209290981293,-0.9849181771278381,0.0000000430521254,-2.6322894096374512,0.9849181771278381,0.1730209290981293,-0.0000000075629831,9.0725126266479492,-0.0000000000000000,0.0000000437113883,1.0000000000000000,-0.0000000068336021,0.0000000000000000,0.0000000000000000,0.0000000000000000,1.0000000000000000
M 0.1236639320850372,-0.9923241734504700,0.0000000433758665,-2.9419202804565430,0.9923241734504700,0.1236639320850372,-0.0000000054055205,9.2688007354736328,-0.0000000000000000,0.0000000437113883,1.0000000000000000,-0.0000000068336021,0.0000000000000000,0.0000000000000000,0.0000000000000000,1.0000000000000000
M 0.0813191607594490,-0.9966881275177002,0.0000000435666081,-3.2134687900543213,0.9966881275177002,0.0813191607594490,-0.0000000035545724,9.4238319396972656,-0.0000000000000000,0.0000000437113883,1.0000000000000000,-0.0000000068336021,0.0000000000000000,0.0000000000000000,0.0000000000000000,1.0000000000000000
M 0.0469348356127739,-0.9988979697227478,0.0000000436632028,-3.4379279613494873,0.9988979697227478,0.0469348356127739,-0.0000000020515869,9.5407581329345703,-0.0000000000000000,0.0000000437113883,1.0000000000000000,-0.0000000068336021,0.0000000000000000,0.0000000000000000,0.0000000000000000,1.0000000000000000
M 0.0213810168206692,-0.9997714161872864,0.0000000437013981,-3.6070246696472168,0.9997714161872864,0.0213810168206692,-0.0000000009345937,9.6224889755249023,-0.0000000000000000,0.0000000437113883,1.0000000000000000,-0.0000000068336021,0.0000000000000000,0.0000000000000000,0.0000000000000000,1.0000000000000000
M 0.0054746153764427,-0.9999850392341614,0.0000000437107346,-3.7132616043090820,0.9999850392341614,0.0054746153764427,-0.0000000002393030,9.6711463928222656,-0.0000000000000000,0.0000000437113883,1.0000000000000000,-0.0000000068336021,0.0000000000000000,0.0000000000000000,0.0000000000000000,1.0000000000000000
M 0.0000000754979013,-1.0000000000000000,0.0000000437113883,-3.7499992847442627,1.0000000000000000,0.0000000754979013,-0.0000000000000033,9.6875000000000000,-0.0000000000000000,0.0000000437113883,1.0000000000000000,-0.0000000068336021,0.0000000000000000,0.0000000000000000,0.0000000000000000,1.0000000000000000
M 0.0000000754979013,-1.0000000000000000,0.0000000437113883,-3.7499992847442627,1.0000000000000000,0.0000000754979013,-0.0000000000000033,9.6870880126953125,-0.0000000000000000,0.0000000437113883,1.0000000000000000,0.0000082186070358,0.0000000000000000,0.0000000000000000,0.0000000000000000,1.0000000000000000
M 0.0000000754979013,-1.0000000000000000,0.0000000437113883,-3.7499992847442627,1.0000000000000000,0.0000000754979013,-0.0000000000000033,9.6858701705932617,-0.0000000000000000,0.0000000437113883,1.0000000000000000,0.0000326565132127,0.0000000000000000,0.0000000000000000,0.0000000000000000,1.0000000000000000
M 0.0000000754979013,-1.0000000000000000,0.0000000437113883,-3.7499992847442627,1.0000000000000000,0.0000000754979013,-0.0000000000000033,9.6838750839233398,-0.0000000000000000,0.0000000437113883,1.0000000000000000,0.0000724724159227,0.0000000000000000,0.0000000000000000,0.0000000000000000,1.0000000000000000
M 0.0000000754979013,-1.0000000000000000,0.0000000437113883,-3.7499992847442627,1.0000000000000000,0.0000000754979013,-0.0000000000000033,9.6811294555664062,-0.0000000000000000,0.0000000437113883,1.0000000000000000,0.0001273086818401,0.0000000000000000,0.0000000000000000,0.0000000000000000,1.0000000000000000
M 0.0000000754979013,-1.0000000000000000,0.0000000437113883,-3.7499992847442627,1.0000000000000000,0.0000000754979013,-0.0000000000000033,9.6776618957519531,-0.0000000000000000,0.0000000437113883,1.0000000000000000,0.0001968076976482,0.0000000000000000,0.0000000000000000,0.0000000000000000,1.0000000000000000
M 0.0000000754979013,-1.0000000000000000,0.0000000437113883,-3.7499992847442627,1.0000000000000000,0.0000000754979013,-0.0000000000000033,9.6735000610351562,-0.0000000000000000,0.0000000437113883,1.0000000000000000,0.0002800157817546,0.0000000000000000,0.0000000000000000,0.0000000000000000,1.0000000000000000
M 0.0000000754979013,-1.0000000000000000,0.0000000437113883,-3.7499992847442627,1.0000000000000000,0.0000000754979013,-0.0000000000000033,9.6686716079711914,-0.0000000000000000,0.0000000437113883,1.0000000000000000,0.0003765753062908,0.0000000000000000,0.0000000000000000,0.0000000000000000,1.0000000000000000
M 0.0000000754979013,-1.0000000000000000,0.0000000437113883,-3.7499992847442627,1.0000000000000000,0.0000000754979013,-0.0000000000000033,9.6632041931152344,-0.0000000000000000,0.0000000437113883,1.0000000000000000,0.0004858902248088,0.0000000000000000,0.0000000000000000,0.0000000000000000,1.0000000000000000
M 0.0000000754979013,-1.0000000000000000,0.0000000437113883,-3.7499992847442627,1.0000000000000000,0.0000000754979013,-0.0000000000000033,9.6571254730224609,-0.0000000000000000,0.0000000437113883,1.0000000000000000,0.0006074837292545,0.0000000000000000,0.0000000000000000,0.0000000000000000,1.0000000000000000
M 0.0000000754979013,-1.0000000000000000,0.0000000437113883,-3.7499992847442627,1.0000000000000000,0.0000000754979013,-0.0000000000000033,9.6504631042480469,-0.0000000000000000,0.0000000437113883,1.0000000000000000,0.0007407597149722,0.0000000000000000,0.0000000000000000,0.0000000000000000,1.0000000000000000
M 0.0000000754979013,-1.0000000000000000,0.0000000437113883,-3.7499992847442627,1.0000000000000000,0.0000000754979013,-0.0000000000000033,9.6432456970214844,-0.0000000000000000,0.0000000437113883,1.0000000000000000,0.0008851221646182,0.0000000000000000,0.0000000000000000,0.0000000000000000,1.0000000000000000
M 0.0000000754979013,-1.0000000000000000,0.0000000437113883,-3.7499992847442627,1.0000000000000000,0.0000000754979013,-0.0000000000000033,9.6354999542236328,-0.0000000000000000,0.0000000437113883,1.0000000000000000,0.0010399749735370,0.0000000000000000,0.0000000000000000,0.0000000000000000,1.0000000000000000
M 0.0000000754979013,-1.0000000000000000,0.0000000437113883,-3.7499992847442627,1.0000000000000000,0.0000000754979013,-0.0000000000000033,9.6272544860839844,-0.0000000000000000,0.0000000437113883,1.0000000000000000,0.0012049606302753,0.0000000000000000,0.0000000000000000,0.0000000000000000,1.0000000000000000
M 0.0000000754979013,-1.0000000000000000,0.0000000437113883,-3.7499992847442627,1.0000000000000000,0.0000000754979013,-0.0000000000000033,9.6185369491577148,-0.0000000000000000,0.0000000437113883,1.0000000000000000,0.0013792446115986,0.0000000000000000,0.0000000000000000,0.0000000000000000,1.0000000000000000
M 0.0000000754979013,-1.0000000000000000,0.0000000437113883,-3.7499992847442627,1.0000000000000000,0.0000000754979013,-0.0000000000000033,9.6093750000000000,-0.0000000000000000,0.0000000437113883,1.0000000000000000,0.0015625884989277,0.0000000000000000,0.0000000000000000,0.0000000000000000,1.0000000000000000
M 0.0000000754979013,-1.0000000000000000,0.0000000437113883,-3.7499992847442627,1.0000000000000000,0.0000000754979013,-0.0000000000000033,9.5997962951660156,-0.0000000000000000,0.0000000437113883,1.0000000000000000,0.0017541578272358,0.0000000000000000,0.0000000000000000,0.0000000000000000,1.0000000000000000
M 0.0000000754979013,-1.0000000000000000,0.0000000437113883,-3.7499992847442627,1.0000000000000000,0.0000000754979013,-0.0000000000000033,9.5898284912109375,-0.0000000000000000,0.0000000437113883,1.0000000000000000,0.0019534758757800,0.0000000000000000,0.0000000000000000,0.0000000000000000,1.0000000000000000
M 0.0000000754979013,-1.0000000000000000,0.0000000437113883,-3.7499992847442627,1.0000000000000000,0.0000000754979013,-0.0000000000000033,9.5795001983642578,-0.0000000000000000,0.0000000437113883,1.0000000000000000,0.0021599463652819,0.0000000000000000,0.0000000000000000,0.0000000000000000,1.0000000000000000
M 0.0000000754979013,-1.0000000000000000,0.0000000437113883,-3.7499992847442627,1.0000000000000000,0.0000000754979013,-0.0000000000000033,9.5688381195068359,-0.0000000000000000,0.0000000437113883,1.0000000000000000,0.0023732117842883,0.0000000000000000,0.0000000000000000,0.0000000000000000,1.0000000000000000
M 0.0000000754979013,-1.0000000000000000,0.0000000437113883,-3.7499992847442627,1.0000000000000000,0.0000000754979013,-0.0000000000000033,9.5578708648681641,-0.0000000000000000,0.0000000437113883,1.0000000000000000,0.0025925568770617,0.0000000000000000,0.0000000000000000,0.0000000000000000,1.0000000000000000
M 0.0000000754979013,-1.0000000000000000,0.0000000437113883,-3.7499992847442627,1.0000000000000000,0.0000000754979013,-0.0000000000000033,9.5466251373291016,-0.0000000000000000,0.0000000437113883,1.0000000000000000,0.0028175048064440,0.0000000000000000,0.0000000000000000,0.0000000000000000,1.0000000000000000
M 0.0000000754979013,-1.0000000000000000,0.0000000437113883,-3.7499992847442627,1.0000000000000000,0.0000000754979013,-0.0000000000000033,9.5351295471191406,-0.0000000000000000,0.0000000437113883,1.0000000000000000,0.0030473403166980,0.0000000000000000,0.0000000000000000,0.0000000000000000,1.0000000000000000
M 0.0000000754979013,-1.0000000000000000,0.0000000437113883,-3.7499992847442627,1.0000000000000000,0.0000000754979013,-0.0000000000000033,9.5234127044677734,-0.0000000000000000,0.0000000437113883,1.0000000000000000,0.0032818249892443,0.0000000000000000,0.0000000000000000,0.0000000000000000,1.0000000000000000
M 0.0000000754979013,-1.0000000000000000,0.0000000437113883,-3.7499992847442627,1.0000000000000000,0.0000000754979013,-0.0000000000000033,9.5115003585815430,-0.0000000000000000,0.0000000437113883,1.0000000000000000,0.0035200051497668,0.0000000000000000,0.0000000000000000,0.0000000000000000,1.0000000000000000
M 0.0000000754979013,-1.0000000000000000,0.0000000437113883,-3.7499992847442627,1.0000000000000000,0.0000000754979013,-0.0000000000000033,9.4994211196899414,-0.0000000000000000,0.0000000437113883,1.0000000000000000,0.0037616423796862,0.0000000000000000,0.0000000000000000,0.0000000000000000,1.0000000000000000
M 0.0000000754979013,-1.0000000000000000,0.0000000437113883,-3.7499992847442627,1.0000000000000000,0.0000000754979013,-0.0000000000000033,9.4872035980224609,-0.0000000000000000,0.0000000437113883,1.0000000000000000,0.0040059019811451,0.0000000000000000,0.0000000000000000,0.0000000000000000,1.0000000000000000
M 0.0000000754979013,-1.0000000000000000,0.0000000437113883,-3.7499992847442627,1.0000000000000000,0.0000000754979013,-0.0000000000000033,9.4748754501342773,-0.0000000000000000,0.0000000437113883,1.0000000000000000,0.0042525460012257,0.0000000000000000,0.0000000000000000,0.0000000000000000,1.0000000000000000
M 0.0000000754979013,-1.0000000000000000,0.0000000437113883,-3.7499992847442627,1.0000000000000000,0.0000000754979013,-0.0000000000000033,9.4624633789062500,-0.0000000000000000,0.0000000437113883,1.0000000000000000,0.0045007397420704,0.0000000000000000,0.0000000000000000,0.0000000000000000,1.0000000000000000
M 0.0000000754979013,-1.0000000000000000,0.0000000437113883,-3.7499992847442627,1.0000000000000000,0.0000000754979013,-0.0000000000000033,9.4499950408935547,-0.0000000000000000,0.0000000437113883,1.0000000000000000,0.0047501255758107,0.0000000000000000,0.0000000000000000,0.0000000000000000,1.0000000000000000
M 0.0000000754979013,-1.0000000000000000,0.0000000437113883,-3.7499992847442627,1.0000000000000000,0.0000000754979013,-0.0000000000000033,9.4375000000000000,-0.0000000000000000,0.0000000437113883,1.0000000000000000,0.0049998690374196,0.0000000000000000,0.0000000000000000,0.0000000000000000,1.0000000000000000
M 0.0000000754979013,-1.0000000000000000,0.0000000437113883,-3.7499992847442627,1.0000000000000000,0.0000000754979013,-0.0000000000000033,9.4250049591064453,-0.0000000000000000,0.0000000437113883,1.0000000000000000,0.0052499701268971,0.0000000000000000,0.0000000000000000,0.0000000000000000,1.0000000000000000
M 0.0000000754979013,-1.0000000000000000,0.0000000437113883,-3.7499992847442627,1.0000000000000000,0.0000000754979013,-0.0000000000000033,9.4125375747680664,-0.0000000000000000,0.0000000437113883,1.0000000000000000,0.0054992367513478,0.0000000000000000,0.0000000000000000,0.0000000000000000,1.0000000000000000
M 0.0000000754979013,-1.0000000000000000,0.0000000437113883,-3.7499992847442627,1.0000000000000000,0.0000000754979013,-0.0000000000000033,9.4001255035400391,-0.0000000000000000,0.0000000437113883,1.0000000000000000,0.0057475497014821,0.0000000000000000,0.0000000000000000,0.0000000000000000,1.0000000000000000
M 0.0000000754979013,-1.0000000000000000,0.0000000437113883,-3.7499992847442627,1.0000000000000000,0.0000000754979013,-0.0000000000000033,9.3877964019775391,-0.0000000000000000,0.0000000437113883,1.0000000000000000,0.0059940745122731,0.0000000000000000,0.0000000000000000,0.0000000000000000,1.0000000000000000
M 0.0000000754979013,-1.0000000000000000,0.0000000437113883,-3.7499992847442627,1.0000000000000000,0.0000000754979013,-0.0000000000000033,9.3755788803100586,-0.0000000000000000,0.0000000437113883,1.0000000000000000,0.0062384535558522,0.0000000000000000,0.0000000000000000,0.0000000000000000,1.0000000000000000
M 0.0000000754979013,-1.0000000000000000,0.0000000437113883,-3.7499992847442627,1.0000000000000000,0.0000000754979013,-0.0000000000000033,9.3635005950927734,-0.0000000000000000,0.0000000437113883,1.0000000000000000,0.0064799715764821,0.0000000000000000,0.0000000000000000,0.0000000000000000,1.0000000000000000
M 0.0000000754979013,-1.0000000000000000,0.0000000437113883,-3.7499992847442627,1.0000000000000000,0.0000000754979013,-0.0000000000000033,9.3515882492065430,-0.0000000000000000,0.0000000437113883,1.0000000000000000,0.0067182709462941,0.0000000000000000,0.0000000000000000,0.0000000000000000,1.0000000000000000
M 0.0000000754979013,-1.0000000000000000,0.0000000437113883,-3.7499992847442627,1.0000000000000000,0.0000000754979013,-0.0000000000000033,9.3398704528808594,-0.0000000000000000,0.0000000437113883,1.0000000000000000,0.0069526364095509,0.0000000000000000,0.0000000000000000,0.0000000000000000,1.0000000000000000
M 0.0000000754979013,-1.0000000000000000,0.0000000437113883,-3.7499992847442627,1.0000000000000000,0.0000000754979013,-0.0000000000000033,9.3283748626708984,-0.0000000000000000,0.0000000437113883,1.0000000000000000,0.0071824719198048,0.0000000000000000,0.0000000000000000,0.0000000000000000,1.0000000000000000
M 0.0000000754979013,-1.0000000000000000,0.0000000437113883,-3.7499992847442627,1.0000000000000000,0.0000000754979013,-0.0000000000000033,9.3171300888061523,-0.0000000000000000,0.0000000437113883,1.0000000000000000,0.0074074198491871,0.0000000000000000,0.0000000000000000,0.0000000000000000,1.0000000000000000
M 0.0000000754979013,-1.0000000000000000,0.0000000437113883,-3.7499992847442627,1.0000000000000000,0.0000000754979013,-0.0000000000000033,9.3061618804931641,-0.0000000000000000,0.0000000437113883,1.0000000000000000,0.0076267649419606,0.0000000000000000,0.0000000000000000,0.0000000000000000,1.0000000000000000
M 0.0000000754979013,-1.0000000000000000,0.0000000437113883,-3.7499992847442627,1.0000000000000000,0.0000000754979013,-0.0000000000000033,9.2954998016357422,-0.0000000000000000,0.0000000437113883,1.0000000000000000,0.0078399116173387,0.0000000000000000,0.0000000000000000,0.0000000000000000,1.0000000000000000
M 0.0000000754979013,-1.0000000000000000,0.0000000437113883,-3.7499992847442627,1.0000000000000000,0.0000000754979013,-0.0000000000000033,9.2851715087890625,-0.0000000000000000,0.0000000437113883,1.0000000000000000,0.0080465013161302,0.0000000000000000,0.0000000000000000,0.0000000000000000,1.0000000000000000
M 0.0000000754979013,-1.0000000000000000,0.0000000437113883,-3.7499992847442627,1.0000000000000000,0.0000000754979013,-0.0000000000000033,9.2752037048339844,-0.0000000000000000,0.0000000437113883,1.0000000000000000,0.0082459384575486,0.0000000000000000,0.0000000000000000,0.0000000000000000,1.0000000000000000
M 0.0000000754979013,-1.0000000000000000,0.0000000437113883,-3.7499992847442627,1.0000000000000000,0.0000000754979013,-0.0000000000000033,9.2656250000000000,-0.0000000000000000,0.0000000437113883,1.0000000000000000,0.0084375077858567,0.0000000000000000,0.0000000000000000,0.0000000000000000,1.0000000000000000
M 0.0000000754979013,-1.0000000000000000,0.0000000437113883,-3.7499992847442627,1.0000000000000000,0.0000000754979013,-0.0000000000000033,9.2564630508422852,-0.0000000000000000,0.0000000437113883,1.0000000000000000,0.0086207324638963,0.0000000000000000,0.0000000000000000,0.0000000000000000,1.0000000000000000
M 0.0000000754979013,-1.0000000000000000,0.0000000437113883,-3.7499992847442627,1.0000000000000000,0.0000000754979013,-0.0000000000000033,9.2477455139160156,-0.0000000000000000,0.0000000437113883,1.0000000000000000,0.0087950164452195,0.0000000000000000,0.0000000000000000,0.0000000000000000,1.0000000000000000
M 0.0000000754979013,-1.0000000000000000,0.0000000437113883,-3.7499992847442627,1.0000000000000000,0.0000000754979013,-0.0000000000000033,9.2395000457763672,-0.0000000000000000,0.0000000437113883,1.0000000000000000,0.0089600021019578,0.0000000000000000,0.0000000000000000,0.0000000000000000,1.0000000000000000
M 0.0000000754979013,-1.0000000000000000,0.0000000437113883,-3.7499992847442627,1.0000000000000000,0.0000000754979013,-0.0000000000000033,9.2317543029785156,-0.0000000000000000,0.0000000437113883,1.0000000000000000,0.0091148549690843,0.0000000000000000,0.0000000000000000,0.0000000000000000,1.0000000000000000
M 0.0000000754979013,-1.0000000000000000,0.0000000437113883,-3.7499992847442627,1.0000000000000000,0.0000000754979013,-0.0000000000000033,9.2245368957519531,-0.0000000000000000,0.0000000437113883,1.0000000000000000,0.0092592174187303,0.0000000000000000,0.0000000000000000,0.0000000000000000,1.0000000000000000
M 0.0000000754979013,-1.0000000000000000,0.0000000437113883,-3.7499992847442627,1.0000000000000000,0.0000000754979013,-0.0000000000000033,9.2178754806518555,-0.0000000000000000,0.0000000437113883,1.0000000000000000,0.0093924934044480,0.0000000000000000,0.0000000000000000,0.0000000000000000,1.0000000000000000
M 0.0000000754979013,-1.0000000000000000,0.0000000437113883,-3.7499992847442627,1.0000000000000000,0.0000000754979013,-0.0000000000000033,9.2117967605590820,-0.0000000000000000,0.0000000437113883,1.0000000000000000,0.0095140868797898,0.0000000000000000,0.0000000000000000,0.0000000000000000,1.0000000000000000
M 0.0000000754979013,-1.0000000000000000,0.0000000437113883,-3.7499992847442627,1.0000000000000000,0.0000000754979013,-0.0000000000000033,9.2063283920288086,-0.0000000000000000,0.0000000437113883,1.0000000000000000,0.0096234017983079,0.0000000000000000,0.0000000000000000,0.0000000000000000,1.0000000000000000
M 0.0000000754979013,-1.0000000000000000,0.0000000437113883,-3.7499992847442627,1.0000000000000000,0.0000000754979013,-0.0000000000000033,9.2014999389648438,-0.0000000000000000,0.0000000437113883,1.0000000000000000,0.0097199613228440,0.0000000000000000,0.0000000000000000,0.0000000000000000,1.0000000000000000
M 0.0000000754979013,-1.0000000000000000,0.0000000437113883,-3.7499992847442627,1.0000000000000000,0.0000000754979013,-0.0000000000000033,9.1973381042480469,-0.0000000000000000,0.0000000437113883,1.0000000000000000,0.0098032886162400,0.0000000000000000,0.0000000000000000,0.0000000000000000,1.0000000000000000
M 0.0000000754979013,-1.0000000000000000,0.0000000437113883,-3.7499992847442627,1.0000000000000000,0.0000000754979013,-0.0000000000000033,9.1938705444335938,-0.0000000000000000,0.0000000437113883,1.0000000000000000,0.0098725492134690,0.0000000000000000,0.0000000000000000,0.0000000000000000,1.0000000000000000
M 0.0000000754979013,-1.0000000000000000,0.0000000437113883,-3.7499992847442627,1.0000000000000000,0.0000000754979013,-0.0000000000000033,9.1911249160766602,-0.0000000000000000,0.0000000437113883,1.0000000000000000,0.0099273854866624,0.0000000000000000,0.0000000000000000,0.0000000000000000,1.0000000000000000
M 0.0000000754979013,-1.0000000000000000,0.0000000437113883,-3.7499992847442627,1.0000000000000000,0.0000000754979013,-0.0000000000000033,9.1891298294067383,-0.0000000000000000,0.0000000437113883,1.0000000000000000,0.0099673205986619,0.0000000000000000,0.0000000000000000,0.0000000000000000,1.0000000000000000
M 0.0000000754979013,-1.0000000000000000,0.0000000437113883,-3.7499992847442627,1.0000000000000000,0.0000000754979013,-0.0000000000000033,9.1879119873046875,-0.0000000000000000,0.0000000437113883,1.0000000000000000,0.0099917585030198,0.0000000000000000,0.0000000000000000,0.0000000000000000,1.0000000000000000
M 0.0000000754979013,-1.0000000000000000,0.0000000437113883,-3.7499992847442627,1.0000000000000000,0.0000000754979013,-0.0000000000000033,9.1875000000000000,-0.0000000000000000,0.0000000437113883,1.0000000000000000,0.0099999839439988,0.0000000000000000,0.0000000000000000,0.0000000000000000,1.0000000000000000
O WINDOW_2
A WINDOW_2_WINDOW_2
M 1.0000000000000000,0.0000000000000000,0.0000000000000000,0.0000000000000000,0.0000000000000000,1.0000000000000000,-0.0000000437113883,0.0000000093113641,-0.0000000000000000,0.0000000437113883,1.0000000000000000,0.0000000389878210,0.0000000000000000,0.0000000000000000,0.0000000000000000,1.0000000000000000
M 1.0000000000000000,0.0000000000000000,0.0000000000000000,0.0000000000000000,0.0000000000000000,1.0000000000000000,-0.0000000437113883,0.0000000093113641,-0.0000000000000000,0.0000000437113883,1.0000000000000000,0.0000000389878210,0.0000000000000000,0.0000000000000000,0.0000000000000000,1.0000000000000000
M 1.0000000000000000,0.0000000000000000,0.0000000000000000,0.0000000000000000,0.0000000000000000,1.0000000000000000,-0.0000000437113883,0.0000000093113641,-0.0000000000000000,0.0000000437113883,1.0000000000000000,0.0000000389878210,0.0000000000000000,0.0000000000000000,0.0000000000000000,1.0000000000000000
M 1.0000000000000000,0.0000000000000000,0.0000000000000000,0.0000000000000000,0.0000000000000000,1.0000000000000000,-0.0000000437113883,0.0000000093113641,-0.0000000000000000,0.0000000437113883,1.0000000000000000,0.0000000389878210,0.0000000000000000,0.0000000000000000,0.0000000000000000,1.0000000000000000
M 1.0000000000000000,0.0000000000000000,0.0000000000000000,0.0000000000000000,0.0000000000000000,1.0000000000000000,-0.0000000437113883,0.0000000093113641,-0.0000000000000000,0.0000000437113883,1.0000000000000000,0.0000000389878210,0.0000000000000000,0.0000000000000000,0.0000000000000000,1.0000000000000000
M 1.0000000000000000,0.0000000000000000,0.0000000000000000,0.0000000000000000,0.0000000000000000,1.0000000000000000,-0.0000000437113883,0.0000000093113641,-0.0000000000000000,0.0000000437113883,1.0000000000000000,0.0000000389878210,0.0000000000000000,0.0000000000000000,0.0000000000000000,1.0000000000000000
M 1.0000000000000000,0.0000000000000000,0.0000000000000000,0.0000000000000000,0.0000000000000000,1.0000000000000000,-0.0000000437113883,0.0000000093113641,-0.0000000000000000,0.0000000437113883,1.0000000000000000,0.0000000389878210,0.0000000000000000,0.0000000000000000,0.0000000000000000,1.0000000000000000
M 1.0000000000000000,0.0000000000000000,0.0000000000000000,0.0000000000000000,0.0000000000000000,1.0000000000000000,-0.0000000437113883,0.0000000093113641,-0.0000000000000000,0.0000000437113883,1.0000000000000000,0.0000000389878210,0.0000000000000000,0.0000000000000000,0.0000000000000000,1.0000000000000000
M 1.0000000000000000,0.0000000000000000,0.0000000000000000,0.0000000000000000,0.0000000000000000,1.0000000000000000,-0.0000000437113883,0.0000000093113641,-0.0000000000000000,0.0000000437113883,1.0000000000000000,0.0000000389878210,0.0000000000000000,0.0000000000000000,0.0000000000000000,1.0000000000000000
M 1.0000000000000000,0.0000000000000000,0.0000000000000000,0.0000000000000000,0.0000000000000000,1.0000000000000000,-0.0000000437113883,0.0000000093113641,-0.0000000000000000,0.0000000437113883,1.0000000000000000,0.0000000389878210,0.0000000000000000,0.0000000000000000,0.0000000000000000,1.0000000000000000
M 1.0000000000000000,0.0000000000000000,0.0000000000000000,0.0000000000000000,0.0000000000000000,1.0000000000000000,-0.0000000437113883,0.0000000093113641,-0.0000000000000000,0.0000000437113883,1.0000000000000000,0.0000000389878210,0.0000000000000000,0.0000000000000000,0.0000000000000000,1.0000000000000000
M 1.0000000000000000,0.0000000000000000,0.0000000000000000,0.0000000000000000,0.0000000000000000,1.0000000000000000,-0.0000000437113883,0.0000000093113641,-0.0000000000000000,0.0000000437113883,1.0000000000000000,0.0000000389878210,0.0000000000000000,0.0000000000000000,0.0000000000000000,1.0000000000000000
M 1.0000000000000000,0.0000000000000000,0.0000000000000000,0.0000000000000000,0.0000000000000000,1.0000000000000000,-0.0000000437113883,0.0000000093113641,-0.0000000000000000,0.0000000437113883,1.0000000000000000,0.0000000389878210,0.0000000000000000,0.0000000000000000,0.0000000000000000,1.0000000000000000
M 1.0000000000000000,0.0000000000000000,0.0000000000000000,0.0000000000000000,0.0000000000000000,1.0000000000000000,-0.0000000437113883,0.0000000093113641,-0.0000000000000000,0.0000000437113883,1.0000000000000000,0.0000000389878210,0.0000000000000000,0.0000000000000000,0.0000000000000000,1.0000000000000000
M 1.0000000000000000,0.0000000000000000,0.0000000000000000,0.0000000000000000,0.0000000000000000,1.0000000000000000,-0.0000000437113883,0.0000000093113641,-0.0000000000000000,0.0000000437113883,1.0000000000000000,0.0000000389878210,0.0000000000000000,0.0000000000000000,0.0000000000000000,1.0000000000000000
M 1.0000000000000000,0.0000000000000000,0.0000000000000000,0.0000000000000000,0.0000000000000000,1.0000000000000000,-0.0000000437113883,0.0000000093113641,-0.0000000000000000,0.0000000437113883,1.0000000000000000,0.0000000389878210,0.0000000000000000,0.0000000000000000,0.0000000000000000,1.0000000000000000
M 1.0000000000000000,0.0000000000000000,0.0000000000000000,0.0000000000000000,0.0000000000000000,1.0000000000000000,-0.0000000437113883,0.0000000093113641,-0.0000000000000000,0.0000000437113883,1.0000000000000000,0.0000000389878210,0.0000000000000000,0.0000000000000000,0.0000000000000000,1.0000000000000000
M 1.0000000000000000,0.0000000000000000,0.0000000000000000,0.0000000000000000,0.0000000000000000,1.0000000000000000,-0.0000000437113883,0.0000000093113641,-0.0000000000000000,0.0000000437113883,1.0000000000000000,0.0000000389878210,0.0000000000000000,0.0000000000000000,0.0000000000000000,1.0000000000000000
M 1.0000000000000000,0.0000000000000000,0.0000000000000000,0.0000000000000000,0.0000000000000000,1.0000000000000000,-0.0000000437113883,0.0000000093113641,-0.0000000000000000,0.0000000437113883,1.0000000000000000,0.0000000389878210,0.0000000000000000,0.0000000000000000,0.0000000000000000,1.0000000000000000
M 1.0000000000000000,0.0000000000000000,0.0000000000000000,0.0000000000000000,0.0000000000000000,1.0000000000000000,-0.0000000437113883,0.0000000093113641,-0.0000000000000000,0.0000000437113883,1.0000000000000000,0.0000000389878210,0.0000000000000000,0.0000000000000000,0.0000000000000000,1.0000000000000000
M 1.0000000000000000,0.0000000000000000,0.0000000000000000,0.0000000000000000,0.0000000000000000,1.0000000000000000,-0.0000000437113883,0.0000000093113641,-0.0000000000000000,0.0000000437113883,1.0000000000000000,0.0000000389878210,0.0000000000000000,0.0000000000000000,0.0000000000000000,1.0000000000000000
M 1.0000000000000000,0.0000000000000000,0.0000000000000000,0.0000000000000000,0.0000000000000000,1.0000000000000000,-0.0000000437113883,0.0000000093113641,-0.0000000000000000,0.0000000437113883,1.0000000000000000,0.0000000389878210,0.0000000000000000,0.0000000000000000,0.0000000000000000,1.0000000000000000
M 1.0000000000000000,0.0000000000000000,0.0000000000000000,0.0000000000000000,0.0000000000000000,1.0000000000000000,-0.0000000437113883,0.0000000093113641,-0.0000000000000000,0.0000000437113883,1.0000000000000000,0.0000000389878210,0.0000000000000000,0.0000000000000000,0.0000000000000000,1.0000000000000000
M 1.0000000000000000,0.0000000000000000,0.0000000000000000,0.0000000000000000,0.0000000000000000,1.0000000000000000,-0.0000000437113883,0.0000000093113641,-0.0000000000000000,0.0000000437113883,1.0000000000000000,0.0000000389878210,0.0000000000000000,0.0000000000000000,0.0000000000000000,1.0000000000000000
M 1.0000000000000000,0.0000000000000000,0.0000000000000000,0.0000000000000000,0.0000000000000000,1.0000000000000000,-0.0000000437113883,0.0000000093113641,-0.0000000000000000,0.0000000437113883,1.0000000000000000,0.0000000389878210,0.0000000000000000,0.0000000000000000,0.0000000000000000,1.0000000000000000
M 1.0000000000000000,0.0000000000000000,0.0000000000000000,0.0000000000000000,0.0000000000000000,1.0000000000000000,-0.0000000437113883,0.0000000093113641,-0.0000000000000000,0.0000000437113883,1.0000000000000000,0.0000000389878210,0.0000000000000000,0.0000000000000000,0.0000000000000000,1.0000000000000000
M 1.0000000000000000,0.0000000000000000,0.0000000000000000,0.0000000000000000,0.0000000000000000,1.0000000000000000,-0.0000000437113883,0.0000000093113641,-0.0000000000000000,0.0000000437113883,1.0000000000000000,0.0000000389878210,0.0000000000000000,0.0000000000000000,0.0000000000000000,1.0000000000000000
M 1.0000000000000000,0.0000000000000000,0.0000000000000000,0.0000000000000000,0.0000000000000000,1.0000000000000000,-0.0000000437113883,0.0000000093113641,-0.0000000000000000,0.0000000437113883,1.0000000000000000,0.0000000389878210,0.0000000000000000,0.0000000000000000,0.0000000000000000,1.0000000000000000
M 1.0000000000000000,0.0000000000000000,0.0000000000000000,0.0000000000000000,0.0000000000000000,1.0000000000000000,-0.0000000437113883,0.0000000093113641,-0.0000000000000000,0.0000000437113883,1.0000000000000000,0.0000000389878210,0.0000000000000000,0.0000000000000000,0.0000000000000000,1.0000000000000000
M 1.0000000000000000,0.0000000000000000,0.0000000000000000,0.0000000000000000,0.0000000000000000,1.0000000000000000,-0.0000000437113883,0.0000000093113641,-0.0000000000000000,0.0000000437113883,1.0000000000000000,0.0000000389878210,0.0000000000000000,0.0000000000000000,0.0000000000000000,1.0000000000000000
M 1.0000082254409790,0.0000000000000000,0.0000000000000000,0.0000553131103516,0.0000000000000000,1.0000082254409790,-0.0000000437104113,-0.0004343893378973,-0.0000000000000000,0.0000000437127241,1.0000000000000000,0.0000082644255599,0.0000000000000000,0.0000000000000000,0.0000000000000000,1.0000000000000000
M 1.0000326633453369,0.0000000000000000,0.0000000000000000,0.0002193450927734,0.0000000000000000,1.0000326633453369,-0.0000000437075016,-0.0017175581306219,-0.0000000000000000,0.0000000437167031,1.0000000000000000,0.0000327023190039,0.0000000000000000,0.0000000000000000,0.0000000000000000,1.0000000000000000
M 1.0000724792480469,0.0000000000000000,0.0000000000000000,0.0004868507385254,0.0000000000000000,1.0000724792480469,-0.0000000437027481,-0.0038199331611395,-0.0000000000000000,0.0000000437231975,1.0000000000000000,0.0000725182035239,0.0000000000000000,0.0000000000000000,0.0000000000000000,1.0000000000000000
M 1.0001273155212402,0.0000000000000000,0.0000000000000000,0.0008554458618164,0.0000000000000000,1.0001273155212402,-0.0000000436962040,-0.0067124273627996,-0.0000000000000000,0.0000000437321361,1.0000000000000000,0.0001273544476135,0.0000000000000000,0.0000000000000000,0.0000000000000000,1.0000000000000000
M 1.0001968145370483,0.0000000000000000,0.0000000000000000,0.0013222694396973,0.0000000000000000,1.0001968145370483,-0.0000000436879333,-0.0103671457618475,-0.0000000000000000,0.0000000437434480,1.0000000000000000,0.0001968534343177,0.0000000000000000,0.0000000000000000,0.0000000000000000,1.0000000000000000
M 1.0002800226211548,0.0000000000000000,0.0000000000000000,0.0018815994262695,0.0000000000000000,1.0002800226211548,-0.0000000436780105,-0.0147526171058416,-0.0000000000000000,0.0000000437570051,1.0000000000000000,0.0002800614747684,0.0000000000000000,0.0000000000000000,0.0000000000000000,1.0000000000000000
M 1.0003765821456909,0.0000000000000000,0.0000000000000000,0.0025300979614258,0.0000000000000000,1.0003765821456909,-0.0000000436664997,-0.0198409464210272,-0.0000000000000000,0.0000000437727365,1.0000000000000000,0.0003766209702007,0.0000000000000000,0.0000000000000000,0.0000000000000000,1.0000000000000000
M 1.0004858970642090,0.0000000000000000,0.0000000000000000,0.0032644271850586,0.0000000000000000,1.0004858970642090,-0.0000000436534577,-0.0256020929664373,-0.0000000000000000,0.0000000437905570,1.0000000000000000,0.0004859358305112,0.0000000000000000,0.0000000000000000,0.0000000000000000,1.0000000000000000
