O WINDOW_3_TOGGLE_CG_w3_LCG_cab2_INTERIOR
A WINDOW_3_TOGGLE_CG_w3_LCG_cab2_INTERIOR_WINDOW_3_TOGGLE_CG_w3_LCG_cab2_INTERIOR
M 1.0000000000000000,0.0000000000000000,0.0000000000000000,0.0000000000000000,0.0000000000000000,1.0000000000000000,-0.0000000437113883,-0.0000000245851766,-0.0000000000000000,0.0000000437113883,1.0000000000000000,-0.0000000068336021,0.0000000000000000,0.0000000000000000,0.0000000000000000,1.0000000000000000
M 0.9999850392341614,0.0054744770750403,-0.0000000002392970,-0.0161517392843962,-0.0054744770750403,0.9999850392341614,-0.0000000437107346,0.0368259623646736,-0.0000000000000000,0.0000000437113883,1.0000000000000000,-0.0000000068336021,0.0000000000000000,0.0000000000000000,0.0000000000000000,1.0000000000000000
M 0.9997714161872864,0.0213811397552490,-0.0000000009345993,-0.0619393624365330,-0.0213811397552490,0.9997714161872864,-0.0000000437013981,0.1443330347537994,-0.0000000000000000,0.0000000437113883,1.0000000000000000,-0.0000000068336021,0.0000000000000000,0.0000000000000000,0.0000000000000000,1.0000000000000000
M 0.9988979697227478,0.0469346828758717,-0.0000000020515794,-0.1319330036640167,-0.0469346828758717,0.9988979697227478,-0.0000000436632028,0.3186139464378357,-0.0000000000000000,0.0000000437113883,1.0000000000000000,-0.0000000068336021,0.0000000000000000,0.0000000000000000,0.0000000000000000,1.0000000000000000
M 0.9966881275177002,0.0813192054629326,-0.0000000035545744,-0.2191647738218307,-0.0813192054629326,0.9966881275177002,-0.0000000435666081,0.5561955571174622,-0.0000000000000000,0.0000000437113883,1.0000000000000000,-0.0000000068336021,0.0000000000000000,0.0000000000000000,0.0000000000000000,1.0000000000000000
M 0.9923241138458252,0.1236640438437462,-0.0000000054055271,-0.3155552744865417,-0.1236640438437462,0.9923241138458252,-0.0000000433758629,0.8536555767059326,-0.0000000000000000,0.0000000437113883,1.0000000000000000,-0.0000000068336021,0.0000000000000000,0.0000000000000000,0.0000000000000000,1.0000000000000000
M 0.9849181175231934,0.1730209439992905,-0.0000000075629840,-0.4123246371746063,-0.1730209439992905,0.9849181175231934,-0.0000000430521396,1.2072588205337524,-0.0000000000000000,0.0000000437113883,1.0000000000000000,-0.0000000068336021,0.0000000000000000,0.0000000000000000,0.0000000000000000,1.0000000000000000
M 0.9735797047615051,0.2283475250005722,-0.0000000099813873,-0.5003954172134399,-0.2283475250005722,0.9735797047615051,-0.0000000425565077,1.6126451492309570,-0.0000000000000000,0.0000000437113883,1.0000000000000000,-0.0000000068336021,0.0000000000000000,0.0000000000000000,0.0000000000000000,1.0000000000000000
M 0.9574797153472900,0.2885006666183472,-0.0000000126107649,-0.5708031654357910,-0.2885006666183472,0.9574797153472900,-0.0000000418527684,2.0645959377288818,-0.0000000000000000,0.0000000437113883,1.0000000000000000,-0.0000000068336021,0.0000000000000000,0.0000000000000000,0.0000000000000000,1.0000000000000000
M 0.9359092116355896,0.3522413074970245,-0.0000000153969530,-0.6151061654090881,-0.3522413074970245,0.9359092116355896,-0.0000000409098782,2.5568907260894775,-0.0000000000000000,0.0000000437113883,1.0000000000000000,-0.0000000068336021,0.0000000000000000,0.0000000000000000,0.0000000000000000,1.0000000000000000
M 0.9083311557769775,0.4182517528533936,-0.0000000182823570,-0.6257847547531128,-0.4182517528533936,0.9083311557769775,-0.0000000397044175,3.0822708606719971,-0.0000000000000000,0.0000000437113883,1.0000000000000000,-0.0000000068336021,0.0000000000000000,0.0000000000000000,0.0000000000000000,1.0000000000000000
M 0.8744221925735474,0.4851657450199127,-0.0000000212072617,-0.5966099500656128,-0.4851657450199127,0.8744221925735474,-0.0000000382222076,3.6325166225433350,-0.0000000000000000,0.0000000437113883,1.0000000000000000,-0.0000000068336021,0.0000000000000000,0.0000000000000000,0.0000000000000000,1.0000000000000000
M 0.8341035842895508,0.5516079068183899,-0.0000000241115394,-0.5229694843292236,-0.5516079068183899,0.8341035842895508,-0.0000000364598129,4.1986207962036133,-0.0000000000000000,0.0000000437113883,1.0000000000000000,-0.0000000068336021,0.0000000000000000,0.0000000000000000,0.0000000000000000,1.0000000000000000
M 0.7875576019287109,0.6162410378456116,-0.0000000269367515,-0.4021183252334595,-0.6162410378456116,0.7875576019287109,-0.0000000344252378,4.7710576057434082,-0.0000000000000000,0.0000000437113883,1.0000000000000000,-0.0000000068336021,0.0000000000000000,0.0000000000000000,0.0000000000000000,1.0000000000000000
M 0.7352301478385925,0.6778175830841064,-0.0000000296283407,-0.2333482205867767,-0.6778175830841064,0.7352301478385925,-0.0000000321379154,5.3401222229003906,-0.0000000000000000,0.0000000437113883,1.0000000000000000,-0.0000000068336021,0.0000000000000000,0.0000000000000000,0.0000000000000000,1.0000000000000000
M 0.6778175234794617,0.7352301478385925,-0.0000000321379154,-0.0180509909987450,-0.7352301478385925,0.6778175234794617,-0.0000000296283371,5.8963065147399902,-0.0000000000000000,0.0000000437113883,1.0000000000000000,-0.0000000068336021,0.0000000000000000,0.0000000000000000,0.0000000000000000,1.0000000000000000
M 0.6162409782409668,0.7875576615333557,-0.0000000344252236,0.2403194159269333,-0.7875576615333557,0.6162409782409668,-0.0000000269367408,6.4306874275207520,-0.0000000000000000,0.0000000437113883,1.0000000000000000,-0.0000000068336021,0.0000000000000000,0.0000000000000000,0.0000000000000000,1.0000000000000000
M 0.5516078472137451,0.8341035842895508,-0.0000000364598129,0.5363900065422058,-0.8341035842895508,0.5516078472137451,-0.0000000241115377,6.9352974891662598,-0.0000000000000000,0.0000000437113883,1.0000000000000000,-0.0000000068336021,0.0000000000000000,0.0000000000000000,0.0000000000000000,1.0000000000000000
M 0.4851655960083008,0.8744223117828369,-0.0000000382222005,0.8631026148796082,-0.8744223117828369,0.4851655960083008,-0.0000000212072617,7.4034390449523926,-0.0000000000000000,0.0000000437113883,1.0000000000000000,-0.0000000068336021,0.0000000000000000,0.0000000000000000,0.0000000000000000,1.0000000000000000
M 0.4182515740394592,0.9083312153816223,-0.0000000397044175,1.2120141983032227,-0.9083312153816223,0.4182515740394592,-0.0000000182823570,7.8299160003662109,-0.0000000000000000,0.0000000437113883,1.0000000000000000,-0.0000000068336021,0.0000000000000000,0.0000000000000000,0.0000000000000000,1.0000000000000000
M 0.3522410690784454,0.9359093308448792,-0.0000000409098817,1.5736498832702637,-0.9359093308448792,0.3522410690784454,-0.0000000153969424,8.2111749649047852,-0.0000000000000000,0.0000000437113883,1.0000000000000000,-0.0000000068336021,0.0000000000000000,0.0000000000000000,0.0000000000000000,1.0000000000000000
M 0.2885006666183472,0.9574797153472900,-0.0000000418527684,1.9378684759140015,-0.9574797153472900,0.2885006666183472,-0.0000000126107649,8.5453300476074219,-0.0000000000000000,0.0000000437113883,1.0000000000000000,-0.0000000068336021,0.0000000000000000,0.0000000000000000,0.0000000000000000,1.0000000000000000
M 0.2283476293087006,0.9735796451568604,-0.0000000425565183,2.2942249774932861,-0.9735796451568604,0.2283476293087006,-0.0000000099813882,8.8320808410644531,-0.0000000000000000,0.0000000437113883,1.0000000000000000,-0.0000000068336021,0.0000000000000000,0.0000000000000000,0.0000000000000000,1.0000000000000000
M 0.1730209290981293,0.9849181771278381,-0.0000000430521254,2.6322898864746094,-0.9849181771278381,0.1730209290981293,-0.0000000075629831,9.0725126266479492,-0.0000000000000000,0.0000000437113883,1.0000000000000000,-0.0000000068336021,0.0000000000000000,0.0000000000000000,0.0000000000000000,1.0000000000000000
M 0.1236639320850372,0.9923241734504700,-0.0000000433758665,2.9419207572937012,-0.9923241734504700,0.1236639320850372,-0.0000000054055205,9.2688007354736328,-0.0000000000000000,0.0000000437113883,1.0000000000000000,-0.0000000068336021,0.0000000000000000,0.0000000000000000,0.0000000000000000,1.0000000000000000
M 0.0813191607594490,0.9966881275177002,-0.0000000435666081,3.2134692668914795,-0.9966881275177002,0.0813191607594490,-0.0000000035545724,9.4238319396972656,-0.0000000000000000,0.0000000437113883,1.0000000000000000,-0.0000000068336021,0.0000000000000000,0.0000000000000000,0.0000000000000000,1.0000000000000000
M 0.0469348356127739,0.9988979697227478,-0.0000000436632028,3.4379284381866455,-0.9988979697227478,0.0469348356127739,-0.0000000020515869,9.5407571792602539,-0.0000000000000000,0.0000000437113883,1.0000000000000000,-0.0000000068336021,0.0000000000000000,0.0000000000000000,0.0000000000000000,1.0000000000000000
M 0.0213810168206692,0.9997714161872864,-0.0000000437013981,3.6070251464843750,-0.9997714161872864,0.0213810168206692,-0.0000000009345937,9.6224889755249023,-0.0000000000000000,0.0000000437113883,1.0000000000000000,-0.0000000068336021,0.0000000000000000,0.0000000000000000,0.0000000000000000,1.0000000000000000
M 0.0054746153764427,0.9999850392341614,-0.0000000437107346,3.7132620811462402,-0.9999850392341614,0.0054746153764427,-0.0000000002393030,9.6711463928222656,-0.0000000000000000,0.0000000437113883,1.0000000000000000,-0.0000000068336021,0.0000000000000000,0.0000000000000000,0.0000000000000000,1.0000000000000000
M 0.0000000754979013,1.0000000000000000,-0.0000000437113883,3.7499997615814209,-1.0000000000000000,0.0000000754979013,-0.0000000000000033,9.6875000000000000,-0.0000000000000000,0.0000000437113883,1.0000000000000000,-0.0000000068336021,0.0000000000000000,0.0000000000000000,0.0000000000000000,1.0000000000000000
M 0.0000000754979013,1.0000000000000000,-0.0000000437113883,3.7499997615814209,-1.0000000000000000,0.0000000754979013,-0.0000000000000033,9.6870870590209961,-0.0000000000000000,0.0000000437113883,1.0000000000000000,-0.0000082322749222,0.0000000000000000,0.0000000000000000,0.0000000000000000,1.0000000000000000
M 0.0000000754979013,1.0000000000000000,-0.0000000437113883,3.7499997615814209,-1.0000000000000000,0.0000000754979013,-0.0000000000000033,9.6858701705932617,-0.0000000000000000,0.0000000437113883,1.0000000000000000,-0.0000326701774611,0.0000000000000000,0.0000000000000000,0.0000000000000000,1.0000000000000000
M 0.0000000754979013,1.0000000000000000,-0.0000000437113883,3.7499997615814209,-1.0000000000000000,0.0000000754979013,-0.0000000000000033,9.6838741302490234,-0.0000000000000000,0.0000000437113883,1.0000000000000000,-0.0000724860801711,0.0000000000000000,0.0000000000000000,0.0000000000000000,1.0000000000000000
M 0.0000000754979013,1.0000000000000000,-0.0000000437113883,3.7499997615814209,-1.0000000000000000,0.0000000754979013,-0.0000000000000033,9.6811294555664062,-0.0000000000000000,0.0000000437113883,1.0000000000000000,-0.0001273223606404,0.0000000000000000,0.0000000000000000,0.0000000000000000,1.0000000000000000
M 0.0000000754979013,1.0000000000000000,-0.0000000437113883,3.7499997615814209,-1.0000000000000000,0.0000000754979013,-0.0000000000000033,9.6776618957519531,-0.0000000000000000,0.0000000437113883,1.0000000000000000,-0.0001968213764485,0.0000000000000000,0.0000000000000000,0.0000000000000000,1.0000000000000000
M 0.0000000754979013,1.0000000000000000,-0.0000000437113883,3.7499997615814209,-1.0000000000000000,0.0000000754979013,-0.0000000000000033,9.6734991073608398,-0.0000000000000000,0.0000000437113883,1.0000000000000000,-0.0002800294605549,0.0000000000000000,0.0000000000000000,0.0000000000000000,1.0000000000000000
M 0.0000000754979013,1.0000000000000000,-0.0000000437113883,3.7499997615814209,-1.0000000000000000,0.0000000754979013,-0.0000000000000033,9.6686706542968750,-0.0000000000000000,0.0000000437113883,1.0000000000000000,-0.0003765889850911,0.0000000000000000,0.0000000000000000,0.0000000000000000,1.0000000000000000
M 0.0000000754979013,1.0000000000000000,-0.0000000437113883,3.7499997615814209,-1.0000000000000000,0.0000000754979013,-0.0000000000000033,9.6632032394409180,-0.0000000000000000,0.0000000437113883,1.0000000000000000,-0.0004859039036091,0.0000000000000000,0.0000000000000000,0.0000000000000000,1.0000000000000000
M 0.0000000754979013,1.0000000000000000,-0.0000000437113883,3.7499997615814209,-1.0000000000000000,0.0000000754979013,-0.0000000000000033,9.6571245193481445,-0.0000000000000000,0.0000000437113883,1.0000000000000000,-0.0006074973498471,0.0000000000000000,0.0000000000000000,0.0000000000000000,1.0000000000000000
M 0.0000000754979013,1.0000000000000000,-0.0000000437113883,3.7499997615814209,-1.0000000000000000,0.0000000754979013,-0.0000000000000033,9.6504621505737305,-0.0000000000000000,0.0000000437113883,1.0000000000000000,-0.0007407733355649,0.0000000000000000,0.0000000000000000,0.0000000000000000,1.0000000000000000
M 0.0000000754979013,1.0000000000000000,-0.0000000437113883,3.7499997615814209,-1.0000000000000000,0.0000000754979013,-0.0000000000000033,9.6432447433471680,-0.0000000000000000,0.0000000437113883,1.0000000000000000,-0.0008851357852109,0.0000000000000000,0.0000000000000000,0.0000000000000000,1.0000000000000000
M 0.0000000754979013,1.0000000000000000,-0.0000000437113883,3.7499997615814209,-1.0000000000000000,0.0000000754979013,-0.0000000000000033,9.6354999542236328,-0.0000000000000000,0.0000000437113883,1.0000000000000000,-0.0010399887105450,0.0000000000000000,0.0000000000000000,0.0000000000000000,1.0000000000000000
M 0.0000000754979013,1.0000000000000000,-0.0000000437113883,3.7499997615814209,-1.0000000000000000,0.0000000754979013,-0.0000000000000033,9.6272544860839844,-0.0000000000000000,0.0000000437113883,1.0000000000000000,-0.0012049743672833,0.0000000000000000,0.0000000000000000,0.0000000000000000,1.0000000000000000
M 0.0000000754979013,1.0000000000000000,-0.0000000437113883,3.7499997615814209,-1.0000000000000000,0.0000000754979013,-0.0000000000000033,9.6185369491577148,-0.0000000000000000,0.0000000437113883,1.0000000000000000,-0.0013792583486065,0.0000000000000000,0.0000000000000000,0.0000000000000000,1.0000000000000000
M 0.0000000754979013,1.0000000000000000,-0.0000000437113883,3.7499997615814209,-1.0000000000000000,0.0000000754979013,-0.0000000000000033,9.6093750000000000,-0.0000000000000000,0.0000000437113883,1.0000000000000000,-0.0015626022359356,0.0000000000000000,0.0000000000000000,0.0000000000000000,1.0000000000000000
M 0.0000000754979013,1.0000000000000000,-0.0000000437113883,3.7499997615814209,-1.0000000000000000,0.0000000754979013,-0.0000000000000033,9.5997953414916992,-0.0000000000000000,0.0000000437113883,1.0000000000000000,-0.0017541715642437,0.0000000000000000,0.0000000000000000,0.0000000000000000,1.0000000000000000
M 0.0000000754979013,1.0000000000000000,-0.0000000437113883,3.7499997615814209,-1.0000000000000000,0.0000000754979013,-0.0000000000000033,9.5898284912109375,-0.0000000000000000,0.0000000437113883,1.0000000000000000,-0.0019534893799573,0.0000000000000000,0.0000000000000000,0.0000000000000000,1.0000000000000000
M 0.0000000754979013,1.0000000000000000,-0.0000000437113883,3.7499997615814209,-1.0000000000000000,0.0000000754979013,-0.0000000000000033,9.5794992446899414,-0.0000000000000000,0.0000000437113883,1.0000000000000000,-0.0021599598694593,0.0000000000000000,0.0000000000000000,0.0000000000000000,1.0000000000000000
M 0.0000000754979013,1.0000000000000000,-0.0000000437113883,3.7499997615814209,-1.0000000000000000,0.0000000754979013,-0.0000000000000033,9.5688381195068359,-0.0000000000000000,0.0000000437113883,1.0000000000000000,-0.0023732252884656,0.0000000000000000,0.0000000000000000,0.0000000000000000,1.0000000000000000
M 0.0000000754979013,1.0000000000000000,-0.0000000437113883,3.7499997615814209,-1.0000000000000000,0.0000000754979013,-0.0000000000000033,9.5578699111938477,-0.0000000000000000,0.0000000437113883,1.0000000000000000,-0.0025925703812391,0.0000000000000000,0.0000000000000000,0.0000000000000000,1.0000000000000000
M 0.0000000754979013,1.0000000000000000,-0.0000000437113883,3.7499997615814209,-1.0000000000000000,0.0000000754979013,-0.0000000000000033,9.5466251373291016,-0.0000000000000000,0.0000000437113883,1.0000000000000000,-0.0028175183106214,0.0000000000000000,0.0000000000000000,0.0000000000000000,1.0000000000000000
M 0.0000000754979013,1.0000000000000000,-0.0000000437113883,3.7499997615814209,-1.0000000000000000,0.0000000754979013,-0.0000000000000033,9.5351295471191406,-0.0000000000000000,0.0000000437113883,1.0000000000000000,-0.0030473538208753,0.0000000000000000,0.0000000000000000,0.0000000000000000,1.0000000000000000
M 0.0000000754979013,1.0000000000000000,-0.0000000437113883,3.7499997615814209,-1.0000000000000000,0.0000000754979013,-0.0000000000000033,9.5234117507934570,-0.0000000000000000,0.0000000437113883,1.0000000000000000,-0.0032818384934217,0.0000000000000000,0.0000000000000000,0.0000000000000000,1.0000000000000000
M 0.0000000754979013,1.0000000000000000,-0.0000000437113883,3.7499997615814209,-1.0000000000000000,0.0000000754979013,-0.0000000000000033,9.5114994049072266,-0.0000000000000000,0.0000000437113883,1.0000000000000000,-0.0035200186539441,0.0000000000000000,0.0000000000000000,0.0000000000000000,1.0000000000000000
M 0.0000000754979013,1.0000000000000000,-0.0000000437113883,3.7499997615814209,-1.0000000000000000,0.0000000754979013,-0.0000000000000033,9.4994211196899414,-0.0000000000000000,0.0000000437113883,1.0000000000000000,-0.0037616558838636,0.0000000000000000,0.0000000000000000,0.0000000000000000,1.0000000000000000
M 0.0000000754979013,1.0000000000000000,-0.0000000437113883,3.7499997615814209,-1.0000000000000000,0.0000000754979013,-0.0000000000000033,9.4872035980224609,-0.0000000000000000,0.0000000437113883,1.0000000000000000,-0.0040059159509838,0.0000000000000000,0.0000000000000000,0.0000000000000000,1.0000000000000000
M 0.0000000754979013,1.0000000000000000,-0.0000000437113883,3.7499997615814209,-1.0000000000000000,0.0000000754979013,-0.0000000000000033,9.4748744964599609,-0.0000000000000000,0.0000000437113883,1.0000000000000000,-0.0042525599710643,0.0000000000000000,0.0000000000000000,0.0000000000000000,1.0000000000000000
M 0.0000000754979013,1.0000000000000000,-0.0000000437113883,3.7499997615814209,-1.0000000000000000,0.0000000754979013,-0.0000000000000033,9.4624624252319336,-0.0000000000000000,0.0000000437113883,1.0000000000000000,-0.0045007537119091,0.0000000000000000,0.0000000000000000,0.0000000000000000,1.0000000000000000
M 0.0000000754979013,1.0000000000000000,-0.0000000437113883,3.7499997615814209,-1.0000000000000000,0.0000000754979013,-0.0000000000000033,9.4499950408935547,-0.0000000000000000,0.0000000437113883,1.0000000000000000,-0.0047501395456493,0.0000000000000000,0.0000000000000000,0.0000000000000000,1.0000000000000000
M 0.0000000754979013,1.0000000000000000,-0.0000000437113883,3.7499997615814209,-1.0000000000000000,0.0000000754979013,-0.0000000000000033,9.4375000000000000,-0.0000000000000000,0.0000000437113883,1.0000000000000000,-0.0049998830072582,0.0000000000000000,0.0000000000000000,0.0000000000000000,1.0000000000000000
M 0.0000000754979013,1.0000000000000000,-0.0000000437113883,3.7499997615814209,-1.0000000000000000,0.0000000754979013,-0.0000000000000033,9.4250040054321289,-0.0000000000000000,0.0000000437113883,1.0000000000000000,-0.0052499840967357,0.0000000000000000,0.0000000000000000,0.0000000000000000,1.0000000000000000
M 0.0000000754979013,1.0000000000000000,-0.0000000437113883,3.7499997615814209,-1.0000000000000000,0.0000000754979013,-0.0000000000000033,9.4125366210937500,-0.0000000000000000,0.0000000437113883,1.0000000000000000,-0.0054992507211864,0.0000000000000000,0.0000000000000000,0.0000000000000000,1.0000000000000000
M 0.0000000754979013,1.0000000000000000,-0.0000000437113883,3.7499997615814209,-1.0000000000000000,0.0000000754979013,-0.0000000000000033,9.4001245498657227,-0.0000000000000000,0.0000000437113883,1.0000000000000000,-0.0057475636713207,0.0000000000000000,0.0000000000000000,0.0000000000000000,1.0000000000000000
M 0.0000000754979013,1.0000000000000000,-0.0000000437113883,3.7499997615814209,-1.0000000000000000,0.0000000754979013,-0.0000000000000033,9.3877954483032227,-0.0000000000000000,0.0000000437113883,1.0000000000000000,-0.0059940884821117,0.0000000000000000,0.0000000000000000,0.0000000000000000,1.0000000000000000
M 0.0000000754979013,1.0000000000000000,-0.0000000437113883,3.7499997615814209,-1.0000000000000000,0.0000000754979013,-0.0000000000000033,9.3755779266357422,-0.0000000000000000,0.0000000437113883,1.0000000000000000,-0.0062384675256908,0.0000000000000000,0.0000000000000000,0.0000000000000000,1.0000000000000000
M 0.0000000754979013,1.0000000000000000,-0.0000000437113883,3.7499997615814209,-1.0000000000000000,0.0000000754979013,-0.0000000000000033,9.3634996414184570,-0.0000000000000000,0.0000000437113883,1.0000000000000000,-0.0064799855463207,0.0000000000000000,0.0000000000000000,0.0000000000000000,1.0000000000000000
M 0.0000000754979013,1.0000000000000000,-0.0000000437113883,3.7499997615814209,-1.0000000000000000,0.0000000754979013,-0.0000000000000033,9.3515872955322266,-0.0000000000000000,0.0000000437113883,1.0000000000000000,-0.0067182849161327,0.0000000000000000,0.0000000000000000,0.0000000000000000,1.0000000000000000
M 0.0000000754979013,1.0000000000000000,-0.0000000437113883,3.7499997615814209,-1.0000000000000000,0.0000000754979013,-0.0000000000000033,9.3398694992065430,-0.0000000000000000,0.0000000437113883,1.0000000000000000,-0.0069526503793895,0.0000000000000000,0.0000000000000000,0.0000000000000000,1.0000000000000000
M 0.0000000754979013,1.0000000000000000,-0.0000000437113883,3.7499997615814209,-1.0000000000000000,0.0000000754979013,-0.0000000000000033,9.3283748626708984,-0.0000000000000000,0.0000000437113883,1.0000000000000000,-0.0071824858896434,0.0000000000000000,0.0000000000000000,0.0000000000000000,1.0000000000000000
M 0.0000000754979013,1.0000000000000000,-0.0000000437113883,3.7499997615814209,-1.0000000000000000,0.0000000754979013,-0.0000000000000033,9.3171291351318359,-0.0000000000000000,0.0000000437113883,1.0000000000000000,-0.0074074338190258,0.0000000000000000,0.0000000000000000,0.0000000000000000,1.0000000000000000
M 0.0000000754979013,1.0000000000000000,-0.0000000437113883,3.7499997615814209,-1.0000000000000000,0.0000000754979013,-0.0000000000000033,9.3061618804931641,-0.0000000000000000,0.0000000437113883,1.0000000000000000,-0.0076267789117992,0.0000000000000000,0.0000000000000000,0.0000000000000000,1.0000000000000000
M 0.0000000754979013,1.0000000000000000,-0.0000000437113883,3.7499997615814209,-1.0000000000000000,0.0000000754979013,-0.0000000000000033,9.2954998016357422,-0.0000000000000000,0.0000000437113883,1.0000000000000000,-0.0078399246558547,0.0000000000000000,0.0000000000000000,0.0000000000000000,1.0000000000000000
M 0.0000000754979013,1.0000000000000000,-0.0000000437113883,3.7499997615814209,-1.0000000000000000,0.0000000754979013,-0.0000000000000033,9.2851715087890625,-0.0000000000000000,0.0000000437113883,1.0000000000000000,-0.0080465143546462,0.0000000000000000,0.0000000000000000,0.0000000000000000,1.0000000000000000
M 0.0000000754979013,1.0000000000000000,-0.0000000437113883,3.7499997615814209,-1.0000000000000000,0.0000000754979013,-0.0000000000000033,9.2752037048339844,-0.0000000000000000,0.0000000437113883,1.0000000000000000,-0.0082459514960647,0.0000000000000000,0.0000000000000000,0.0000000000000000,1.0000000000000000
M 0.0000000754979013,1.0000000000000000,-0.0000000437113883,3.7499997615814209,-1.0000000000000000,0.0000000754979013,-0.0000000000000033,9.2656250000000000,-0.0000000000000000,0.0000000437113883,1.0000000000000000,-0.0084375208243728,0.0000000000000000,0.0000000000000000,0.0000000000000000,1.0000000000000000
M 0.0000000754979013,1.0000000000000000,-0.0000000437113883,3.7499997615814209,-1.0000000000000000,0.0000000754979013,-0.0000000000000033,9.2564620971679688,-0.0000000000000000,0.0000000437113883,1.0000000000000000,-0.0086207455024123,0.0000000000000000,0.0000000000000000,0.0000000000000000,1.0000000000000000
M 0.0000000754979013,1.0000000000000000,-0.0000000437113883,3.7499997615814209,-1.0000000000000000,0.0000000754979013,-0.0000000000000033,9.2477455139160156,-0.0000000000000000,0.0000000437113883,1.0000000000000000,-0.0087950294837356,0.0000000000000000,0.0000000000000000,0.0000000000000000,1.0000000000000000
M 0.0000000754979013,1.0000000000000000,-0.0000000437113883,3.7499997615814209,-1.0000000000000000,0.0000000754979013,-0.0000000000000033,9.2395000457763672,-0.0000000000000000,0.0000000437113883,1.0000000000000000,-0.0089600151404738,0.0000000000000000,0.0000000000000000,0.0000000000000000,1.0000000000000000
M 0.0000000754979013,1.0000000000000000,-0.0000000437113883,3.7499997615814209,-1.0000000000000000,0.0000000754979013,-0.0000000000000033,9.2317543029785156,-0.0000000000000000,0.0000000437113883,1.0000000000000000,-0.0091148680076003,0.0000000000000000,0.0000000000000000,0.0000000000000000,1.0000000000000000
M 0.0000000754979013,1.0000000000000000,-0.0000000437113883,3.7499997615814209,-1.0000000000000000,0.0000000754979013,-0.0000000000000033,9.2245368957519531,-0.0000000000000000,0.0000000437113883,1.0000000000000000,-0.0092592304572463,0.0000000000000000,0.0000000000000000,0.0000000000000000,1.0000000000000000
M 0.0000000754979013,1.0000000000000000,-0.0000000437113883,3.7499997615814209,-1.0000000000000000,0.0000000754979013,-0.0000000000000033,9.2178745269775391,-0.0000000000000000,0.0000000437113883,1.0000000000000000,-0.0093925064429641,0.0000000000000000,0.0000000000000000,0.0000000000000000,1.0000000000000000
M 0.0000000754979013,1.0000000000000000,-0.0000000437113883,3.7499997615814209,-1.0000000000000000,0.0000000754979013,-0.0000000000000033,9.2117958068847656,-0.0000000000000000,0.0000000437113883,1.0000000000000000,-0.0095140999183059,0.0000000000000000,0.0000000000000000,0.0000000000000000,1.0000000000000000
M 0.0000000754979013,1.0000000000000000,-0.0000000437113883,3.7499997615814209,-1.0000000000000000,0.0000000754979013,-0.0000000000000033,9.2063283920288086,-0.0000000000000000,0.0000000437113883,1.0000000000000000,-0.0096234148368239,0.0000000000000000,0.0000000000000000,0.0000000000000000,1.0000000000000000
M 0.0000000754979013,1.0000000000000000,-0.0000000437113883,3.7499997615814209,-1.0000000000000000,0.0000000754979013,-0.0000000000000033,9.2014999389648438,-0.0000000000000000,0.0000000437113883,1.0000000000000000,-0.0097199743613601,0.0000000000000000,0.0000000000000000,0.0000000000000000,1.0000000000000000
M 0.0000000754979013,1.0000000000000000,-0.0000000437113883,3.7499997615814209,-1.0000000000000000,0.0000000754979013,-0.0000000000000033,9.1973371505737305,-0.0000000000000000,0.0000000437113883,1.0000000000000000,-0.0098033016547561,0.0000000000000000,0.0000000000000000,0.0000000000000000,1.0000000000000000
M 0.0000000754979013,1.0000000000000000,-0.0000000437113883,3.7499997615814209,-1.0000000000000000,0.0000000754979013,-0.0000000000000033,9.1938695907592773,-0.0000000000000000,0.0000000437113883,1.0000000000000000,-0.0098725622519851,0.0000000000000000,0.0000000000000000,0.0000000000000000,1.0000000000000000
M 0.0000000754979013,1.0000000000000000,-0.0000000437113883,3.7499997615814209,-1.0000000000000000,0.0000000754979013,-0.0000000000000033,9.1911249160766602,-0.0000000000000000,0.0000000437113883,1.0000000000000000,-0.0099273985251784,0.0000000000000000,0.0000000000000000,0.0000000000000000,1.0000000000000000
M 0.0000000754979013,1.0000000000000000,-0.0000000437113883,3.7499997615814209,-1.0000000000000000,0.0000000754979013,-0.0000000000000033,9.1891288757324219,-0.0000000000000000,0.0000000437113883,1.0000000000000000,-0.0099673336371779,0.0000000000000000,0.0000000000000000,0.0000000000000000,1.0000000000000000
M 0.0000000754979013,1.0000000000000000,-0.0000000437113883,3.7499997615814209,-1.0000000000000000,0.0000000754979013,-0.0000000000000033,9.1879119873046875,-0.0000000000000000,0.0000000437113883,1.0000000000000000,-0.0099917715415359,0.0000000000000000,0.0000000000000000,0.0000000000000000,1.0000000000000000
M 0.0000000754979013,1.0000000000000000,-0.0000000437113883,3.7499997615814209,-1.0000000000000000,0.0000000754979013,-0.0000000000000033,9.1875000000000000,-0.0000000000000000,0.0000000437113883,1.0000000000000000,-0.0099999969825149,0.0000000000000000,0.0000000000000000,0.0000000000000000,1.0000000000000000
O WINDOW_3
A WINDOW_3_WINDOW_3
M 1.0000000000000000,0.0000000000000000,0.0000000000000000,0.0000000000000000,0.0000000000000000,1.0000000000000000,-0.0000000437113883,-0.0000000093113641,-0.0000000000000000,0.0000000437113883,1.0000000000000000,0.0000000389878210,0.0000000000000000,0.0000000000000000,0.0000000000000000,1.0000000000000000
M 1.0000000000000000,0.0000000000000000,0.0000000000000000,0.0000000000000000,0.0000000000000000,1.0000000000000000,-0.0000000437113883,-0.0000000093113641,-0.0000000000000000,0.0000000437113883,1.0000000000000000,0.0000000389878210,0.0000000000000000,0.0000000000000000,0.0000000000000000,1.0000000000000000
M 1.0000000000000000,0.0000000000000000,0.0000000000000000,0.0000000000000000,0.0000000000000000,1.0000000000000000,-0.0000000437113883,-0.0000000093113641,-0.0000000000000000,0.0000000437113883,1.0000000000000000,0.0000000389878210,0.0000000000000000,0.0000000000000000,0.0000000000000000,1.0000000000000000
M 1.0000000000000000,0.0000000000000000,0.0000000000000000,0.0000000000000000,0.0000000000000000,1.0000000000000000,-0.0000000437113883,-0.0000000093113641,-0.0000000000000000,0.0000000437113883,1.0000000000000000,0.0000000389878210,0.0000000000000000,0.0000000000000000,0.0000000000000000,1.0000000000000000
M 1.0000000000000000,0.0000000000000000,0.0000000000000000,0.0000000000000000,0.0000000000000000,1.0000000000000000,-0.0000000437113883,-0.0000000093113641,-0.0000000000000000,0.0000000437113883,1.0000000000000000,0.0000000389878210,0.0000000000000000,0.0000000000000000,0.0000000000000000,1.0000000000000000
M 1.0000000000000000,0.0000000000000000,0.0000000000000000,0.0000000000000000,0.0000000000000000,1.0000000000000000,-0.0000000437113883,-0.0000000093113641,-0.0000000000000000,0.0000000437113883,1.0000000000000000,0.0000000389878210,0.0000000000000000,0.0000000000000000,0.0000000000000000,1.0000000000000000
M 1.0000000000000000,0.0000000000000000,0.0000000000000000,0.0000000000000000,0.0000000000000000,1.0000000000000000,-0.0000000437113883,-0.0000000093113641,-0.0000000000000000,0.0000000437113883,1.0000000000000000,0.0000000389878210,0.0000000000000000,0.0000000000000000,0.0000000000000000,1.0000000000000000
M 1.0000000000000000,0.0000000000000000,0.0000000000000000,0.0000000000000000,0.0000000000000000,1.0000000000000000,-0.0000000437113883,-0.0000000093113641,-0.0000000000000000,0.0000000437113883,1.0000000000000000,0.0000000389878210,0.0000000000000000,0.0000000000000000,0.0000000000000000,1.0000000000000000
M 1.0000000000000000,0.0000000000000000,0.0000000000000000,0.0000000000000000,0.0000000000000000,1.0000000000000000,-0.0000000437113883,-0.0000000093113641,-0.0000000000000000,0.0000000437113883,1.0000000000000000,0.0000000389878210,0.0000000000000000,0.0000000000000000,0.0000000000000000,1.0000000000000000
M 1.0000000000000000,0.0000000000000000,0.0000000000000000,0.0000000000000000,0.0000000000000000,1.0000000000000000,-0.0000000437113883,-0.0000000093113641,-0.0000000000000000,0.0000000437113883,1.0000000000000000,0.0000000389878210,0.0000000000000000,0.0000000000000000,0.0000000000000000,1.0000000000000000
M 1.0000000000000000,0.0000000000000000,0.0000000000000000,0.0000000000000000,0.0000000000000000,1.0000000000000000,-0.0000000437113883,-0.0000000093113641,-0.0000000000000000,0.0000000437113883,1.0000000000000000,0.0000000389878210,0.0000000000000000,0.0000000000000000,0.0000000000000000,1.0000000000000000
M 1.0000000000000000,0.0000000000000000,0.0000000000000000,0.0000000000000000,0.0000000000000000,1.0000000000000000,-0.0000000437113883,-0.0000000093113641,-0.0000000000000000,0.0000000437113883,1.0000000000000000,0.0000000389878210,0.0000000000000000,0.0000000000000000,0.0000000000000000,1.0000000000000000
M 1.0000000000000000,0.0000000000000000,0.0000000000000000,0.0000000000000000,0.0000000000000000,1.0000000000000000,-0.0000000437113883,-0.0000000093113641,-0.0000000000000000,0.0000000437113883,1.0000000000000000,0.0000000389878210,0.0000000000000000,0.0000000000000000,0.0000000000000000,1.0000000000000000
M 1.0000000000000000,0.0000000000000000,0.0000000000000000,0.0000000000000000,0.0000000000000000,1.0000000000000000,-0.0000000437113883,-0.0000000093113641,-0.0000000000000000,0.0000000437113883,1.0000000000000000,0.0000000389878210,0.0000000000000000,0.0000000000000000,0.0000000000000000,1.0000000000000000
M 1.0000000000000000,0.0000000000000000,0.0000000000000000,0.0000000000000000,0.0000000000000000,1.0000000000000000,-0.0000000437113883,-0.0000000093113641,-0.0000000000000000,0.0000000437113883,1.0000000000000000,0.0000000389878210,0.0000000000000000,0.0000000000000000,0.0000000000000000,1.0000000000000000
M 1.0000000000000000,0.0000000000000000,0.0000000000000000,0.0000000000000000,0.0000000000000000,1.0000000000000000,-0.0000000437113883,-0.0000000093113641,-0.0000000000000000,0.0000000437113883,1.0000000000000000,0.0000000389878210,0.0000000000000000,0.0000000000000000,0.0000000000000000,1.0000000000000000
M 1.0000000000000000,0.0000000000000000,0.0000000000000000,0.0000000000000000,0.0000000000000000,1.0000000000000000,-0.0000000437113883,-0.0000000093113641,-0.0000000000000000,0.0000000437113883,1.0000000000000000,0.0000000389878210,0.0000000000000000,0.0000000000000000,0.0000000000000000,1.0000000000000000
M 1.0000000000000000,0.0000000000000000,0.0000000000000000,0.0000000000000000,0.0000000000000000,1.0000000000000000,-0.0000000437113883,-0.0000000093113641,-0.0000000000000000,0.0000000437113883,1.0000000000000000,0.0000000389878210,0.0000000000000000,0.0000000000000000,0.0000000000000000,1.0000000000000000
M 1.0000000000000000,0.0000000000000000,0.0000000000000000,0.0000000000000000,0.0000000000000000,1.0000000000000000,-0.0000000437113883,-0.0000000093113641,-0.0000000000000000,0.0000000437113883,1.0000000000000000,0.0000000389878210,0.0000000000000000,0.0000000000000000,0.0000000000000000,1.0000000000000000
M 1.0000000000000000,0.0000000000000000,0.0000000000000000,0.0000000000000000,0.0000000000000000,1.0000000000000000,-0.0000000437113883,-0.0000000093113641,-0.0000000000000000,0.0000000437113883,1.0000000000000000,0.0000000389878210,0.0000000000000000,0.0000000000000000,0.0000000000000000,1.0000000000000000
M 1.0000000000000000,0.0000000000000000,0.0000000000000000,0.0000000000000000,0.0000000000000000,1.0000000000000000,-0.0000000437113883,-0.0000000093113641,-0.0000000000000000,0.0000000437113883,1.0000000000000000,0.0000000389878210,0.0000000000000000,0.0000000000000000,0.0000000000000000,1.0000000000000000
M 1.0000000000000000,0.0000000000000000,0.0000000000000000,0.0000000000000000,0.0000000000000000,1.0000000000000000,-0.0000000437113883,-0.0000000093113641,-0.0000000000000000,0.0000000437113883,1.0000000000000000,0.0000000389878210,0.0000000000000000,0.0000000000000000,0.0000000000000000,1.0000000000000000
M 1.0000000000000000,0.0000000000000000,0.0000000000000000,0.0000000000000000,0.0000000000000000,1.0000000000000000,-0.0000000437113883,-0.0000000093113641,-0.0000000000000000,0.0000000437113883,1.0000000000000000,0.0000000389878210,0.0000000000000000,0.0000000000000000,0.0000000000000000,1.0000000000000000
M 1.0000000000000000,0.0000000000000000,0.0000000000000000,0.0000000000000000,0.0000000000000000,1.0000000000000000,-0.0000000437113883,-0.0000000093113641,-0.0000000000000000,0.0000000437113883,1.0000000000000000,0.0000000389878210,0.0000000000000000,0.0000000000000000,0.0000000000000000,1.0000000000000000
M 1.0000000000000000,0.0000000000000000,0.0000000000000000,0.0000000000000000,0.0000000000000000,1.0000000000000000,-0.0000000437113883,-0.0000000093113641,-0.0000000000000000,0.0000000437113883,1.0000000000000000,0.0000000389878210,0.0000000000000000,0.0000000000000000,0.0000000000000000,1.0000000000000000
M 1.0000000000000000,0.0000000000000000,0.0000000000000000,0.0000000000000000,0.0000000000000000,1.0000000000000000,-0.0000000437113883,-0.0000000093113641,-0.0000000000000000,0.0000000437113883,1.0000000000000000,0.0000000389878210,0.0000000000000000,0.0000000000000000,0.0000000000000000,1.0000000000000000
M 1.0000000000000000,0.0000000000000000,0.0000000000000000,0.0000000000000000,0.0000000000000000,1.0000000000000000,-0.0000000437113883,-0.0000000093113641,-0.0000000000000000,0.0000000437113883,1.0000000000000000,0.0000000389878210,0.0000000000000000,0.0000000000000000,0.0000000000000000,1.0000000000000000
M 1.0000000000000000,0.0000000000000000,0.0000000000000000,0.0000000000000000,0.0000000000000000,1.0000000000000000,-0.0000000437113883,-0.0000000093113641,-0.0000000000000000,0.0000000437113883,1.0000000000000000,0.0000000389878210,0.0000000000000000,0.0000000000000000,0.0000000000000000,1.0000000000000000
M 1.0000000000000000,0.0000000000000000,0.0000000000000000,0.0000000000000000,0.0000000000000000,1.0000000000000000,-0.0000000437113883,-0.0000000093113641,-0.0000000000000000,0.0000000437113883,1.0000000000000000,0.0000000389878210,0.0000000000000000,0.0000000000000000,0.0000000000000000,1.0000000000000000
M 1.0000000000000000,0.0000000000000000,0.0000000000000000,0.0000000000000000,0.0000000000000000,1.0000000000000000,-0.0000000437113883,-0.0000000093113641,-0.0000000000000000,0.0000000437113883,1.0000000000000000,0.0000000389878210,0.0000000000000000,0.0000000000000000,0.0000000000000000,1.0000000000000000
M 1.0000082254409790,0.0000000000000000,0.0000000000000000,-0.0000553131103516,0.0000000000000000,1.0000082254409790,-0.0000000437104113,-0.0004344079643488,-0.0000000000000000,0.0000000437127241,1.0000000000000000,-0.0000081864563981,0.0000000000000000,0.0000000000000000,0.0000000000000000,1.0000000000000000
M 1.0000326633453369,0.0000000000000000,0.0000000000000000,-0.0002193450927734,0.0000000000000000,1.0000326633453369,-0.0000000437075016,-0.0017175767570734,-0.0000000000000000,0.0000000437167031,1.0000000000000000,-0.0000326243716700,0.0000000000000000,0.0000000000000000,0.0000000000000000,1.0000000000000000
M 1.0000724792480469,0.0000000000000000,0.0000000000000000,-0.0004868507385254,0.0000000000000000,1.0000724792480469,-0.0000000437027481,-0.0038199517875910,-0.0000000000000000,0.0000000437231975,1.0000000000000000,-0.0000724402925698,0.0000000000000000,0.0000000000000000,0.0000000000000000,1.0000000000000000
M 1.0001273155212402,0.0000000000000000,0.0000000000000000,-0.0008554458618164,0.0000000000000000,1.0001273155212402,-0.0000000436962040,-0.0067124459892511,-0.0000000000000000,0.0000000437321361,1.0000000000000000,-0.0001272765948670,0.0000000000000000,0.0000000000000000,0.0000000000000000,1.0000000000000000
M 1.0001968145370483,0.0000000000000000,0.0000000000000000,-0.0013222694396973,0.0000000000000000,1.0001968145370483,-0.0000000436879333,-0.0103671643882990,-0.0000000000000000,0.0000000437434480,1.0000000000000000,-0.0001967756397789,0.0000000000000000,0.0000000000000000,0.0000000000000000,1.0000000000000000
M 1.0002800226211548,0.0000000000000000,0.0000000000000000,-0.0018815994262695,0.0000000000000000,1.0002800226211548,-0.0000000436780105,-0.0147526357322931,-0.0000000000000000,0.0000000437570051,1.0000000000000000,-0.0002799837675411,0.0000000000000000,0.0000000000000000,0.0000000000000000,1.0000000000000000
M 1.0003765821456909,0.0000000000000000,0.0000000000000000,-0.0025300979614258,0.0000000000000000,1.0003765821456909,-0.0000000436664997,-0.0198409650474787,-0.0000000000000000,0.0000000437727365,1.0000000000000000,-0.0003765433211811,0.0000000000000000,0.0000000000000000,0.0000000000000000,1.0000000000000000
M 1.0004858970642090,0.0000000000000000,0.0000000000000000,-0.0032644271850586,0.0000000000000000,1.0004858970642090,-0.0000000436534577,-0.0256021115928888,-0.0000000000000000,0.0000000437905570,1.0000000000000000,-0.0004858582979068,0.0000000000000000,0.0000000000000000,0.0000000000000000,1.0000000000000000
