O DOOR_31_LCG_il_LINVERT_INTERIOR
A DOOR_31_LCG_il_LINVERT_INTERIOR_DOOR_31_LCG_il_LINVERT_INTERIOR
M 1.0000000000000000,-0.0000000000000070,0.0000000000000002,0.0000000387429395,-0.0000000000000070,1.0000000000000000,-0.0000000437113847,-0.0000000165171699,0.0000000000000002,0.0000000437113918,1.0000000000000000,-0.0000000608474764,0.0000000000000000,0.0000000000000000,0.0000000000000000,1.0000000000000000
M 0.9999526143074036,-0.0000000022727065,-0.0097337951883674,-0.0124136889353395,0.0000000018381812,1.0000000000000000,-0.0000000446488677,-0.0000000199586054,0.0097337951883674,0.0000000446284112,0.9999526143074036,-0.0239749085158110,0.0000000000000000,0.0000000000000000,0.0000000000000000,1.0000000000000000
M 0.9998068213462830,-0.0000000045891646,-0.0196550171822309,-0.0249472744762897,0.0000000036931667,1.0000000000000000,-0.0000000456223255,-0.0000000234666260,0.0196550171822309,0.0000000455409008,0.9998068213462830,-0.0483040697872639,0.0000000000000000,0.0000000000000000,0.0000000000000000,1.0000000000000000
M 0.9995568990707397,-0.0000000069499815,-0.0297663137316704,-0.0375979132950306,0.0000000055643383,1.0000000000000000,-0.0000000466334988,-0.0000000270426668,0.0297663137316704,0.0000000464473828,0.9995568990707397,-0.0729985088109970,0.0000000000000000,0.0000000000000000,0.0000000000000000,1.0000000000000000
M 0.9991968870162964,-0.0000000093557073,-0.0400699116289616,-0.0503607019782066,0.0000000074510140,1.0000000000000000,-0.0000000476835957,-0.0000000306875023,0.0400699116289616,0.0000000473468056,0.9991968870162964,-0.0980684682726860,0.0000000000000000,0.0000000000000000,0.0000000000000000,1.0000000000000000
M 0.9987520575523376,-0.0000000116512844,-0.0499436520040035,-0.0630628168582916,0.0000000092301420,1.0000000000000000,-0.0000000487079213,-0.0000000341682380,0.0499436520040035,0.0000000481863012,0.9987520575523376,-0.1225831881165504,0.0000000000000000,0.0000000000000000,0.0000000000000000,1.0000000000000000
M 0.9987792968750000,-0.0000000114955885,-0.0493958666920662,-0.0706265792250633,0.0000000091035943,1.0000000000000000,-0.0000000486499339,-0.0000000339396991,0.0493958666920662,0.0000000481409970,0.9987792968750000,-0.1301492303609848,0.0000000000000000,0.0000000000000000,0.0000000000000000,1.0000000000000000
M 0.9989488720893860,-0.0000000105622728,-0.0458382740616798,-0.0763022899627686,0.0000000083581213,1.0000000000000000,-0.0000000482768421,-0.0000000325531175,0.0458382740616798,0.0000000478429421,0.9989488720893860,-0.1322808861732483,0.0000000000000000,0.0000000000000000,0.0000000000000000,1.0000000000000000
M 0.9991046786308289,-0.0000000096357731,-0.0423063896596432,-0.0819940119981766,0.0000000076157178,1.0000000000000000,-0.0000000479090438,-0.0000000311771018,0.0423063896596432,0.0000000475438995,0.9991046786308289,-0.1344615072011948,0.0000000000000000,0.0000000000000000,0.0000000000000000,1.0000000000000000
M 0.9992469549179077,-0.0000000087160501,-0.0388004705309868,-0.0877026766538620,0.0000000068763835,1.0000000000000000,-0.0000000475466599,-0.0000000298117158,0.0388004705309868,0.0000000472438018,0.9992469549179077,-0.1366911679506302,0.0000000000000000,0.0000000000000000,0.0000000000000000,1.0000000000000000
M 0.9993760585784912,-0.0000000078030453,-0.0353201627731323,-0.0934279412031174,0.0000000061401475,1.0000000000000000,-0.0000000471892498,-0.0000000284565118,0.0353201627731323,0.0000000469430361,0.9993760585784912,-0.1389688700437546,0.0000000000000000,0.0000000000000000,0.0000000000000000,1.0000000000000000
M 0.9994921684265137,-0.0000000068967010,-0.0318651981651783,-0.0991697013378143,0.0000000054069531,1.0000000000000000,-0.0000000468372825,-0.0000000271119731,0.0318651981651783,0.0000000466410981,0.9994921684265137,-0.1412940174341202,0.0000000000000000,0.0000000000000000,0.0000000000000000,1.0000000000000000
M 0.9995956420898438,-0.0000000059970513,-0.0284356381744146,-0.1049289926886559,0.0000000046769557,1.0000000000000000,-0.0000000464901682,0.0000000338271136,0.0284356381744146,0.0000000463385987,0.9995956420898438,-0.1436664611101151,0.0000000000000000,0.0000000000000000,0.0000000000000000,1.0000000000000000
M 0.9996866583824158,-0.0000000051040105,-0.0250311251729727,-0.1107048764824867,0.0000000039500847,1.0000000000000000,-0.0000000461484753,0.0000000351507836,0.0250311251729727,0.0000000460349128,0.9996866583824158,-0.1460852771997452,0.0000000000000000,0.0000000000000000,0.0000000000000000,1.0000000000000000
M 0.9997655749320984,-0.0000000042175303,-0.0216516014188528,-0.1164981126785278,0.0000000032263969,1.0000000000000000,-0.0000000458114435,-0.0000000231400463,0.0216516014188528,0.0000000457308005,0.9997655749320984,-0.1485503017902374,0.0000000000000000,0.0000000000000000,0.0000000000000000,1.0000000000000000
M 0.9998993873596191,-0.0000000029059766,-0.0141832102090120,-0.1187300011515617,0.0000000022668232,1.0000000000000000,-0.0000000450805082,-0.0000000210340687,0.0141832102090120,0.0000000450431017,0.9998993873596191,-0.1409075558185577,0.0000000000000000,0.0000000000000000,0.0000000000000000,1.0000000000000000
M 0.9999834299087524,-0.0000000014988772,-0.0057537080720067,-0.1200779676437378,0.0000000012442101,1.0000000000000000,-0.0000000442642722,-0.0000000187419431,0.0057537080720067,0.0000000442552128,0.9999834299087524,-0.1308756172657013,0.0000000000000000,0.0000000000000000,0.0000000000000000,1.0000000000000000
M 0.9999982118606567,-0.0000000008686220,-0.0018935613334179,-0.1271964907646179,0.0000000007854979,1.0000000000000000,-0.0000000438922534,-0.0000000177062418,0.0018935613334179,0.0000000438916139,0.9999982118606567,-0.1265012621879578,0.0000000000000000,0.0000000000000000,0.0000000000000000,1.0000000000000000
M 0.9999987483024597,-0.0000000008434969,-0.0015912441303954,-0.1388556063175201,0.0000000007736887,1.0000000000000000,-0.0000000438620340,-0.0000000176531287,0.0015912441303954,0.0000000438641941,0.9999987483024597,-0.1264812648296356,0.0000000000000000,0.0000000000000000,0.0000000000000000,1.0000000000000000
M 0.9999991655349731,-0.0000000008183051,-0.0012889635981992,-0.1505148857831955,0.0000000007617942,1.0000000000000000,-0.0000000438353673,-0.0000000176044637,0.0012889635981992,0.0000000438332250,0.9999991655349731,-0.1264614313840866,0.0000000000000000,0.0000000000000000,0.0000000000000000,1.0000000000000000
M 0.9999997019767761,-0.0000000007842345,-0.0007951380684972,-0.1619322001934052,0.0000000007494166,1.0000000000000000,-0.0000000437831638,-0.0000000175225026,0.0007951380684972,0.0000000437912604,0.9999997019767761,-0.1259694993495941,0.0000000000000000,0.0000000000000000,0.0000000000000000,1.0000000000000000
M 1.0000000000000000,-0.0000000007460720,-0.0002126288745785,-0.1732373237609863,0.0000000007367690,1.0000000000000000,-0.0000000437113847,-0.0000000174151111,0.0002126288745785,0.0000000437519461,1.0000000000000000,-0.1252592056989670,0.0000000000000000,0.0000000000000000,0.0000000000000000,1.0000000000000000
M 1.0000000000000000,-0.0000000007262385,0.0000000003631160,-0.1850161105394363,0.0000000007262245,1.0000000000000000,-0.0000000437113847,-0.0000000174022645,-0.0000000003631156,0.0000000437113918,1.0000000000000000,-0.1250000596046448,0.0000000000000000,0.0000000000000000,0.0000000000000000,1.0000000000000000
M 1.0000000000000000,-0.0000000007168309,0.0000000003584122,-0.1970672160387039,0.0000000007168169,1.0000000000000000,-0.0000000437113847,-0.0000000173907964,-0.0000000003584118,0.0000000437113918,1.0000000000000000,-0.1250000596046448,0.0000000000000000,0.0000000000000000,0.0000000000000000,1.0000000000000000
M 1.0000000000000000,-0.0000000007074802,0.0000000003537369,-0.2091183215379715,0.0000000007074662,1.0000000000000000,-0.0000000437113847,-0.0000000173793993,-0.0000000003537364,0.0000000437113918,1.0000000000000000,-0.1250000596046448,0.0000000000000000,0.0000000000000000,0.0000000000000000,1.0000000000000000
M 1.0000000000000000,-0.0000000006981721,0.0000000003490828,-0.2211693078279495,0.0000000006981581,1.0000000000000000,-0.0000000437113847,-0.0000000173680590,-0.0000000003490823,0.0000000437113918,1.0000000000000000,-0.1250000596046448,0.0000000000000000,0.0000000000000000,0.0000000000000000,1.0000000000000000
M 1.0000000000000000,-0.0000000006888213,0.0000000003444074,-0.2332204133272171,0.0000000006888073,1.0000000000000000,-0.0000000437113847,-0.0000000173566619,-0.0000000003444070,0.0000000437113918,1.0000000000000000,-0.1250000596046448,0.0000000000000000,0.0000000000000000,0.0000000000000000,1.0000000000000000
M 1.0000000000000000,-0.0000000006794848,0.0000000003397392,-0.2452715188264847,0.0000000006794708,1.0000000000000000,-0.0000000437113847,-0.0000000173452790,-0.0000000003397387,0.0000000437113918,1.0000000000000000,-0.1250000596046448,0.0000000000000000,0.0000000000000000,0.0000000000000000,1.0000000000000000
M 1.0000000000000000,-0.0000000006701341,0.0000000003350638,-0.2573226392269135,0.0000000006701201,1.0000000000000000,-0.0000000437113847,-0.0000000173338819,-0.0000000003350633,0.0000000437113918,1.0000000000000000,-0.1250000596046448,0.0000000000000000,0.0000000000000000,0.0000000000000000,1.0000000000000000
M 1.0000000000000000,-0.0000000006608259,0.0000000003304098,-0.2693736255168915,0.0000000006608120,1.0000000000000000,-0.0000000437113847,-0.0000000173225416,-0.0000000003304093,0.0000000437113918,1.0000000000000000,-0.1250000596046448,0.0000000000000000,0.0000000000000000,0.0000000000000000,1.0000000000000000
M 1.0000000000000000,-0.0000000006514752,0.0000000003257344,-0.2814247310161591,0.0000000006514612,1.0000000000000000,-0.0000000437113847,-0.0000000173111445,-0.0000000003257339,0.0000000437113918,1.0000000000000000,-0.1250000596046448,0.0000000000000000,0.0000000000000000,0.0000000000000000,1.0000000000000000
M 1.0000000000000000,-0.0000000006421245,0.0000000003210590,-0.2934758365154266,0.0000000006421105,1.0000000000000000,-0.0000000437113847,-0.0000000172997474,-0.0000000003210585,0.0000000437113918,1.0000000000000000,-0.1250000596046448,0.0000000000000000,0.0000000000000000,0.0000000000000000,1.0000000000000000
M 1.0000000000000000,-0.0000000006328021,0.0000000003163979,-0.3055268228054047,0.0000000006327882,1.0000000000000000,-0.0000000437113847,-0.0000000172883929,-0.0000000003163974,0.0000000437113918,1.0000000000000000,-0.1250000596046448,0.0000000000000000,0.0000000000000000,0.0000000000000000,1.0000000000000000
M 1.0000000000000000,-0.0000000006234656,0.0000000003117296,-0.3175779283046722,0.0000000006234516,1.0000000000000000,-0.0000000437113847,-0.0000000172770100,-0.0000000003117291,0.0000000437113918,1.0000000000000000,-0.1250000596046448,0.0000000000000000,0.0000000000000000,0.0000000000000000,1.0000000000000000
M 1.0000000000000000,-0.0000000006141291,0.0000000003070613,-0.3296290338039398,0.0000000006141151,1.0000000000000000,-0.0000000437113847,-0.0000000172656272,-0.0000000003070608,0.0000000437113918,1.0000000000000000,-0.1250000596046448,0.0000000000000000,0.0000000000000000,0.0000000000000000,1.0000000000000000
M 1.0000000000000000,-0.0000000006048352,0.0000000003024143,-0.3416800200939178,0.0000000006048212,1.0000000000000000,-0.0000000437113847,-0.0000000172543011,-0.0000000003024139,0.0000000437113918,1.0000000000000000,-0.1250000596046448,0.0000000000000000,0.0000000000000000,0.0000000000000000,1.0000000000000000
M 1.0000000000000000,-0.0000000005954418,0.0000000002977177,-0.3537312448024750,0.0000000005954278,1.0000000000000000,-0.0000000437113847,-0.0000000172428472,-0.0000000002977172,0.0000000437113918,1.0000000000000000,-0.1250000596046448,0.0000000000000000,0.0000000000000000,0.0000000000000000,1.0000000000000000
M 1.0000000000000000,-0.0000000005861053,0.0000000002930494,-0.3657823503017426,0.0000000005860913,1.0000000000000000,-0.0000000437113847,-0.0000000172314785,-0.0000000002930489,0.0000000437113918,1.0000000000000000,-0.1250000596046448,0.0000000000000000,0.0000000000000000,0.0000000000000000,1.0000000000000000
M 1.0000000000000000,-0.0000000005767830,0.0000000002883882,-0.3778333365917206,0.0000000005767690,1.0000000000000000,-0.0000000437113847,-0.0000000172201098,-0.0000000002883878,0.0000000437113918,1.0000000000000000,-0.1250000596046448,0.0000000000000000,0.0000000000000000,0.0000000000000000,1.0000000000000000
M 1.0000000000000000,-0.0000000005674322,0.0000000002837129,-0.3898843228816986,0.0000000005674182,1.0000000000000000,-0.0000000437113847,-0.0000000172087127,-0.0000000002837124,0.0000000437113918,1.0000000000000000,-0.1250000596046448,0.0000000000000000,0.0000000000000000,0.0000000000000000,1.0000000000000000
M 1.0000000000000000,-0.0000000005581241,0.0000000002790588,-0.4019354283809662,0.0000000005581101,1.0000000000000000,-0.0000000437113847,-0.0000000171973724,-0.0000000002790584,0.0000000437113918,1.0000000000000000,-0.1250000596046448,0.0000000000000000,0.0000000000000000,0.0000000000000000,1.0000000000000000
M 1.0000000000000000,-0.0000000005487876,0.0000000002743905,-0.4139865338802338,0.0000000005487736,1.0000000000000000,-0.0000000437113847,-0.0000000171859895,-0.0000000002743901,0.0000000437113918,1.0000000000000000,-0.1250000596046448,0.0000000000000000,0.0000000000000000,0.0000000000000000,1.0000000000000000
M 1.0000000000000000,-0.0000000005394653,0.0000000002697294,-0.4260376393795013,0.0000000005394513,1.0000000000000000,-0.0000000437113847,-0.0000000171746350,-0.0000000002697289,0.0000000437113918,1.0000000000000000,-0.1250000596046448,0.0000000000000000,0.0000000000000000,0.0000000000000000,1.0000000000000000
M 1.0000000000000000,-0.0000000005301429,0.0000000002650682,-0.4380887448787689,0.0000000005301289,1.0000000000000000,-0.0000000437113847,-0.0000000171632664,-0.0000000002650678,0.0000000437113918,1.0000000000000000,-0.1250000596046448,0.0000000000000000,0.0000000000000000,0.0000000000000000,1.0000000000000000
M 1.0000000000000000,-0.0000000005208348,0.0000000002604142,-0.4501398503780365,0.0000000005208208,1.0000000000000000,-0.0000000437113847,-0.0000000171519261,-0.0000000002604137,0.0000000437113918,1.0000000000000000,-0.1250000596046448,0.0000000000000000,0.0000000000000000,0.0000000000000000,1.0000000000000000
M 1.0000000000000000,-0.0000000005114983,0.0000000002557459,-0.4621908366680145,0.0000000005114843,1.0000000000000000,-0.0000000437113847,-0.0000000171405432,-0.0000000002557455,0.0000000437113918,1.0000000000000000,-0.1250000596046448,0.0000000000000000,0.0000000000000000,0.0000000000000000,1.0000000000000000
M 1.0000000000000000,-0.0000000005021760,0.0000000002510847,-0.4742419421672821,0.0000000005021620,1.0000000000000000,-0.0000000437113847,-0.0000000171291887,-0.0000000002510843,0.0000000437113918,1.0000000000000000,-0.1250000596046448,0.0000000000000000,0.0000000000000000,0.0000000000000000,1.0000000000000000
M 1.0000000000000000,-0.0000000004928536,0.0000000002464236,-0.4862930476665497,0.0000000004928397,1.0000000000000000,-0.0000000437113847,-0.0000000171178201,-0.0000000002464231,0.0000000437113918,1.0000000000000000,-0.1250000596046448,0.0000000000000000,0.0000000000000000,0.0000000000000000,1.0000000000000000
M 1.0000000000000000,-0.0000000004835171,0.0000000002417553,-0.4983440339565277,0.0000000004835031,1.0000000000000000,-0.0000000437113847,-0.0000000171064514,-0.0000000002417549,0.0000000437113918,1.0000000000000000,-0.1250000596046448,0.0000000000000000,0.0000000000000000,0.0000000000000000,1.0000000000000000
M 1.0000000000000000,-0.0000000004742090,0.0000000002371013,-0.5103951096534729,0.0000000004741950,1.0000000000000000,-0.0000000437113847,-0.0000000170950969,-0.0000000002371008,0.0000000437113918,1.0000000000000000,-0.1250000596046448,0.0000000000000000,0.0000000000000000,0.0000000000000000,1.0000000000000000
M 1.0000000000000000,-0.0000000004648867,0.0000000002324401,-0.5224462151527405,0.0000000004648727,1.0000000000000000,-0.0000000437113847,-0.0000000170837424,-0.0000000002324397,0.0000000437113918,1.0000000000000000,-0.1250000596046448,0.0000000000000000,0.0000000000000000,0.0000000000000000,1.0000000000000000
M 1.0000000000000000,-0.0000000004555644,0.0000000002277789,-0.5344973206520081,0.0000000004555503,1.0000000000000000,-0.0000000437113847,-0.0000000170723737,-0.0000000002277785,0.0000000437113918,1.0000000000000000,-0.1250000596046448,0.0000000000000000,0.0000000000000000,0.0000000000000000,1.0000000000000000
M 1.0000000000000000,-0.0000000004462420,0.0000000002231178,-0.5465483069419861,0.0000000004462280,1.0000000000000000,-0.0000000437113847,-0.0000000170610193,-0.0000000002231173,0.0000000437113918,1.0000000000000000,-0.1250000596046448,0.0000000000000000,0.0000000000000000,0.0000000000000000,1.0000000000000000
M 1.0000000000000000,-0.0000000004369339,0.0000000002184637,-0.5585994124412537,0.0000000004369199,1.0000000000000000,-0.0000000437113847,-0.0000000170496790,-0.0000000002184633,0.0000000437113918,1.0000000000000000,-0.1250000596046448,0.0000000000000000,0.0000000000000000,0.0000000000000000,1.0000000000000000
M 1.0000000000000000,-0.0000000004276116,0.0000000002138025,-0.5706505179405212,0.0000000004275976,1.0000000000000000,-0.0000000437113847,-0.0000000170383103,-0.0000000002138021,0.0000000437113918,1.0000000000000000,-0.1250000596046448,0.0000000000000000,0.0000000000000000,0.0000000000000000,1.0000000000000000
M 1.0000000000000000,-0.0000000004182751,0.0000000002091343,-0.5827016234397888,0.0000000004182611,1.0000000000000000,-0.0000000437113847,-0.0000000170269274,-0.0000000002091338,0.0000000437113918,1.0000000000000000,-0.1250000596046448,0.0000000000000000,0.0000000000000000,0.0000000000000000,1.0000000000000000
M 1.0000000000000000,-0.0000000004089670,0.0000000002044802,-0.5947526097297668,0.0000000004089530,1.0000000000000000,-0.0000000437113847,-0.0000000170155872,-0.0000000002044798,0.0000000437113918,1.0000000000000000,-0.1250000596046448,0.0000000000000000,0.0000000000000000,0.0000000000000000,1.0000000000000000
M 1.0000000000000000,-0.0000000003996731,0.0000000001998333,-0.6068037152290344,0.0000000003996591,1.0000000000000000,-0.0000000437113847,-0.0000000170042611,-0.0000000001998328,0.0000000437113918,1.0000000000000000,-0.1250000596046448,0.0000000000000000,0.0000000000000000,0.0000000000000000,1.0000000000000000
M 1.0000000000000000,-0.0000000003903365,0.0000000001951650,-0.6188548207283020,0.0000000003903225,1.0000000000000000,-0.0000000437113847,-0.0000000169928782,-0.0000000001951646,0.0000000437113918,1.0000000000000000,-0.1250000596046448,0.0000000000000000,0.0000000000000000,0.0000000000000000,1.0000000000000000
M 1.0000000000000000,-0.0000000003810284,0.0000000001905110,-0.6309059262275696,0.0000000003810144,1.0000000000000000,-0.0000000437113847,-0.0000000169815380,-0.0000000001905105,0.0000000437113918,1.0000000000000000,-0.1250000596046448,0.0000000000000000,0.0000000000000000,0.0000000000000000,1.0000000000000000
M 1.0000000000000000,-0.0000000003717487,0.0000000001858711,-0.6429570317268372,0.0000000003717347,1.0000000000000000,-0.0000000437113847,-0.0000000169702261,-0.0000000001858707,0.0000000437113918,1.0000000000000000,-0.1250000596046448,0.0000000000000000,0.0000000000000000,0.0000000000000000,1.0000000000000000
M 1.0000000000000000,-0.0000000003624122,0.0000000001812028,-0.6550081372261047,0.0000000003623982,1.0000000000000000,-0.0000000437113847,-0.0000000169588432,-0.0000000001812024,0.0000000437113918,1.0000000000000000,-0.1250000596046448,0.0000000000000000,0.0000000000000000,0.0000000000000000,1.0000000000000000
M 1.0000000000000000,-0.0000000003531183,0.0000000001765559,-0.6670591235160828,0.0000000003531043,1.0000000000000000,-0.0000000437113847,-0.0000000169475172,-0.0000000001765555,0.0000000437113918,1.0000000000000000,-0.1250000596046448,0.0000000000000000,0.0000000000000000,0.0000000000000000,1.0000000000000000
M 1.0000000000000000,-0.0000000003437960,0.0000000001718947,-0.6791101098060608,0.0000000003437820,1.0000000000000000,-0.0000000437113847,-0.0000000169361627,-0.0000000001718943,0.0000000437113918,1.0000000000000000,-0.1250000596046448,0.0000000000000000,0.0000000000000000,0.0000000000000000,1.0000000000000000
M 1.0000000000000000,-0.0000000003344879,0.0000000001672407,-0.6911612153053284,0.0000000003344739,1.0000000000000000,-0.0000000437113847,-0.0000000169248224,-0.0000000001672402,0.0000000437113918,1.0000000000000000,-0.1250000596046448,0.0000000000000000,0.0000000000000000,0.0000000000000000,1.0000000000000000
M 1.0000000000000000,-0.0000000003251656,0.0000000001625795,-0.7032123208045959,0.0000000003251515,1.0000000000000000,-0.0000000437113847,-0.0000000169134537,-0.0000000001625791,0.0000000437113918,1.0000000000000000,-0.1250000596046448,0.0000000000000000,0.0000000000000000,0.0000000000000000,1.0000000000000000
M 1.0000000000000000,-0.0000000003158859,0.0000000001579397,-0.7152634263038635,0.0000000003158719,1.0000000000000000,-0.0000000437113847,-0.0000000169021419,-0.0000000001579392,0.0000000437113918,1.0000000000000000,-0.1250000596046448,0.0000000000000000,0.0000000000000000,0.0000000000000000,1.0000000000000000
M 1.0000000000000000,-0.0000000003065636,0.0000000001532785,-0.7273145318031311,0.0000000003065495,1.0000000000000000,-0.0000000437113847,-0.0000000168907874,-0.0000000001532781,0.0000000437113918,1.0000000000000000,-0.1250000596046448,0.0000000000000000,0.0000000000000000,0.0000000000000000,1.0000000000000000
M 1.0000000000000000,-0.0000000002972697,0.0000000001486316,-0.7393656373023987,0.0000000002972556,1.0000000000000000,-0.0000000437113847,-0.0000000168794614,-0.0000000001486311,0.0000000437113918,1.0000000000000000,-0.1250000596046448,0.0000000000000000,0.0000000000000000,0.0000000000000000,1.0000000000000000
M 1.0000000000000000,-0.0000000002879758,0.0000000001439846,-0.7514166235923767,0.0000000002879617,1.0000000000000000,-0.0000000437113847,-0.0000000168681353,-0.0000000001439842,0.0000000437113918,1.0000000000000000,-0.1250000596046448,0.0000000000000000,0.0000000000000000,0.0000000000000000,1.0000000000000000
M 1.0000000000000000,-0.0000000002786534,0.0000000001393234,-0.7634677290916443,0.0000000002786394,1.0000000000000000,-0.0000000437113847,-0.0000000168567666,-0.0000000001393230,0.0000000437113918,1.0000000000000000,-0.1250000596046448,0.0000000000000000,0.0000000000000000,0.0000000000000000,1.0000000000000000
M 1.0000000000000000,-0.0000000002693737,0.0000000001346836,-0.7755187153816223,0.0000000002693597,1.0000000000000000,-0.0000000437113847,-0.0000000168454548,-0.0000000001346832,0.0000000437113918,1.0000000000000000,-0.1250000596046448,0.0000000000000000,0.0000000000000000,0.0000000000000000,1.0000000000000000
M 1.0000000000000000,-0.0000000002600514,0.0000000001300224,-0.7875699400901794,0.0000000002600374,1.0000000000000000,-0.0000000437113847,-0.0000000168341003,-0.0000000001300220,0.0000000437113918,1.0000000000000000,-0.1250000596046448,0.0000000000000000,0.0000000000000000,0.0000000000000000,1.0000000000000000
M 1.0000000000000000,-0.0000000002507717,0.0000000001253826,-0.7996209263801575,0.0000000002507577,1.0000000000000000,-0.0000000437113847,-0.0000000168227885,-0.0000000001253822,0.0000000437113918,1.0000000000000000,-0.1250000596046448,0.0000000000000000,0.0000000000000000,0.0000000000000000,1.0000000000000000
M 1.0000000000000000,-0.0000000002414494,0.0000000001207214,-0.8116720318794250,0.0000000002414354,1.0000000000000000,-0.0000000437113847,-0.0000000168114198,-0.0000000001207210,0.0000000437113918,1.0000000000000000,-0.1250000596046448,0.0000000000000000,0.0000000000000000,0.0000000000000000,1.0000000000000000
M 1.0000000000000000,-0.0000000002321982,0.0000000001160958,-0.8237231373786926,0.0000000002321841,1.0000000000000000,-0.0000000437113847,-0.0000000168001506,-0.0000000001160954,0.0000000437113918,1.0000000000000000,-0.1250000596046448,0.0000000000000000,0.0000000000000000,0.0000000000000000,1.0000000000000000
M 1.0000000000000000,-0.0000000002228616,0.0000000001114275,-0.8357741236686707,0.0000000002228476,1.0000000000000000,-0.0000000437113847,-0.0000000167887677,-0.0000000001114271,0.0000000437113918,1.0000000000000000,-0.1250000596046448,0.0000000000000000,0.0000000000000000,0.0000000000000000,1.0000000000000000
M 1.0000000000000000,-0.0000000002135677,0.0000000001067806,-0.8478252291679382,0.0000000002135537,1.0000000000000000,-0.0000000437113847,-0.0000000167774417,-0.0000000001067802,0.0000000437113918,1.0000000000000000,-0.1250000596046448,0.0000000000000000,0.0000000000000000,0.0000000000000000,1.0000000000000000
M 1.0000000000000000,-0.0000000002042880,0.0000000001021407,-0.8598762154579163,0.0000000002042740,1.0000000000000000,-0.0000000437113847,-0.0000000167661298,-0.0000000001021403,0.0000000437113918,1.0000000000000000,-0.1250000596046448,0.0000000000000000,0.0000000000000000,0.0000000000000000,1.0000000000000000
M 1.0000000000000000,-0.0000000001949941,0.0000000000974938,-0.8719273209571838,0.0000000001949801,1.0000000000000000,-0.0000000437113847,-0.0000000167548038,-0.0000000000974934,0.0000000437113918,1.0000000000000000,-0.1250000596046448,0.0000000000000000,0.0000000000000000,0.0000000000000000,1.0000000000000000
M 1.0000000000000000,-0.0000000001856860,0.0000000000928397,-0.8839785456657410,0.0000000001856720,1.0000000000000000,-0.0000000437113847,-0.0000000167434635,-0.0000000000928393,0.0000000437113918,1.0000000000000000,-0.1250000596046448,0.0000000000000000,0.0000000000000000,0.0000000000000000,1.0000000000000000
M 1.0000000000000000,-0.0000000001763921,0.0000000000881928,-0.8960295319557190,0.0000000001763781,1.0000000000000000,-0.0000000437113847,-0.0000000167321375,-0.0000000000881924,0.0000000437113918,1.0000000000000000,-0.1250000596046448,0.0000000000000000,0.0000000000000000,0.0000000000000000,1.0000000000000000
M 1.0000000000000000,-0.0000000001671124,0.0000000000835529,-0.9080806374549866,0.0000000001670984,1.0000000000000000,-0.0000000437113847,-0.0000000167208256,-0.0000000000835525,0.0000000437113918,1.0000000000000000,-0.1250000596046448,0.0000000000000000,0.0000000000000000,0.0000000000000000,1.0000000000000000
M 1.0000000000000000,-0.0000000001578185,0.0000000000789060,-0.9201316237449646,0.0000000001578045,1.0000000000000000,-0.0000000437113847,-0.0000000167094996,-0.0000000000789056,0.0000000437113918,1.0000000000000000,-0.1250000596046448,0.0000000000000000,0.0000000000000000,0.0000000000000000,1.0000000000000000
M 1.0000000000000000,-0.0000000001485247,0.0000000000742590,-0.9321827292442322,0.0000000001485106,1.0000000000000000,-0.0000000437113847,-0.0000000166981735,-0.0000000000742586,0.0000000437113918,1.0000000000000000,-0.1250000596046448,0.0000000000000000,0.0000000000000000,0.0000000000000000,1.0000000000000000
M 1.0000000000000000,-0.0000000001392308,0.0000000000696121,-0.9442338347434998,0.0000000001392167,1.0000000000000000,-0.0000000437113847,-0.0000000166868475,-0.0000000000696117,0.0000000437113918,1.0000000000000000,-0.1250000596046448,0.0000000000000000,0.0000000000000000,0.0000000000000000,1.0000000000000000
M 1.0000000000000000,-0.0000000001299511,0.0000000000649722,-0.9562849402427673,0.0000000001299370,1.0000000000000000,-0.0000000437113847,-0.0000000166755356,-0.0000000000649718,0.0000000437113918,1.0000000000000000,-0.1250000596046448,0.0000000000000000,0.0000000000000000,0.0000000000000000,1.0000000000000000
M 1.0000000000000000,-0.0000000001206714,0.0000000000603324,-0.9683360457420349,0.0000000001206574,1.0000000000000000,-0.0000000437113847,-0.0000000166642238,-0.0000000000603320,0.0000000437113918,1.0000000000000000,-0.1250000596046448,0.0000000000000000,0.0000000000000000,0.0000000000000000,1.0000000000000000
M 1.0000000000000000,-0.0000000001114059,0.0000000000556996,-0.9803871512413025,0.0000000001113919,1.0000000000000000,-0.0000000437113847,-0.0000000166529404,-0.0000000000556993,0.0000000437113918,1.0000000000000000,-0.1250000596046448,0.0000000000000000,0.0000000000000000,0.0000000000000000,1.0000000000000000
M 1.0000000000000000,-0.0000000001020836,0.0000000000510385,-0.9924382567405701,0.0000000001020696,1.0000000000000000,-0.0000000437113847,-0.0000000166415717,-0.0000000000510381,0.0000000437113918,1.0000000000000000,-0.1250000596046448,0.0000000000000000,0.0000000000000000,0.0000000000000000,1.0000000000000000
M 1.0000000000000000,-0.0000000000928181,0.0000000000464057,-1.0044894218444824,0.0000000000928041,1.0000000000000000,-0.0000000437113847,-0.0000000166302740,-0.0000000000464054,0.0000000437113918,1.0000000000000000,-0.1250000596046448,0.0000000000000000,0.0000000000000000,0.0000000000000000,1.0000000000000000
M 1.0000000000000000,-0.0000000000835384,0.0000000000417659,-1.0165405273437500,0.0000000000835244,1.0000000000000000,-0.0000000437113847,-0.0000000166189764,-0.0000000000417655,0.0000000437113918,1.0000000000000000,-0.1250000596046448,0.0000000000000000,0.0000000000000000,0.0000000000000000,1.0000000000000000
M 1.0000000000000000,-0.0000000000742303,0.0000000000371118,-1.0285916328430176,0.0000000000742163,1.0000000000000000,-0.0000000437113847,-0.0000000166076219,-0.0000000000371115,0.0000000437113918,1.0000000000000000,-0.1250000596046448,0.0000000000000000,0.0000000000000000,0.0000000000000000,1.0000000000000000
M 1.0000000000000000,-0.0000000000649506,0.0000000000324720,-1.0406427383422852,0.0000000000649366,1.0000000000000000,-0.0000000437113847,-0.0000000165963243,-0.0000000000324716,0.0000000437113918,1.0000000000000000,-0.1250000596046448,0.0000000000000000,0.0000000000000000,0.0000000000000000,1.0000000000000000
M 1.0000000000000000,-0.0000000000556851,0.0000000000278393,-1.0526938438415527,0.0000000000556711,1.0000000000000000,-0.0000000437113847,-0.0000000165850267,-0.0000000000278389,0.0000000437113918,1.0000000000000000,-0.1250000596046448,0.0000000000000000,0.0000000000000000,0.0000000000000000,1.0000000000000000
M 1.0000000000000000,-0.0000000000464339,0.0000000000232136,-1.0647447109222412,0.0000000000464199,1.0000000000000000,-0.0000000437113847,-0.0000000165737433,-0.0000000000232132,0.0000000437113918,1.0000000000000000,-0.1250000596046448,0.0000000000000000,0.0000000000000000,0.0000000000000000,1.0000000000000000
M 1.0000000000000000,-0.0000000000370973,0.0000000000185454,-1.0767960548400879,0.0000000000370833,1.0000000000000000,-0.0000000437113847,-0.0000000165623746,-0.0000000000185450,0.0000000437113918,1.0000000000000000,-0.1250000596046448,0.0000000000000000,0.0000000000000000,0.0000000000000000,1.0000000000000000
M 1.0000000000000000,-0.0000000000278319,0.0000000000139126,-1.0888469219207764,0.0000000000278178,1.0000000000000000,-0.0000000437113847,-0.0000000165510770,-0.0000000000139122,0.0000000437113918,1.0000000000000000,-0.1250000596046448,0.0000000000000000,0.0000000000000000,0.0000000000000000,1.0000000000000000
M 1.0000000000000000,-0.0000000000185522,0.0000000000092728,-1.1008980274200439,0.0000000000185382,1.0000000000000000,-0.0000000437113847,-0.0000000165397651,-0.0000000000092724,0.0000000437113918,1.0000000000000000,-0.1250000596046448,0.0000000000000000,0.0000000000000000,0.0000000000000000,1.0000000000000000
M 1.0000000000000000,-0.0000000000093009,0.0000000000046471,-1.1129488945007324,0.0000000000092869,1.0000000000000000,-0.0000000437113847,-0.0000000165284959,-0.0000000000046468,0.0000000437113918,1.0000000000000000,-0.1250000596046448,0.0000000000000000,0.0000000000000000,0.0000000000000000,1.0000000000000000
M 1.0000000000000000,-0.0000000000000070,0.0000000000000002,-1.1250000000000000,-0.0000000000000070,1.0000000000000000,-0.0000000437113847,-0.0000000165171699,0.0000000000000002,0.0000000437113918,1.0000000000000000,-0.1250000596046448,0.0000000000000000,0.0000000000000000,0.0000000000000000,1.0000000000000000
O WIDGET_35_CG_displays_HIDE
A WIDGET_35_CG_displays_HIDE_WIDGET_35_CG_displays_HIDE
M 1.0000000000000000,-0.0000000000000070,0.0000000000000002,0.0000000387429395,-0.0000000000000070,1.0000000000000000,-0.0000000437113847,-0.0000000165171699,0.0000000000000002,0.0000000437113918,1.0000000000000000,-0.0000000608474764,0.0000000000000000,0.0000000000000000,0.0000000000000000,1.0000000000000000
M 0.9999526143074036,-0.0000000022727065,-0.0097337951883674,-0.0124136889353395,0.0000000018381812,1.0000000000000000,-0.0000000446488677,-0.0000000199586054,0.0097337951883674,0.0000000446284112,0.9999526143074036,-0.0239749085158110,0.0000000000000000,0.0000000000000000,0.0000000000000000,1.0000000000000000
M 0.9998068213462830,-0.0000000045891646,-0.0196550171822309,-0.0249472744762897,0.0000000036931667,1.0000000000000000,-0.0000000456223255,-0.0000000234666260,0.0196550171822309,0.0000000455409008,0.9998068213462830,-0.0483040697872639,0.0000000000000000,0.0000000000000000,0.0000000000000000,1.0000000000000000
M 0.9995568990707397,-0.0000000069499815,-0.0297663137316704,-0.0375979132950306,0.0000000055643383,1.0000000000000000,-0.0000000466334988,-0.0000000270426668,0.0297663137316704,0.0000000464473828,0.9995568990707397,-0.0729985088109970,0.0000000000000000,0.0000000000000000,0.0000000000000000,1.0000000000000000
M 0.9991968870162964,-0.0000000093557073,-0.0400699116289616,-0.0503607019782066,0.0000000074510140,1.0000000000000000,-0.0000000476835957,-0.0000000306875023,0.0400699116289616,0.0000000473468056,0.9991968870162964,-0.0980684682726860,0.0000000000000000,0.0000000000000000,0.0000000000000000,1.0000000000000000
M 0.9987520575523376,-0.0000000116512844,-0.0499436520040035,-0.0630628168582916,0.0000000092301420,1.0000000000000000,-0.0000000487079213,-0.0000000341682380,0.0499436520040035,0.0000000481863012,0.9987520575523376,-0.1225831881165504,0.0000000000000000,0.0000000000000000,0.0000000000000000,1.0000000000000000
M 0.9987792968750000,-0.0000000114955885,-0.0493958666920662,-0.0706265792250633,0.0000000091035943,1.0000000000000000,-0.0000000486499339,-0.0000000339396991,0.0493958666920662,0.0000000481409970,0.9987792968750000,-0.1301492303609848,0.0000000000000000,0.0000000000000000,0.0000000000000000,1.0000000000000000
M 0.9989488720893860,-0.0000000105622728,-0.0458382740616798,-0.0763022899627686,0.0000000083581213,1.0000000000000000,-0.0000000482768421,-0.0000000325531175,0.0458382740616798,0.0000000478429421,0.9989488720893860,-0.1322808861732483,0.0000000000000000,0.0000000000000000,0.0000000000000000,1.0000000000000000
M 0.9991046786308289,-0.0000000096357731,-0.0423063896596432,-0.0819940119981766,0.0000000076157178,1.0000000000000000,-0.0000000479090438,-0.0000000311771018,0.0423063896596432,0.0000000475438995,0.9991046786308289,-0.1344615072011948,0.0000000000000000,0.0000000000000000,0.0000000000000000,1.0000000000000000
M 0.9992469549179077,-0.0000000087160501,-0.0388004705309868,-0.0877026766538620,0.0000000068763835,1.0000000000000000,-0.0000000475466599,-0.0000000298117158,0.0388004705309868,0.0000000472438018,0.9992469549179077,-0.1366911679506302,0.0000000000000000,0.0000000000000000,0.0000000000000000,1.0000000000000000
M 0.9993760585784912,-0.0000000078030453,-0.0353201627731323,-0.0934279412031174,0.0000000061401475,1.0000000000000000,-0.0000000471892498,-0.0000000284565118,0.0353201627731323,0.0000000469430361,0.9993760585784912,-0.1389688700437546,0.0000000000000000,0.0000000000000000,0.0000000000000000,1.0000000000000000
M 0.9994921684265137,-0.0000000068967010,-0.0318651981651783,-0.0991697013378143,0.0000000054069531,1.0000000000000000,-0.0000000468372825,-0.0000000271119731,0.0318651981651783,0.0000000466410981,0.9994921684265137,-0.1412940174341202,0.0000000000000000,0.0000000000000000,0.0000000000000000,1.0000000000000000
M 0.9995956420898438,-0.0000000059970513,-0.0284356381744146,-0.1049289926886559,0.0000000046769557,1.0000000000000000,-0.0000000464901682,0.0000000338271136,0.0284356381744146,0.0000000463385987,0.9995956420898438,-0.1436664611101151,0.0000000000000000,0.0000000000000000,0.0000000000000000,1.0000000000000000
M 0.9996866583824158,-0.0000000051040105,-0.0250311251729727,-0.1107048764824867,0.0000000039500847,1.0000000000000000,-0.0000000461484753,0.0000000351507836,0.0250311251729727,0.0000000460349128,0.9996866583824158,-0.1460852771997452,0.0000000000000000,0.0000000000000000,0.0000000000000000,1.0000000000000000
M 0.9997655749320984,-0.0000000042175303,-0.0216516014188528,-0.1164981126785278,0.0000000032263969,1.0000000000000000,-0.0000000458114435,-0.0000000231400463,0.0216516014188528,0.0000000457308005,0.9997655749320984,-0.1485503017902374,0.0000000000000000,0.0000000000000000,0.0000000000000000,1.0000000000000000
M 0.9998993873596191,-0.0000000029059766,-0.0141832102090120,-0.1187300011515617,0.0000000022668232,1.0000000000000000,-0.0000000450805082,-0.0000000210340687,0.0141832102090120,0.0000000450431017,0.9998993873596191,-0.1409075558185577,0.0000000000000000,0.0000000000000000,0.0000000000000000,1.0000000000000000
M 0.9999834299087524,-0.0000000014988772,-0.0057537080720067,-0.1200779676437378,0.0000000012442101,1.0000000000000000,-0.0000000442642722,-0.0000000187419431,0.0057537080720067,0.0000000442552128,0.9999834299087524,-0.1308756172657013,0.0000000000000000,0.0000000000000000,0.0000000000000000,1.0000000000000000
M 0.9999982118606567,-0.0000000008686220,-0.0018935613334179,-0.1271964907646179,0.0000000007854979,1.0000000000000000,-0.0000000438922534,-0.0000000177062418,0.0018935613334179,0.0000000438916139,0.9999982118606567,-0.1265012621879578,0.0000000000000000,0.0000000000000000,0.0000000000000000,1.0000000000000000
M 0.9999987483024597,-0.0000000008434969,-0.0015912441303954,-0.1388556063175201,0.0000000007736887,1.0000000000000000,-0.0000000438620340,-0.0000000176531287,0.0015912441303954,0.0000000438641941,0.9999987483024597,-0.1264812648296356,0.0000000000000000,0.0000000000000000,0.0000000000000000,1.0000000000000000
M 0.9999991655349731,-0.0000000008183051,-0.0012889635981992,-0.1505148857831955,0.0000000007617942,1.0000000000000000,-0.0000000438353673,-0.0000000176044637,0.0012889635981992,0.0000000438332250,0.9999991655349731,-0.1264614313840866,0.0000000000000000,0.0000000000000000,0.0000000000000000,1.0000000000000000
M 0.9999997019767761,-0.0000000007842345,-0.0007951380684972,-0.1619322001934052,0.0000000007494166,1.0000000000000000,-0.0000000437831638,-0.0000000175225026,0.0007951380684972,0.0000000437912604,0.9999997019767761,-0.1259694993495941,0.0000000000000000,0.0000000000000000,0.0000000000000000,1.0000000000000000
M 1.0000000000000000,-0.0000000007460720,-0.0002126288745785,-0.1732373237609863,0.0000000007367690,1.0000000000000000,-0.0000000437113847,-0.0000000174151111,0.0002126288745785,0.0000000437519461,1.0000000000000000,-0.1252592056989670,0.0000000000000000,0.0000000000000000,0.0000000000000000,1.0000000000000000
M 1.0000000000000000,-0.0000000007262385,0.0000000003631160,-0.1850161105394363,0.0000000007262245,1.0000000000000000,-0.0000000437113847,-0.0000000174022645,-0.0000000003631156,0.0000000437113918,1.0000000000000000,-0.1250000596046448,0.0000000000000000,0.0000000000000000,0.0000000000000000,1.0000000000000000
M 1.0000000000000000,-0.0000000007168309,0.0000000003584122,-0.1970672160387039,0.0000000007168169,1.0000000000000000,-0.0000000437113847,-0.0000000173907964,-0.0000000003584118,0.0000000437113918,1.0000000000000000,-0.1250000596046448,0.0000000000000000,0.0000000000000000,0.0000000000000000,1.0000000000000000
M 1.0000000000000000,-0.0000000007074802,0.0000000003537369,-0.2091183215379715,0.0000000007074662,1.0000000000000000,-0.0000000437113847,-0.0000000173793993,-0.0000000003537364,0.0000000437113918,1.0000000000000000,-0.1250000596046448,0.0000000000000000,0.0000000000000000,0.0000000000000000,1.0000000000000000
M 1.0000000000000000,-0.0000000006981721,0.0000000003490828,-0.2211693078279495,0.0000000006981581,1.0000000000000000,-0.0000000437113847,-0.0000000173680590,-0.0000000003490823,0.0000000437113918,1.0000000000000000,-0.1250000596046448,0.0000000000000000,0.0000000000000000,0.0000000000000000,1.0000000000000000
