O WINDOW_1_TOGGLE_CG_w1_LCG_cab1_INTERIOR
A WINDOW_1_TOGGLE_CG_w1_LCG_cab1_INTERIOR_WINDOW_1_TOGGLE_CG_w1_LCG_cab1_INTERIOR
M 1.0000000000000000,0.0000000000000000,0.0000000000000000,0.0000000000000000,0.0000000000000000,1.0000000000000000,-0.0000000437113883,-0.0000000245851766,-0.0000000000000000,0.0000000437113883,1.0000000000000000,-0.0000000068336021,0.0000000000000000,0.0000000000000000,0.0000000000000000,1.0000000000000000
M 0.9999850392341614,0.0054744770750403,-0.0000000002392970,-0.0163529645651579,-0.0054744770750403,0.9999850392341614,-0.0000000437107346,-0.0367373228073120,-0.0000000000000000,0.0000000437113883,1.0000000000000000,-0.0000000068336021,0.0000000000000000,0.0000000000000000,0.0000000000000000,1.0000000000000000
M 0.9997714161872864,0.0213811397552490,-0.0000000009345993,-0.0650111436843872,-0.0213811397552490,0.9997714161872864,-0.0000000437013981,-0.1429760158061981,-0.0000000000000000,0.0000000437113883,1.0000000000000000,-0.0000000068336021,0.0000000000000000,0.0000000000000000,0.0000000000000000,1.0000000000000000
M 0.9988979697227478,0.0469346828758717,-0.0000000020515794,-0.1467416584491730,-0.0469346828758717,0.9988979697227478,-0.0000000436632028,-0.3120708465576172,-0.0000000000000000,0.0000000437113883,1.0000000000000000,-0.0000000068336021,0.0000000000000000,0.0000000000000000,0.0000000000000000,1.0000000000000000
M 0.9966881275177002,0.0813192054629326,-0.0000000035545744,-0.2636679708957672,-0.0813192054629326,0.9966881275177002,-0.0000000435666081,-0.5365312695503235,-0.0000000000000000,0.0000000437113883,1.0000000000000000,-0.0000000068336021,0.0000000000000000,0.0000000000000000,0.0000000000000000,1.0000000000000000
M 0.9923241138458252,0.1236640438437462,-0.0000000054055271,-0.4186999201774597,-0.1236640438437462,0.9923241138458252,-0.0000000433758629,-0.8080799579620361,-0.0000000000000000,0.0000000437113883,1.0000000000000000,-0.0000000068336021,0.0000000000000000,0.0000000000000000,0.0000000000000000,1.0000000000000000
M 0.9849181175231934,0.1730209439992905,-0.0000000075629840,-0.6149870753288269,-0.1730209439992905,0.9849181175231934,-0.0000000430521396,-1.1177102327346802,-0.0000000000000000,0.0000000437113883,1.0000000000000000,-0.0000000068336021,0.0000000000000000,0.0000000000000000,0.0000000000000000,1.0000000000000000
M 0.9735797047615051,0.2283475250005722,-0.0000000099813873,-0.8554178476333618,-0.2283475250005722,0.9735797047615051,-0.0000000425565077,-1.4557747840881348,-0.0000000000000000,0.0000000437113883,1.0000000000000000,-0.0000000068336021,0.0000000000000000,0.0000000000000000,0.0000000000000000,1.0000000000000000
M 0.9574797153472900,0.2885006666183472,-0.0000000126107649,-1.1421694755554199,-0.2885006666183472,0.9574797153472900,-0.0000000418527684,-1.8121317625045776,-0.0000000000000000,0.0000000437113883,1.0000000000000000,-0.0000000068336021,0.0000000000000000,0.0000000000000000,0.0000000000000000,1.0000000000000000
M 0.9359092116355896,0.3522413074970245,-0.0000000153969530,-1.4763264656066895,-0.3522413074970245,0.9359092116355896,-0.0000000409098782,-2.1763517856597900,-0.0000000000000000,0.0000000437113883,1.0000000000000000,-0.0000000068336021,0.0000000000000000,0.0000000000000000,0.0000000000000000,1.0000000000000000
M 0.9083311557769775,0.4182517528533936,-0.0000000182823570,-1.8575848340988159,-0.4182517528533936,0.9083311557769775,-0.0000000397044175,-2.5379869937896729,-0.0000000000000000,0.0000000437113883,1.0000000000000000,-0.0000000068336021,0.0000000000000000,0.0000000000000000,0.0000000000000000,1.0000000000000000
M 0.8744221925735474,0.4851657450199127,-0.0000000212072617,-2.2840614318847656,-0.4851657450199127,0.8744221925735474,-0.0000000382222076,-2.8868982791900635,-0.0000000000000000,0.0000000437113883,1.0000000000000000,-0.0000000068336021,0.0000000000000000,0.0000000000000000,0.0000000000000000,1.0000000000000000
M 0.8341035842895508,0.5516079068183899,-0.0000000241115394,-2.7522022724151611,-0.5516079068183899,0.8341035842895508,-0.0000000364598129,-3.2136106491088867,-0.0000000000000000,0.0000000437113883,1.0000000000000000,-0.0000000068336021,0.0000000000000000,0.0000000000000000,0.0000000000000000,1.0000000000000000
M 0.7875576019287109,0.6162410378456116,-0.0000000269367515,-3.2568125724792480,-0.6162410378456116,0.7875576019287109,-0.0000000344252378,-3.5096809864044189,-0.0000000000000000,0.0000000437113883,1.0000000000000000,-0.0000000068336021,0.0000000000000000,0.0000000000000000,0.0000000000000000,1.0000000000000000
M 0.7352301478385925,0.6778175830841064,-0.0000000296283407,-3.7911932468414307,-0.6778175830841064,0.7352301478385925,-0.0000000321379154,-3.7680511474609375,-0.0000000000000000,0.0000000437113883,1.0000000000000000,-0.0000000068336021,0.0000000000000000,0.0000000000000000,0.0000000000000000,1.0000000000000000
M 0.6778175234794617,0.7352301478385925,-0.0000000321379154,-4.3473777770996094,-0.7352301478385925,0.6778175234794617,-0.0000000296283371,-3.9833481311798096,-0.0000000000000000,0.0000000437113883,1.0000000000000000,-0.0000000068336021,0.0000000000000000,0.0000000000000000,0.0000000000000000,1.0000000000000000
M 0.6162409782409668,0.7875576615333557,-0.0000000344252236,-4.9164428710937500,-0.7875576615333557,0.6162409782409668,-0.0000000269367408,-4.1521182060241699,-0.0000000000000000,0.0000000437113883,1.0000000000000000,-0.0000000068336021,0.0000000000000000,0.0000000000000000,0.0000000000000000,1.0000000000000000
M 0.5516078472137451,0.8341035842895508,-0.0000000364598129,-5.4888796806335449,-0.8341035842895508,0.5516078472137451,-0.0000000241115377,-4.2729697227478027,-0.0000000000000000,0.0000000437113883,1.0000000000000000,-0.0000000068336021,0.0000000000000000,0.0000000000000000,0.0000000000000000,1.0000000000000000
M 0.4851655960083008,0.8744223117828369,-0.0000000382222005,-6.0549850463867188,-0.8744223117828369,0.4851655960083008,-0.0000000212072617,-4.3466105461120605,-0.0000000000000000,0.0000000437113883,1.0000000000000000,-0.0000000068336021,0.0000000000000000,0.0000000000000000,0.0000000000000000,1.0000000000000000
M 0.4182515740394592,0.9083312153816223,-0.0000000397044175,-6.6052303314208984,-0.9083312153816223,0.4182515740394592,-0.0000000182823570,-4.3757848739624023,-0.0000000000000000,0.0000000437113883,1.0000000000000000,-0.0000000068336021,0.0000000000000000,0.0000000000000000,0.0000000000000000,1.0000000000000000
M 0.3522410690784454,0.9359093308448792,-0.0000000409098817,-7.1306109428405762,-0.9359093308448792,0.3522410690784454,-0.0000000153969424,-4.3651065826416016,-0.0000000000000000,0.0000000437113883,1.0000000000000000,-0.0000000068336021,0.0000000000000000,0.0000000000000000,0.0000000000000000,1.0000000000000000
M 0.2885006666183472,0.9574797153472900,-0.0000000418527684,-7.6229038238525391,-0.9574797153472900,0.2885006666183472,-0.0000000126107649,-4.3208031654357910,-0.0000000000000000,0.0000000437113883,1.0000000000000000,-0.0000000068336021,0.0000000000000000,0.0000000000000000,0.0000000000000000,1.0000000000000000
M 0.2283476293087006,0.9735796451568604,-0.0000000425565183,-8.0748538970947266,-0.9735796451568604,0.2283476293087006,-0.0000000099813882,-4.2503957748413086,-0.0000000000000000,0.0000000437113883,1.0000000000000000,-0.0000000068336021,0.0000000000000000,0.0000000000000000,0.0000000000000000,1.0000000000000000
M 0.1730209290981293,0.9849181771278381,-0.0000000430521254,-8.4802417755126953,-0.9849181771278381,0.1730209290981293,-0.0000000075629831,-4.1623249053955078,-0.0000000000000000,0.0000000437113883,1.0000000000000000,-0.0000000068336021,0.0000000000000000,0.0000000000000000,0.0000000000000000,1.0000000000000000
M 0.1236639320850372,0.9923241734504700,-0.0000000433758665,-8.8338451385498047,-0.9923241734504700,0.1236639320850372,-0.0000000054055205,-4.0655555725097656,-0.0000000000000000,0.0000000437113883,1.0000000000000000,-0.0000000068336021,0.0000000000000000,0.0000000000000000,0.0000000000000000,1.0000000000000000
M 0.0813191607594490,0.9966881275177002,-0.0000000435666081,-9.1313047409057617,-0.9966881275177002,0.0813191607594490,-0.0000000035545724,-3.9691648483276367,-0.0000000000000000,0.0000000437113883,1.0000000000000000,-0.0000000068336021,0.0000000000000000,0.0000000000000000,0.0000000000000000,1.0000000000000000
M 0.0469348356127739,0.9988979697227478,-0.0000000436632028,-9.3688850402832031,-0.9988979697227478,0.0469348356127739,-0.0000000020515869,-3.8819336891174316,-0.0000000000000000,0.0000000437113883,1.0000000000000000,-0.0000000068336021,0.0000000000000000,0.0000000000000000,0.0000000000000000,1.0000000000000000
M 0.0213810168206692,0.9997714161872864,-0.0000000437013981,-9.5431671142578125,-0.9997714161872864,0.0213810168206692,-0.0000000009345937,-3.8119392395019531,-0.0000000000000000,0.0000000437113883,1.0000000000000000,-0.0000000068336021,0.0000000000000000,0.0000000000000000,0.0000000000000000,1.0000000000000000
M 0.0054746153764427,0.9999850392341614,-0.0000000437107346,-9.6506729125976562,-0.9999850392341614,0.0054746153764427,-0.0000000002393030,-3.7661523818969727,-0.0000000000000000,0.0000000437113883,1.0000000000000000,-0.0000000068336021,0.0000000000000000,0.0000000000000000,0.0000000000000000,1.0000000000000000
M 0.0000000754979013,1.0000000000000000,-0.0000000437113883,-9.6874990463256836,-1.0000000000000000,0.0000000754979013,-0.0000000000000033,-3.7500004768371582,-0.0000000000000000,0.0000000437113883,1.0000000000000000,-0.0000000068336021,0.0000000000000000,0.0000000000000000,0.0000000000000000,1.0000000000000000
M 0.0000000754979013,1.0000000000000000,-0.0000000437113883,-9.6874990463256836,-1.0000000000000000,0.0000000754979013,-0.0000000000000033,-3.7504127025604248,-0.0000000000000000,0.0000000437113883,1.0000000000000000,-0.0000082322749222,0.0000000000000000,0.0000000000000000,0.0000000000000000,1.0000000000000000
M 0.0000000754979013,1.0000000000000000,-0.0000000437113883,-9.6874990463256836,-1.0000000000000000,0.0000000754979013,-0.0000000000000033,-3.7516303062438965,-0.0000000000000000,0.0000000437113883,1.0000000000000000,-0.0000326701774611,0.0000000000000000,0.0000000000000000,0.0000000000000000,1.0000000000000000
M 0.0000000754979013,1.0000000000000000,-0.0000000437113883,-9.6874990463256836,-1.0000000000000000,0.0000000754979013,-0.0000000000000033,-3.7536256313323975,-0.0000000000000000,0.0000000437113883,1.0000000000000000,-0.0000724860801711,0.0000000000000000,0.0000000000000000,0.0000000000000000,1.0000000000000000
M 0.0000000754979013,1.0000000000000000,-0.0000000437113883,-9.6874990463256836,-1.0000000000000000,0.0000000754979013,-0.0000000000000033,-3.7563707828521729,-0.0000000000000000,0.0000000437113883,1.0000000000000000,-0.0001273223606404,0.0000000000000000,0.0000000000000000,0.0000000000000000,1.0000000000000000
M 0.0000000754979013,1.0000000000000000,-0.0000000437113883,-9.6874990463256836,-1.0000000000000000,0.0000000754979013,-0.0000000000000033,-3.7598385810852051,-0.0000000000000000,0.0000000437113883,1.0000000000000000,-0.0001968213764485,0.0000000000000000,0.0000000000000000,0.0000000000000000,1.0000000000000000
M 0.0000000754979013,1.0000000000000000,-0.0000000437113883,-9.6874990463256836,-1.0000000000000000,0.0000000754979013,-0.0000000000000033,-3.7640006542205811,-0.0000000000000000,0.0000000437113883,1.0000000000000000,-0.0002800294605549,0.0000000000000000,0.0000000000000000,0.0000000000000000,1.0000000000000000
M 0.0000000754979013,1.0000000000000000,-0.0000000437113883,-9.6874990463256836,-1.0000000000000000,0.0000000754979013,-0.0000000000000033,-3.7688293457031250,-0.0000000000000000,0.0000000437113883,1.0000000000000000,-0.0003765889850911,0.0000000000000000,0.0000000000000000,0.0000000000000000,1.0000000000000000
M 0.0000000754979013,1.0000000000000000,-0.0000000437113883,-9.6874990463256836,-1.0000000000000000,0.0000000754979013,-0.0000000000000033,-3.7742967605590820,-0.0000000000000000,0.0000000437113883,1.0000000000000000,-0.0004859039036091,0.0000000000000000,0.0000000000000000,0.0000000000000000,1.0000000000000000
M 0.0000000754979013,1.0000000000000000,-0.0000000437113883,-9.6874990463256836,-1.0000000000000000,0.0000000754979013,-0.0000000000000033,-3.7803754806518555,-0.0000000000000000,0.0000000437113883,1.0000000000000000,-0.0006074973498471,0.0000000000000000,0.0000000000000000,0.0000000000000000,1.0000000000000000
M 0.0000000754979013,1.0000000000000000,-0.0000000437113883,-9.6874990463256836,-1.0000000000000000,0.0000000754979013,-0.0000000000000033,-3.7870376110076904,-0.0000000000000000,0.0000000437113883,1.0000000000000000,-0.0007407733355649,0.0000000000000000,0.0000000000000000,0.0000000000000000,1.0000000000000000
M 0.0000000754979013,1.0000000000000000,-0.0000000437113883,-9.6874990463256836,-1.0000000000000000,0.0000000754979013,-0.0000000000000033,-3.7942552566528320,-0.0000000000000000,0.0000000437113883,1.0000000000000000,-0.0008851357852109,0.0000000000000000,0.0000000000000000,0.0000000000000000,1.0000000000000000
M 0.0000000754979013,1.0000000000000000,-0.0000000437113883,-9.6874990463256836,-1.0000000000000000,0.0000000754979013,-0.0000000000000033,-3.8020005226135254,-0.0000000000000000,0.0000000437113883,1.0000000000000000,-0.0010399887105450,0.0000000000000000,0.0000000000000000,0.0000000000000000,1.0000000000000000
M 0.0000000754979013,1.0000000000000000,-0.0000000437113883,-9.6874990463256836,-1.0000000000000000,0.0000000754979013,-0.0000000000000033,-3.8102457523345947,-0.0000000000000000,0.0000000437113883,1.0000000000000000,-0.0012049743672833,0.0000000000000000,0.0000000000000000,0.0000000000000000,1.0000000000000000
M 0.0000000754979013,1.0000000000000000,-0.0000000437113883,-9.6874990463256836,-1.0000000000000000,0.0000000754979013,-0.0000000000000033,-3.8189635276794434,-0.0000000000000000,0.0000000437113883,1.0000000000000000,-0.0013792583486065,0.0000000000000000,0.0000000000000000,0.0000000000000000,1.0000000000000000
M 0.0000000754979013,1.0000000000000000,-0.0000000437113883,-9.6874990463256836,-1.0000000000000000,0.0000000754979013,-0.0000000000000033,-3.8281254768371582,-0.0000000000000000,0.0000000437113883,1.0000000000000000,-0.0015626022359356,0.0000000000000000,0.0000000000000000,0.0000000000000000,1.0000000000000000
M 0.0000000754979013,1.0000000000000000,-0.0000000437113883,-9.6874990463256836,-1.0000000000000000,0.0000000754979013,-0.0000000000000033,-3.8377044200897217,-0.0000000000000000,0.0000000437113883,1.0000000000000000,-0.0017541715642437,0.0000000000000000,0.0000000000000000,0.0000000000000000,1.0000000000000000
M 0.0000000754979013,1.0000000000000000,-0.0000000437113883,-9.6874990463256836,-1.0000000000000000,0.0000000754979013,-0.0000000000000033,-3.8476717472076416,-0.0000000000000000,0.0000000437113883,1.0000000000000000,-0.0019534893799573,0.0000000000000000,0.0000000000000000,0.0000000000000000,1.0000000000000000
M 0.0000000754979013,1.0000000000000000,-0.0000000437113883,-9.6874990463256836,-1.0000000000000000,0.0000000754979013,-0.0000000000000033,-3.8580005168914795,-0.0000000000000000,0.0000000437113883,1.0000000000000000,-0.0021599598694593,0.0000000000000000,0.0000000000000000,0.0000000000000000,1.0000000000000000
M 0.0000000754979013,1.0000000000000000,-0.0000000437113883,-9.6874990463256836,-1.0000000000000000,0.0000000754979013,-0.0000000000000033,-3.8686623573303223,-0.0000000000000000,0.0000000437113883,1.0000000000000000,-0.0023732252884656,0.0000000000000000,0.0000000000000000,0.0000000000000000,1.0000000000000000
M 0.0000000754979013,1.0000000000000000,-0.0000000437113883,-9.6874990463256836,-1.0000000000000000,0.0000000754979013,-0.0000000000000033,-3.8796300888061523,-0.0000000000000000,0.0000000437113883,1.0000000000000000,-0.0025925703812391,0.0000000000000000,0.0000000000000000,0.0000000000000000,1.0000000000000000
M 0.0000000754979013,1.0000000000000000,-0.0000000437113883,-9.6874990463256836,-1.0000000000000000,0.0000000754979013,-0.0000000000000033,-3.8908753395080566,-0.0000000000000000,0.0000000437113883,1.0000000000000000,-0.0028175183106214,0.0000000000000000,0.0000000000000000,0.0000000000000000,1.0000000000000000
M 0.0000000754979013,1.0000000000000000,-0.0000000437113883,-9.6874990463256836,-1.0000000000000000,0.0000000754979013,-0.0000000000000033,-3.9023706912994385,-0.0000000000000000,0.0000000437113883,1.0000000000000000,-0.0030473538208753,0.0000000000000000,0.0000000000000000,0.0000000000000000,1.0000000000000000
M 0.0000000754979013,1.0000000000000000,-0.0000000437113883,-9.6874990463256836,-1.0000000000000000,0.0000000754979013,-0.0000000000000033,-3.9140882492065430,-0.0000000000000000,0.0000000437113883,1.0000000000000000,-0.0032818384934217,0.0000000000000000,0.0000000000000000,0.0000000000000000,1.0000000000000000
M 0.0000000754979013,1.0000000000000000,-0.0000000437113883,-9.6874990463256836,-1.0000000000000000,0.0000000754979013,-0.0000000000000033,-3.9260005950927734,-0.0000000000000000,0.0000000437113883,1.0000000000000000,-0.0035200186539441,0.0000000000000000,0.0000000000000000,0.0000000000000000,1.0000000000000000
M 0.0000000754979013,1.0000000000000000,-0.0000000437113883,-9.6874990463256836,-1.0000000000000000,0.0000000754979013,-0.0000000000000033,-3.9380793571472168,-0.0000000000000000,0.0000000437113883,1.0000000000000000,-0.0037616558838636,0.0000000000000000,0.0000000000000000,0.0000000000000000,1.0000000000000000
M 0.0000000754979013,1.0000000000000000,-0.0000000437113883,-9.6874990463256836,-1.0000000000000000,0.0000000754979013,-0.0000000000000033,-3.9502968788146973,-0.0000000000000000,0.0000000437113883,1.0000000000000000,-0.0040059159509838,0.0000000000000000,0.0000000000000000,0.0000000000000000,1.0000000000000000
M 0.0000000754979013,1.0000000000000000,-0.0000000437113883,-9.6874990463256836,-1.0000000000000000,0.0000000754979013,-0.0000000000000033,-3.9626255035400391,-0.0000000000000000,0.0000000437113883,1.0000000000000000,-0.0042525599710643,0.0000000000000000,0.0000000000000000,0.0000000000000000,1.0000000000000000
M 0.0000000754979013,1.0000000000000000,-0.0000000437113883,-9.6874990463256836,-1.0000000000000000,0.0000000754979013,-0.0000000000000033,-3.9750373363494873,-0.0000000000000000,0.0000000437113883,1.0000000000000000,-0.0045007537119091,0.0000000000000000,0.0000000000000000,0.0000000000000000,1.0000000000000000
M 0.0000000754979013,1.0000000000000000,-0.0000000437113883,-9.6874990463256836,-1.0000000000000000,0.0000000754979013,-0.0000000000000033,-3.9875051975250244,-0.0000000000000000,0.0000000437113883,1.0000000000000000,-0.0047501395456493,0.0000000000000000,0.0000000000000000,0.0000000000000000,1.0000000000000000
M 0.0000000754979013,1.0000000000000000,-0.0000000437113883,-9.6874990463256836,-1.0000000000000000,0.0000000754979013,-0.0000000000000033,-4.0000004768371582,-0.0000000000000000,0.0000000437113883,1.0000000000000000,-0.0049998830072582,0.0000000000000000,0.0000000000000000,0.0000000000000000,1.0000000000000000
M 0.0000000754979013,1.0000000000000000,-0.0000000437113883,-9.6874990463256836,-1.0000000000000000,0.0000000754979013,-0.0000000000000033,-4.0124955177307129,-0.0000000000000000,0.0000000437113883,1.0000000000000000,-0.0052499840967357,0.0000000000000000,0.0000000000000000,0.0000000000000000,1.0000000000000000
M 0.0000000754979013,1.0000000000000000,-0.0000000437113883,-9.6874990463256836,-1.0000000000000000,0.0000000754979013,-0.0000000000000033,-4.0249633789062500,-0.0000000000000000,0.0000000437113883,1.0000000000000000,-0.0054992507211864,0.0000000000000000,0.0000000000000000,0.0000000000000000,1.0000000000000000
M 0.0000000754979013,1.0000000000000000,-0.0000000437113883,-9.6874990463256836,-1.0000000000000000,0.0000000754979013,-0.0000000000000033,-4.0373754501342773,-0.0000000000000000,0.0000000437113883,1.0000000000000000,-0.0057475636713207,0.0000000000000000,0.0000000000000000,0.0000000000000000,1.0000000000000000
M 0.0000000754979013,1.0000000000000000,-0.0000000437113883,-9.6874990463256836,-1.0000000000000000,0.0000000754979013,-0.0000000000000033,-4.0497040748596191,-0.0000000000000000,0.0000000437113883,1.0000000000000000,-0.0059940884821117,0.0000000000000000,0.0000000000000000,0.0000000000000000,1.0000000000000000
M 0.0000000754979013,1.0000000000000000,-0.0000000437113883,-9.6874990463256836,-1.0000000000000000,0.0000000754979013,-0.0000000000000033,-4.0619215965270996,-0.0000000000000000,0.0000000437113883,1.0000000000000000,-0.0062384675256908,0.0000000000000000,0.0000000000000000,0.0000000000000000,1.0000000000000000
M 0.0000000754979013,1.0000000000000000,-0.0000000437113883,-9.6874990463256836,-1.0000000000000000,0.0000000754979013,-0.0000000000000033,-4.0740003585815430,-0.0000000000000000,0.0000000437113883,1.0000000000000000,-0.0064799855463207,0.0000000000000000,0.0000000000000000,0.0000000000000000,1.0000000000000000
M 0.0000000754979013,1.0000000000000000,-0.0000000437113883,-9.6874990463256836,-1.0000000000000000,0.0000000754979013,-0.0000000000000033,-4.0859122276306152,-0.0000000000000000,0.0000000437113883,1.0000000000000000,-0.0067182849161327,0.0000000000000000,0.0000000000000000,0.0000000000000000,1.0000000000000000
M 0.0000000754979013,1.0000000000000000,-0.0000000437113883,-9.6874990463256836,-1.0000000000000000,0.0000000754979013,-0.0000000000000033,-4.0976300239562988,-0.0000000000000000,0.0000000437113883,1.0000000000000000,-0.0069526503793895,0.0000000000000000,0.0000000000000000,0.0000000000000000,1.0000000000000000
M 0.0000000754979013,1.0000000000000000,-0.0000000437113883,-9.6874990463256836,-1.0000000000000000,0.0000000754979013,-0.0000000000000033,-4.1091251373291016,-0.0000000000000000,0.0000000437113883,1.0000000000000000,-0.0071824858896434,0.0000000000000000,0.0000000000000000,0.0000000000000000,1.0000000000000000
M 0.0000000754979013,1.0000000000000000,-0.0000000437113883,-9.6874990463256836,-1.0000000000000000,0.0000000754979013,-0.0000000000000033,-4.1203708648681641,-0.0000000000000000,0.0000000437113883,1.0000000000000000,-0.0074074338190258,0.0000000000000000,0.0000000000000000,0.0000000000000000,1.0000000000000000
M 0.0000000754979013,1.0000000000000000,-0.0000000437113883,-9.6874990463256836,-1.0000000000000000,0.0000000754979013,-0.0000000000000033,-4.1313385963439941,-0.0000000000000000,0.0000000437113883,1.0000000000000000,-0.0076267789117992,0.0000000000000000,0.0000000000000000,0.0000000000000000,1.0000000000000000
M 0.0000000754979013,1.0000000000000000,-0.0000000437113883,-9.6874990463256836,-1.0000000000000000,0.0000000754979013,-0.0000000000000033,-4.1420001983642578,-0.0000000000000000,0.0000000437113883,1.0000000000000000,-0.0078399246558547,0.0000000000000000,0.0000000000000000,0.0000000000000000,1.0000000000000000
M 0.0000000754979013,1.0000000000000000,-0.0000000437113883,-9.6874990463256836,-1.0000000000000000,0.0000000754979013,-0.0000000000000033,-4.1523289680480957,-0.0000000000000000,0.0000000437113883,1.0000000000000000,-0.0080465143546462,0.0000000000000000,0.0000000000000000,0.0000000000000000,1.0000000000000000
M 0.0000000754979013,1.0000000000000000,-0.0000000437113883,-9.6874990463256836,-1.0000000000000000,0.0000000754979013,-0.0000000000000033,-4.1622967720031738,-0.0000000000000000,0.0000000437113883,1.0000000000000000,-0.0082459514960647,0.0000000000000000,0.0000000000000000,0.0000000000000000,1.0000000000000000
M 0.0000000754979013,1.0000000000000000,-0.0000000437113883,-9.6874990463256836,-1.0000000000000000,0.0000000754979013,-0.0000000000000033,-4.1718754768371582,-0.0000000000000000,0.0000000437113883,1.0000000000000000,-0.0084375208243728,0.0000000000000000,0.0000000000000000,0.0000000000000000,1.0000000000000000
M 0.0000000754979013,1.0000000000000000,-0.0000000437113883,-9.6874990463256836,-1.0000000000000000,0.0000000754979013,-0.0000000000000033,-4.1810374259948730,-0.0000000000000000,0.0000000437113883,1.0000000000000000,-0.0086207455024123,0.0000000000000000,0.0000000000000000,0.0000000000000000,1.0000000000000000
M 0.0000000754979013,1.0000000000000000,-0.0000000437113883,-9.6874990463256836,-1.0000000000000000,0.0000000754979013,-0.0000000000000033,-4.1897549629211426,-0.0000000000000000,0.0000000437113883,1.0000000000000000,-0.0087950294837356,0.0000000000000000,0.0000000000000000,0.0000000000000000,1.0000000000000000
M 0.0000000754979013,1.0000000000000000,-0.0000000437113883,-9.6874990463256836,-1.0000000000000000,0.0000000754979013,-0.0000000000000033,-4.1980004310607910,-0.0000000000000000,0.0000000437113883,1.0000000000000000,-0.0089600151404738,0.0000000000000000,0.0000000000000000,0.0000000000000000,1.0000000000000000
M 0.0000000754979013,1.0000000000000000,-0.0000000437113883,-9.6874990463256836,-1.0000000000000000,0.0000000754979013,-0.0000000000000033,-4.2057456970214844,-0.0000000000000000,0.0000000437113883,1.0000000000000000,-0.0091148680076003,0.0000000000000000,0.0000000000000000,0.0000000000000000,1.0000000000000000
M 0.0000000754979013,1.0000000000000000,-0.0000000437113883,-9.6874990463256836,-1.0000000000000000,0.0000000754979013,-0.0000000000000033,-4.2129631042480469,-0.0000000000000000,0.0000000437113883,1.0000000000000000,-0.0092592304572463,0.0000000000000000,0.0000000000000000,0.0000000000000000,1.0000000000000000
M 0.0000000754979013,1.0000000000000000,-0.0000000437113883,-9.6874990463256836,-1.0000000000000000,0.0000000754979013,-0.0000000000000033,-4.2196254730224609,-0.0000000000000000,0.0000000437113883,1.0000000000000000,-0.0093925064429641,0.0000000000000000,0.0000000000000000,0.0000000000000000,1.0000000000000000
M 0.0000000754979013,1.0000000000000000,-0.0000000437113883,-9.6874990463256836,-1.0000000000000000,0.0000000754979013,-0.0000000000000033,-4.2257041931152344,-0.0000000000000000,0.0000000437113883,1.0000000000000000,-0.0095140999183059,0.0000000000000000,0.0000000000000000,0.0000000000000000,1.0000000000000000
M 0.0000000754979013,1.0000000000000000,-0.0000000437113883,-9.6874990463256836,-1.0000000000000000,0.0000000754979013,-0.0000000000000033,-4.2311716079711914,-0.0000000000000000,0.0000000437113883,1.0000000000000000,-0.0096234148368239,0.0000000000000000,0.0000000000000000,0.0000000000000000,1.0000000000000000
M 0.0000000754979013,1.0000000000000000,-0.0000000437113883,-9.6874990463256836,-1.0000000000000000,0.0000000754979013,-0.0000000000000033,-4.2360005378723145,-0.0000000000000000,0.0000000437113883,1.0000000000000000,-0.0097199743613601,0.0000000000000000,0.0000000000000000,0.0000000000000000,1.0000000000000000
M 0.0000000754979013,1.0000000000000000,-0.0000000437113883,-9.6874990463256836,-1.0000000000000000,0.0000000754979013,-0.0000000000000033,-4.2401623725891113,-0.0000000000000000,0.0000000437113883,1.0000000000000000,-0.0098033016547561,0.0000000000000000,0.0000000000000000,0.0000000000000000,1.0000000000000000
M 0.0000000754979013,1.0000000000000000,-0.0000000437113883,-9.6874990463256836,-1.0000000000000000,0.0000000754979013,-0.0000000000000033,-4.2436299324035645,-0.0000000000000000,0.0000000437113883,1.0000000000000000,-0.0098725622519851,0.0000000000000000,0.0000000000000000,0.0000000000000000,1.0000000000000000
M 0.0000000754979013,1.0000000000000000,-0.0000000437113883,-9.6874990463256836,-1.0000000000000000,0.0000000754979013,-0.0000000000000033,-4.2463755607604980,-0.0000000000000000,0.0000000437113883,1.0000000000000000,-0.0099273985251784,0.0000000000000000,0.0000000000000000,0.0000000000000000,1.0000000000000000
M 0.0000000754979013,1.0000000000000000,-0.0000000437113883,-9.6874990463256836,-1.0000000000000000,0.0000000754979013,-0.0000000000000033,-4.2483706474304199,-0.0000000000000000,0.0000000437113883,1.0000000000000000,-0.0099673336371779,0.0000000000000000,0.0000000000000000,0.0000000000000000,1.0000000000000000
M 0.0000000754979013,1.0000000000000000,-0.0000000437113883,-9.6874990463256836,-1.0000000000000000,0.0000000754979013,-0.0000000000000033,-4.2495884895324707,-0.0000000000000000,0.0000000437113883,1.0000000000000000,-0.0099917715415359,0.0000000000000000,0.0000000000000000,0.0000000000000000,1.0000000000000000
M 0.0000000754979013,1.0000000000000000,-0.0000000437113883,-9.6874990463256836,-1.0000000000000000,0.0000000754979013,-0.0000000000000033,-4.2500004768371582,-0.0000000000000000,0.0000000437113883,1.0000000000000000,-0.0099999969825149,0.0000000000000000,0.0000000000000000,0.0000000000000000,1.0000000000000000
O WINDOW_1
A WINDOW_1_WINDOW_1
M 1.0000000000000000,0.0000000000000000,0.0000000000000000,0.0000000000000000,0.0000000000000000,1.0000000000000000,-0.0000000437113883,-0.0000000093113641,-0.0000000000000000,0.0000000437113883,1.0000000000000000,0.0000000389878210,0.0000000000000000,0.0000000000000000,0.0000000000000000,1.0000000000000000
M 1.0000000000000000,0.0000000000000000,0.0000000000000000,0.0000000000000000,0.0000000000000000,1.0000000000000000,-0.0000000437113883,-0.0000000093113641,-0.0000000000000000,0.0000000437113883,1.0000000000000000,0.0000000389878210,0.0000000000000000,0.0000000000000000,0.0000000000000000,1.0000000000000000
M 1.0000000000000000,0.0000000000000000,0.0000000000000000,0.0000000000000000,0.0000000000000000,1.0000000000000000,-0.0000000437113883,-0.0000000093113641,-0.0000000000000000,0.0000000437113883,1.0000000000000000,0.0000000389878210,0.0000000000000000,0.0000000000000000,0.0000000000000000,1.0000000000000000
M 1.0000000000000000,0.0000000000000000,0.0000000000000000,0.0000000000000000,0.0000000000000000,1.0000000000000000,-0.0000000437113883,-0.0000000093113641,-0.0000000000000000,0.0000000437113883,1.0000000000000000,0.0000000389878210,0.0000000000000000,0.0000000000000000,0.0000000000000000,1.0000000000000000
M 1.0000000000000000,0.0000000000000000,0.0000000000000000,0.0000000000000000,0.0000000000000000,1.0000000000000000,-0.0000000437113883,-0.0000000093113641,-0.0000000000000000,0.0000000437113883,1.0000000000000000,0.0000000389878210,0.0000000000000000,0.0000000000000000,0.0000000000000000,1.0000000000000000
M 1.0000000000000000,0.0000000000000000,0.0000000000000000,0.0000000000000000,0.0000000000000000,1.0000000000000000,-0.0000000437113883,-0.0000000093113641,-0.0000000000000000,0.0000000437113883,1.0000000000000000,0.0000000389878210,0.0000000000000000,0.0000000000000000,0.0000000000000000,1.0000000000000000
M 1.0000000000000000,0.0000000000000000,0.0000000000000000,0.0000000000000000,0.0000000000000000,1.0000000000000000,-0.0000000437113883,-0.0000000093113641,-0.0000000000000000,0.0000000437113883,1.0000000000000000,0.0000000389878210,0.0000000000000000,0.0000000000000000,0.0000000000000000,1.0000000000000000
M 1.0000000000000000,0.0000000000000000,0.0000000000000000,0.0000000000000000,0.0000000000000000,1.0000000000000000,-0.0000000437113883,-0.0000000093113641,-0.0000000000000000,0.0000000437113883,1.0000000000000000,0.0000000389878210,0.0000000000000000,0.0000000000000000,0.0000000000000000,1.0000000000000000
M 1.0000000000000000,0.0000000000000000,0.0000000000000000,0.0000000000000000,0.0000000000000000,1.0000000000000000,-0.0000000437113883,-0.0000000093113641,-0.0000000000000000,0.0000000437113883,1.0000000000000000,0.0000000389878210,0.0000000000000000,0.0000000000000000,0.0000000000000000,1.0000000000000000
M 1.0000000000000000,0.0000000000000000,0.0000000000000000,0.0000000000000000,0.0000000000000000,1.0000000000000000,-0.0000000437113883,-0.0000000093113641,-0.0000000000000000,0.0000000437113883,1.0000000000000000,0.0000000389878210,0.0000000000000000,0.0000000000000000,0.0000000000000000,1.0000000000000000
M 1.0000000000000000,0.0000000000000000,0.0000000000000000,0.0000000000000000,0.0000000000000000,1.0000000000000000,-0.0000000437113883,-0.0000000093113641,-0.0000000000000000,0.0000000437113883,1.0000000000000000,0.0000000389878210,0.0000000000000000,0.0000000000000000,0.0000000000000000,1.0000000000000000
M 1.0000000000000000,0.0000000000000000,0.0000000000000000,0.0000000000000000,0.0000000000000000,1.0000000000000000,-0.0000000437113883,-0.0000000093113641,-0.0000000000000000,0.0000000437113883,1.0000000000000000,0.0000000389878210,0.0000000000000000,0.0000000000000000,0.0000000000000000,1.0000000000000000
M 1.0000000000000000,0.0000000000000000,0.0000000000000000,0.0000000000000000,0.0000000000000000,1.0000000000000000,-0.0000000437113883,-0.0000000093113641,-0.0000000000000000,0.0000000437113883,1.0000000000000000,0.0000000389878210,0.0000000000000000,0.0000000000000000,0.0000000000000000,1.0000000000000000
M 1.0000000000000000,0.0000000000000000,0.0000000000000000,0.0000000000000000,0.0000000000000000,1.0000000000000000,-0.0000000437113883,-0.0000000093113641,-0.0000000000000000,0.0000000437113883,1.0000000000000000,0.0000000389878210,0.0000000000000000,0.0000000000000000,0.0000000000000000,1.0000000000000000
M 1.0000000000000000,0.0000000000000000,0.0000000000000000,0.0000000000000000,0.0000000000000000,1.0000000000000000,-0.0000000437113883,-0.0000000093113641,-0.0000000000000000,0.0000000437113883,1.0000000000000000,0.0000000389878210,0.0000000000000000,0.0000000000000000,0.0000000000000000,1.0000000000000000
M 1.0000000000000000,0.0000000000000000,0.0000000000000000,0.0000000000000000,0.0000000000000000,1.0000000000000000,-0.0000000437113883,-0.0000000093113641,-0.0000000000000000,0.0000000437113883,1.0000000000000000,0.0000000389878210,0.0000000000000000,0.0000000000000000,0.0000000000000000,1.0000000000000000
M 1.0000000000000000,0.0000000000000000,0.0000000000000000,0.0000000000000000,0.0000000000000000,1.0000000000000000,-0.0000000437113883,-0.0000000093113641,-0.0000000000000000,0.0000000437113883,1.0000000000000000,0.0000000389878210,0.0000000000000000,0.0000000000000000,0.0000000000000000,1.0000000000000000
M 1.0000000000000000,0.0000000000000000,0.0000000000000000,0.0000000000000000,0.0000000000000000,1.0000000000000000,-0.0000000437113883,-0.0000000093113641,-0.0000000000000000,0.0000000437113883,1.0000000000000000,0.0000000389878210,0.0000000000000000,0.0000000000000000,0.0000000000000000,1.0000000000000000
M 1.0000000000000000,0.0000000000000000,0.0000000000000000,0.0000000000000000,0.0000000000000000,1.0000000000000000,-0.0000000437113883,-0.0000000093113641,-0.0000000000000000,0.0000000437113883,1.0000000000000000,0.0000000389878210,0.0000000000000000,0.0000000000000000,0.0000000000000000,1.0000000000000000
M 1.0000000000000000,0.0000000000000000,0.0000000000000000,0.0000000000000000,0.0000000000000000,1.0000000000000000,-0.0000000437113883,-0.0000000093113641,-0.0000000000000000,0.0000000437113883,1.0000000000000000,0.0000000389878210,0.0000000000000000,0.0000000000000000,0.0000000000000000,1.0000000000000000
M 1.0000000000000000,0.0000000000000000,0.0000000000000000,0.0000000000000000,0.0000000000000000,1.0000000000000000,-0.0000000437113883,-0.0000000093113641,-0.0000000000000000,0.0000000437113883,1.0000000000000000,0.0000000389878210,0.0000000000000000,0.0000000000000000,0.0000000000000000,1.0000000000000000
M 1.0000000000000000,0.0000000000000000,0.0000000000000000,0.0000000000000000,0.0000000000000000,1.0000000000000000,-0.0000000437113883,-0.0000000093113641,-0.0000000000000000,0.0000000437113883,1.0000000000000000,0.0000000389878210,0.0000000000000000,0.0000000000000000,0.0000000000000000,1.0000000000000000
M 1.0000000000000000,0.0000000000000000,0.0000000000000000,0.0000000000000000,0.0000000000000000,1.0000000000000000,-0.0000000437113883,-0.0000000093113641,-0.0000000000000000,0.0000000437113883,1.0000000000000000,0.0000000389878210,0.0000000000000000,0.0000000000000000,0.0000000000000000,1.0000000000000000
M 1.0000000000000000,0.0000000000000000,0.0000000000000000,0.0000000000000000,0.0000000000000000,1.0000000000000000,-0.0000000437113883,-0.0000000093113641,-0.0000000000000000,0.0000000437113883,1.0000000000000000,0.0000000389878210,0.0000000000000000,0.0000000000000000,0.0000000000000000,1.0000000000000000
M 1.0000000000000000,0.0000000000000000,0.0000000000000000,0.0000000000000000,0.0000000000000000,1.0000000000000000,-0.0000000437113883,-0.0000000093113641,-0.0000000000000000,0.0000000437113883,1.0000000000000000,0.0000000389878210,0.0000000000000000,0.0000000000000000,0.0000000000000000,1.0000000000000000
M 1.0000000000000000,0.0000000000000000,0.0000000000000000,0.0000000000000000,0.0000000000000000,1.0000000000000000,-0.0000000437113883,-0.0000000093113641,-0.0000000000000000,0.0000000437113883,1.0000000000000000,0.0000000389878210,0.0000000000000000,0.0000000000000000,0.0000000000000000,1.0000000000000000
M 1.0000000000000000,0.0000000000000000,0.0000000000000000,0.0000000000000000,0.0000000000000000,1.0000000000000000,-0.0000000437113883,-0.0000000093113641,-0.0000000000000000,0.0000000437113883,1.0000000000000000,0.0000000389878210,0.0000000000000000,0.0000000000000000,0.0000000000000000,1.0000000000000000
M 1.0000000000000000,0.0000000000000000,0.0000000000000000,0.0000000000000000,0.0000000000000000,1.0000000000000000,-0.0000000437113883,-0.0000000093113641,-0.0000000000000000,0.0000000437113883,1.0000000000000000,0.0000000389878210,0.0000000000000000,0.0000000000000000,0.0000000000000000,1.0000000000000000
M 1.0000000000000000,0.0000000000000000,0.0000000000000000,0.0000000000000000,0.0000000000000000,1.0000000000000000,-0.0000000437113883,-0.0000000093113641,-0.0000000000000000,0.0000000437113883,1.0000000000000000,0.0000000389878210,0.0000000000000000,0.0000000000000000,0.0000000000000000,1.0000000000000000
M 1.0000000000000000,0.0000000000000000,0.0000000000000000,0.0000000000000000,0.0000000000000000,1.0000000000000000,-0.0000000437113883,-0.0000000093113641,-0.0000000000000000,0.0000000437113883,1.0000000000000000,0.0000000389878210,0.0000000000000000,0.0000000000000000,0.0000000000000000,1.0000000000000000
M 1.0000082254409790,0.0000000000000000,0.0000000000000000,0.0000553131103516,0.0000000000000000,1.0000082254409790,-0.0000000437104113,-0.0004344079643488,-0.0000000000000000,0.0000000437127241,1.0000000000000000,-0.0000081864563981,0.0000000000000000,0.0000000000000000,0.0000000000000000,1.0000000000000000
M 1.0000326633453369,0.0000000000000000,0.0000000000000000,0.0002193450927734,0.0000000000000000,1.0000326633453369,-0.0000000437075016,-0.0017175767570734,-0.0000000000000000,0.0000000437167031,1.0000000000000000,-0.0000326243716700,0.0000000000000000,0.0000000000000000,0.0000000000000000,1.0000000000000000
M 1.0000724792480469,0.0000000000000000,0.0000000000000000,0.0004868507385254,0.0000000000000000,1.0000724792480469,-0.0000000437027481,-0.0038199517875910,-0.0000000000000000,0.0000000437231975,1.0000000000000000,-0.0000724402925698,0.0000000000000000,0.0000000000000000,0.0000000000000000,1.0000000000000000
M 1.0001273155212402,0.0000000000000000,0.0000000000000000,0.0008554458618164,0.0000000000000000,1.0001273155212402,-0.0000000436962040,-0.0067124459892511,-0.0000000000000000,0.0000000437321361,1.0000000000000000,-0.0001272765948670,0.0000000000000000,0.0000000000000000,0.0000000000000000,1.0000000000000000
M 1.0001968145370483,0.0000000000000000,0.0000000000000000,0.0013222694396973,0.0000000000000000,1.0001968145370483,-0.0000000436879333,-0.0103671643882990,-0.0000000000000000,0.0000000437434480,1.0000000000000000,-0.0001967756397789,0.0000000000000000,0.0000000000000000,0.0000000000000000,1.0000000000000000
M 1.0002800226211548,0.0000000000000000,0.0000000000000000,0.0018815994262695,0.0000000000000000,1.0002800226211548,-0.0000000436780105,-0.0147526357322931,-0.0000000000000000,0.0000000437570051,1.0000000000000000,-0.0002799837675411,0.0000000000000000,0.0000000000000000,0.0000000000000000,1.0000000000000000
M 1.0003765821456909,0.0000000000000000,0.0000000000000000,0.0025300979614258,0.0000000000000000,1.0003765821456909,-0.0000000436664997,-0.0198409650474787,-0.0000000000000000,0.0000000437727365,1.0000000000000000,-0.0003765433211811,0.0000000000000000,0.0000000000000000,0.0000000000000000,1.0000000000000000
