O WINDOW_4_TOGGLE_CG_w4_LCG_cab2_INTERIOR
A WINDOW_4_TOGGLE_CG_w4_LCG_cab2_INTERIOR_WINDOW_4_TOGGLE_CG_w4_LCG_cab2_INTERIOR
M 1.0000000000000000,0.0000000000000000,0.0000000000000000,0.0000000000000000,0.0000000000000000,1.0000000000000000,-0.0000000437113883,0.0000000245851766,-0.0000000000000000,0.0000000437113883,1.0000000000000000,-0.0000000068336021,0.0000000000000000,0.0000000000000000,0.0000000000000000,1.0000000000000000
M 0.9999850392341614,-0.0054744770750403,0.0000000002392970,0.0163529682904482,0.0054744770750403,0.9999850392341614,-0.0000000437107346,-0.0367372706532478,-0.0000000000000000,0.0000000437113883,1.0000000000000000,-0.0000000068336021,0.0000000000000000,0.0000000000000000,0.0000000000000000,1.0000000000000000
M 0.9997714161872864,-0.0213811397552490,0.0000000009345993,0.0650111585855484,0.0213811397552490,0.9997714161872864,-0.0000000437013981,-0.1429759562015533,-0.0000000000000000,0.0000000437113883,1.0000000000000000,-0.0000000068336021,0.0000000000000000,0.0000000000000000,0.0000000000000000,1.0000000000000000
M 0.9988979697227478,-0.0469346828758717,0.0000000020515794,0.1467416882514954,0.0469346828758717,0.9988979697227478,-0.0000000436632028,-0.3120707869529724,-0.0000000000000000,0.0000000437113883,1.0000000000000000,-0.0000000068336021,0.0000000000000000,0.0000000000000000,0.0000000000000000,1.0000000000000000
M 0.9966881275177002,-0.0813192054629326,0.0000000035545744,0.2636680305004120,0.0813192054629326,0.9966881275177002,-0.0000000435666081,-0.5365312695503235,-0.0000000000000000,0.0000000437113883,1.0000000000000000,-0.0000000068336021,0.0000000000000000,0.0000000000000000,0.0000000000000000,1.0000000000000000
M 0.9923241138458252,-0.1236640438437462,0.0000000054055271,0.4186999797821045,0.1236640438437462,0.9923241138458252,-0.0000000433758629,-0.8080799579620361,-0.0000000000000000,0.0000000437113883,1.0000000000000000,-0.0000000068336021,0.0000000000000000,0.0000000000000000,0.0000000000000000,1.0000000000000000
M 0.9849181175231934,-0.1730209439992905,0.0000000075629840,0.6149871945381165,0.1730209439992905,0.9849181175231934,-0.0000000430521396,-1.1177102327346802,-0.0000000000000000,0.0000000437113883,1.0000000000000000,-0.0000000068336021,0.0000000000000000,0.0000000000000000,0.0000000000000000,1.0000000000000000
M 0.9735797047615051,-0.2283475250005722,0.0000000099813873,0.8554179668426514,0.2283475250005722,0.9735797047615051,-0.0000000425565077,-1.4557747840881348,-0.0000000000000000,0.0000000437113883,1.0000000000000000,-0.0000000068336021,0.0000000000000000,0.0000000000000000,0.0000000000000000,1.0000000000000000
M 0.9574797153472900,-0.2885006666183472,0.0000000126107649,1.1421695947647095,0.2885006666183472,0.9574797153472900,-0.0000000418527684,-1.8121317625045776,-0.0000000000000000,0.0000000437113883,1.0000000000000000,-0.0000000068336021,0.0000000000000000,0.0000000000000000,0.0000000000000000,1.0000000000000000
M 0.9359092116355896,-0.3522413074970245,0.0000000153969530,1.4763267040252686,0.3522413074970245,0.9359092116355896,-0.0000000409098782,-2.1763517856597900,-0.0000000000000000,0.0000000437113883,1.0000000000000000,-0.0000000068336021,0.0000000000000000,0.0000000000000000,0.0000000000000000,1.0000000000000000
M 0.9083311557769775,-0.4182517528533936,0.0000000182823570,1.8575850725173950,0.4182517528533936,0.9083311557769775,-0.0000000397044175,-2.5379869937896729,-0.0000000000000000,0.0000000437113883,1.0000000000000000,-0.0000000068336021,0.0000000000000000,0.0000000000000000,0.0000000000000000,1.0000000000000000
M 0.8744221925735474,-0.4851657450199127,0.0000000212072617,2.2840614318847656,0.4851657450199127,0.8744221925735474,-0.0000000382222076,-2.8868982791900635,-0.0000000000000000,0.0000000437113883,1.0000000000000000,-0.0000000068336021,0.0000000000000000,0.0000000000000000,0.0000000000000000,1.0000000000000000
M 0.8341035842895508,-0.5516079068183899,0.0000000241115394,2.7522025108337402,0.5516079068183899,0.8341035842895508,-0.0000000364598129,-3.2136106491088867,-0.0000000000000000,0.0000000437113883,1.0000000000000000,-0.0000000068336021,0.0000000000000000,0.0000000000000000,0.0000000000000000,1.0000000000000000
M 0.7875576019287109,-0.6162410378456116,0.0000000269367515,3.2568130493164062,0.6162410378456116,0.7875576019287109,-0.0000000344252378,-3.5096809864044189,-0.0000000000000000,0.0000000437113883,1.0000000000000000,-0.0000000068336021,0.0000000000000000,0.0000000000000000,0.0000000000000000,1.0000000000000000
M 0.7352301478385925,-0.6778175830841064,0.0000000296283407,3.7911937236785889,0.6778175830841064,0.7352301478385925,-0.0000000321379154,-3.7680511474609375,-0.0000000000000000,0.0000000437113883,1.0000000000000000,-0.0000000068336021,0.0000000000000000,0.0000000000000000,0.0000000000000000,1.0000000000000000
M 0.6778175234794617,-0.7352301478385925,0.0000000321379154,4.3473777770996094,0.7352301478385925,0.6778175234794617,-0.0000000296283371,-3.9833481311798096,-0.0000000000000000,0.0000000437113883,1.0000000000000000,-0.0000000068336021,0.0000000000000000,0.0000000000000000,0.0000000000000000,1.0000000000000000
M 0.6162409782409668,-0.7875576615333557,0.0000000344252236,4.9164428710937500,0.7875576615333557,0.6162409782409668,-0.0000000269367408,-4.1521182060241699,-0.0000000000000000,0.0000000437113883,1.0000000000000000,-0.0000000068336021,0.0000000000000000,0.0000000000000000,0.0000000000000000,1.0000000000000000
M 0.5516078472137451,-0.8341035842895508,0.0000000364598129,5.4888796806335449,0.8341035842895508,0.5516078472137451,-0.0000000241115377,-4.2729692459106445,-0.0000000000000000,0.0000000437113883,1.0000000000000000,-0.0000000068336021,0.0000000000000000,0.0000000000000000,0.0000000000000000,1.0000000000000000
M 0.4851655960083008,-0.8744223117828369,0.0000000382222005,6.0549850463867188,0.8744223117828369,0.4851655960083008,-0.0000000212072617,-4.3466100692749023,-0.0000000000000000,0.0000000437113883,1.0000000000000000,-0.0000000068336021,0.0000000000000000,0.0000000000000000,0.0000000000000000,1.0000000000000000
M 0.4182515740394592,-0.9083312153816223,0.0000000397044175,6.6052308082580566,0.9083312153816223,0.4182515740394592,-0.0000000182823570,-4.3757843971252441,-0.0000000000000000,0.0000000437113883,1.0000000000000000,-0.0000000068336021,0.0000000000000000,0.0000000000000000,0.0000000000000000,1.0000000000000000
M 0.3522410690784454,-0.9359093308448792,0.0000000409098817,7.1306114196777344,0.9359093308448792,0.3522410690784454,-0.0000000153969424,-4.3651061058044434,-0.0000000000000000,0.0000000437113883,1.0000000000000000,-0.0000000068336021,0.0000000000000000,0.0000000000000000,0.0000000000000000,1.0000000000000000
M 0.2885006666183472,-0.9574797153472900,0.0000000418527684,7.6229043006896973,0.9574797153472900,0.2885006666183472,-0.0000000126107649,-4.3208031654357910,-0.0000000000000000,0.0000000437113883,1.0000000000000000,-0.0000000068336021,0.0000000000000000,0.0000000000000000,0.0000000000000000,1.0000000000000000
M 0.2283476293087006,-0.9735796451568604,0.0000000425565183,8.0748538970947266,0.9735796451568604,0.2283476293087006,-0.0000000099813882,-4.2503952980041504,-0.0000000000000000,0.0000000437113883,1.0000000000000000,-0.0000000068336021,0.0000000000000000,0.0000000000000000,0.0000000000000000,1.0000000000000000
M 0.1730209290981293,-0.9849181771278381,0.0000000430521254,8.4802417755126953,0.9849181771278381,0.1730209290981293,-0.0000000075629831,-4.1623244285583496,-0.0000000000000000,0.0000000437113883,1.0000000000000000,-0.0000000068336021,0.0000000000000000,0.0000000000000000,0.0000000000000000,1.0000000000000000
M 0.1236639320850372,-0.9923241734504700,0.0000000433758665,8.8338451385498047,0.9923241734504700,0.1236639320850372,-0.0000000054055205,-4.0655550956726074,-0.0000000000000000,0.0000000437113883,1.0000000000000000,-0.0000000068336021,0.0000000000000000,0.0000000000000000,0.0000000000000000,1.0000000000000000
M 0.0813191607594490,-0.9966881275177002,0.0000000435666081,9.1313047409057617,0.9966881275177002,0.0813191607594490,-0.0000000035545724,-3.9691643714904785,-0.0000000000000000,0.0000000437113883,1.0000000000000000,-0.0000000068336021,0.0000000000000000,0.0000000000000000,0.0000000000000000,1.0000000000000000
M 0.0469348356127739,-0.9988979697227478,0.0000000436632028,9.3688850402832031,0.9988979697227478,0.0469348356127739,-0.0000000020515869,-3.8819332122802734,-0.0000000000000000,0.0000000437113883,1.0000000000000000,-0.0000000068336021,0.0000000000000000,0.0000000000000000,0.0000000000000000,1.0000000000000000
M 0.0213810168206692,-0.9997714161872864,0.0000000437013981,9.5431680679321289,0.9997714161872864,0.0213810168206692,-0.0000000009345937,-3.8119387626647949,-0.0000000000000000,0.0000000437113883,1.0000000000000000,-0.0000000068336021,0.0000000000000000,0.0000000000000000,0.0000000000000000,1.0000000000000000
M 0.0054746153764427,-0.9999850392341614,0.0000000437107346,9.6506729125976562,0.9999850392341614,0.0054746153764427,-0.0000000002393030,-3.7661519050598145,-0.0000000000000000,0.0000000437113883,1.0000000000000000,-0.0000000068336021,0.0000000000000000,0.0000000000000000,0.0000000000000000,1.0000000000000000
M 0.0000000754979013,-1.0000000000000000,0.0000000437113883,9.6875000000000000,1.0000000000000000,0.0000000754979013,-0.0000000000000033,-3.7500000000000000,-0.0000000000000000,0.0000000437113883,1.0000000000000000,-0.0000000068336021,0.0000000000000000,0.0000000000000000,0.0000000000000000,1.0000000000000000
M 0.0000000754979013,-1.0000000000000000,0.0000000437113883,9.6875000000000000,1.0000000000000000,0.0000000754979013,-0.0000000000000033,-3.7504122257232666,-0.0000000000000000,0.0000000437113883,1.0000000000000000,-0.0000000068336021,0.0000000000000000,0.0000000000000000,0.0000000000000000,1.0000000000000000
M 0.0000000754979013,-1.0000000000000000,0.0000000437113883,9.6875000000000000,1.0000000000000000,0.0000000754979013,-0.0000000000000033,-3.7516298294067383,-0.0000000000000000,0.0000000437113883,1.0000000000000000,-0.0000000068336021,0.0000000000000000,0.0000000000000000,0.0000000000000000,1.0000000000000000
M 0.0000000754979013,-1.0000000000000000,0.0000000437113883,9.6875000000000000,1.0000000000000000,0.0000000754979013,-0.0000000000000033,-3.7536251544952393,-0.0000000000000000,0.0000000437113883,1.0000000000000000,-0.0000000068336021,0.0000000000000000,0.0000000000000000,0.0000000000000000,1.0000000000000000
M 0.0000000754979013,-1.0000000000000000,0.0000000437113883,9.6875000000000000,1.0000000000000000,0.0000000754979013,-0.0000000000000033,-3.7563703060150146,-0.0000000000000000,0.0000000437113883,1.0000000000000000,-0.0000000068336021,0.0000000000000000,0.0000000000000000,0.0000000000000000,1.0000000000000000
M 0.0000000754979013,-1.0000000000000000,0.0000000437113883,9.6875000000000000,1.0000000000000000,0.0000000754979013,-0.0000000000000033,-3.7598381042480469,-0.0000000000000000,0.0000000437113883,1.0000000000000000,-0.0000000068336021,0.0000000000000000,0.0000000000000000,0.0000000000000000,1.0000000000000000
M 0.0000000754979013,-1.0000000000000000,0.0000000437113883,9.6875000000000000,1.0000000000000000,0.0000000754979013,-0.0000000000000033,-3.7640001773834229,-0.0000000000000000,0.0000000437113883,1.0000000000000000,-0.0000000068336021,0.0000000000000000,0.0000000000000000,0.0000000000000000,1.0000000000000000
M 0.0000000754979013,-1.0000000000000000,0.0000000437113883,9.6875000000000000,1.0000000000000000,0.0000000754979013,-0.0000000000000033,-3.7688288688659668,-0.0000000000000000,0.0000000437113883,1.0000000000000000,-0.0000000068336021,0.0000000000000000,0.0000000000000000,0.0000000000000000,1.0000000000000000
M 0.0000000754979013,-1.0000000000000000,0.0000000437113883,9.6875000000000000,1.0000000000000000,0.0000000754979013,-0.0000000000000033,-3.7742962837219238,-0.0000000000000000,0.0000000437113883,1.0000000000000000,-0.0000000068336021,0.0000000000000000,0.0000000000000000,0.0000000000000000,1.0000000000000000
M 0.0000000754979013,-1.0000000000000000,0.0000000437113883,9.6875000000000000,1.0000000000000000,0.0000000754979013,-0.0000000000000033,-3.7803750038146973,-0.0000000000000000,0.0000000437113883,1.0000000000000000,-0.0000000068336021,0.0000000000000000,0.0000000000000000,0.0000000000000000,1.0000000000000000
M 0.0000000754979013,-1.0000000000000000,0.0000000437113883,9.6875000000000000,1.0000000000000000,0.0000000754979013,-0.0000000000000033,-3.7870371341705322,-0.0000000000000000,0.0000000437113883,1.0000000000000000,-0.0000000068336021,0.0000000000000000,0.0000000000000000,0.0000000000000000,1.0000000000000000
M 0.0000000754979013,-1.0000000000000000,0.0000000437113883,9.6875000000000000,1.0000000000000000,0.0000000754979013,-0.0000000000000033,-3.7942547798156738,-0.0000000000000000,0.0000000437113883,1.0000000000000000,-0.0000000068336021,0.0000000000000000,0.0000000000000000,0.0000000000000000,1.0000000000000000
M 0.0000000754979013,-1.0000000000000000,0.0000000437113883,9.6875000000000000,1.0000000000000000,0.0000000754979013,-0.0000000000000033,-3.8020000457763672,-0.0000000000000000,0.0000000437113883,1.0000000000000000,-0.0000000068336021,0.0000000000000000,0.0000000000000000,0.0000000000000000,1.0000000000000000
M 0.0000000754979013,-1.0000000000000000,0.0000000437113883,9.6875000000000000,1.0000000000000000,0.0000000754979013,-0.0000000000000033,-3.8102452754974365,-0.0000000000000000,0.0000000437113883,1.0000000000000000,-0.0000000068336021,0.0000000000000000,0.0000000000000000,0.0000000000000000,1.0000000000000000
M 0.0000000754979013,-1.0000000000000000,0.0000000437113883,9.6875000000000000,1.0000000000000000,0.0000000754979013,-0.0000000000000033,-3.8189630508422852,-0.0000000000000000,0.0000000437113883,1.0000000000000000,-0.0000000068336021,0.0000000000000000,0.0000000000000000,0.0000000000000000,1.0000000000000000
M 0.0000000754979013,-1.0000000000000000,0.0000000437113883,9.6875000000000000,1.0000000000000000,0.0000000754979013,-0.0000000000000033,-3.8281250000000000,-0.0000000000000000,0.0000000437113883,1.0000000000000000,-0.0000000068336021,0.0000000000000000,0.0000000000000000,0.0000000000000000,1.0000000000000000
M 0.0000000754979013,-1.0000000000000000,0.0000000437113883,9.6875000000000000,1.0000000000000000,0.0000000754979013,-0.0000000000000033,-3.8377039432525635,-0.0000000000000000,0.0000000437113883,1.0000000000000000,-0.0000000068336021,0.0000000000000000,0.0000000000000000,0.0000000000000000,1.0000000000000000
M 0.0000000754979013,-1.0000000000000000,0.0000000437113883,9.6875000000000000,1.0000000000000000,0.0000000754979013,-0.0000000000000033,-3.8476712703704834,-0.0000000000000000,0.0000000437113883,1.0000000000000000,-0.0000000068336021,0.0000000000000000,0.0000000000000000,0.0000000000000000,1.0000000000000000
M 0.0000000754979013,-1.0000000000000000,0.0000000437113883,9.6875000000000000,1.0000000000000000,0.0000000754979013,-0.0000000000000033,-3.8580000400543213,-0.0000000000000000,0.0000000437113883,1.0000000000000000,-0.0000000068336021,0.0000000000000000,0.0000000000000000,0.0000000000000000,1.0000000000000000
M 0.0000000754979013,-1.0000000000000000,0.0000000437113883,9.6875000000000000,1.0000000000000000,0.0000000754979013,-0.0000000000000033,-3.8686618804931641,-0.0000000000000000,0.0000000437113883,1.0000000000000000,-0.0000000068336021,0.0000000000000000,0.0000000000000000,0.0000000000000000,1.0000000000000000
M 0.0000000754979013,-1.0000000000000000,0.0000000437113883,9.6875000000000000,1.0000000000000000,0.0000000754979013,-0.0000000000000033,-3.8796296119689941,-0.0000000000000000,0.0000000437113883,1.0000000000000000,-0.0000000068336021,0.0000000000000000,0.0000000000000000,0.0000000000000000,1.0000000000000000
M 0.0000000754979013,-1.0000000000000000,0.0000000437113883,9.6875000000000000,1.0000000000000000,0.0000000754979013,-0.0000000000000033,-3.8908748626708984,-0.0000000000000000,0.0000000437113883,1.0000000000000000,-0.0000000068336021,0.0000000000000000,0.0000000000000000,0.0000000000000000,1.0000000000000000
M 0.0000000754979013,-1.0000000000000000,0.0000000437113883,9.6875000000000000,1.0000000000000000,0.0000000754979013,-0.0000000000000033,-3.9023702144622803,-0.0000000000000000,0.0000000437113883,1.0000000000000000,-0.0000000068336021,0.0000000000000000,0.0000000000000000,0.0000000000000000,1.0000000000000000
M 0.0000000754979013,-1.0000000000000000,0.0000000437113883,9.6875000000000000,1.0000000000000000,0.0000000754979013,-0.0000000000000033,-3.9140877723693848,-0.0000000000000000,0.0000000437113883,1.0000000000000000,-0.0000000068336021,0.0000000000000000,0.0000000000000000,0.0000000000000000,1.0000000000000000
M 0.0000000754979013,-1.0000000000000000,0.0000000437113883,9.6875000000000000,1.0000000000000000,0.0000000754979013,-0.0000000000000033,-3.9260001182556152,-0.0000000000000000,0.0000000437113883,1.0000000000000000,-0.0000000068336021,0.0000000000000000,0.0000000000000000,0.0000000000000000,1.0000000000000000
M 0.0000000754979013,-1.0000000000000000,0.0000000437113883,9.6875000000000000,1.0000000000000000,0.0000000754979013,-0.0000000000000033,-3.9380788803100586,-0.0000000000000000,0.0000000437113883,1.0000000000000000,-0.0000000068336021,0.0000000000000000,0.0000000000000000,0.0000000000000000,1.0000000000000000
M 0.0000000754979013,-1.0000000000000000,0.0000000437113883,9.6875000000000000,1.0000000000000000,0.0000000754979013,-0.0000000000000033,-3.9502964019775391,-0.0000000000000000,0.0000000437113883,1.0000000000000000,-0.0000000068336021,0.0000000000000000,0.0000000000000000,0.0000000000000000,1.0000000000000000
M 0.0000000754979013,-1.0000000000000000,0.0000000437113883,9.6875000000000000,1.0000000000000000,0.0000000754979013,-0.0000000000000033,-3.9626250267028809,-0.0000000000000000,0.0000000437113883,1.0000000000000000,-0.0000000068336021,0.0000000000000000,0.0000000000000000,0.0000000000000000,1.0000000000000000
M 0.0000000754979013,-1.0000000000000000,0.0000000437113883,9.6875000000000000,1.0000000000000000,0.0000000754979013,-0.0000000000000033,-3.9750368595123291,-0.0000000000000000,0.0000000437113883,1.0000000000000000,-0.0000000068336021,0.0000000000000000,0.0000000000000000,0.0000000000000000,1.0000000000000000
M 0.0000000754979013,-1.0000000000000000,0.0000000437113883,9.6875000000000000,1.0000000000000000,0.0000000754979013,-0.0000000000000033,-3.9875047206878662,-0.0000000000000000,0.0000000437113883,1.0000000000000000,-0.0000000068336021,0.0000000000000000,0.0000000000000000,0.0000000000000000,1.0000000000000000
M 0.0000000754979013,-1.0000000000000000,0.0000000437113883,9.6875000000000000,1.0000000000000000,0.0000000754979013,-0.0000000000000033,-4.0000000000000000,-0.0000000000000000,0.0000000437113883,1.0000000000000000,-0.0000000068336021,0.0000000000000000,0.0000000000000000,0.0000000000000000,1.0000000000000000
M 0.0000000754979013,-1.0000000000000000,0.0000000437113883,9.6875000000000000,1.0000000000000000,0.0000000754979013,-0.0000000000000033,-4.0124950408935547,-0.0000000000000000,0.0000000437113883,1.0000000000000000,-0.0000000068336021,0.0000000000000000,0.0000000000000000,0.0000000000000000,1.0000000000000000
M 0.0000000754979013,-1.0000000000000000,0.0000000437113883,9.6875000000000000,1.0000000000000000,0.0000000754979013,-0.0000000000000033,-4.0249629020690918,-0.0000000000000000,0.0000000437113883,1.0000000000000000,-0.0000000068336021,0.0000000000000000,0.0000000000000000,0.0000000000000000,1.0000000000000000
M 0.0000000754979013,-1.0000000000000000,0.0000000437113883,9.6875000000000000,1.0000000000000000,0.0000000754979013,-0.0000000000000033,-4.0373749732971191,-0.0000000000000000,0.0000000437113883,1.0000000000000000,-0.0000000068336021,0.0000000000000000,0.0000000000000000,0.0000000000000000,1.0000000000000000
M 0.0000000754979013,-1.0000000000000000,0.0000000437113883,9.6875000000000000,1.0000000000000000,0.0000000754979013,-0.0000000000000033,-4.0497035980224609,-0.0000000000000000,0.0000000437113883,1.0000000000000000,-0.0000000068336021,0.0000000000000000,0.0000000000000000,0.0000000000000000,1.0000000000000000
M 0.0000000754979013,-1.0000000000000000,0.0000000437113883,9.6875000000000000,1.0000000000000000,0.0000000754979013,-0.0000000000000033,-4.0619211196899414,-0.0000000000000000,0.0000000437113883,1.0000000000000000,-0.0000000068336021,0.0000000000000000,0.0000000000000000,0.0000000000000000,1.0000000000000000
M 0.0000000754979013,-1.0000000000000000,0.0000000437113883,9.6875000000000000,1.0000000000000000,0.0000000754979013,-0.0000000000000033,-4.0739998817443848,-0.0000000000000000,0.0000000437113883,1.0000000000000000,-0.0000000068336021,0.0000000000000000,0.0000000000000000,0.0000000000000000,1.0000000000000000
M 0.0000000754979013,-1.0000000000000000,0.0000000437113883,9.6875000000000000,1.0000000000000000,0.0000000754979013,-0.0000000000000033,-4.0859117507934570,-0.0000000000000000,0.0000000437113883,1.0000000000000000,-0.0000000068336021,0.0000000000000000,0.0000000000000000,0.0000000000000000,1.0000000000000000
M 0.0000000754979013,-1.0000000000000000,0.0000000437113883,9.6875000000000000,1.0000000000000000,0.0000000754979013,-0.0000000000000033,-4.0976295471191406,-0.0000000000000000,0.0000000437113883,1.0000000000000000,-0.0000000068336021,0.0000000000000000,0.0000000000000000,0.0000000000000000,1.0000000000000000
M 0.0000000754979013,-1.0000000000000000,0.0000000437113883,9.6875000000000000,1.0000000000000000,0.0000000754979013,-0.0000000000000033,-4.1091246604919434,-0.0000000000000000,0.0000000437113883,1.0000000000000000,-0.0000000068336021,0.0000000000000000,0.0000000000000000,0.0000000000000000,1.0000000000000000
M 0.0000000754979013,-1.0000000000000000,0.0000000437113883,9.6875000000000000,1.0000000000000000,0.0000000754979013,-0.0000000000000033,-4.1203703880310059,-0.0000000000000000,0.0000000437113883,1.0000000000000000,-0.0000000068336021,0.0000000000000000,0.0000000000000000,0.0000000000000000,1.0000000000000000
M 0.0000000754979013,-1.0000000000000000,0.0000000437113883,9.6875000000000000,1.0000000000000000,0.0000000754979013,-0.0000000000000033,-4.1313381195068359,-0.0000000000000000,0.0000000437113883,1.0000000000000000,-0.0000000068336021,0.0000000000000000,0.0000000000000000,0.0000000000000000,1.0000000000000000
M 0.0000000754979013,-1.0000000000000000,0.0000000437113883,9.6875000000000000,1.0000000000000000,0.0000000754979013,-0.0000000000000033,-4.1419997215270996,-0.0000000000000000,0.0000000437113883,1.0000000000000000,-0.0000000068336021,0.0000000000000000,0.0000000000000000,0.0000000000000000,1.0000000000000000
M 0.0000000754979013,-1.0000000000000000,0.0000000437113883,9.6875000000000000,1.0000000000000000,0.0000000754979013,-0.0000000000000033,-4.1523284912109375,-0.0000000000000000,0.0000000437113883,1.0000000000000000,-0.0000000068336021,0.0000000000000000,0.0000000000000000,0.0000000000000000,1.0000000000000000
M 0.0000000754979013,-1.0000000000000000,0.0000000437113883,9.6875000000000000,1.0000000000000000,0.0000000754979013,-0.0000000000000033,-4.1622962951660156,-0.0000000000000000,0.0000000437113883,1.0000000000000000,-0.0000000068336021,0.0000000000000000,0.0000000000000000,0.0000000000000000,1.0000000000000000
M 0.0000000754979013,-1.0000000000000000,0.0000000437113883,9.6875000000000000,1.0000000000000000,0.0000000754979013,-0.0000000000000033,-4.1718750000000000,-0.0000000000000000,0.0000000437113883,1.0000000000000000,-0.0000000068336021,0.0000000000000000,0.0000000000000000,0.0000000000000000,1.0000000000000000
M 0.0000000754979013,-1.0000000000000000,0.0000000437113883,9.6875000000000000,1.0000000000000000,0.0000000754979013,-0.0000000000000033,-4.1810369491577148,-0.0000000000000000,0.0000000437113883,1.0000000000000000,-0.0000000068336021,0.0000000000000000,0.0000000000000000,0.0000000000000000,1.0000000000000000
M 0.0000000754979013,-1.0000000000000000,0.0000000437113883,9.6875000000000000,1.0000000000000000,0.0000000754979013,-0.0000000000000033,-4.1897544860839844,-0.0000000000000000,0.0000000437113883,1.0000000000000000,-0.0000000068336021,0.0000000000000000,0.0000000000000000,0.0000000000000000,1.0000000000000000
M 0.0000000754979013,-1.0000000000000000,0.0000000437113883,9.6875000000000000,1.0000000000000000,0.0000000754979013,-0.0000000000000033,-4.1979999542236328,-0.0000000000000000,0.0000000437113883,1.0000000000000000,-0.0000000068336021,0.0000000000000000,0.0000000000000000,0.0000000000000000,1.0000000000000000
M 0.0000000754979013,-1.0000000000000000,0.0000000437113883,9.6875000000000000,1.0000000000000000,0.0000000754979013,-0.0000000000000033,-4.2057452201843262,-0.0000000000000000,0.0000000437113883,1.0000000000000000,-0.0000000068336021,0.0000000000000000,0.0000000000000000,0.0000000000000000,1.0000000000000000
M 0.0000000754979013,-1.0000000000000000,0.0000000437113883,9.6875000000000000,1.0000000000000000,0.0000000754979013,-0.0000000000000033,-4.2129626274108887,-0.0000000000000000,0.0000000437113883,1.0000000000000000,-0.0000000068336021,0.0000000000000000,0.0000000000000000,0.0000000000000000,1.0000000000000000
M 0.0000000754979013,-1.0000000000000000,0.0000000437113883,9.6875000000000000,1.0000000000000000,0.0000000754979013,-0.0000000000000033,-4.2196249961853027,-0.0000000000000000,0.0000000437113883,1.0000000000000000,-0.0000000068336021,0.0000000000000000,0.0000000000000000,0.0000000000000000,1.0000000000000000
M 0.0000000754979013,-1.0000000000000000,0.0000000437113883,9.6875000000000000,1.0000000000000000,0.0000000754979013,-0.0000000000000033,-4.2257037162780762,-0.0000000000000000,0.0000000437113883,1.0000000000000000,-0.0000000068336021,0.0000000000000000,0.0000000000000000,0.0000000000000000,1.0000000000000000
M 0.0000000754979013,-1.0000000000000000,0.0000000437113883,9.6875000000000000,1.0000000000000000,0.0000000754979013,-0.0000000000000033,-4.2311711311340332,-0.0000000000000000,0.0000000437113883,1.0000000000000000,-0.0000000068336021,0.0000000000000000,0.0000000000000000,0.0000000000000000,1.0000000000000000
M 0.0000000754979013,-1.0000000000000000,0.0000000437113883,9.6875000000000000,1.0000000000000000,0.0000000754979013,-0.0000000000000033,-4.2360000610351562,-0.0000000000000000,0.0000000437113883,1.0000000000000000,-0.0000000068336021,0.0000000000000000,0.0000000000000000,0.0000000000000000,1.0000000000000000
M 0.0000000754979013,-1.0000000000000000,0.0000000437113883,9.6875000000000000,1.0000000000000000,0.0000000754979013,-0.0000000000000033,-4.2401618957519531,-0.0000000000000000,0.0000000437113883,1.0000000000000000,-0.0000000068336021,0.0000000000000000,0.0000000000000000,0.0000000000000000,1.0000000000000000
M 0.0000000754979013,-1.0000000000000000,0.0000000437113883,9.6875000000000000,1.0000000000000000,0.0000000754979013,-0.0000000000000033,-4.2436294555664062,-0.0000000000000000,0.0000000437113883,1.0000000000000000,-0.0000000068336021,0.0000000000000000,0.0000000000000000,0.0000000000000000,1.0000000000000000
M 0.0000000754979013,-1.0000000000000000,0.0000000437113883,9.6875000000000000,1.0000000000000000,0.0000000754979013,-0.0000000000000033,-4.2463750839233398,-0.0000000000000000,0.0000000437113883,1.0000000000000000,-0.0000000068336021,0.0000000000000000,0.0000000000000000,0.0000000000000000,1.0000000000000000
M 0.0000000754979013,-1.0000000000000000,0.0000000437113883,9.6875000000000000,1.0000000000000000,0.0000000754979013,-0.0000000000000033,-4.2483701705932617,-0.0000000000000000,0.0000000437113883,1.0000000000000000,-0.0000000068336021,0.0000000000000000,0.0000000000000000,0.0000000000000000,1.0000000000000000
M 0.0000000754979013,-1.0000000000000000,0.0000000437113883,9.6875000000000000,1.0000000000000000,0.0000000754979013,-0.0000000000000033,-4.2495880126953125,-0.0000000000000000,0.0000000437113883,1.0000000000000000,-0.0000000068336021,0.0000000000000000,0.0000000000000000,0.0000000000000000,1.0000000000000000
M 0.0000000754979013,-1.0000000000000000,0.0000000437113883,9.6875000000000000,1.0000000000000000,0.0000000754979013,-0.0000000000000033,-4.2500000000000000,-0.0000000000000000,0.0000000437113883,1.0000000000000000,-0.0000000068336021,0.0000000000000000,0.0000000000000000,0.0000000000000000,1.0000000000000000
O WINDOW_4
A WINDOW_4_WINDOW_4
M 1.0000000000000000,0.0000000000000000,0.0000000000000000,0.0000000000000000,0.0000000000000000,1.0000000000000000,-0.0000000437113883,0.0000000093113641,-0.0000000000000000,0.0000000437113883,1.0000000000000000,0.0000000389878210,0.0000000000000000,0.0000000000000000,0.0000000000000000,1.0000000000000000
M 1.0000000000000000,0.0000000000000000,0.0000000000000000,0.0000000000000000,0.0000000000000000,1.0000000000000000,-0.0000000437113883,0.0000000093113641,-0.0000000000000000,0.0000000437113883,1.0000000000000000,0.0000000389878210,0.0000000000000000,0.0000000000000000,0.0000000000000000,1.0000000000000000
M 1.0000000000000000,0.0000000000000000,0.0000000000000000,0.0000000000000000,0.0000000000000000,1.0000000000000000,-0.0000000437113883,0.0000000093113641,-0.0000000000000000,0.0000000437113883,1.0000000000000000,0.0000000389878210,0.0000000000000000,0.0000000000000000,0.0000000000000000,1.0000000000000000
M 1.0000000000000000,0.0000000000000000,0.0000000000000000,0.0000000000000000,0.0000000000000000,1.0000000000000000,-0.0000000437113883,0.0000000093113641,-0.0000000000000000,0.0000000437113883,1.0000000000000000,0.0000000389878210,0.0000000000000000,0.0000000000000000,0.0000000000000000,1.0000000000000000
M 1.0000000000000000,0.0000000000000000,0.0000000000000000,0.0000000000000000,0.0000000000000000,1.0000000000000000,-0.0000000437113883,0.0000000093113641,-0.0000000000000000,0.0000000437113883,1.0000000000000000,0.0000000389878210,0.0000000000000000,0.0000000000000000,0.0000000000000000,1.0000000000000000
M 1.0000000000000000,0.0000000000000000,0.0000000000000000,0.0000000000000000,0.0000000000000000,1.0000000000000000,-0.0000000437113883,0.0000000093113641,-0.0000000000000000,0.0000000437113883,1.0000000000000000,0.0000000389878210,0.0000000000000000,0.0000000000000000,0.0000000000000000,1.0000000000000000
M 1.0000000000000000,0.0000000000000000,0.0000000000000000,0.0000000000000000,0.0000000000000000,1.0000000000000000,-0.0000000437113883,0.0000000093113641,-0.0000000000000000,0.0000000437113883,1.0000000000000000,0.0000000389878210,0.0000000000000000,0.0000000000000000,0.0000000000000000,1.0000000000000000
M 1.0000000000000000,0.0000000000000000,0.0000000000000000,0.0000000000000000,0.0000000000000000,1.0000000000000000,-0.0000000437113883,0.0000000093113641,-0.0000000000000000,0.0000000437113883,1.0000000000000000,0.0000000389878210,0.0000000000000000,0.0000000000000000,0.0000000000000000,1.0000000000000000
M 1.0000000000000000,0.0000000000000000,0.0000000000000000,0.0000000000000000,0.0000000000000000,1.0000000000000000,-0.0000000437113883,0.0000000093113641,-0.0000000000000000,0.0000000437113883,1.0000000000000000,0.0000000389878210,0.0000000000000000,0.0000000000000000,0.0000000000000000,1.0000000000000000
M 1.0000000000000000,0.0000000000000000,0.0000000000000000,0.0000000000000000,0.0000000000000000,1.0000000000000000,-0.0000000437113883,0.0000000093113641,-0.0000000000000000,0.0000000437113883,1.0000000000000000,0.0000000389878210,0.0000000000000000,0.0000000000000000,0.0000000000000000,1.0000000000000000
M 1.0000000000000000,0.0000000000000000,0.0000000000000000,0.0000000000000000,0.0000000000000000,1.0000000000000000,-0.0000000437113883,0.0000000093113641,-0.0000000000000000,0.0000000437113883,1.0000000000000000,0.0000000389878210,0.0000000000000000,0.0000000000000000,0.0000000000000000,1.0000000000000000
M 1.0000000000000000,0.0000000000000000,0.0000000000000000,0.0000000000000000,0.0000000000000000,1.0000000000000000,-0.0000000437113883,0.0000000093113641,-0.0000000000000000,0.0000000437113883,1.0000000000000000,0.0000000389878210,0.0000000000000000,0.0000000000000000,0.0000000000000000,1.0000000000000000
M 1.0000000000000000,0.0000000000000000,0.0000000000000000,0.0000000000000000,0.0000000000000000,1.0000000000000000,-0.0000000437113883,0.0000000093113641,-0.0000000000000000,0.0000000437113883,1.0000000000000000,0.0000000389878210,0.0000000000000000,0.0000000000000000,0.0000000000000000,1.0000000000000000
M 1.0000000000000000,0.0000000000000000,0.0000000000000000,0.0000000000000000,0.0000000000000000,1.0000000000000000,-0.0000000437113883,0.0000000093113641,-0.0000000000000000,0.0000000437113883,1.0000000000000000,0.0000000389878210,0.0000000000000000,0.0000000000000000,0.0000000000000000,1.0000000000000000
M 1.0000000000000000,0.0000000000000000,0.0000000000000000,0.0000000000000000,0.0000000000000000,1.0000000000000000,-0.0000000437113883,0.0000000093113641,-0.0000000000000000,0.0000000437113883,1.0000000000000000,0.0000000389878210,0.0000000000000000,0.0000000000000000,0.0000000000000000,1.0000000000000000
M 1.0000000000000000,0.0000000000000000,0.0000000000000000,0.0000000000000000,0.0000000000000000,1.0000000000000000,-0.0000000437113883,0.0000000093113641,-0.0000000000000000,0.0000000437113883,1.0000000000000000,0.0000000389878210,0.0000000000000000,0.0000000000000000,0.0000000000000000,1.0000000000000000
M 1.0000000000000000,0.0000000000000000,0.0000000000000000,0.0000000000000000,0.0000000000000000,1.0000000000000000,-0.0000000437113883,0.0000000093113641,-0.0000000000000000,0.0000000437113883,1.0000000000000000,0.0000000389878210,0.0000000000000000,0.0000000000000000,0.0000000000000000,1.0000000000000000
M 1.0000000000000000,0.0000000000000000,0.0000000000000000,0.0000000000000000,0.0000000000000000,1.0000000000000000,-0.0000000437113883,0.0000000093113641,-0.0000000000000000,0.0000000437113883,1.0000000000000000,0.0000000389878210,0.0000000000000000,0.0000000000000000,0.0000000000000000,1.0000000000000000
M 1.0000000000000000,0.0000000000000000,0.0000000000000000,0.0000000000000000,0.0000000000000000,1.0000000000000000,-0.0000000437113883,0.0000000093113641,-0.0000000000000000,0.0000000437113883,1.0000000000000000,0.0000000389878210,0.0000000000000000,0.0000000000000000,0.0000000000000000,1.0000000000000000
M 1.0000000000000000,0.0000000000000000,0.0000000000000000,0.0000000000000000,0.0000000000000000,1.0000000000000000,-0.0000000437113883,0.0000000093113641,-0.0000000000000000,0.0000000437113883,1.0000000000000000,0.0000000389878210,0.0000000000000000,0.0000000000000000,0.0000000000000000,1.0000000000000000
M 1.0000000000000000,0.0000000000000000,0.0000000000000000,0.0000000000000000,0.0000000000000000,1.0000000000000000,-0.0000000437113883,0.0000000093113641,-0.0000000000000000,0.0000000437113883,1.0000000000000000,0.0000000389878210,0.0000000000000000,0.0000000000000000,0.0000000000000000,1.0000000000000000
M 1.0000000000000000,0.0000000000000000,0.0000000000000000,0.0000000000000000,0.0000000000000000,1.0000000000000000,-0.0000000437113883,0.0000000093113641,-0.0000000000000000,0.0000000437113883,1.0000000000000000,0.0000000389878210,0.0000000000000000,0.0000000000000000,0.0000000000000000,1.0000000000000000
M 1.0000000000000000,0.0000000000000000,0.0000000000000000,0.0000000000000000,0.0000000000000000,1.0000000000000000,-0.0000000437113883,0.0000000093113641,-0.0000000000000000,0.0000000437113883,1.0000000000000000,0.0000000389878210,0.0000000000000000,0.0000000000000000,0.0000000000000000,1.0000000000000000
M 1.0000000000000000,0.0000000000000000,0.0000000000000000,0.0000000000000000,0.0000000000000000,1.0000000000000000,-0.0000000437113883,0.0000000093113641,-0.0000000000000000,0.0000000437113883,1.0000000000000000,0.0000000389878210,0.0000000000000000,0.0000000000000000,0.0000000000000000,1.0000000000000000
M 1.0000000000000000,0.0000000000000000,0.0000000000000000,0.0000000000000000,0.0000000000000000,1.0000000000000000,-0.0000000437113883,0.0000000093113641,-0.0000000000000000,0.0000000437113883,1.0000000000000000,0.0000000389878210,0.0000000000000000,0.0000000000000000,0.0000000000000000,1.0000000000000000
M 1.0000000000000000,0.0000000000000000,0.0000000000000000,0.0000000000000000,0.0000000000000000,1.0000000000000000,-0.0000000437113883,0.0000000093113641,-0.0000000000000000,0.0000000437113883,1.0000000000000000,0.0000000389878210,0.0000000000000000,0.0000000000000000,0.0000000000000000,1.0000000000000000
M 1.0000000000000000,0.0000000000000000,0.0000000000000000,0.0000000000000000,0.0000000000000000,1.0000000000000000,-0.0000000437113883,0.0000000093113641,-0.0000000000000000,0.0000000437113883,1.0000000000000000,0.0000000389878210,0.0000000000000000,0.0000000000000000,0.0000000000000000,1.0000000000000000
M 1.0000000000000000,0.0000000000000000,0.0000000000000000,0.0000000000000000,0.0000000000000000,1.0000000000000000,-0.0000000437113883,0.0000000093113641,-0.0000000000000000,0.0000000437113883,1.0000000000000000,0.0000000389878210,0.0000000000000000,0.0000000000000000,0.0000000000000000,1.0000000000000000
M 1.0000000000000000,0.0000000000000000,0.0000000000000000,0.0000000000000000,0.0000000000000000,1.0000000000000000,-0.0000000437113883,0.0000000093113641,-0.0000000000000000,0.0000000437113883,1.0000000000000000,0.0000000389878210,0.0000000000000000,0.0000000000000000,0.0000000000000000,1.0000000000000000
M 1.0000000000000000,0.0000000000000000,0.0000000000000000,0.0000000000000000,0.0000000000000000,1.0000000000000000,-0.0000000437113883,0.0000000093113641,-0.0000000000000000,0.0000000437113883,1.0000000000000000,0.0000000389878210,0.0000000000000000,0.0000000000000000,0.0000000000000000,1.0000000000000000
M 1.0000082254409790,0.0000000000000000,0.0000000000000000,-0.0000553131103516,0.0000000000000000,1.0000082254409790,-0.0000000437104113,-0.0004343893378973,-0.0000000000000000,0.0000000437127241,1.0000000000000000,0.0000082644255599,0.0000000000000000,0.0000000000000000,0.0000000000000000,1.0000000000000000
M 1.0000326633453369,0.0000000000000000,0.0000000000000000,-0.0002193450927734,0.0000000000000000,1.0000326633453369,-0.0000000437075016,-0.0017175581306219,-0.0000000000000000,0.0000000437167031,1.0000000000000000,0.0000327023190039,0.0000000000000000,0.0000000000000000,0.0000000000000000,1.0000000000000000
M 1.0000724792480469,0.0000000000000000,0.0000000000000000,-0.0004868507385254,0.0000000000000000,1.0000724792480469,-0.0000000437027481,-0.0038199331611395,-0.0000000000000000,0.0000000437231975,1.0000000000000000,0.0000725182035239,0.0000000000000000,0.0000000000000000,0.0000000000000000,1.0000000000000000
M 1.0001273155212402,0.0000000000000000,0.0000000000000000,-0.0008554458618164,0.0000000000000000,1.0001273155212402,-0.0000000436962040,-0.0067124273627996,-0.0000000000000000,0.0000000437321361,1.0000000000000000,0.0001273544476135,0.0000000000000000,0.0000000000000000,0.0000000000000000,1.0000000000000000
M 1.0001968145370483,0.0000000000000000,0.0000000000000000,-0.0013222694396973,0.0000000000000000,1.0001968145370483,-0.0000000436879333,-0.0103671457618475,-0.0000000000000000,0.0000000437434480,1.0000000000000000,0.0001968534343177,0.0000000000000000,0.0000000000000000,0.0000000000000000,1.0000000000000000
M 1.0002800226211548,0.0000000000000000,0.0000000000000000,-0.0018815994262695,0.0000000000000000,1.0002800226211548,-0.0000000436780105,-0.0147526171058416,-0.0000000000000000,0.0000000437570051,1.0000000000000000,0.0002800614747684,0.0000000000000000,0.0000000000000000,0.0000000000000000,1.0000000000000000
M 1.0003765821456909,0.0000000000000000,0.0000000000000000,-0.0025300979614258,0.0000000000000000,1.0003765821456909,-0.0000000436664997,-0.0198409464210272,-0.0000000000000000,0.0000000437727365,1.0000000000000000,0.0003766209702007,0.0000000000000000,0.0000000000000000,0.0000000000000000,1.0000000000000000
M 1.0004858970642090,0.0000000000000000,0.0000000000000000,-0.0032644271850586,0.0000000000000000,1.0004858970642090,-0.0000000436534577,-0.0256020929664373,-0.0000000000000000,0.0000000437905570,1.0000000000000000,0.0004859358305112,0.0000000000000000,0.0000000000000000,0.0000000000000000,1.0000000000000000
