O DOOR_31_LCG_il_LINVERT_INTERIOR
A DOOR_31_LCG_il_LINVERT_INTERIOR_DOOR_31_LCG_il_LINVERT_INTERIOR
M 0.9999999403953552,0.0000000000000207,0.0000000018626305,0.0000000254232475,-0.0000000000000124,1.0000000000000000,-0.0000000437113847,0.0000000200183763,-0.0000000018626598,0.0000000437113812,0.9999999403953552,-0.0000001826101652,0.0000000000000000,0.0000000000000000,0.0000000000000000,1.0000000000000000
M 0.9999502301216125,0.0000000022580791,0.0099671725183725,0.0132016073912382,-0.0000000018131336,1.0000000000000000,-0.0000000446483917,0.0000000231514008,-0.0099671725183725,0.0000000446275550,0.9999502301216125,0.0118669765070081,0.0000000000000000,0.0000000000000000,0.0000000000000000,1.0000000000000000
M 0.9997974038124084,0.0000000045585011,0.0201210211962461,0.0268961023539305,-0.0000000036412882,1.0000000000000000,-0.0000000456213485,0.0000000858780282,-0.0201210211962461,0.0000000455382576,0.9997974038124084,0.0240481775254011,0.0000000000000000,0.0000000000000000,0.0000000000000000,1.0000000000000000
M 0.9995357990264893,0.0000000069016961,0.0304638016968966,0.0411006882786751,-0.0000000054836669,1.0000000000000000,-0.0000000466314596,0.0000000293808426,-0.0304638016968966,0.0000000464424659,0.9995357990264893,0.0365409329533577,0.0000000000000000,0.0000000000000000,0.0000000000000000,1.0000000000000000
M 0.9991591572761536,0.0000000092880477,0.0409973040223122,0.0558319687843323,-0.0000000073394650,1.0000000000000000,-0.0000000476800963,-0.0000000271346465,-0.0409973077476025,0.0000000473389008,0.9991591572761536,0.0493418648838997,0.0000000000000000,0.0000000000000000,0.0000000000000000,1.0000000000000000
M 0.9986942410469055,0.0000000115637224,0.0510843209922314,0.0707832127809525,-0.0000000090876542,1.0000000000000000,-0.0000000487028018,-0.0000000242703635,-0.0510843247175217,0.0000000481747371,0.9986942410469055,0.0610925778746605,0.0000000000000000,0.0000000000000000,0.0000000000000000,1.0000000000000000
M 0.9987229108810425,0.0000000114091367,0.0505211763083935,0.0782077088952065,-0.0000000089629797,1.0000000000000000,-0.0000000486449672,-0.0000000244944403,-0.0505211800336838,0.0000000481296070,0.9987229108810425,0.0515062138438225,0.0000000000000000,0.0000000000000000,0.0000000000000000,1.0000000000000000
M 0.9989007711410522,0.0000000104826734,0.0468734242022038,0.0830196440219879,-0.0000000082290281,1.0000000000000000,-0.0000000482723941,-0.0000000257714632,-0.0468734242022038,0.0000000478330726,0.9989007711410522,0.0362774953246117,0.0000000000000000,0.0000000000000000,0.0000000000000000,1.0000000000000000
M 0.9990641474723816,0.0000000095627719,0.0432513020932674,0.0878992006182671,-0.0000000074978486,1.0000000000000000,-0.0000000479049334,-0.0000000270486211,-0.0432513058185577,0.0000000475355790,0.9990641474723816,0.0210916623473167,0.0000000000000000,0.0000000000000000,0.0000000000000000,1.0000000000000000
M 0.9992133378982544,0.0000000086494509,0.0396550670266151,0.0928474366664886,-0.0000000067694659,1.0000000000000000,-0.0000000475429722,-0.0000000283262125,-0.0396550670266151,0.0000000472367887,0.9992133378982544,0.0059491167776287,0.0000000000000000,0.0000000000000000,0.0000000000000000,1.0000000000000000
M 0.9993487000465393,0.0000000077426261,0.0360843874514103,0.0978622660040855,-0.0000000060438841,1.0000000000000000,-0.0000000471861235,-0.0000000296037967,-0.0360843874514103,0.0000000469370676,0.9993487000465393,-0.0091500068083405,0.0000000000000000,0.0000000000000000,0.0000000000000000,1.0000000000000000
M 0.9994704127311707,0.0000000068422881,0.0325390323996544,0.1029434129595757,-0.0000000053211480,1.0000000000000000,-0.0000000468344616,0.0000000883280222,-0.0325390323996544,0.0000000466362700,0.9994704127311707,-0.0242057386785746,0.0000000000000000,0.0000000000000000,0.0000000000000000,1.0000000000000000
M 0.9995788335800171,0.0000000059483276,0.0290190465748310,0.1080897524952888,-0.0000000046012261,1.0000000000000000,-0.0000000464878660,0.0000000870505801,-0.0290190465748310,0.0000000463345735,0.9995788335800171,-0.0392182096838951,0.0000000000000000,0.0000000000000000,0.0000000000000000,1.0000000000000000
M 0.9996741414070129,0.0000000050608815,0.0255241263657808,0.1133001968264580,-0.0000000038843058,1.0000000000000000,-0.0000000461464360,0.0000000857736069,-0.0255241263657808,0.0000000460318184,0.9996741414070129,-0.0541875287890434,0.0000000000000000,0.0000000000000000,0.0000000000000000,1.0000000000000000
M 0.9997566938400269,0.0000000041797121,0.0220541954040527,0.1185744181275368,-0.0000000031701783,1.0000000000000000,-0.0000000458097915,0.0000000248924650,-0.0220541954040527,0.0000000457283704,0.9997566938400269,-0.0691135376691818,0.0000000000000000,0.0000000000000000,0.0000000000000000,1.0000000000000000
M 0.9998952150344849,0.0000000028824141,0.0144685022532940,0.1199223399162292,-0.0000000022304110,1.0000000000000000,-0.0000000450795028,0.0000000235896493,-0.0144685022532940,0.0000000450419080,0.9998952150344849,-0.0888156294822693,0.0000000000000000,0.0000000000000000,0.0000000000000000,1.0000000000000000
M 0.9999824166297913,0.0000000014911423,0.0059126261621714,0.1205291077494621,-0.0000000012294515,1.0000000000000000,-0.0000000442637003,0.0000000222518111,-0.0059126261621714,0.0000000442550920,0.9999824166297913,-0.1096378192305565,0.0000000000000000,0.0000000000000000,0.0000000000000000,1.0000000000000000
M 0.9999979734420776,0.0000000008680342,0.0019952170550823,0.1273962557315826,-0.0000000007804589,1.0000000000000000,-0.0000000438926762,0.0000000216583800,-0.0019952170550823,0.0000000438909922,0.9999979734420776,-0.1193928942084312,0.0000000000000000,0.0000000000000000,0.0000000000000000,1.0000000000000000
M 0.9999984502792358,0.0000000008435655,0.0016915556043386,0.1390422880649567,-0.0000000007693627,1.0000000000000000,-0.0000000438640484,0.0000000216692726,-0.0016915556043386,0.0000000438620091,0.9999984502792358,-0.1204720810055733,0.0000000000000000,0.0000000000000000,0.0000000000000000,1.0000000000000000
M 0.9999989271163940,0.0000000008190859,0.0013879202306271,0.1506885886192322,-0.0000000007582320,1.0000000000000000,-0.0000000438351755,0.0000000216803997,-0.0013879202306271,0.0000000438332783,0.9999989271163940,-0.1215510889887810,0.0000000000000000,0.0000000000000000,0.0000000000000000,1.0000000000000000
M 0.9999995231628418,0.0000000007861524,0.0008927974849939,0.1620866656303406,-0.0000000007470439,1.0000000000000000,-0.0000000437875052,0.0000000217160547,-0.0008927974849939,0.0000000437868266,0.9999995231628418,-0.1228524670004845,0.0000000000000000,0.0000000000000000,0.0000000000000000,1.0000000000000000
M 0.9999998807907104,0.0000000007492844,0.0003089997917414,0.1733708828687668,-0.0000000007357749,1.0000000000000000,-0.0000000437320544,0.0000000217616716,-0.0003089997917414,0.0000000437312515,0.9999998807907104,-0.1242567673325539,0.0000000000000000,0.0000000000000000,0.0000000000000000,1.0000000000000000
M 0.9999999403953552,0.0000000007299021,0.0000951234251261,0.1851411908864975,-0.0000000007257323,1.0000000000000000,-0.0000000437114380,0.0000000217645706,-0.0000951234251261,0.0000000437113314,0.9999999403953552,-0.1247710660099983,0.0000000000000000,0.0000000000000000,0.0000000000000000,1.0000000000000000
M 0.9999999403953552,0.0000000007205223,0.0000939015299082,0.1971907615661621,-0.0000000007164099,1.0000000000000000,-0.0000000437116690,0.0000000217418616,-0.0000939015299082,0.0000000437110970,0.9999999403953552,-0.1247740387916565,0.0000000000000000,0.0000000000000000,0.0000000000000000,1.0000000000000000
M 0.9999999403953552,0.0000000007110990,0.0000926721841097,0.2092400938272476,-0.0000000007070337,1.0000000000000000,-0.0000000437114487,0.0000000217195790,-0.0000926721841097,0.0000000437113101,0.9999999403953552,-0.1247772723436356,0.0000000000000000,0.0000000000000000,0.0000000000000000,1.0000000000000000
M 0.9999999403953552,0.0000000007017049,0.0000914484262466,0.2212896645069122,-0.0000000006976971,1.0000000000000000,-0.0000000437116832,0.0000000216968132,-0.0000914484262466,0.0000000437110756,0.9999999403953552,-0.1247802600264549,0.0000000000000000,0.0000000000000000,0.0000000000000000,1.0000000000000000
M 0.9999999403953552,0.0000000006923107,0.0000902246683836,0.2333390116691589,-0.0000000006883634,1.0000000000000000,-0.0000000437114593,0.0000000216746159,-0.0000902246683836,0.0000000437113066,0.9999999403953552,-0.1247830018401146,0.0000000000000000,0.0000000000000000,0.0000000000000000,1.0000000000000000
M 0.9999999403953552,0.0000000006829452,0.0000890046358109,0.2453883439302444,-0.0000000006790553,1.0000000000000000,-0.0000000437116938,0.0000000216519354,-0.0000890046358109,0.0000000437110721,0.9999999403953552,-0.1247859746217728,0.0000000000000000,0.0000000000000000,0.0000000000000000,1.0000000000000000
M 0.9999999403953552,0.0000000006735509,0.0000877790153027,0.2574379146099091,-0.0000000006697074,1.0000000000000000,-0.0000000437114736,0.0000000216297380,-0.0000877790153027,0.0000000437112888,0.9999999403953552,-0.1247889623045921,0.0000000000000000,0.0000000000000000,0.0000000000000000,1.0000000000000000
M 0.9999998807907104,0.0000000006641567,0.0000865552574396,0.2694875001907349,-0.0000000006603709,1.0000000000000000,-0.0000000437117045,0.0000000216069722,-0.0000865552574396,0.0000000437110543,0.9999998807907104,-0.1247919425368309,0.0000000000000000,0.0000000000000000,0.0000000000000000,1.0000000000000000
M 0.9999999403953552,0.0000000006547479,0.0000853277742863,0.2815368175506592,-0.0000000006510088,1.0000000000000000,-0.0000000437114842,0.0000000215847535,-0.0000853277742863,0.0000000437112746,0.9999999403953552,-0.1247948110103607,0.0000000000000000,0.0000000000000000,0.0000000000000000,1.0000000000000000
M 0.9999998807907104,0.0000000006453971,0.0000841114670038,0.2935864031314850,-0.0000000006417291,1.0000000000000000,-0.0000000437117151,0.0000000215620730,-0.0000841114670038,0.0000000437110437,0.9999998807907104,-0.1247977837920189,0.0000000000000000,0.0000000000000000,0.0000000000000000,1.0000000000000000
M 0.9999999403953552,0.0000000006360171,0.0000828877091408,0.3056359887123108,-0.0000000006323811,1.0000000000000000,-0.0000000437114949,0.0000000215398757,-0.0000828877091408,0.0000000437112710,0.9999999403953552,-0.1248006522655487,0.0000000000000000,0.0000000000000000,0.0000000000000000,1.0000000000000000
M 0.9999998807907104,0.0000000006266372,0.0000816658139229,0.3176855444908142,-0.0000000006230588,1.0000000000000000,-0.0000000437117293,0.0000000215171383,-0.0000816658139229,0.0000000437110366,0.9999998807907104,-0.1248037517070770,0.0000000000000000,0.0000000000000000,0.0000000000000000,1.0000000000000000
M 0.9999999403953552,0.0000000006172285,0.0000804383307695,0.3297348916530609,-0.0000000006136968,1.0000000000000000,-0.0000000437115055,0.0000000214949125,-0.0000804383307695,0.0000000437112533,0.9999999403953552,-0.1248066201806068,0.0000000000000000,0.0000000000000000,0.0000000000000000,1.0000000000000000
M 0.9999998807907104,0.0000000006078920,0.0000792220234871,0.3417842388153076,-0.0000000006044171,1.0000000000000000,-0.0000000437117400,0.0000000214722888,-0.0000792220234871,0.0000000437110188,0.9999998807907104,-0.1248095855116844,0.0000000000000000,0.0000000000000000,0.0000000000000000,1.0000000000000000
M 0.9999999403953552,0.0000000005984978,0.0000779982656240,0.3538335561752319,-0.0000000005950834,1.0000000000000000,-0.0000000437115162,0.0000000214500915,-0.0000779982656240,0.0000000437112497,0.9999999403953552,-0.1248124465346336,0.0000000000000000,0.0000000000000000,0.0000000000000000,1.0000000000000000
M 0.9999998807907104,0.0000000005891035,0.0000767745077610,0.3658831417560577,-0.0000000005857469,1.0000000000000000,-0.0000000437117507,0.0000000214273257,-0.0000767745077610,0.0000000437110153,0.9999998807907104,-0.1248154342174530,0.0000000000000000,0.0000000000000000,0.0000000000000000,1.0000000000000000
M 0.9999999403953552,0.0000000005797381,0.0000755526125431,0.3779327273368835,-0.0000000005764274,1.0000000000000000,-0.0000000437115304,0.0000000214052136,-0.0000755526125431,0.0000000437112391,0.9999999403953552,-0.1248184069991112,0.0000000000000000,0.0000000000000000,0.0000000000000000,1.0000000000000000
M 0.9999998807907104,0.0000000005703295,0.0000743269920349,0.3899822831153870,-0.0000000005670766,1.0000000000000000,-0.0000000437117613,0.0000000213823910,-0.0000743269920349,0.0000000437110046,0.9999998807907104,-0.1248212754726410,0.0000000000000000,0.0000000000000000,0.0000000000000000,1.0000000000000000
M 0.9999999403953552,0.0000000005609495,0.0000731032341719,0.4020316302776337,-0.0000000005577430,1.0000000000000000,-0.0000000437115411,0.0000000213602505,-0.0000731032341719,0.0000000437112178,0.9999999403953552,-0.1248242557048798,0.0000000000000000,0.0000000000000000,0.0000000000000000,1.0000000000000000
M 0.9999998807907104,0.0000000005515697,0.0000718832015991,0.4140812158584595,-0.0000000005484349,1.0000000000000000,-0.0000000437117720,0.0000000213375131,-0.0000718832015991,0.0000000437109833,0.9999998807907104,-0.1248272359371185,0.0000000000000000,0.0000000000000000,0.0000000000000000,1.0000000000000000
M 0.9999999403953552,0.0000000005422475,0.0000706668943167,0.4261302947998047,-0.0000000005391437,1.0000000000000000,-0.0000000437115517,0.0000000213154578,-0.0000706668943167,0.0000000437112142,0.9999999403953552,-0.1248300820589066,0.0000000000000000,0.0000000000000000,0.0000000000000000,1.0000000000000000
M 0.9999998807907104,0.0000000005328532,0.0000694431364536,0.4381798803806305,-0.0000000005298072,1.0000000000000000,-0.0000000437117826,0.0000000212926921,-0.0000694431364536,0.0000000437109833,0.9999998807907104,-0.1248331815004349,0.0000000000000000,0.0000000000000000,0.0000000000000000,1.0000000000000000
M 0.9999999403953552,0.0000000005234878,0.0000682212412357,0.4502294659614563,-0.0000000005204878,1.0000000000000000,-0.0000000437115695,0.0000000212705515,-0.0000682212412357,0.0000000437111964,0.9999999403953552,-0.1248360425233841,0.0000000000000000,0.0000000000000000,0.0000000000000000,1.0000000000000000
M 0.9999998807907104,0.0000000005141080,0.0000669993460178,0.4622790217399597,-0.0000000005111654,1.0000000000000000,-0.0000000437118004,0.0000000212478426,-0.0000669993460178,0.0000000437109620,0.9999998807907104,-0.1248390153050423,0.0000000000000000,0.0000000000000000,0.0000000000000000,1.0000000000000000
M 0.9999999403953552,0.0000000005047137,0.0000657755881548,0.4743283689022064,-0.0000000005018318,1.0000000000000000,-0.0000000437115801,0.0000000212256523,-0.0000657755881548,0.0000000437111858,0.9999999403953552,-0.1248418837785721,0.0000000000000000,0.0000000000000000,0.0000000000000000,1.0000000000000000
M 0.9999998807907104,0.0000000004953628,0.0000645574182272,0.4863779544830322,-0.0000000004925379,1.0000000000000000,-0.0000000437118146,0.0000000212029718,-0.0000645574182272,0.0000000437109549,0.9999998807907104,-0.1248448565602303,0.0000000000000000,0.0000000000000000,0.0000000000000000,1.0000000000000000
M 0.9999999403953552,0.0000000004859829,0.0000633336603642,0.4984275400638580,-0.0000000004832041,1.0000000000000000,-0.0000000437115908,0.0000000211808313,-0.0000633336603642,0.0000000437111822,0.9999999403953552,-0.1248477101325989,0.0000000000000000,0.0000000000000000,0.0000000000000000,1.0000000000000000
M 0.9999999403953552,0.0000000004765888,0.0000621099025011,0.5104768872261047,-0.0000000004738705,1.0000000000000000,-0.0000000437113705,0.0000000211586624,-0.0000621099025011,0.0000000437113954,0.9999999403953552,-0.1248506903648376,0.0000000000000000,0.0000000000000000,0.0000000000000000,1.0000000000000000
M 0.9999999403953552,0.0000000004672666,0.0000608935952187,0.5225262045860291,-0.0000000004645908,1.0000000000000000,-0.0000000437116014,0.0000000211360387,-0.0000608935952187,0.0000000437111645,0.9999999403953552,-0.1248536556959152,0.0000000000000000,0.0000000000000000,0.0000000000000000,1.0000000000000000
M 0.9999999403953552,0.0000000004579012,0.0000596754252911,0.5345755219459534,-0.0000000004552856,1.0000000000000000,-0.0000000437113812,0.0000000211138982,-0.0000596754252911,0.0000000437113883,0.9999999403953552,-0.1248566359281540,0.0000000000000000,0.0000000000000000,0.0000000000000000,1.0000000000000000
M 0.9999999403953552,0.0000000004485212,0.0000584516674280,0.5466251373291016,-0.0000000004459491,1.0000000000000000,-0.0000000437116121,0.0000000210911324,-0.0000584516674280,0.0000000437111538,0.9999999403953552,-0.1248594969511032,0.0000000000000000,0.0000000000000000,0.0000000000000000,1.0000000000000000
M 0.9999999403953552,0.0000000004391415,0.0000572297722101,0.5586746931076050,-0.0000000004366295,1.0000000000000000,-0.0000000437113918,0.0000000210690203,-0.0000572297722101,0.0000000437113741,0.9999999403953552,-0.1248623505234718,0.0000000000000000,0.0000000000000000,0.0000000000000000,1.0000000000000000
M 0.9999999403953552,0.0000000004297759,0.0000560078769922,0.5707242488861084,-0.0000000004273072,1.0000000000000000,-0.0000000437116228,0.0000000210462829,-0.0000560078769922,0.0000000437111431,0.9999999403953552,-0.1248653307557106,0.0000000000000000,0.0000000000000000,0.0000000000000000,1.0000000000000000
M 0.9999999403953552,0.0000000004203964,0.0000547878444195,0.5827736258506775,-0.0000000004180020,1.0000000000000000,-0.0000000437114025,0.0000000210241424,-0.0000547878444195,0.0000000437113634,0.9999999403953552,-0.1248684301972389,0.0000000000000000,0.0000000000000000,0.0000000000000000,1.0000000000000000
M 0.9999999403953552,0.0000000004110597,0.0000535696744919,0.5948231816291809,-0.0000000004087081,1.0000000000000000,-0.0000000437116334,0.0000000210014903,-0.0000535696744919,0.0000000437111325,0.9999999403953552,-0.1248713955283165,0.0000000000000000,0.0000000000000000,0.0000000000000000,1.0000000000000000
M 0.9999999403953552,0.0000000004016799,0.0000523477792740,0.6068727970123291,-0.0000000003993885,1.0000000000000000,-0.0000000437114096,0.0000000209793498,-0.0000523477792740,0.0000000437113599,0.9999999403953552,-0.1248742565512657,0.0000000000000000,0.0000000000000000,0.0000000000000000,1.0000000000000000
M 0.9999999403953552,0.0000000003923288,0.0000511277467012,0.6189223527908325,-0.0000000003900804,1.0000000000000000,-0.0000000437116441,0.0000000209566693,-0.0000511277467012,0.0000000437111289,0.9999999403953552,-0.1248772293329239,0.0000000000000000,0.0000000000000000,0.0000000000000000,1.0000000000000000
M 0.9999999403953552,0.0000000003829635,0.0000499077141285,0.6309714317321777,-0.0000000003807752,1.0000000000000000,-0.0000000437114203,0.0000000209345856,-0.0000499077141285,0.0000000437113457,0.9999999403953552,-0.1248799562454224,0.0000000000000000,0.0000000000000000,0.0000000000000000,1.0000000000000000
M 0.9999999403953552,0.0000000003736269,0.0000486914068460,0.6430210471153259,-0.0000000003714955,1.0000000000000000,-0.0000000437116547,0.0000000209119051,-0.0000486914068460,0.0000000437111112,0.9999999403953552,-0.1248829290270805,0.0000000000000000,0.0000000000000000,0.0000000000000000,1.0000000000000000
M 0.9999999403953552,0.0000000003642903,0.0000474750995636,0.6550703644752502,-0.0000000003622045,1.0000000000000000,-0.0000000437114309,0.0000000208898570,-0.0000474750995636,0.0000000437113350,0.9999999403953552,-0.1248858943581581,0.0000000000000000,0.0000000000000000,0.0000000000000000,1.0000000000000000
M 0.9999999403953552,0.0000000003549392,0.0000462550669909,0.6671199798583984,-0.0000000003528964,1.0000000000000000,-0.0000000437116654,0.0000000208671764,-0.0000462550669909,0.0000000437111041,0.9999999403953552,-0.1248888671398163,0.0000000000000000,0.0000000000000000,0.0000000000000000,1.0000000000000000
M 0.9999999403953552,0.0000000003455451,0.0000450313091278,0.6791695356369019,-0.0000000003435626,1.0000000000000000,-0.0000000437114416,0.0000000208450075,-0.0000450313091278,0.0000000437113243,0.9999999403953552,-0.1248917281627655,0.0000000000000000,0.0000000000000000,0.0000000000000000,1.0000000000000000
M 0.9999999403953552,0.0000000003362230,0.0000438168644905,0.6912188529968262,-0.0000000003342971,1.0000000000000000,-0.0000000437116725,0.0000000208224122,-0.0000438168644905,0.0000000437110934,0.9999999403953552,-0.1248946934938431,0.0000000000000000,0.0000000000000000,0.0000000000000000,1.0000000000000000
M 0.9999999403953552,0.0000000003268432,0.0000425949692726,0.7032682299613953,-0.0000000003249777,1.0000000000000000,-0.0000000437114522,0.0000000208002433,-0.0000425949692726,0.0000000437113137,0.9999999403953552,-0.1248976737260818,0.0000000000000000,0.0000000000000000,0.0000000000000000,1.0000000000000000
M 0.9999999403953552,0.0000000003174922,0.0000413767993450,0.7153177857398987,-0.0000000003156838,1.0000000000000000,-0.0000000437116832,0.0000000207775912,-0.0000413767993450,0.0000000437110828,0.9999999403953552,-0.1249006390571594,0.0000000000000000,0.0000000000000000,0.0000000000000000,1.0000000000000000
M 0.9999999403953552,0.0000000003081556,0.0000401586294174,0.7273674011230469,-0.0000000003063928,1.0000000000000000,-0.0000000437114593,0.0000000207555360,-0.0000401586294174,0.0000000437113030,0.9999999403953552,-0.1249036043882370,0.0000000000000000,0.0000000000000000,0.0000000000000000,1.0000000000000000
M 0.9999999403953552,0.0000000002987759,0.0000389367341995,0.7394169569015503,-0.0000000002970705,1.0000000000000000,-0.0000000437116938,0.0000000207327986,-0.0000389367341995,0.0000000437110721,0.9999999403953552,-0.1249065846204758,0.0000000000000000,0.0000000000000000,0.0000000000000000,1.0000000000000000
M 0.9999999403953552,0.0000000002894248,0.0000377167016268,0.7514662742614746,-0.0000000002877651,1.0000000000000000,-0.0000000437114736,0.0000000207107149,-0.0000377167016268,0.0000000437112959,0.9999999403953552,-0.1249093189835548,0.0000000000000000,0.0000000000000000,0.0000000000000000,1.0000000000000000
M 0.9999999403953552,0.0000000002800739,0.0000365003943443,0.7635158896446228,-0.0000000002784855,1.0000000000000000,-0.0000000437117045,0.0000000206880344,-0.0000365003943443,0.0000000437110614,0.9999999403953552,-0.1249122917652130,0.0000000000000000,0.0000000000000000,0.0000000000000000,1.0000000000000000
M 0.9999999403953552,0.0000000002707228,0.0000352803617716,0.7755652070045471,-0.0000000002691660,1.0000000000000000,-0.0000000437114807,0.0000000206659223,-0.0000352803617716,0.0000000437112853,0.9999999403953552,-0.1249152645468712,0.0000000000000000,0.0000000000000000,0.0000000000000000,1.0000000000000000
M 0.9999998807907104,0.0000000002613718,0.0000340621918440,0.7876148223876953,-0.0000000002598721,1.0000000000000000,-0.0000000437117151,0.0000000206432418,-0.0000340621918440,0.0000000437110508,0.9999998807907104,-0.1249182373285294,0.0000000000000000,0.0000000000000000,0.0000000000000000,1.0000000000000000
M 0.9999999403953552,0.0000000002520208,0.0000328421592712,0.7996643781661987,-0.0000000002505669,1.0000000000000000,-0.0000000437114913,0.0000000206211581,-0.0000328421592712,0.0000000437112746,0.9999999403953552,-0.1249210834503174,0.0000000000000000,0.0000000000000000,0.0000000000000000,1.0000000000000000
M 0.9999998807907104,0.0000000002426843,0.0000316258519888,0.8117139339447021,-0.0000000002412872,1.0000000000000000,-0.0000000437117222,0.0000000205985344,-0.0000316258519888,0.0000000437110437,0.9999998807907104,-0.1249240487813950,0.0000000000000000,0.0000000000000000,0.0000000000000000,1.0000000000000000
M 0.9999999403953552,0.0000000002333767,0.0000304132699966,0.8237630724906921,-0.0000000002320387,1.0000000000000000,-0.0000000437115020,0.0000000205765360,-0.0000304132699966,0.0000000437112675,0.9999999403953552,-0.1249268874526024,0.0000000000000000,0.0000000000000000,0.0000000000000000,1.0000000000000000
M 0.9999998807907104,0.0000000002240112,0.0000291932374239,0.8358126282691956,-0.0000000002227306,1.0000000000000000,-0.0000000437117329,0.0000000205538555,-0.0000291932374239,0.0000000437110330,0.9999998807907104,-0.1249299794435501,0.0000000000000000,0.0000000000000000,0.0000000000000000,1.0000000000000000
M 0.9999999403953552,0.0000000002146313,0.0000279694795609,0.8478620052337646,-0.0000000002133970,1.0000000000000000,-0.0000000437115091,0.0000000205316937,-0.0000279694795609,0.0000000437112533,0.9999999403953552,-0.1249329596757889,0.0000000000000000,0.0000000000000000,0.0000000000000000,1.0000000000000000
M 0.9999998807907104,0.0000000002053237,0.0000267568975687,0.8599115610122681,-0.0000000002041457,1.0000000000000000,-0.0000000437117436,0.0000000205091268,-0.0000267568975687,0.0000000437110224,0.9999998807907104,-0.1249359175562859,0.0000000000000000,0.0000000000000000,0.0000000000000000,1.0000000000000000
M 0.9999999403953552,0.0000000001959727,0.0000255368649960,0.8719609379768372,-0.0000000001948404,1.0000000000000000,-0.0000000437115197,0.0000000204870432,-0.0000255368649960,0.0000000437112462,0.9999999403953552,-0.1249387711286545,0.0000000000000000,0.0000000000000000,0.0000000000000000,1.0000000000000000
M 0.9999998807907104,0.0000000001866507,0.0000243242830038,0.8840107321739197,-0.0000000001855891,1.0000000000000000,-0.0000000437117507,0.0000000204644479,-0.0000243242830038,0.0000000437110153,0.9999998807907104,-0.1249417290091515,0.0000000000000000,0.0000000000000000,0.0000000000000000,1.0000000000000000
M 0.9999999403953552,0.0000000001772998,0.0000231061130762,0.8960598707199097,-0.0000000001762839,1.0000000000000000,-0.0000000437115304,0.0000000204423642,-0.0000231061130762,0.0000000437112391,0.9999999403953552,-0.1249445825815201,0.0000000000000000,0.0000000000000000,0.0000000000000000,1.0000000000000000
M 0.9999998807907104,0.0000000001679775,0.0000218898057938,0.9081094264984131,-0.0000000001670042,1.0000000000000000,-0.0000000437117613,0.0000000204197406,-0.0000218898057938,0.0000000437110046,0.9999998807907104,-0.1249475479125977,0.0000000000000000,0.0000000000000000,0.0000000000000000,1.0000000000000000
M 0.9999999403953552,0.0000000001586121,0.0000206697732210,0.9201589822769165,-0.0000000001576990,1.0000000000000000,-0.0000000437115375,0.0000000203976285,-0.0000206697732210,0.0000000437112284,0.9999999403953552,-0.1249505206942558,0.0000000000000000,0.0000000000000000,0.0000000000000000,1.0000000000000000
M 0.9999998807907104,0.0000000001492898,0.0000194534659386,0.9322085976600647,-0.0000000001484193,1.0000000000000000,-0.0000000437117720,0.0000000203750048,-0.0000194534659386,0.0000000437109975,0.9999998807907104,-0.1249534860253334,0.0000000000000000,0.0000000000000000,0.0000000000000000,1.0000000000000000
M 0.9999999403953552,0.0000000001399103,0.0000182334333658,0.9442579150199890,-0.0000000001391139,1.0000000000000000,-0.0000000437115482,0.0000000203528927,-0.0000182334333658,0.0000000437112178,0.9999999403953552,-0.1249562203884125,0.0000000000000000,0.0000000000000000,0.0000000000000000,1.0000000000000000
M 0.9999998807907104,0.0000000001306024,0.0000170189887285,0.9563075304031372,-0.0000000001298485,1.0000000000000000,-0.0000000437117791,0.0000000203302974,-0.0000170189887285,0.0000000437109868,0.9999998807907104,-0.1249591782689095,0.0000000000000000,0.0000000000000000,0.0000000000000000,1.0000000000000000
M 0.9999999403953552,0.0000000001212660,0.0000158026814461,0.9683568477630615,-0.0000000001205717,1.0000000000000000,-0.0000000437115553,0.0000000203082706,-0.0000158026814461,0.0000000437112107,0.9999999403953552,-0.1249620243906975,0.0000000000000000,0.0000000000000000,0.0000000000000000,1.0000000000000000
M 0.9999998807907104,0.0000000001119870,0.0000145919620991,0.9804062247276306,-0.0000000001113346,1.0000000000000000,-0.0000000437117862,0.0000000202857606,-0.0000145919620991,0.0000000437109797,0.9999998807907104,-0.1249650940299034,0.0000000000000000,0.0000000000000000,0.0000000000000000,1.0000000000000000
M 0.9999999403953552,0.0000000001025929,0.0000133682042360,0.9924560189247131,-0.0000000001020010,1.0000000000000000,-0.0000000437115659,0.0000000202635917,-0.0000133682042360,0.0000000437111929,0.9999999403953552,-0.1249679550528526,0.0000000000000000,0.0000000000000000,0.0000000000000000,1.0000000000000000
M 0.9999998807907104,0.0000000000932706,0.0000121537595987,1.0045053958892822,-0.0000000000927355,1.0000000000000000,-0.0000000437117968,0.0000000202409680,-0.0000121537595987,0.0000000437109620,0.9999998807907104,-0.1249709203839302,0.0000000000000000,0.0000000000000000,0.0000000000000000,1.0000000000000000
M 0.9999999403953552,0.0000000000839341,0.0000109374523163,1.0165549516677856,-0.0000000000834444,1.0000000000000000,-0.0000000437115730,0.0000000202189128,-0.0000109374523163,0.0000000437111929,0.9999999403953552,-0.1249737665057182,0.0000000000000000,0.0000000000000000,0.0000000000000000,1.0000000000000000
M 0.9999998807907104,0.0000000000746118,0.0000097211450338,1.0286042690277100,-0.0000000000741647,1.0000000000000000,-0.0000000437118075,0.0000000201962607,-0.0000097211450338,0.0000000437109584,0.9999998807907104,-0.1249767318367958,0.0000000000000000,0.0000000000000000,0.0000000000000000,1.0000000000000000
M 0.9999999403953552,0.0000000000653043,0.0000085085630417,1.0406539440155029,-0.0000000000649163,1.0000000000000000,-0.0000000437115837,0.0000000201743262,-0.0000085085630417,0.0000000437111822,0.9999999403953552,-0.1249796822667122,0.0000000000000000,0.0000000000000000,0.0000000000000000,1.0000000000000000
M 0.9999999403953552,0.0000000000559102,0.0000072848051786,1.0527032613754272,-0.0000000000555825,1.0000000000000000,-0.0000000437113599,0.0000000201521573,-0.0000072848051786,0.0000000437114061,0.9999999403953552,-0.1249825432896614,0.0000000000000000,0.0000000000000000,0.0000000000000000,1.0000000000000000
M 0.9999999403953552,0.0000000000466890,0.0000060833990574,1.0647525787353516,-0.0000000000464165,1.0000000000000000,-0.0000000437115908,0.0000000201297894,-0.0000060833990574,0.0000000437111751,0.9999999403953552,-0.1249855980277061,0.0000000000000000,0.0000000000000000,0.0000000000000000,1.0000000000000000
M 0.9999999403953552,0.0000000000372661,0.0000048559159040,1.0768021345138550,-0.0000000000370545,1.0000000000000000,-0.0000000437113705,0.0000000201075352,-0.0000048559159040,0.0000000437113954,0.9999999403953552,-0.1249883472919464,0.0000000000000000,0.0000000000000000,0.0000000000000000,1.0000000000000000
M 0.9999999403953552,0.0000000000280303,0.0000036507844925,1.0888515710830688,-0.0000000000278600,1.0000000000000000,-0.0000000437115979,0.0000000200851389,-0.0000036507844925,0.0000000437111680,0.9999999403953552,-0.1249914020299911,0.0000000000000000,0.0000000000000000,0.0000000000000000,1.0000000000000000
M 0.9999999403953552,0.0000000000186218,0.0000024251639843,1.1009011268615723,-0.0000000000185122,1.0000000000000000,-0.0000000437113776,0.0000000200629415,-0.0000024251639843,0.0000000437113883,0.9999999403953552,-0.1249942705035210,0.0000000000000000,0.0000000000000000,0.0000000000000000,1.0000000000000000
M 0.9999999403953552,0.0000000000093428,0.0000012163072824,1.1129506826400757,-0.0000000000092893,1.0000000000000000,-0.0000000437116086,0.0000000200404031,-0.0000012163072824,0.0000000437111574,0.9999999403953552,-0.1249972209334373,0.0000000000000000,0.0000000000000000,0.0000000000000000,1.0000000000000000
M 0.9999999403953552,0.0000000000000207,0.0000000018626305,1.1250000000000000,-0.0000000000000124,1.0000000000000000,-0.0000000437113847,0.0000000200183763,-0.0000000018626598,0.0000000437113812,0.9999999403953552,-0.1250001788139343,0.0000000000000000,0.0000000000000000,0.0000000000000000,1.0000000000000000
O WIDGET_35_CG_displays_HIDE
A WIDGET_35_CG_displays_HIDE_WIDGET_35_CG_displays_HIDE
M 0.9999999403953552,0.0000000000000207,0.0000000018626305,0.0000000254232475,-0.0000000000000124,1.0000000000000000,-0.0000000437113847,0.0000000200183763,-0.0000000018626598,0.0000000437113812,0.9999999403953552,-0.0000001826101652,0.0000000000000000,0.0000000000000000,0.0000000000000000,1.0000000000000000
M 0.9999502301216125,0.0000000022580791,0.0099671725183725,0.0132016073912382,-0.0000000018131336,1.0000000000000000,-0.0000000446483917,0.0000000231514008,-0.0099671725183725,0.0000000446275550,0.9999502301216125,0.0118669765070081,0.0000000000000000,0.0000000000000000,0.0000000000000000,1.0000000000000000
M 0.9997974038124084,0.0000000045585011,0.0201210211962461,0.0268961023539305,-0.0000000036412882,1.0000000000000000,-0.0000000456213485,0.0000000858780282,-0.0201210211962461,0.0000000455382576,0.9997974038124084,0.0240481775254011,0.0000000000000000,0.0000000000000000,0.0000000000000000,1.0000000000000000
M 0.9995357990264893,0.0000000069016961,0.0304638016968966,0.0411006882786751,-0.0000000054836669,1.0000000000000000,-0.0000000466314596,0.0000000293808426,-0.0304638016968966,0.0000000464424659,0.9995357990264893,0.0365409329533577,0.0000000000000000,0.0000000000000000,0.0000000000000000,1.0000000000000000
M 0.9991591572761536,0.0000000092880477,0.0409973040223122,0.0558319687843323,-0.0000000073394650,1.0000000000000000,-0.0000000476800963,-0.0000000271346465,-0.0409973077476025,0.0000000473389008,0.9991591572761536,0.0493418648838997,0.0000000000000000,0.0000000000000000,0.0000000000000000,1.0000000000000000
M 0.9986942410469055,0.0000000115637224,0.0510843209922314,0.0707832127809525,-0.0000000090876542,1.0000000000000000,-0.0000000487028018,-0.0000000242703635,-0.0510843247175217,0.0000000481747371,0.9986942410469055,0.0610925778746605,0.0000000000000000,0.0000000000000000,0.0000000000000000,1.0000000000000000
M 0.9987229108810425,0.0000000114091367,0.0505211763083935,0.0782077088952065,-0.0000000089629797,1.0000000000000000,-0.0000000486449672,-0.0000000244944403,-0.0505211800336838,0.0000000481296070,0.9987229108810425,0.0515062138438225,0.0000000000000000,0.0000000000000000,0.0000000000000000,1.0000000000000000
M 0.9989007711410522,0.0000000104826734,0.0468734242022038,0.0830196440219879,-0.0000000082290281,1.0000000000000000,-0.0000000482723941,-0.0000000257714632,-0.0468734242022038,0.0000000478330726,0.9989007711410522,0.0362774953246117,0.0000000000000000,0.0000000000000000,0.0000000000000000,1.0000000000000000
M 0.9990641474723816,0.0000000095627719,0.0432513020932674,0.0878992006182671,-0.0000000074978486,1.0000000000000000,-0.0000000479049334,-0.0000000270486211,-0.0432513058185577,0.0000000475355790,0.9990641474723816,0.0210916623473167,0.0000000000000000,0.0000000000000000,0.0000000000000000,1.0000000000000000
M 0.9992133378982544,0.0000000086494509,0.0396550670266151,0.0928474366664886,-0.0000000067694659,1.0000000000000000,-0.0000000475429722,-0.0000000283262125,-0.0396550670266151,0.0000000472367887,0.9992133378982544,0.0059491167776287,0.0000000000000000,0.0000000000000000,0.0000000000000000,1.0000000000000000
M 0.9993487000465393,0.0000000077426261,0.0360843874514103,0.0978622660040855,-0.0000000060438841,1.0000000000000000,-0.0000000471861235,-0.0000000296037967,-0.0360843874514103,0.0000000469370676,0.9993487000465393,-0.0091500068083405,0.0000000000000000,0.0000000000000000,0.0000000000000000,1.0000000000000000
M 0.9994704127311707,0.0000000068422881,0.0325390323996544,0.1029434129595757,-0.0000000053211480,1.0000000000000000,-0.0000000468344616,0.0000000883280222,-0.0325390323996544,0.0000000466362700,0.9994704127311707,-0.0242057386785746,0.0000000000000000,0.0000000000000000,0.0000000000000000,1.0000000000000000
M 0.9995788335800171,0.0000000059483276,0.0290190465748310,0.1080897524952888,-0.0000000046012261,1.0000000000000000,-0.0000000464878660,0.0000000870505801,-0.0290190465748310,0.0000000463345735,0.9995788335800171,-0.0392182096838951,0.0000000000000000,0.0000000000000000,0.0000000000000000,1.0000000000000000
M 0.9996741414070129,0.0000000050608815,0.0255241263657808,0.1133001968264580,-0.0000000038843058,1.0000000000000000,-0.0000000461464360,0.0000000857736069,-0.0255241263657808,0.0000000460318184,0.9996741414070129,-0.0541875287890434,0.0000000000000000,0.0000000000000000,0.0000000000000000,1.0000000000000000
M 0.9997566938400269,0.0000000041797121,0.0220541954040527,0.1185744181275368,-0.0000000031701783,1.0000000000000000,-0.0000000458097915,0.0000000248924650,-0.0220541954040527,0.0000000457283704,0.9997566938400269,-0.0691135376691818,0.0000000000000000,0.0000000000000000,0.0000000000000000,1.0000000000000000
M 0.9998952150344849,0.0000000028824141,0.0144685022532940,0.1199223399162292,-0.0000000022304110,1.0000000000000000,-0.0000000450795028,0.0000000235896493,-0.0144685022532940,0.0000000450419080,0.9998952150344849,-0.0888156294822693,0.0000000000000000,0.0000000000000000,0.0000000000000000,1.0000000000000000
M 0.9999824166297913,0.0000000014911423,0.0059126261621714,0.1205291077494621,-0.0000000012294515,1.0000000000000000,-0.0000000442637003,0.0000000222518111,-0.0059126261621714,0.0000000442550920,0.9999824166297913,-0.1096378192305565,0.0000000000000000,0.0000000000000000,0.0000000000000000,1.0000000000000000
M 0.9999979734420776,0.0000000008680342,0.0019952170550823,0.1273962557315826,-0.0000000007804589,1.0000000000000000,-0.0000000438926762,0.0000000216583800,-0.0019952170550823,0.0000000438909922,0.9999979734420776,-0.1193928942084312,0.0000000000000000,0.0000000000000000,0.0000000000000000,1.0000000000000000
M 0.9999984502792358,0.0000000008435655,0.0016915556043386,0.1390422880649567,-0.0000000007693627,1.0000000000000000,-0.0000000438640484,0.0000000216692726,-0.0016915556043386,0.0000000438620091,0.9999984502792358,-0.1204720810055733,0.0000000000000000,0.0000000000000000,0.0000000000000000,1.0000000000000000
M 0.9999989271163940,0.0000000008190859,0.0013879202306271,0.1506885886192322,-0.0000000007582320,1.0000000000000000,-0.0000000438351755,0.0000000216803997,-0.0013879202306271,0.0000000438332783,0.9999989271163940,-0.1215510889887810,0.0000000000000000,0.0000000000000000,0.0000000000000000,1.0000000000000000
M 0.9999995231628418,0.0000000007861524,0.0008927974849939,0.1620866656303406,-0.0000000007470439,1.0000000000000000,-0.0000000437875052,0.0000000217160547,-0.0008927974849939,0.0000000437868266,0.9999995231628418,-0.1228524670004845,0.0000000000000000,0.0000000000000000,0.0000000000000000,1.0000000000000000
M 0.9999998807907104,0.0000000007492844,0.0003089997917414,0.1733708828687668,-0.0000000007357749,1.0000000000000000,-0.0000000437320544,0.0000000217616716,-0.0003089997917414,0.0000000437312515,0.9999998807907104,-0.1242567673325539,0.0000000000000000,0.0000000000000000,0.0000000000000000,1.0000000000000000
M 0.9999999403953552,0.0000000007299021,0.0000951234251261,0.1851411908864975,-0.0000000007257323,1.0000000000000000,-0.0000000437114380,0.0000000217645706,-0.0000951234251261,0.0000000437113314,0.9999999403953552,-0.1247710660099983,0.0000000000000000,0.0000000000000000,0.0000000000000000,1.0000000000000000
M 0.9999999403953552,0.0000000007205223,0.0000939015299082,0.1971907615661621,-0.0000000007164099,1.0000000000000000,-0.0000000437116690,0.0000000217418616,-0.0000939015299082,0.0000000437110970,0.9999999403953552,-0.1247740387916565,0.0000000000000000,0.0000000000000000,0.0000000000000000,1.0000000000000000
M 0.9999999403953552,0.0000000007110990,0.0000926721841097,0.2092400938272476,-0.0000000007070337,1.0000000000000000,-0.0000000437114487,0.0000000217195790,-0.0000926721841097,0.0000000437113101,0.9999999403953552,-0.1247772723436356,0.0000000000000000,0.0000000000000000,0.0000000000000000,1.0000000000000000
M 0.9999999403953552,0.0000000007017049,0.0000914484262466,0.2212896645069122,-0.0000000006976971,1.0000000000000000,-0.0000000437116832,0.0000000216968132,-0.0000914484262466,0.0000000437110756,0.9999999403953552,-0.1247802600264549,0.0000000000000000,0.0000000000000000,0.0000000000000000,1.0000000000000000
M 0.9999999403953552,0.0000000006923107,0.0000902246683836,0.2333390116691589,-0.0000000006883634,1.0000000000000000,-0.0000000437114593,0.0000000216746159,-0.0000902246683836,0.0000000437113066,0.9999999403953552,-0.1247830018401146,0.0000000000000000,0.0000000000000000,0.0000000000000000,1.0000000000000000
