O DOOR_11
A DOOR_11_DOOR_11
M 1.0000000000000000,0.0000000000000000,0.0000000000000000,0.0000000000000000,0.0000000000000000,1.0000000000000000,-0.0000000437113883,-0.0000000085202672,-0.0000000000000000,0.0000000437113883,1.0000000000000000,0.0000000354361305,0.0000000000000000,0.0000000000000000,0.0000000000000000,1.0000000000000000
M 1.0000000000000000,0.0000000000000000,0.0000000000000000,0.0000000000000000,0.0000000000000000,0.9999981522560120,0.0019359139259905,0.0028392029926181,-0.0000000000000000,-0.0019359139259905,0.9999981522560120,0.0009059658623300,0.0000000000000000,0.0000000000000000,0.0000000000000000,1.0000000000000000
M 1.0000000000000000,0.0000000000000000,0.0000000000000000,0.0000000000000000,0.0000000000000000,0.9999708533287048,0.0076370253227651,0.0112105337902904,-0.0000000000000000,-0.0076370253227651,0.9999708533287048,0.0035419373307377,0.0000000000000000,0.0000000000000000,0.0000000000000000,1.0000000000000000
M 1.0000000000000000,0.0000000000000000,0.0000000000000000,0.0000000000000000,0.0000000000000000,0.9998564720153809,0.0169422421604395,0.0249067768454552,-0.0000000000000000,-0.0169422421604395,0.9998564720153809,0.0077417604625225,0.0000000000000000,0.0000000000000000,0.0000000000000000,1.0000000000000000
M 1.0000000000000000,0.0000000000000000,0.0000000000000000,0.0000000000000000,0.0000000000000000,0.9995591640472412,0.0296894349157810,0.0437352620065212,-0.0000000000000000,-0.0296894349157810,0.9995591640472412,0.0132889077067375,0.0000000000000000,0.0000000000000000,0.0000000000000000,1.0000000000000000
M 1.0000000000000000,0.0000000000000000,0.0000000000000000,0.0000000000000000,0.0000000000000000,0.9989545941352844,0.0457130596041679,0.0675115734338760,-0.0000000000000000,-0.0457130596041679,0.9989545941352844,0.0199235286563635,0.0000000000000000,0.0000000000000000,0.0000000000000000,1.0000000000000000
M 1.0000000000000000,0.0000000000000000,0.0000000000000000,0.0000000000000000,0.0000000000000000,0.9978954792022705,0.0648430287837982,0.0960555449128151,-0.0000000000000000,-0.0648430287837982,0.9978954792022705,0.0273496601730585,0.0000000000000000,0.0000000000000000,0.0000000000000000,1.0000000000000000
M 1.0000000000000000,0.0000000000000000,0.0000000000000000,0.0000000000000000,0.0000000000000000,0.9962168335914612,0.0869022533297539,0.1291849166154861,-0.0000000000000000,-0.0869022533297539,0.9962168335914612,0.0352424308657646,0.0000000000000000,0.0000000000000000,0.0000000000000000,1.0000000000000000
M 1.0000000000000000,0.0000000000000000,0.0000000000000000,0.0000000000000000,0.0000000000000000,0.9937413334846497,0.1117057576775551,0.1667117625474930,-0.0000000000000000,-0.1117057576775551,0.9937413334846497,0.0432549007236958,0.0000000000000000,0.0000000000000000,0.0000000000000000,1.0000000000000000
M 1.0000000000000000,0.0000000000000000,0.0000000000000000,0.0000000000000000,0.0000000000000000,0.9902842044830322,0.1390582323074341,0.2084364444017410,-0.0000000000000000,-0.1390582323074341,0.9902842044830322,0.0510246753692627,0.0000000000000000,0.0000000000000000,0.0000000000000000,1.0000000000000000
M 1.0000000000000000,0.0000000000000000,0.0000000000000000,0.0000000000000000,0.0000000000000000,0.9856583476066589,0.1687531620264053,0.2541440129280090,-0.0000000000000000,-0.1687531620264053,0.9856583476066589,0.0581804066896439,0.0000000000000000,0.0000000000000000,0.0000000000000000,1.0000000000000000
M 1.0000000000000000,0.0000000000000000,0.0000000000000000,0.0000000000000000,0.0000000000000000,0.9796788692474365,0.2005724012851715,0.3036014139652252,-0.0000000000000000,-0.2005724012851715,0.9796788692474365,0.0643486157059669,0.0000000000000000,0.0000000000000000,0.0000000000000000,1.0000000000000000
M 1.0000000000000000,0.0000000000000000,0.0000000000000000,0.0000000000000000,0.0000000000000000,0.9721680283546448,0.2342846691608429,0.3565529882907867,-0.0000000000000000,-0.2342846691608429,0.9721680283546448,0.0691602826118469,0.0000000000000000,0.0000000000000000,0.0000000000000000,1.0000000000000000
M 1.0000000000000000,0.0000000000000000,0.0000000000000000,0.0000000000000000,0.0000000000000000,0.9629593491554260,0.2696464359760284,0.4127197861671448,-0.0000000000000000,-0.2696464359760284,0.9629593491554260,0.0722568184137344,0.0000000000000000,0.0000000000000000,0.0000000000000000,1.0000000000000000
M 1.0000000000000000,0.0000000000000000,0.0000000000000000,0.0000000000000000,0.0000000000000000,0.9519020318984985,0.3064025342464447,0.4717985689640045,-0.0000000000000000,-0.3064025342464447,0.9519020318984985,0.0732974857091904,0.0000000000000000,0.0000000000000000,0.0000000000000000,1.0000000000000000
M 1.0000000000000000,0.0000000000000000,0.0000000000000000,0.0000000000000000,0.0000000000000000,0.9388643503189087,0.3442872464656830,0.5334615707397461,-0.0000000000000000,-0.3442872464656830,0.9388643503189087,0.0719644129276276,0.0000000000000000,0.0000000000000000,0.0000000000000000,1.0000000000000000
M 1.0000000000000000,0.0000000000000000,0.0000000000000000,0.0000000000000000,0.0000000000000000,0.9237377047538757,0.3830256164073944,0.5973566174507141,-0.0000000000000000,-0.3830256164073944,0.9237377047538757,0.0679694265127182,0.0000000000000000,0.0000000000000000,0.0000000000000000,1.0000000000000000
M 1.0000000000000000,0.0000000000000000,0.0000000000000000,0.0000000000000000,0.0000000000000000,0.9064391255378723,0.4223365783691406,0.6631106138229370,-0.0000000000000000,-0.4223365783691406,0.9064391255378723,0.0610587447881699,0.0000000000000000,0.0000000000000000,0.0000000000000000,1.0000000000000000
M 1.0000000000000000,0.0000000000000000,0.0000000000000000,0.0000000000000000,0.0000000000000000,0.8869140744209290,0.4619345068931580,0.7303303480148315,-0.0000000000000000,-0.4619345068931580,0.8869140744209290,0.0510185807943344,0.0000000000000000,0.0000000000000000,0.0000000000000000,1.0000000000000000
M 1.0000000000000000,0.0000000000000000,0.0000000000000000,0.0000000000000000,0.0000000000000000,0.8651384115219116,0.5015332102775574,0.7986075878143311,-0.0000000000000000,-0.5015332102775574,0.8651384115219116,0.0376791954040527,0.0000000000000000,0.0000000000000000,0.0000000000000000,1.0000000000000000
M 1.0000000000000000,0.0000000000000000,0.0000000000000000,0.0000000000000000,0.0000000000000000,0.8411196470260620,0.5408490896224976,0.8675230145454407,-0.0000000000000000,-0.5408490896224976,0.8411196470260620,0.0209183096885681,0.0000000000000000,0.0000000000000000,0.0000000000000000,1.0000000000000000
M 1.0000000000000000,0.0000000000000000,0.0000000000000000,0.0000000000000000,0.0000000000000000,0.8148977756500244,0.5796046257019043,0.9366509318351746,-0.0000000000000000,-0.5796046257019043,0.8148977756500244,0.0006644129753113,0.0000000000000000,0.0000000000000000,0.0000000000000000,1.0000000000000000
M 1.0000000000000000,0.0000000000000000,0.0000000000000000,0.0000000000000000,0.0000000000000000,0.7865455150604248,0.6175323128700256,1.0055651664733887,-0.0000000000000000,-0.6175323128700256,0.7865455150604248,-0.0231015384197235,0.0000000000000000,0.0000000000000000,0.0000000000000000,1.0000000000000000
M 1.0000000000000000,0.0000000000000000,0.0000000000000000,0.0000000000000000,0.0000000000000000,0.7561674714088440,0.6543780565261841,1.0738438367843628,-0.0000000000000000,-0.6543780565261841,0.7561674714088440,-0.0503451824188232,0.0000000000000000,0.0000000000000000,0.0000000000000000,1.0000000000000000
M 1.0000000000000000,0.0000000000000000,0.0000000000000000,0.0000000000000000,0.0000000000000000,0.7238993644714355,0.6899055838584900,1.1410770416259766,-0.0000000000000000,-0.6899055838584900,0.7238993644714355,-0.0809788405895233,0.0000000000000000,0.0000000000000000,0.0000000000000000,1.0000000000000000
M 1.0000000000000000,0.0000000000000000,0.0000000000000000,0.0000000000000000,0.0000000000000000,0.6899055838584900,0.7238993644714355,1.2068715095520020,-0.0000000000000000,-0.7238993644714355,0.6899055838584900,-0.1148623228073120,0.0000000000000000,0.0000000000000000,0.0000000000000000,1.0000000000000000
M 1.0000000000000000,0.0000000000000000,0.0000000000000000,0.0000000000000000,0.0000000000000000,0.6543780565261841,0.7561675906181335,1.2708559036254883,-0.0000000000000000,-0.7561675906181335,0.6543780565261841,-0.1518043577671051,0.0000000000000000,0.0000000000000000,0.0000000000000000,1.0000000000000000
M 1.0000000000000000,0.0000000000000000,0.0000000000000000,0.0000000000000000,0.0000000000000000,0.6175322532653809,0.7865456342697144,1.3326878547668457,-0.0000000000000000,-0.7865456342697144,0.6175322532653809,-0.1915663480758667,0.0000000000000000,0.0000000000000000,0.0000000000000000,1.0000000000000000
M 1.0000000000000000,0.0000000000000000,0.0000000000000000,0.0000000000000000,0.0000000000000000,0.5796047449111938,0.8148977756500244,1.3920574188232422,-0.0000000000000000,-0.8148977756500244,0.5796047449111938,-0.2338651418685913,0.0000000000000000,0.0000000000000000,0.0000000000000000,1.0000000000000000
M 1.0000000000000000,0.0000000000000000,0.0000000000000000,0.0000000000000000,0.0000000000000000,0.5408489704132080,0.8411197066307068,1.4486925601959229,-0.0000000000000000,-0.8411197066307068,0.5408489704132080,-0.2783780992031097,0.0000000000000000,0.0000000000000000,0.0000000000000000,1.0000000000000000
M 1.0000000000000000,0.0000000000000000,0.0000000000000000,0.0000000000000000,0.0000000000000000,0.5015331506729126,0.8651384115219116,1.5023604631423950,-0.0000000000000000,-0.8651384115219116,0.5015331506729126,-0.3247462213039398,0.0000000000000000,0.0000000000000000,0.0000000000000000,1.0000000000000000
M 1.0000000000000000,0.0000000000000000,0.0000000000000000,0.0000000000000000,0.0000000000000000,0.4619343876838684,0.8869140744209290,1.5528725385665894,-0.0000000000000000,-0.8869140744209290,0.4619343876838684,-0.3725819885730743,0.0000000000000000,0.0000000000000000,0.0000000000000000,1.0000000000000000
M 1.0000000000000000,0.0000000000000000,0.0000000000000000,0.0000000000000000,0.0000000000000000,0.4223366379737854,0.9064390063285828,1.6000841856002808,-0.0000000000000000,-0.9064390063285828,0.4223366379737854,-0.4214727580547333,0.0000000000000000,0.0000000000000000,0.0000000000000000,1.0000000000000000
M 1.0000000000000000,0.0000000000000000,0.0000000000000000,0.0000000000000000,0.0000000000000000,0.3830255568027496,0.9237377643585205,1.6438975334167480,-0.0000000000000000,-0.9237377643585205,0.3830255568027496,-0.4709881246089935,0.0000000000000000,0.0000000000000000,0.0000000000000000,1.0000000000000000
M 1.0000000000000000,0.0000000000000000,0.0000000000000000,0.0000000000000000,0.0000000000000000,0.3442872464656830,0.9388644099235535,1.6842573881149292,-0.0000000000000000,-0.9388644099235535,0.3442872464656830,-0.5206831693649292,0.0000000000000000,0.0000000000000000,0.0000000000000000,1.0000000000000000
M 1.0000000000000000,0.0000000000000000,0.0000000000000000,0.0000000000000000,0.0000000000000000,0.3064024150371552,0.9519020915031433,1.7211540937423706,-0.0000000000000000,-0.9519020915031433,0.3064024150371552,-0.5701074600219727,0.0000000000000000,0.0000000000000000,0.0000000000000000,1.0000000000000000
M 1.0000000000000000,0.0000000000000000,0.0000000000000000,0.0000000000000000,0.0000000000000000,0.2696464359760284,0.9629594087600708,1.7546174526214600,-0.0000000000000000,-0.9629594087600708,0.2696464359760284,-0.6188062429428101,0.0000000000000000,0.0000000000000000,0.0000000000000000,1.0000000000000000
M 1.0000000000000000,0.0000000000000000,0.0000000000000000,0.0000000000000000,0.0000000000000000,0.2342844903469086,0.9721680879592896,1.7847161293029785,-0.0000000000000000,-0.9721680879592896,0.2342844903469086,-0.6663289070129395,0.0000000000000000,0.0000000000000000,0.0000000000000000,1.0000000000000000
M 1.0000000000000000,0.0000000000000000,0.0000000000000000,0.0000000000000000,0.0000000000000000,0.2005724459886551,0.9796788692474365,1.8115510940551758,-0.0000000000000000,-0.9796788692474365,0.2005724459886551,-0.7122295498847961,0.0000000000000000,0.0000000000000000,0.0000000000000000,1.0000000000000000
M 1.0000000000000000,0.0000000000000000,0.0000000000000000,0.0000000000000000,0.0000000000000000,0.1687531024217606,0.9856583476066589,1.8352526426315308,-0.0000000000000000,-0.9856583476066589,0.1687531024217606,-0.7560739517211914,0.0000000000000000,0.0000000000000000,0.0000000000000000,1.0000000000000000
M 1.0000000000000000,0.0000000000000000,0.0000000000000000,0.0000000000000000,0.0000000000000000,0.1390580534934998,0.9902842640876770,1.8559726476669312,-0.0000000000000000,-0.9902842640876770,0.1390580534934998,-0.7974392175674438,0.0000000000000000,0.0000000000000000,0.0000000000000000,1.0000000000000000
M 1.0000000000000000,0.0000000000000000,0.0000000000000000,0.0000000000000000,0.0000000000000000,0.1117056831717491,0.9937413334846497,1.8738793134689331,-0.0000000000000000,-0.9937413334846497,0.1117056831717491,-0.8359184861183167,0.0000000000000000,0.0000000000000000,0.0000000000000000,1.0000000000000000
M 1.0000000000000000,0.0000000000000000,0.0000000000000000,0.0000000000000000,0.0000000000000000,0.0869024172425270,0.9962168335914612,1.8891506195068359,-0.0000000000000000,-0.9962168335914612,0.0869024172425270,-0.8711211681365967,0.0000000000000000,0.0000000000000000,0.0000000000000000,1.0000000000000000
M 1.0000000000000000,0.0000000000000000,0.0000000000000000,0.0000000000000000,0.0000000000000000,0.0648430734872818,0.9978954792022705,1.9019656181335449,-0.0000000000000000,-0.9978954792022705,0.0648430734872818,-0.9026749134063721,0.0000000000000000,0.0000000000000000,0.0000000000000000,1.0000000000000000
M 1.0000000000000000,0.0000000000000000,0.0000000000000000,0.0000000000000000,0.0000000000000000,0.0457131043076515,0.9989545941352844,1.9124974012374878,-0.0000000000000000,-0.9989545941352844,0.0457131043076515,-0.9302246570587158,0.0000000000000000,0.0000000000000000,0.0000000000000000,1.0000000000000000
M 1.0000000000000000,0.0000000000000000,0.0000000000000000,0.0000000000000000,0.0000000000000000,0.0296895969659090,0.9995591640472412,1.9209045171737671,-0.0000000000000000,-0.9995591640472412,0.0296895969659090,-0.9534332752227783,0.0000000000000000,0.0000000000000000,0.0000000000000000,1.0000000000000000
M 1.0000000000000000,0.0000000000000000,0.0000000000000000,0.0000000000000000,0.0000000000000000,0.0169422868639231,0.9998564720153809,1.9273236989974976,-0.0000000000000000,-0.9998564720153809,0.0169422868639231,-0.9719827771186829,0.0000000000000000,0.0000000000000000,0.0000000000000000,1.0000000000000000
M 1.0000000000000000,0.0000000000000000,0.0000000000000000,0.0000000000000000,0.0000000000000000,0.0076370690949261,0.9999708533287048,1.9318588972091675,-0.0000000000000000,-0.9999708533287048,0.0076370690949261,-0.9855716824531555,0.0000000000000000,0.0000000000000000,0.0000000000000000,1.0000000000000000
M 1.0000000000000000,0.0000000000000000,0.0000000000000000,0.0000000000000000,0.0000000000000000,0.0019360769074410,0.9999981522560120,1.9345747232437134,-0.0000000000000000,-0.9999981522560120,0.0019360769074410,-0.9939172267913818,0.0000000000000000,0.0000000000000000,0.0000000000000000,1.0000000000000000
M 1.0000000000000000,0.0000000000000000,0.0000000000000000,0.0000000000000000,0.0000000000000000,0.0000001192092896,1.0000000000000000,1.9354860782623291,-0.0000000000000000,-1.0000000000000000,0.0000001192092896,-0.9967547059059143,0.0000000000000000,0.0000000000000000,0.0000000000000000,1.0000000000000000
M 1.0000000000000000,0.0000000000000000,0.0000000000000000,0.0000000000000000,0.0000000000000000,0.0000001192092896,1.0000000000000000,1.9354860782623291,-0.0000000000000000,-1.0000000000000000,0.0000001192092896,-0.9967547059059143,0.0000000000000000,0.0000000000000000,0.0000000000000000,1.0000000000000000
M 1.0000000000000000,0.0000000000000000,0.0000000000000000,0.0000000000000000,0.0000000000000000,0.0000001192092896,1.0000000000000000,1.9354860782623291,-0.0000000000000000,-1.0000000000000000,0.0000001192092896,-0.9967547059059143,0.0000000000000000,0.0000000000000000,0.0000000000000000,1.0000000000000000
M 1.0000000000000000,0.0000000000000000,0.0000000000000000,0.0000000000000000,0.0000000000000000,0.0000001192092896,1.0000000000000000,1.9354860782623291,-0.0000000000000000,-1.0000000000000000,0.0000001192092896,-0.9967547059059143,0.0000000000000000,0.0000000000000000,0.0000000000000000,1.0000000000000000
M 1.0000000000000000,0.0000000000000000,0.0000000000000000,0.0000000000000000,0.0000000000000000,0.0000001192092896,1.0000000000000000,1.9354860782623291,-0.0000000000000000,-1.0000000000000000,0.0000001192092896,-0.9967547059059143,0.0000000000000000,0.0000000000000000,0.0000000000000000,1.0000000000000000
M 1.0000000000000000,0.0000000000000000,0.0000000000000000,0.0000000000000000,0.0000000000000000,0.0000001192092896,1.0000000000000000,1.9354860782623291,-0.0000000000000000,-1.0000000000000000,0.0000001192092896,-0.9967547059059143,0.0000000000000000,0.0000000000000000,0.0000000000000000,1.0000000000000000
M 1.0000000000000000,0.0000000000000000,0.0000000000000000,0.0000000000000000,0.0000000000000000,0.0000001192092896,1.0000000000000000,1.9354860782623291,-0.0000000000000000,-1.0000000000000000,0.0000001192092896,-0.9967547059059143,0.0000000000000000,0.0000000000000000,0.0000000000000000,1.0000000000000000
M 1.0000000000000000,0.0000000000000000,0.0000000000000000,0.0000000000000000,0.0000000000000000,0.0000001192092896,1.0000000000000000,1.9354860782623291,-0.0000000000000000,-1.0000000000000000,0.0000001192092896,-0.9967547059059143,0.0000000000000000,0.0000000000000000,0.0000000000000000,1.0000000000000000
M 1.0000000000000000,0.0000000000000000,0.0000000000000000,0.0000000000000000,0.0000000000000000,0.0000001192092896,1.0000000000000000,1.9354860782623291,-0.0000000000000000,-1.0000000000000000,0.0000001192092896,-0.9967547059059143,0.0000000000000000,0.0000000000000000,0.0000000000000000,1.0000000000000000
M 1.0000000000000000,0.0000000000000000,0.0000000000000000,0.0000000000000000,0.0000000000000000,0.0000001192092896,1.0000000000000000,1.9354860782623291,-0.0000000000000000,-1.0000000000000000,0.0000001192092896,-0.9967547059059143,0.0000000000000000,0.0000000000000000,0.0000000000000000,1.0000000000000000
M 1.0000000000000000,0.0000000000000000,0.0000000000000000,0.0000000000000000,0.0000000000000000,0.0000001192092896,1.0000000000000000,1.9354860782623291,-0.0000000000000000,-1.0000000000000000,0.0000001192092896,-0.9967547059059143,0.0000000000000000,0.0000000000000000,0.0000000000000000,1.0000000000000000
M 1.0000000000000000,0.0000000000000000,0.0000000000000000,0.0000000000000000,0.0000000000000000,0.0000001192092896,1.0000000000000000,1.9354860782623291,-0.0000000000000000,-1.0000000000000000,0.0000001192092896,-0.9967547059059143,0.0000000000000000,0.0000000000000000,0.0000000000000000,1.0000000000000000
M 1.0000000000000000,0.0000000000000000,0.0000000000000000,0.0000000000000000,0.0000000000000000,0.0000001192092896,1.0000000000000000,1.9354860782623291,-0.0000000000000000,-1.0000000000000000,0.0000001192092896,-0.9967547059059143,0.0000000000000000,0.0000000000000000,0.0000000000000000,1.0000000000000000
M 1.0000000000000000,0.0000000000000000,0.0000000000000000,0.0000000000000000,0.0000000000000000,0.0000001192092896,1.0000000000000000,1.9354860782623291,-0.0000000000000000,-1.0000000000000000,0.0000001192092896,-0.9967547059059143,0.0000000000000000,0.0000000000000000,0.0000000000000000,1.0000000000000000
M 1.0000000000000000,0.0000000000000000,0.0000000000000000,0.0000000000000000,0.0000000000000000,0.0000001192092896,1.0000000000000000,1.9354860782623291,-0.0000000000000000,-1.0000000000000000,0.0000001192092896,-0.9967547059059143,0.0000000000000000,0.0000000000000000,0.0000000000000000,1.0000000000000000
M 1.0000000000000000,0.0000000000000000,0.0000000000000000,0.0000000000000000,0.0000000000000000,0.0000001192092896,1.0000000000000000,1.9354860782623291,-0.0000000000000000,-1.0000000000000000,0.0000001192092896,-0.9967547059059143,0.0000000000000000,0.0000000000000000,0.0000000000000000,1.0000000000000000
M 1.0000000000000000,0.0000000000000000,0.0000000000000000,0.0000000000000000,0.0000000000000000,0.0000001192092896,1.0000000000000000,1.9354860782623291,-0.0000000000000000,-1.0000000000000000,0.0000001192092896,-0.9967547059059143,0.0000000000000000,0.0000000000000000,0.0000000000000000,1.0000000000000000
M 1.0000000000000000,0.0000000000000000,0.0000000000000000,0.0000000000000000,0.0000000000000000,0.0000001192092896,1.0000000000000000,1.9354860782623291,-0.0000000000000000,-1.0000000000000000,0.0000001192092896,-0.9967547059059143,0.0000000000000000,0.0000000000000000,0.0000000000000000,1.0000000000000000
M 1.0000000000000000,0.0000000000000000,0.0000000000000000,0.0000000000000000,0.0000000000000000,0.0000001192092896,1.0000000000000000,1.9354860782623291,-0.0000000000000000,-1.0000000000000000,0.0000001192092896,-0.9967547059059143,0.0000000000000000,0.0000000000000000,0.0000000000000000,1.0000000000000000
M 1.0000000000000000,0.0000000000000000,0.0000000000000000,0.0000000000000000,0.0000000000000000,0.0000001192092896,1.0000000000000000,1.9354860782623291,-0.0000000000000000,-1.0000000000000000,0.0000001192092896,-0.9967547059059143,0.0000000000000000,0.0000000000000000,0.0000000000000000,1.0000000000000000
M 1.0000000000000000,0.0000000000000000,0.0000000000000000,0.0000000000000000,0.0000000000000000,0.0000001192092896,1.0000000000000000,1.9354860782623291,-0.0000000000000000,-1.0000000000000000,0.0000001192092896,-0.9967547059059143,0.0000000000000000,0.0000000000000000,0.0000000000000000,1.0000000000000000
M 1.0000000000000000,0.0000000000000000,0.0000000000000000,0.0000000000000000,0.0000000000000000,0.0000001192092896,1.0000000000000000,1.9354860782623291,-0.0000000000000000,-1.0000000000000000,0.0000001192092896,-0.9967547059059143,0.0000000000000000,0.0000000000000000,0.0000000000000000,1.0000000000000000
M 1.0000000000000000,0.0000000000000000,0.0000000000000000,0.0000000000000000,0.0000000000000000,0.0000001192092896,1.0000000000000000,1.9354860782623291,-0.0000000000000000,-1.0000000000000000,0.0000001192092896,-0.9967547059059143,0.0000000000000000,0.0000000000000000,0.0000000000000000,1.0000000000000000
M 1.0000000000000000,0.0000000000000000,0.0000000000000000,0.0000000000000000,0.0000000000000000,0.0000001192092896,1.0000000000000000,1.9354860782623291,-0.0000000000000000,-1.0000000000000000,0.0000001192092896,-0.9967547059059143,0.0000000000000000,0.0000000000000000,0.0000000000000000,1.0000000000000000
M 1.0000000000000000,0.0000000000000000,0.0000000000000000,0.0000000000000000,0.0000000000000000,0.0000001192092896,1.0000000000000000,1.9354860782623291,-0.0000000000000000,-1.0000000000000000,0.0000001192092896,-0.9967547059059143,0.0000000000000000,0.0000000000000000,0.0000000000000000,1.0000000000000000
M 1.0000000000000000,0.0000000000000000,0.0000000000000000,0.0000000000000000,0.0000000000000000,0.0000001192092896,1.0000000000000000,1.9354860782623291,-0.0000000000000000,-1.0000000000000000,0.0000001192092896,-0.9967547059059143,0.0000000000000000,0.0000000000000000,0.0000000000000000,1.0000000000000000
M 1.0000000000000000,0.0000000000000000,0.0000000000000000,0.0000000000000000,0.0000000000000000,0.0000001192092896,1.0000000000000000,1.9354860782623291,-0.0000000000000000,-1.0000000000000000,0.0000001192092896,-0.9967547059059143,0.0000000000000000,0.0000000000000000,0.0000000000000000,1.0000000000000000
M 1.0000000000000000,0.0000000000000000,0.0000000000000000,0.0000000000000000,0.0000000000000000,0.0000001192092896,1.0000000000000000,1.9354860782623291,-0.0000000000000000,-1.0000000000000000,0.0000001192092896,-0.9967547059059143,0.0000000000000000,0.0000000000000000,0.0000000000000000,1.0000000000000000
M 1.0000000000000000,0.0000000000000000,0.0000000000000000,0.0000000000000000,0.0000000000000000,0.0000001192092896,1.0000000000000000,1.9354860782623291,-0.0000000000000000,-1.0000000000000000,0.0000001192092896,-0.9967547059059143,0.0000000000000000,0.0000000000000000,0.0000000000000000,1.0000000000000000
M 1.0000000000000000,0.0000000000000000,0.0000000000000000,0.0000000000000000,0.0000000000000000,0.0000001192092896,1.0000000000000000,1.9354860782623291,-0.0000000000000000,-1.0000000000000000,0.0000001192092896,-0.9967547059059143,0.0000000000000000,0.0000000000000000,0.0000000000000000,1.0000000000000000
M 1.0000000000000000,0.0000000000000000,0.0000000000000000,0.0000000000000000,0.0000000000000000,0.0000001192092896,1.0000000000000000,1.9354860782623291,-0.0000000000000000,-1.0000000000000000,0.0000001192092896,-0.9967547059059143,0.0000000000000000,0.0000000000000000,0.0000000000000000,1.0000000000000000
M 1.0000000000000000,0.0000000000000000,0.0000000000000000,0.0000000000000000,0.0000000000000000,0.0000001192092896,1.0000000000000000,1.9354860782623291,-0.0000000000000000,-1.0000000000000000,0.0000001192092896,-0.9967547059059143,0.0000000000000000,0.0000000000000000,0.0000000000000000,1.0000000000000000
M 1.0000000000000000,0.0000000000000000,0.0000000000000000,0.0000000000000000,0.0000000000000000,0.0000001192092896,1.0000000000000000,1.9354860782623291,-0.0000000000000000,-1.0000000000000000,0.0000001192092896,-0.9967547059059143,0.0000000000000000,0.0000000000000000,0.0000000000000000,1.0000000000000000
M 1.0000000000000000,0.0000000000000000,0.0000000000000000,0.0000000000000000,0.0000000000000000,0.0000001192092896,1.0000000000000000,1.9354860782623291,-0.0000000000000000,-1.0000000000000000,0.0000001192092896,-0.9967547059059143,0.0000000000000000,0.0000000000000000,0.0000000000000000,1.0000000000000000
M 1.0000000000000000,0.0000000000000000,0.0000000000000000,0.0000000000000000,0.0000000000000000,0.0000001192092896,1.0000000000000000,1.9354860782623291,-0.0000000000000000,-1.0000000000000000,0.0000001192092896,-0.9967547059059143,0.0000000000000000,0.0000000000000000,0.0000000000000000,1.0000000000000000
M 1.0000000000000000,0.0000000000000000,0.0000000000000000,0.0000000000000000,0.0000000000000000,0.0000001192092896,1.0000000000000000,1.9354860782623291,-0.0000000000000000,-1.0000000000000000,0.0000001192092896,-0.9967547059059143,0.0000000000000000,0.0000000000000000,0.0000000000000000,1.0000000000000000
M 1.0000000000000000,0.0000000000000000,0.0000000000000000,0.0000000000000000,0.0000000000000000,0.0000001192092896,1.0000000000000000,1.9354860782623291,-0.0000000000000000,-1.0000000000000000,0.0000001192092896,-0.9967547059059143,0.0000000000000000,0.0000000000000000,0.0000000000000000,1.0000000000000000
M 1.0000000000000000,0.0000000000000000,0.0000000000000000,0.0000000000000000,0.0000000000000000,0.0000001192092896,1.0000000000000000,1.9354860782623291,-0.0000000000000000,-1.0000000000000000,0.0000001192092896,-0.9967547059059143,0.0000000000000000,0.0000000000000000,0.0000000000000000,1.0000000000000000
M 1.0000000000000000,0.0000000000000000,0.0000000000000000,0.0000000000000000,0.0000000000000000,0.0000001192092896,1.0000000000000000,1.9354860782623291,-0.0000000000000000,-1.0000000000000000,0.0000001192092896,-0.9967547059059143,0.0000000000000000,0.0000000000000000,0.0000000000000000,1.0000000000000000
M 1.0000000000000000,0.0000000000000000,0.0000000000000000,0.0000000000000000,0.0000000000000000,0.0000001192092896,1.0000000000000000,1.9354860782623291,-0.0000000000000000,-1.0000000000000000,0.0000001192092896,-0.9967547059059143,0.0000000000000000,0.0000000000000000,0.0000000000000000,1.0000000000000000
M 1.0000000000000000,0.0000000000000000,0.0000000000000000,0.0000000000000000,0.0000000000000000,0.0000001192092896,1.0000000000000000,1.9354860782623291,-0.0000000000000000,-1.0000000000000000,0.0000001192092896,-0.9967547059059143,0.0000000000000000,0.0000000000000000,0.0000000000000000,1.0000000000000000
M 1.0000000000000000,0.0000000000000000,0.0000000000000000,0.0000000000000000,0.0000000000000000,0.0000001192092896,1.0000000000000000,1.9354860782623291,-0.0000000000000000,-1.0000000000000000,0.0000001192092896,-0.9967547059059143,0.0000000000000000,0.0000000000000000,0.0000000000000000,1.0000000000000000
M 1.0000000000000000,0.0000000000000000,0.0000000000000000,0.0000000000000000,0.0000000000000000,0.0000001192092896,1.0000000000000000,1.9354860782623291,-0.0000000000000000,-1.0000000000000000,0.0000001192092896,-0.9967547059059143,0.0000000000000000,0.0000000000000000,0.0000000000000000,1.0000000000000000
M 1.0000000000000000,0.0000000000000000,0.0000000000000000,0.0000000000000000,0.0000000000000000,0.0000001192092896,1.0000000000000000,1.9354860782623291,-0.0000000000000000,-1.0000000000000000,0.0000001192092896,-0.9967547059059143,0.0000000000000000,0.0000000000000000,0.0000000000000000,1.0000000000000000
M 1.0000000000000000,0.0000000000000000,0.0000000000000000,0.0000000000000000,0.0000000000000000,0.0000001192092896,1.0000000000000000,1.9354860782623291,-0.0000000000000000,-1.0000000000000000,0.0000001192092896,-0.9967547059059143,0.0000000000000000,0.0000000000000000,0.0000000000000000,1.0000000000000000
M 1.0000000000000000,0.0000000000000000,0.0000000000000000,0.0000000000000000,0.0000000000000000,0.0000001192092896,1.0000000000000000,1.9354860782623291,-0.0000000000000000,-1.0000000000000000,0.0000001192092896,-0.9967547059059143,0.0000000000000000,0.0000000000000000,0.0000000000000000,1.0000000000000000
M 1.0000000000000000,0.0000000000000000,0.0000000000000000,0.0000000000000000,0.0000000000000000,0.0000001192092896,1.0000000000000000,1.9354860782623291,-0.0000000000000000,-1.0000000000000000,0.0000001192092896,-0.9967547059059143,0.0000000000000000,0.0000000000000000,0.0000000000000000,1.0000000000000000
M 1.0000000000000000,0.0000000000000000,0.0000000000000000,0.0000000000000000,0.0000000000000000,0.0000001192092896,1.0000000000000000,1.9354860782623291,-0.0000000000000000,-1.0000000000000000,0.0000001192092896,-0.9967547059059143,0.0000000000000000,0.0000000000000000,0.0000000000000000,1.0000000000000000
M 1.0000000000000000,0.0000000000000000,0.0000000000000000,0.0000000000000000,0.0000000000000000,0.0000001192092896,1.0000000000000000,1.9354860782623291,-0.0000000000000000,-1.0000000000000000,0.0000001192092896,-0.9967547059059143,0.0000000000000000,0.0000000000000000,0.0000000000000000,1.0000000000000000
M 1.0000000000000000,0.0000000000000000,0.0000000000000000,0.0000000000000000,0.0000000000000000,0.0000001192092896,1.0000000000000000,1.9354860782623291,-0.0000000000000000,-1.0000000000000000,0.0000001192092896,-0.9967547059059143,0.0000000000000000,0.0000000000000000,0.0000000000000000,1.0000000000000000
M 1.0000000000000000,0.0000000000000000,0.0000000000000000,0.0000000000000000,0.0000000000000000,0.0000001192092896,1.0000000000000000,1.9354860782623291,-0.0000000000000000,-1.0000000000000000,0.0000001192092896,-0.9967547059059143,0.0000000000000000,0.0000000000000000,0.0000000000000000,1.0000000000000000
M 1.0000000000000000,0.0000000000000000,0.0000000000000000,0.0000000000000000,0.0000000000000000,0.0000001192092896,1.0000000000000000,1.9354860782623291,-0.0000000000000000,-1.0000000000000000,0.0000001192092896,-0.9967547059059143,0.0000000000000000,0.0000000000000000,0.0000000000000000,1.0000000000000000
M 1.0000000000000000,0.0000000000000000,0.0000000000000000,0.0000000000000000,0.0000000000000000,0.0000001192092896,1.0000000000000000,1.9354860782623291,-0.0000000000000000,-1.0000000000000000,0.0000001192092896,-0.9967547059059143,0.0000000000000000,0.0000000000000000,0.0000000000000000,1.0000000000000000
M 1.0000000000000000,0.0000000000000000,0.0000000000000000,0.0000000000000000,0.0000000000000000,0.0000001192092896,1.0000000000000000,1.9354860782623291,-0.0000000000000000,-1.0000000000000000,0.0000001192092896,-0.9967547059059143,0.0000000000000000,0.0000000000000000,0.0000000000000000,1.0000000000000000
M 1.0000000000000000,0.0000000000000000,0.0000000000000000,0.0000000000000000,0.0000000000000000,0.0000001192092896,1.0000000000000000,1.9354860782623291,-0.0000000000000000,-1.0000000000000000,0.0000001192092896,-0.9967547059059143,0.0000000000000000,0.0000000000000000,0.0000000000000000,1.0000000000000000
M 1.0000000000000000,0.0000000000000000,0.0000000000000000,0.0000000000000000,0.0000000000000000,0.0000001192092896,1.0000000000000000,1.9354860782623291,-0.0000000000000000,-1.0000000000000000,0.0000001192092896,-0.9967547059059143,0.0000000000000000,0.0000000000000000,0.0000000000000000,1.0000000000000000
M 1.0000000000000000,0.0000000000000000,0.0000000000000000,0.0000000000000000,0.0000000000000000,0.0000001192092896,1.0000000000000000,1.9354860782623291,-0.0000000000000000,-1.0000000000000000,0.0000001192092896,-0.9967547059059143,0.0000000000000000,0.0000000000000000,0.0000000000000000,1.0000000000000000
M 1.0000000000000000,0.0000000000000000,0.0000000000000000,0.0000000000000000,0.0000000000000000,0.0000001192092896,1.0000000000000000,1.9354860782623291,-0.0000000000000000,-1.0000000000000000,0.0000001192092896,-0.9967547059059143,0.0000000000000000,0.0000000000000000,0.0000000000000000,1.0000000000000000
M 1.0000000000000000,0.0000000000000000,0.0000000000000000,0.0000000000000000,0.0000000000000000,0.0000001192092896,1.0000000000000000,1.9354860782623291,-0.0000000000000000,-1.0000000000000000,0.0000001192092896,-0.9967547059059143,0.0000000000000000,0.0000000000000000,0.0000000000000000,1.0000000000000000
M 1.0000000000000000,0.0000000000000000,0.0000000000000000,0.0000000000000000,0.0000000000000000,0.0000001192092896,1.0000000000000000,1.9354860782623291,-0.0000000000000000,-1.0000000000000000,0.0000001192092896,-0.9967547059059143,0.0000000000000000,0.0000000000000000,0.0000000000000000,1.0000000000000000
M 1.0000000000000000,0.0000000000000000,0.0000000000000000,0.0000000000000000,0.0000000000000000,0.0000001192092896,1.0000000000000000,1.9354860782623291,-0.0000000000000000,-1.0000000000000000,0.0000001192092896,-0.9967547059059143,0.0000000000000000,0.0000000000000000,0.0000000000000000,1.0000000000000000
M 1.0000000000000000,0.0000000000000000,0.0000000000000000,0.0000000000000000,0.0000000000000000,0.0000001192092896,1.0000000000000000,1.9354860782623291,-0.0000000000000000,-1.0000000000000000,0.0000001192092896,-0.9967547059059143,0.0000000000000000,0.0000000000000000,0.0000000000000000,1.0000000000000000
M 1.0000000000000000,0.0000000000000000,0.0000000000000000,0.0000000000000000,0.0000000000000000,0.0000001192092896,1.0000000000000000,1.9354860782623291,-0.0000000000000000,-1.0000000000000000,0.0000001192092896,-0.9967547059059143,0.0000000000000000,0.0000000000000000,0.0000000000000000,1.0000000000000000
M 1.0000000000000000,0.0000000000000000,0.0000000000000000,0.0000000000000000,0.0000000000000000,0.0000001192092896,1.0000000000000000,1.9354860782623291,-0.0000000000000000,-1.0000000000000000,0.0000001192092896,-0.9967547059059143,0.0000000000000000,0.0000000000000000,0.0000000000000000,1.0000000000000000
M 1.0000000000000000,0.0000000000000000,0.0000000000000000,0.0000000000000000,0.0000000000000000,0.0000001192092896,1.0000000000000000,1.9354860782623291,-0.0000000000000000,-1.0000000000000000,0.0000001192092896,-0.9967547059059143,0.0000000000000000,0.0000000000000000,0.0000000000000000,1.0000000000000000
M 1.0000000000000000,0.0000000000000000,0.0000000000000000,0.0000000000000000,0.0000000000000000,0.0000001192092896,1.0000000000000000,1.9354860782623291,-0.0000000000000000,-1.0000000000000000,0.0000001192092896,-0.9967547059059143,0.0000000000000000,0.0000000000000000,0.0000000000000000,1.0000000000000000
M 1.0000000000000000,0.0000000000000000,0.0000000000000000,0.0000000000000000,0.0000000000000000,0.0000001192092896,1.0000000000000000,1.9354860782623291,-0.0000000000000000,-1.0000000000000000,0.0000001192092896,-0.9967547059059143,0.0000000000000000,0.0000000000000000,0.0000000000000000,1.0000000000000000
M 1.0000000000000000,0.0000000000000000,0.0000000000000000,0.0000000000000000,0.0000000000000000,0.0000001192092896,1.0000000000000000,1.9354860782623291,-0.0000000000000000,-1.0000000000000000,0.0000001192092896,-0.9967547059059143,0.0000000000000000,0.0000000000000000,0.0000000000000000,1.0000000000000000
M 1.0000000000000000,0.0000000000000000,0.0000000000000000,0.0000000000000000,0.0000000000000000,0.0000001192092896,1.0000000000000000,1.9354860782623291,-0.0000000000000000,-1.0000000000000000,0.0000001192092896,-0.9967547059059143,0.0000000000000000,0.0000000000000000,0.0000000000000000,1.0000000000000000
M 1.0000000000000000,0.0000000000000000,0.0000000000000000,0.0000000000000000,0.0000000000000000,0.0000001192092896,1.0000000000000000,1.9354860782623291,-0.0000000000000000,-1.0000000000000000,0.0000001192092896,-0.9967547059059143,0.0000000000000000,0.0000000000000000,0.0000000000000000,1.0000000000000000
M 1.0000000000000000,0.0000000000000000,0.0000000000000000,0.0000000000000000,0.0000000000000000,0.0000001192092896,1.0000000000000000,1.9354860782623291,-0.0000000000000000,-1.0000000000000000,0.0000001192092896,-0.9967547059059143,0.0000000000000000,0.0000000000000000,0.0000000000000000,1.0000000000000000
O DOOR_5_EXTERNAL_CG_drr
A DOOR_5_EXTERNAL_CG_drr_DOOR_5_EXTERNAL_CG_drr
M 1.0000000000000000,0.0000000000000000,0.0000000000000000,0.0000000000000000,0.0000000000000000,1.0000000000000000,-0.0000000437113883,0.0000000000000000,-0.0000000000000000,0.0000000437113883,1.0000000000000000,-0.0000000000000000,0.0000000000000000,0.0000000000000000,0.0000000000000000,1.0000000000000000
M 1.0000000000000000,0.0000000000000000,0.0000000000000000,-0.0000858488929225,0.0000000000000000,1.0000000000000000,-0.0000000437113883,0.0000000000000000,-0.0000000000000000,0.0000000437113883,1.0000000000000000,-0.0003180337953381,0.0000000000000000,0.0000000000000000,0.0000000000000000,1.0000000000000000
M 1.0000000000000000,0.0000000000000000,0.0000000000000000,-0.0003434751415625,0.0000000000000000,1.0000000000000000,-0.0000000437113883,0.0000000000000000,-0.0000000000000000,0.0000000437113883,1.0000000000000000,-0.0012466924963519,0.0000000000000000,0.0000000000000000,0.0000000000000000,1.0000000000000000
M 1.0000000000000000,0.0000000000000000,0.0000000000000000,-0.0007729980279692,0.0000000000000000,1.0000000000000000,-0.0000000437113883,0.0000000000000000,-0.0000000000000000,0.0000000437113883,1.0000000000000000,-0.0027478120755404,0.0000000000000000,0.0000000000000000,0.0000000000000000,1.0000000000000000
M 1.0000000000000000,0.0000000000000000,0.0000000000000000,-0.0013745368923992,0.0000000000000000,1.0000000000000000,-0.0000000437113883,0.0000000000000000,-0.0000000000000000,0.0000000437113883,1.0000000000000000,-0.0047832280397415,0.0000000000000000,0.0000000000000000,0.0000000000000000,1.0000000000000000
M 1.0000000000000000,0.0000000000000000,0.0000000000000000,-0.0021482110023499,0.0000000000000000,1.0000000000000000,-0.0000000437113883,0.0000000000000000,-0.0000000000000000,0.0000000437113883,1.0000000000000000,-0.0073147765360773,0.0000000000000000,0.0000000000000000,0.0000000000000000,1.0000000000000000
M 1.0000000000000000,0.0000000000000000,0.0000000000000000,-0.0030941395089030,0.0000000000000000,1.0000000000000000,-0.0000000437113883,0.0000000000000000,-0.0000000000000000,0.0000000437113883,1.0000000000000000,-0.0103042935952544,0.0000000000000000,0.0000000000000000,0.0000000000000000,1.0000000000000000
M 1.0000000000000000,0.0000000000000000,0.0000000000000000,-0.0042124423198402,0.0000000000000000,1.0000000000000000,-0.0000000437113883,0.0000000000000000,-0.0000000000000000,0.0000000437113883,1.0000000000000000,-0.0137136140838265,0.0000000000000000,0.0000000000000000,0.0000000000000000,1.0000000000000000
M 1.0000000000000000,0.0000000000000000,0.0000000000000000,-0.0055032386444509,0.0000000000000000,1.0000000000000000,-0.0000000437113883,0.0000000000000000,-0.0000000000000000,0.0000000437113883,1.0000000000000000,-0.0175045784562826,0.0000000000000000,0.0000000000000000,0.0000000000000000,1.0000000000000000
