O WIDGET_26_TOGGLE_CG_controls2_LCG_cab2_INTERIOR
A WIDGET_26_TOGGLE_CG_controls2_LCG_cab2_INTERIOR_WIDGET_26_TOGGLE_CG_controls2_LCG_cab2_INTERIOR
M 1.0000000000000000,0.0000000000000000,0.0000000000000000,0.0000000000000000,0.0000000000000000,1.0000000000000000,-0.0000000437113883,-0.0000000011796546,-0.0000000000000000,0.0000000437113883,1.0000000000000000,0.0000000000595435,0.0000000000000000,0.0000000000000000,0.0000000000000000,1.0000000000000000
M 0.9998646378517151,0.0000000007191560,0.0164523702114820,0.0008110493654385,0.0000000000000000,1.0000000000000000,-0.0000000437113883,-0.0000000011796546,-0.0164523702114820,0.0000000437054730,0.9998646378517151,0.1298215985298157,0.0000000000000000,0.0000000000000000,0.0000000000000000,1.0000000000000000
M 0.9978351593017578,0.0000000028746781,0.0657649561762810,0.0160541702061892,0.0000000000000000,1.0000000000000000,-0.0000000437113883,-0.0000000011796546,-0.0657649561762810,0.0000000436167689,0.9978351593017578,0.5189604163169861,0.0000000000000000,0.0000000000000000,0.0000000000000000,1.0000000000000000
M 0.9890564680099487,0.0000000064490679,0.1475374549627304,0.0840461403131485,0.0000000000000000,1.0000000000000000,-0.0000000437113883,-0.0000000011796546,-0.1475374549627304,0.0000000432330296,0.9890564680099487,1.1643337011337280,0.0000000000000000,0.0000000000000000,0.0000000000000000,1.0000000000000000
M 0.9655494093894958,0.0000000113745680,0.2602197825908661,0.2677708566188812,0.0000000000000000,1.0000000000000000,-0.0000000437113883,-0.0000000011796546,-0.2602197825908661,0.0000000422055066,0.9655494093894958,2.0538351535797119,0.0000000000000000,0.0000000000000000,0.0000000000000000,1.0000000000000000
M 0.9165906906127930,0.0000000174769834,0.3998267948627472,0.6519044041633606,0.0000000000000000,1.0000000000000000,-0.0000000437113883,-0.0000000011796546,-0.3998267948627472,0.0000000400654514,0.9165906906127930,3.1561865806579590,0.0000000000000000,0.0000000000000000,0.0000000000000000,1.0000000000000000
M 0.8296521306037903,0.0000000244032279,0.5582807064056396,1.3354279994964600,0.0000000000000000,1.0000000000000000,-0.0000000437113883,-0.0000000011796546,-0.5582807064056396,0.0000000362652450,0.8296521306037903,4.4078454971313477,0.0000000000000000,0.0000000000000000,0.0000000000000000,1.0000000000000000
M 0.7142810821533203,0.0000000305918100,0.6998589634895325,2.2435655593872070,0.0000000000000000,1.0000000000000000,-0.0000000437113883,-0.0000000011796546,-0.6998589634895325,0.0000000312222213,0.7142810821533203,5.5267887115478516,0.0000000000000000,0.0000000000000000,0.0000000000000000,1.0000000000000000
M 0.7769633531570435,0.0000000275183218,0.6295458078384399,1.7500621080398560,0.0000000000000000,1.0000000000000000,-0.0000000437113883,-0.0000000011796546,-0.6295458078384399,0.0000000339621486,0.7769633531570435,4.9709944725036621,0.0000000000000000,0.0000000000000000,0.0000000000000000,1.0000000000000000
M 0.8140856623649597,0.0000000253851624,0.5807448029518127,1.4579063653945923,0.0000000000000000,1.0000000000000000,-0.0000000437113883,-0.0000000011796546,-0.5807448029518127,0.0000000355848151,0.8140856623649597,4.5853443145751953,0.0000000000000000,0.0000000000000000,0.0000000000000000,1.0000000000000000
M 0.8302589058876038,0.0000000243637608,0.5573778748512268,1.3306541442871094,0.0000000000000000,1.0000000000000000,-0.0000000437113883,-0.0000000011796546,-0.5573778748512268,0.0000000362917696,0.8302589058876038,4.4007120132446289,0.0000000000000000,0.0000000000000000,0.0000000000000000,1.0000000000000000
M 0.8277494907379150,0.0000000245263632,0.5610978007316589,1.3503971099853516,0.0000000000000000,1.0000000000000000,-0.0000000437113883,-0.0000000011796546,-0.5610978007316589,0.0000000361820796,0.8277494907379150,4.4301037788391113,0.0000000000000000,0.0000000000000000,0.0000000000000000,1.0000000000000000
M 0.8061944246292114,0.0000000258618744,0.5916507244110107,1.5200028419494629,0.0000000000000000,1.0000000000000000,-0.0000000437113883,-0.0000000011796546,-0.5916507244110107,0.0000000352398786,0.8061944246292114,4.6715226173400879,0.0000000000000000,0.0000000000000000,0.0000000000000000,1.0000000000000000
M 0.7626444697380066,0.0000000282733073,0.6468178629875183,1.8627768754959106,0.0000000000000000,1.0000000000000000,-0.0000000437113883,-0.0000000011796546,-0.6468178629875183,0.0000000333362493,0.7626444697380066,5.1075062751770020,0.0000000000000000,0.0000000000000000,0.0000000000000000,1.0000000000000000
M 0.7139955163002014,0.0000000306045393,0.7001502513885498,2.2458140850067139,0.0000000000000000,1.0000000000000000,-0.0000000437113883,-0.0000000011796546,-0.7001502513885498,0.0000000312097370,0.7139955163002014,5.5290918350219727,0.0000000000000000,0.0000000000000000,0.0000000000000000,1.0000000000000000
M 0.7376548647880554,0.0000000295129716,0.6751779913902283,2.0595173835754395,0.0000000000000000,1.0000000000000000,-0.0000000437113883,-0.0000000011796546,-0.6751779913902283,0.0000000322439178,0.7376548647880554,5.3316750526428223,0.0000000000000000,0.0000000000000000,0.0000000000000000,1.0000000000000000
M 0.7386639118194580,0.0000000294647045,0.6740738749504089,2.0515727996826172,0.0000000000000000,1.0000000000000000,-0.0000000437113883,-0.0000000011796546,-0.6740738749504089,0.0000000322880247,0.7386639118194580,5.3229475021362305,0.0000000000000000,0.0000000000000000,0.0000000000000000,1.0000000000000000
M 0.7171300649642944,0.0000000304641894,0.6969393491744995,2.2211308479309082,0.0000000000000000,1.0000000000000000,-0.0000000437113883,-0.0000000011796546,-0.6969393491744995,0.0000000313467510,0.7171300649642944,5.5037069320678711,0.0000000000000000,0.0000000000000000,0.0000000000000000,1.0000000000000000
M 0.7155171036720276,0.0000000305365653,0.6985951662063599,2.2338321208953857,0.0000000000000000,1.0000000000000000,-0.0000000437113883,-0.0000000011796546,-0.6985951662063599,0.0000000312762438,0.7155171036720276,5.5167975425720215,0.0000000000000000,0.0000000000000000,0.0000000000000000,1.0000000000000000
M 0.7071067690849304,0.0000000309086161,0.7071067690849304,2.3000619411468506,0.0000000000000000,1.0000000000000000,-0.0000000437113883,-0.0000000011796546,-0.7071067690849304,0.0000000309086197,0.7071067690849304,5.5840907096862793,0.0000000000000000,0.0000000000000000,0.0000000000000000,1.0000000000000000
M 0.7071067690849304,0.0000000309086161,0.7071067690849304,2.3000619411468506,0.0000000000000000,1.0000000000000000,-0.0000000437113883,-0.0000000011796546,-0.7071067690849304,0.0000000309086197,0.7071067690849304,5.5840907096862793,0.0000000000000000,0.0000000000000000,0.0000000000000000,1.0000000000000000
M 0.7071067690849304,0.0000000309086161,0.7071067690849304,2.3000619411468506,0.0000000000000000,1.0000000000000000,-0.0000000437113883,-0.0000000011796546,-0.7071067690849304,0.0000000309086197,0.7071067690849304,5.5840907096862793,0.0000000000000000,0.0000000000000000,0.0000000000000000,1.0000000000000000
M 0.7071067690849304,0.0000000309086161,0.7071067690849304,2.3000619411468506,0.0000000000000000,1.0000000000000000,-0.0000000437113883,-0.0000000011796546,-0.7071067690849304,0.0000000309086197,0.7071067690849304,5.5840907096862793,0.0000000000000000,0.0000000000000000,0.0000000000000000,1.0000000000000000
M 0.7071067690849304,0.0000000309086161,0.7071067690849304,2.3000619411468506,0.0000000000000000,1.0000000000000000,-0.0000000437113883,-0.0000000011796546,-0.7071067690849304,0.0000000309086197,0.7071067690849304,5.5840907096862793,0.0000000000000000,0.0000000000000000,0.0000000000000000,1.0000000000000000
M 0.7071067690849304,0.0000000309086161,0.7071067690849304,2.3000619411468506,0.0000000000000000,1.0000000000000000,-0.0000000437113883,-0.0000000011796546,-0.7071067690849304,0.0000000309086197,0.7071067690849304,5.5840907096862793,0.0000000000000000,0.0000000000000000,0.0000000000000000,1.0000000000000000
M 0.7071067690849304,0.0000000309086161,0.7071067690849304,2.3000619411468506,0.0000000000000000,1.0000000000000000,-0.0000000437113883,-0.0000000011796546,-0.7071067690849304,0.0000000309086197,0.7071067690849304,5.5840907096862793,0.0000000000000000,0.0000000000000000,0.0000000000000000,1.0000000000000000
M 0.7071067690849304,0.0000000309086161,0.7071067690849304,2.3000619411468506,0.0000000000000000,1.0000000000000000,-0.0000000437113883,-0.0000000011796546,-0.7071067690849304,0.0000000309086197,0.7071067690849304,5.5840907096862793,0.0000000000000000,0.0000000000000000,0.0000000000000000,1.0000000000000000
M 0.7071067690849304,0.0000000309086161,0.7071067690849304,2.3000619411468506,0.0000000000000000,1.0000000000000000,-0.0000000437113883,-0.0000000011796546,-0.7071067690849304,0.0000000309086197,0.7071067690849304,5.5840907096862793,0.0000000000000000,0.0000000000000000,0.0000000000000000,1.0000000000000000
M 0.7071067690849304,0.0000000309086161,0.7071067690849304,2.3000619411468506,0.0000000000000000,1.0000000000000000,-0.0000000437113883,-0.0000000011796546,-0.7071067690849304,0.0000000309086197,0.7071067690849304,5.5840907096862793,0.0000000000000000,0.0000000000000000,0.0000000000000000,1.0000000000000000
M 0.7071067690849304,0.0000000309086161,0.7071067690849304,2.3000619411468506,0.0000000000000000,1.0000000000000000,-0.0000000437113883,-0.0000000011796546,-0.7071067690849304,0.0000000309086197,0.7071067690849304,5.5840907096862793,0.0000000000000000,0.0000000000000000,0.0000000000000000,1.0000000000000000
M 0.7071067690849304,0.0000000309086161,0.7071067690849304,2.3000619411468506,0.0000000000000000,1.0000000000000000,-0.0000000437113883,-0.0000000011796546,-0.7071067690849304,0.0000000309086197,0.7071067690849304,5.5840907096862793,0.0000000000000000,0.0000000000000000,0.0000000000000000,1.0000000000000000
M 0.7071067690849304,0.0000000309086161,0.7071067690849304,2.3000619411468506,0.0000000000000000,1.0000000000000000,-0.0000000437113883,-0.0000000011796546,-0.7071067690849304,0.0000000309086197,0.7071067690849304,5.5840907096862793,0.0000000000000000,0.0000000000000000,0.0000000000000000,1.0000000000000000
M 0.7071067690849304,0.0000000309086161,0.7071067690849304,2.3000619411468506,0.0000000000000000,1.0000000000000000,-0.0000000437113883,-0.0000000011796546,-0.7071067690849304,0.0000000309086197,0.7071067690849304,5.5840907096862793,0.0000000000000000,0.0000000000000000,0.0000000000000000,1.0000000000000000
M 0.7071067690849304,0.0000000309086161,0.7071067690849304,2.3000619411468506,0.0000000000000000,1.0000000000000000,-0.0000000437113883,-0.0000000011796546,-0.7071067690849304,0.0000000309086197,0.7071067690849304,5.5840907096862793,0.0000000000000000,0.0000000000000000,0.0000000000000000,1.0000000000000000
M 0.7071067690849304,0.0000000309086161,0.7071067690849304,2.3000619411468506,0.0000000000000000,1.0000000000000000,-0.0000000437113883,-0.0000000011796546,-0.7071067690849304,0.0000000309086197,0.7071067690849304,5.5840907096862793,0.0000000000000000,0.0000000000000000,0.0000000000000000,1.0000000000000000
M 0.7071067690849304,0.0000000309086161,0.7071067690849304,2.3000619411468506,0.0000000000000000,1.0000000000000000,-0.0000000437113883,-0.0000000011796546,-0.7071067690849304,0.0000000309086197,0.7071067690849304,5.5840907096862793,0.0000000000000000,0.0000000000000000,0.0000000000000000,1.0000000000000000
M 0.7071067690849304,0.0000000309086161,0.7071067690849304,2.3000619411468506,0.0000000000000000,1.0000000000000000,-0.0000000437113883,-0.0000000011796546,-0.7071067690849304,0.0000000309086197,0.7071067690849304,5.5840907096862793,0.0000000000000000,0.0000000000000000,0.0000000000000000,1.0000000000000000
M 0.7071067690849304,0.0000000309086161,0.7071067690849304,2.3000619411468506,0.0000000000000000,1.0000000000000000,-0.0000000437113883,-0.0000000011796546,-0.7071067690849304,0.0000000309086197,0.7071067690849304,5.5840907096862793,0.0000000000000000,0.0000000000000000,0.0000000000000000,1.0000000000000000
M 0.7071067690849304,0.0000000309086161,0.7071067690849304,2.3000619411468506,0.0000000000000000,1.0000000000000000,-0.0000000437113883,-0.0000000011796546,-0.7071067690849304,0.0000000309086197,0.7071067690849304,5.5840907096862793,0.0000000000000000,0.0000000000000000,0.0000000000000000,1.0000000000000000
M 0.7071067690849304,0.0000000309086161,0.7071067690849304,2.3000619411468506,0.0000000000000000,1.0000000000000000,-0.0000000437113883,-0.0000000011796546,-0.7071067690849304,0.0000000309086197,0.7071067690849304,5.5840907096862793,0.0000000000000000,0.0000000000000000,0.0000000000000000,1.0000000000000000
M 0.7071067690849304,0.0000000309086161,0.7071067690849304,2.3000619411468506,0.0000000000000000,1.0000000000000000,-0.0000000437113883,-0.0000000011796546,-0.7071067690849304,0.0000000309086197,0.7071067690849304,5.5840907096862793,0.0000000000000000,0.0000000000000000,0.0000000000000000,1.0000000000000000
M 0.7071067690849304,0.0000000309086161,0.7071067690849304,2.3000619411468506,0.0000000000000000,1.0000000000000000,-0.0000000437113883,-0.0000000011796546,-0.7071067690849304,0.0000000309086197,0.7071067690849304,5.5840907096862793,0.0000000000000000,0.0000000000000000,0.0000000000000000,1.0000000000000000
M 0.7071067690849304,0.0000000309086161,0.7071067690849304,2.3000619411468506,0.0000000000000000,1.0000000000000000,-0.0000000437113883,-0.0000000011796546,-0.7071067690849304,0.0000000309086197,0.7071067690849304,5.5840907096862793,0.0000000000000000,0.0000000000000000,0.0000000000000000,1.0000000000000000
M 0.7071067690849304,0.0000000309086161,0.7071067690849304,2.3000619411468506,0.0000000000000000,1.0000000000000000,-0.0000000437113883,-0.0000000011796546,-0.7071067690849304,0.0000000309086197,0.7071067690849304,5.5840907096862793,0.0000000000000000,0.0000000000000000,0.0000000000000000,1.0000000000000000
M 0.7071067690849304,0.0000000309086161,0.7071067690849304,2.3000619411468506,0.0000000000000000,1.0000000000000000,-0.0000000437113883,-0.0000000011796546,-0.7071067690849304,0.0000000309086197,0.7071067690849304,5.5840907096862793,0.0000000000000000,0.0000000000000000,0.0000000000000000,1.0000000000000000
M 0.7071067690849304,0.0000000309086161,0.7071067690849304,2.3000619411468506,0.0000000000000000,1.0000000000000000,-0.0000000437113883,-0.0000000011796546,-0.7071067690849304,0.0000000309086197,0.7071067690849304,5.5840907096862793,0.0000000000000000,0.0000000000000000,0.0000000000000000,1.0000000000000000
M 0.7071067690849304,0.0000000309086161,0.7071067690849304,2.3000619411468506,0.0000000000000000,1.0000000000000000,-0.0000000437113883,-0.0000000011796546,-0.7071067690849304,0.0000000309086197,0.7071067690849304,5.5840907096862793,0.0000000000000000,0.0000000000000000,0.0000000000000000,1.0000000000000000
M 0.7071067690849304,0.0000000309086161,0.7071067690849304,2.3000619411468506,0.0000000000000000,1.0000000000000000,-0.0000000437113883,-0.0000000011796546,-0.7071067690849304,0.0000000309086197,0.7071067690849304,5.5840907096862793,0.0000000000000000,0.0000000000000000,0.0000000000000000,1.0000000000000000
M 0.7071067690849304,0.0000000309086161,0.7071067690849304,2.3000619411468506,0.0000000000000000,1.0000000000000000,-0.0000000437113883,-0.0000000011796546,-0.7071067690849304,0.0000000309086197,0.7071067690849304,5.5840907096862793,0.0000000000000000,0.0000000000000000,0.0000000000000000,1.0000000000000000
M 0.7071067690849304,0.0000000309086161,0.7071067690849304,2.3000619411468506,0.0000000000000000,1.0000000000000000,-0.0000000437113883,-0.0000000011796546,-0.7071067690849304,0.0000000309086197,0.7071067690849304,5.5840907096862793,0.0000000000000000,0.0000000000000000,0.0000000000000000,1.0000000000000000
M 0.7071067690849304,0.0000000309086161,0.7071067690849304,2.3000619411468506,0.0000000000000000,1.0000000000000000,-0.0000000437113883,-0.0000000011796546,-0.7071067690849304,0.0000000309086197,0.7071067690849304,5.5840907096862793,0.0000000000000000,0.0000000000000000,0.0000000000000000,1.0000000000000000
M 0.7071067690849304,0.0000000309086161,0.7071067690849304,2.3000619411468506,0.0000000000000000,1.0000000000000000,-0.0000000437113883,-0.0000000011796546,-0.7071067690849304,0.0000000309086197,0.7071067690849304,5.5840907096862793,0.0000000000000000,0.0000000000000000,0.0000000000000000,1.0000000000000000
M 0.7071067690849304,0.0000000309086161,0.7071067690849304,2.3000619411468506,0.0000000000000000,1.0000000000000000,-0.0000000437113883,-0.0000000011796546,-0.7071067690849304,0.0000000309086197,0.7071067690849304,5.5840907096862793,0.0000000000000000,0.0000000000000000,0.0000000000000000,1.0000000000000000
M 0.7071067690849304,0.0000000309086161,0.7071067690849304,2.3000619411468506,0.0000000000000000,1.0000000000000000,-0.0000000437113883,-0.0000000011796546,-0.7071067690849304,0.0000000309086197,0.7071067690849304,5.5840907096862793,0.0000000000000000,0.0000000000000000,0.0000000000000000,1.0000000000000000
M 0.7071067690849304,0.0000000309086161,0.7071067690849304,2.3000619411468506,0.0000000000000000,1.0000000000000000,-0.0000000437113883,-0.0000000011796546,-0.7071067690849304,0.0000000309086197,0.7071067690849304,5.5840907096862793,0.0000000000000000,0.0000000000000000,0.0000000000000000,1.0000000000000000
M 0.7071067690849304,0.0000000309086161,0.7071067690849304,2.3000619411468506,0.0000000000000000,1.0000000000000000,-0.0000000437113883,-0.0000000011796546,-0.7071067690849304,0.0000000309086197,0.7071067690849304,5.5840907096862793,0.0000000000000000,0.0000000000000000,0.0000000000000000,1.0000000000000000
M 0.7071067690849304,0.0000000309086161,0.7071067690849304,2.3000619411468506,0.0000000000000000,1.0000000000000000,-0.0000000437113883,-0.0000000011796546,-0.7071067690849304,0.0000000309086197,0.7071067690849304,5.5840907096862793,0.0000000000000000,0.0000000000000000,0.0000000000000000,1.0000000000000000
M 0.7071067690849304,0.0000000309086161,0.7071067690849304,2.3000619411468506,0.0000000000000000,1.0000000000000000,-0.0000000437113883,-0.0000000011796546,-0.7071067690849304,0.0000000309086197,0.7071067690849304,5.5840907096862793,0.0000000000000000,0.0000000000000000,0.0000000000000000,1.0000000000000000
M 0.7071067690849304,0.0000000309086161,0.7071067690849304,2.3000619411468506,0.0000000000000000,1.0000000000000000,-0.0000000437113883,-0.0000000011796546,-0.7071067690849304,0.0000000309086197,0.7071067690849304,5.5840907096862793,0.0000000000000000,0.0000000000000000,0.0000000000000000,1.0000000000000000
M 0.7071067690849304,0.0000000309086161,0.7071067690849304,2.3000619411468506,0.0000000000000000,1.0000000000000000,-0.0000000437113883,-0.0000000011796546,-0.7071067690849304,0.0000000309086197,0.7071067690849304,5.5840907096862793,0.0000000000000000,0.0000000000000000,0.0000000000000000,1.0000000000000000
M 0.7071067690849304,0.0000000309086161,0.7071067690849304,2.3000619411468506,0.0000000000000000,1.0000000000000000,-0.0000000437113883,-0.0000000011796546,-0.7071067690849304,0.0000000309086197,0.7071067690849304,5.5840907096862793,0.0000000000000000,0.0000000000000000,0.0000000000000000,1.0000000000000000
M 0.7071067690849304,0.0000000309086161,0.7071067690849304,2.3000619411468506,0.0000000000000000,1.0000000000000000,-0.0000000437113883,-0.0000000011796546,-0.7071067690849304,0.0000000309086197,0.7071067690849304,5.5840907096862793,0.0000000000000000,0.0000000000000000,0.0000000000000000,1.0000000000000000
M 0.7071067690849304,0.0000000309086161,0.7071067690849304,2.3000619411468506,0.0000000000000000,1.0000000000000000,-0.0000000437113883,-0.0000000011796546,-0.7071067690849304,0.0000000309086197,0.7071067690849304,5.5840907096862793,0.0000000000000000,0.0000000000000000,0.0000000000000000,1.0000000000000000
M 0.7071067690849304,0.0000000309086161,0.7071067690849304,2.3000619411468506,0.0000000000000000,1.0000000000000000,-0.0000000437113883,-0.0000000011796546,-0.7071067690849304,0.0000000309086197,0.7071067690849304,5.5840907096862793,0.0000000000000000,0.0000000000000000,0.0000000000000000,1.0000000000000000
M 0.7071067690849304,0.0000000309086161,0.7071067690849304,2.3000619411468506,0.0000000000000000,1.0000000000000000,-0.0000000437113883,-0.0000000011796546,-0.7071067690849304,0.0000000309086197,0.7071067690849304,5.5840907096862793,0.0000000000000000,0.0000000000000000,0.0000000000000000,1.0000000000000000
M 0.7071067690849304,0.0000000309086161,0.7071067690849304,2.3000619411468506,0.0000000000000000,1.0000000000000000,-0.0000000437113883,-0.0000000011796546,-0.7071067690849304,0.0000000309086197,0.7071067690849304,5.5840907096862793,0.0000000000000000,0.0000000000000000,0.0000000000000000,1.0000000000000000
M 0.7071067690849304,0.0000000309086161,0.7071067690849304,2.3000619411468506,0.0000000000000000,1.0000000000000000,-0.0000000437113883,-0.0000000011796546,-0.7071067690849304,0.0000000309086197,0.7071067690849304,5.5840907096862793,0.0000000000000000,0.0000000000000000,0.0000000000000000,1.0000000000000000
M 0.7071067690849304,0.0000000309086161,0.7071067690849304,2.3000619411468506,0.0000000000000000,1.0000000000000000,-0.0000000437113883,-0.0000000011796546,-0.7071067690849304,0.0000000309086197,0.7071067690849304,5.5840907096862793,0.0000000000000000,0.0000000000000000,0.0000000000000000,1.0000000000000000
M 0.7071067690849304,0.0000000309086161,0.7071067690849304,2.3000619411468506,0.0000000000000000,1.0000000000000000,-0.0000000437113883,-0.0000000011796546,-0.7071067690849304,0.0000000309086197,0.7071067690849304,5.5840907096862793,0.0000000000000000,0.0000000000000000,0.0000000000000000,1.0000000000000000
M 0.7071067690849304,0.0000000309086161,0.7071067690849304,2.3000619411468506,0.0000000000000000,1.0000000000000000,-0.0000000437113883,-0.0000000011796546,-0.7071067690849304,0.0000000309086197,0.7071067690849304,5.5840907096862793,0.0000000000000000,0.0000000000000000,0.0000000000000000,1.0000000000000000
M 0.7071067690849304,0.0000000309086161,0.7071067690849304,2.3000619411468506,0.0000000000000000,1.0000000000000000,-0.0000000437113883,-0.0000000011796546,-0.7071067690849304,0.0000000309086197,0.7071067690849304,5.5840907096862793,0.0000000000000000,0.0000000000000000,0.0000000000000000,1.0000000000000000
M 0.7071067690849304,0.0000000309086161,0.7071067690849304,2.3000619411468506,0.0000000000000000,1.0000000000000000,-0.0000000437113883,-0.0000000011796546,-0.7071067690849304,0.0000000309086197,0.7071067690849304,5.5840907096862793,0.0000000000000000,0.0000000000000000,0.0000000000000000,1.0000000000000000
M 0.7071067690849304,0.0000000309086161,0.7071067690849304,2.3000619411468506,0.0000000000000000,1.0000000000000000,-0.0000000437113883,-0.0000000011796546,-0.7071067690849304,0.0000000309086197,0.7071067690849304,5.5840907096862793,0.0000000000000000,0.0000000000000000,0.0000000000000000,1.0000000000000000
M 0.7071067690849304,0.0000000309086161,0.7071067690849304,2.3000619411468506,0.0000000000000000,1.0000000000000000,-0.0000000437113883,-0.0000000011796546,-0.7071067690849304,0.0000000309086197,0.7071067690849304,5.5840907096862793,0.0000000000000000,0.0000000000000000,0.0000000000000000,1.0000000000000000
M 0.7071067690849304,0.0000000309086161,0.7071067690849304,2.3000619411468506,0.0000000000000000,1.0000000000000000,-0.0000000437113883,-0.0000000011796546,-0.7071067690849304,0.0000000309086197,0.7071067690849304,5.5840907096862793,0.0000000000000000,0.0000000000000000,0.0000000000000000,1.0000000000000000
M 0.7071067690849304,0.0000000309086161,0.7071067690849304,2.3000619411468506,0.0000000000000000,1.0000000000000000,-0.0000000437113883,-0.0000000011796546,-0.7071067690849304,0.0000000309086197,0.7071067690849304,5.5840907096862793,0.0000000000000000,0.0000000000000000,0.0000000000000000,1.0000000000000000
M 0.7071067690849304,0.0000000309086161,0.7071067690849304,2.3000619411468506,0.0000000000000000,1.0000000000000000,-0.0000000437113883,-0.0000000011796546,-0.7071067690849304,0.0000000309086197,0.7071067690849304,5.5840907096862793,0.0000000000000000,0.0000000000000000,0.0000000000000000,1.0000000000000000
M 0.7071067690849304,0.0000000309086161,0.7071067690849304,2.3000619411468506,0.0000000000000000,1.0000000000000000,-0.0000000437113883,-0.0000000011796546,-0.7071067690849304,0.0000000309086197,0.7071067690849304,5.5840907096862793,0.0000000000000000,0.0000000000000000,0.0000000000000000,1.0000000000000000
M 0.7071067690849304,0.0000000309086161,0.7071067690849304,2.3000619411468506,0.0000000000000000,1.0000000000000000,-0.0000000437113883,-0.0000000011796546,-0.7071067690849304,0.0000000309086197,0.7071067690849304,5.5840907096862793,0.0000000000000000,0.0000000000000000,0.0000000000000000,1.0000000000000000
M 0.7071067690849304,0.0000000309086161,0.7071067690849304,2.3000619411468506,0.0000000000000000,1.0000000000000000,-0.0000000437113883,-0.0000000011796546,-0.7071067690849304,0.0000000309086197,0.7071067690849304,5.5840907096862793,0.0000000000000000,0.0000000000000000,0.0000000000000000,1.0000000000000000
M 0.7071067690849304,0.0000000309086161,0.7071067690849304,2.3000619411468506,0.0000000000000000,1.0000000000000000,-0.0000000437113883,-0.0000000011796546,-0.7071067690849304,0.0000000309086197,0.7071067690849304,5.5840907096862793,0.0000000000000000,0.0000000000000000,0.0000000000000000,1.0000000000000000
M 0.7071067690849304,0.0000000309086161,0.7071067690849304,2.3000619411468506,0.0000000000000000,1.0000000000000000,-0.0000000437113883,-0.0000000011796546,-0.7071067690849304,0.0000000309086197,0.7071067690849304,5.5840907096862793,0.0000000000000000,0.0000000000000000,0.0000000000000000,1.0000000000000000
M 0.7071067690849304,0.0000000309086161,0.7071067690849304,2.3000619411468506,0.0000000000000000,1.0000000000000000,-0.0000000437113883,-0.0000000011796546,-0.7071067690849304,0.0000000309086197,0.7071067690849304,5.5840907096862793,0.0000000000000000,0.0000000000000000,0.0000000000000000,1.0000000000000000
M 0.7071067690849304,0.0000000309086161,0.7071067690849304,2.3000619411468506,0.0000000000000000,1.0000000000000000,-0.0000000437113883,-0.0000000011796546,-0.7071067690849304,0.0000000309086197,0.7071067690849304,5.5840907096862793,0.0000000000000000,0.0000000000000000,0.0000000000000000,1.0000000000000000
M 0.7071067690849304,0.0000000309086161,0.7071067690849304,2.3000619411468506,0.0000000000000000,1.0000000000000000,-0.0000000437113883,-0.0000000011796546,-0.7071067690849304,0.0000000309086197,0.7071067690849304,5.5840907096862793,0.0000000000000000,0.0000000000000000,0.0000000000000000,1.0000000000000000
M 0.7071067690849304,0.0000000309086161,0.7071067690849304,2.3000619411468506,0.0000000000000000,1.0000000000000000,-0.0000000437113883,-0.0000000011796546,-0.7071067690849304,0.0000000309086197,0.7071067690849304,5.5840907096862793,0.0000000000000000,0.0000000000000000,0.0000000000000000,1.0000000000000000
M 0.7071067690849304,0.0000000309086161,0.7071067690849304,2.3000619411468506,0.0000000000000000,1.0000000000000000,-0.0000000437113883,-0.0000000011796546,-0.7071067690849304,0.0000000309086197,0.7071067690849304,5.5840907096862793,0.0000000000000000,0.0000000000000000,0.0000000000000000,1.0000000000000000
M 0.7071067690849304,0.0000000309086161,0.7071067690849304,2.3000619411468506,0.0000000000000000,1.0000000000000000,-0.0000000437113883,-0.0000000011796546,-0.7071067690849304,0.0000000309086197,0.7071067690849304,5.5840907096862793,0.0000000000000000,0.0000000000000000,0.0000000000000000,1.0000000000000000
M 0.7071067690849304,0.0000000309086161,0.7071067690849304,2.3000619411468506,0.0000000000000000,1.0000000000000000,-0.0000000437113883,-0.0000000011796546,-0.7071067690849304,0.0000000309086197,0.7071067690849304,5.5840907096862793,0.0000000000000000,0.0000000000000000,0.0000000000000000,1.0000000000000000
M 0.7071067690849304,0.0000000309086161,0.7071067690849304,2.3000619411468506,0.0000000000000000,1.0000000000000000,-0.0000000437113883,-0.0000000011796546,-0.7071067690849304,0.0000000309086197,0.7071067690849304,5.5840907096862793,0.0000000000000000,0.0000000000000000,0.0000000000000000,1.0000000000000000
M 0.7071067690849304,0.0000000309086161,0.7071067690849304,2.3000619411468506,0.0000000000000000,1.0000000000000000,-0.0000000437113883,-0.0000000011796546,-0.7071067690849304,0.0000000309086197,0.7071067690849304,5.5840907096862793,0.0000000000000000,0.0000000000000000,0.0000000000000000,1.0000000000000000
M 0.7071067690849304,0.0000000309086161,0.7071067690849304,2.3000619411468506,0.0000000000000000,1.0000000000000000,-0.0000000437113883,-0.0000000011796546,-0.7071067690849304,0.0000000309086197,0.7071067690849304,5.5840907096862793,0.0000000000000000,0.0000000000000000,0.0000000000000000,1.0000000000000000
M 0.7071067690849304,0.0000000309086161,0.7071067690849304,2.3000619411468506,0.0000000000000000,1.0000000000000000,-0.0000000437113883,-0.0000000011796546,-0.7071067690849304,0.0000000309086197,0.7071067690849304,5.5840907096862793,0.0000000000000000,0.0000000000000000,0.0000000000000000,1.0000000000000000
M 0.7071067690849304,0.0000000309086161,0.7071067690849304,2.3000619411468506,0.0000000000000000,1.0000000000000000,-0.0000000437113883,-0.0000000011796546,-0.7071067690849304,0.0000000309086197,0.7071067690849304,5.5840907096862793,0.0000000000000000,0.0000000000000000,0.0000000000000000,1.0000000000000000
M 0.7071067690849304,0.0000000309086161,0.7071067690849304,2.3000619411468506,0.0000000000000000,1.0000000000000000,-0.0000000437113883,-0.0000000011796546,-0.7071067690849304,0.0000000309086197,0.7071067690849304,5.5840907096862793,0.0000000000000000,0.0000000000000000,0.0000000000000000,1.0000000000000000
M 0.7071067690849304,0.0000000309086161,0.7071067690849304,2.3000619411468506,0.0000000000000000,1.0000000000000000,-0.0000000437113883,-0.0000000011796546,-0.7071067690849304,0.0000000309086197,0.7071067690849304,5.5840907096862793,0.0000000000000000,0.0000000000000000,0.0000000000000000,1.0000000000000000
M 0.7071067690849304,0.0000000309086161,0.7071067690849304,2.3000619411468506,0.0000000000000000,1.0000000000000000,-0.0000000437113883,-0.0000000011796546,-0.7071067690849304,0.0000000309086197,0.7071067690849304,5.5840907096862793,0.0000000000000000,0.0000000000000000,0.0000000000000000,1.0000000000000000
M 0.7071067690849304,0.0000000309086161,0.7071067690849304,2.3000619411468506,0.0000000000000000,1.0000000000000000,-0.0000000437113883,-0.0000000011796546,-0.7071067690849304,0.0000000309086197,0.7071067690849304,5.5840907096862793,0.0000000000000000,0.0000000000000000,0.0000000000000000,1.0000000000000000
M 0.7071067690849304,0.0000000309086161,0.7071067690849304,2.3000619411468506,0.0000000000000000,1.0000000000000000,-0.0000000437113883,-0.0000000011796546,-0.7071067690849304,0.0000000309086197,0.7071067690849304,5.5840907096862793,0.0000000000000000,0.0000000000000000,0.0000000000000000,1.0000000000000000
M 0.7071067690849304,0.0000000309086161,0.7071067690849304,2.3000619411468506,0.0000000000000000,1.0000000000000000,-0.0000000437113883,-0.0000000011796546,-0.7071067690849304,0.0000000309086197,0.7071067690849304,5.5840907096862793,0.0000000000000000,0.0000000000000000,0.0000000000000000,1.0000000000000000
M 0.7071067690849304,0.0000000309086161,0.7071067690849304,2.3000619411468506,0.0000000000000000,1.0000000000000000,-0.0000000437113883,-0.0000000011796546,-0.7071067690849304,0.0000000309086197,0.7071067690849304,5.5840907096862793,0.0000000000000000,0.0000000000000000,0.0000000000000000,1.0000000000000000
M 0.7071067690849304,0.0000000309086161,0.7071067690849304,2.3000619411468506,0.0000000000000000,1.0000000000000000,-0.0000000437113883,-0.0000000011796546,-0.7071067690849304,0.0000000309086197,0.7071067690849304,5.5840907096862793,0.0000000000000000,0.0000000000000000,0.0000000000000000,1.0000000000000000
M 0.7071067690849304,0.0000000309086161,0.7071067690849304,2.3000619411468506,0.0000000000000000,1.0000000000000000,-0.0000000437113883,-0.0000000011796546,-0.7071067690849304,0.0000000309086197,0.7071067690849304,5.5840907096862793,0.0000000000000000,0.0000000000000000,0.0000000000000000,1.0000000000000000
M 0.7071067690849304,0.0000000309086161,0.7071067690849304,2.3000619411468506,0.0000000000000000,1.0000000000000000,-0.0000000437113883,-0.0000000011796546,-0.7071067690849304,0.0000000309086197,0.7071067690849304,5.5840907096862793,0.0000000000000000,0.0000000000000000,0.0000000000000000,1.0000000000000000
M 0.7071067690849304,0.0000000309086161,0.7071067690849304,2.3000619411468506,0.0000000000000000,1.0000000000000000,-0.0000000437113883,-0.0000000011796546,-0.7071067690849304,0.0000000309086197,0.7071067690849304,5.5840907096862793,0.0000000000000000,0.0000000000000000,0.0000000000000000,1.0000000000000000
M 0.7071067690849304,0.0000000309086161,0.7071067690849304,2.3000619411468506,0.0000000000000000,1.0000000000000000,-0.0000000437113883,-0.0000000011796546,-0.7071067690849304,0.0000000309086197,0.7071067690849304,5.5840907096862793,0.0000000000000000,0.0000000000000000,0.0000000000000000,1.0000000000000000
M 0.7071067690849304,0.0000000309086161,0.7071067690849304,2.3000619411468506,0.0000000000000000,1.0000000000000000,-0.0000000437113883,-0.0000000011796546,-0.7071067690849304,0.0000000309086197,0.7071067690849304,5.5840907096862793,0.0000000000000000,0.0000000000000000,0.0000000000000000,1.0000000000000000
M 0.7071067690849304,0.0000000309086161,0.7071067690849304,2.3000619411468506,0.0000000000000000,1.0000000000000000,-0.0000000437113883,-0.0000000011796546,-0.7071067690849304,0.0000000309086197,0.7071067690849304,5.5840907096862793,0.0000000000000000,0.0000000000000000,0.0000000000000000,1.0000000000000000
M 0.7071067690849304,0.0000000309086161,0.7071067690849304,2.3000619411468506,0.0000000000000000,1.0000000000000000,-0.0000000437113883,-0.0000000011796546,-0.7071067690849304,0.0000000309086197,0.7071067690849304,5.5840907096862793,0.0000000000000000,0.0000000000000000,0.0000000000000000,1.0000000000000000
M 0.7071067690849304,0.0000000309086161,0.7071067690849304,2.3000619411468506,0.0000000000000000,1.0000000000000000,-0.0000000437113883,-0.0000000011796546,-0.7071067690849304,0.0000000309086197,0.7071067690849304,5.5840907096862793,0.0000000000000000,0.0000000000000000,0.0000000000000000,1.0000000000000000
M 0.7071067690849304,0.0000000309086161,0.7071067690849304,2.3000619411468506,0.0000000000000000,1.0000000000000000,-0.0000000437113883,-0.0000000011796546,-0.7071067690849304,0.0000000309086197,0.7071067690849304,5.5840907096862793,0.0000000000000000,0.0000000000000000,0.0000000000000000,1.0000000000000000
M 0.7071067690849304,0.0000000309086161,0.7071067690849304,2.3000619411468506,0.0000000000000000,1.0000000000000000,-0.0000000437113883,-0.0000000011796546,-0.7071067690849304,0.0000000309086197,0.7071067690849304,5.5840907096862793,0.0000000000000000,0.0000000000000000,0.0000000000000000,1.0000000000000000
M 0.7071067690849304,0.0000000309086161,0.7071067690849304,2.3000619411468506,0.0000000000000000,1.0000000000000000,-0.0000000437113883,-0.0000000011796546,-0.7071067690849304,0.0000000309086197,0.7071067690849304,5.5840907096862793,0.0000000000000000,0.0000000000000000,0.0000000000000000,1.0000000000000000
M 0.7071067690849304,0.0000000309086161,0.7071067690849304,2.3000619411468506,0.0000000000000000,1.0000000000000000,-0.0000000437113883,-0.0000000011796546,-0.7071067690849304,0.0000000309086197,0.7071067690849304,5.5840907096862793,0.0000000000000000,0.0000000000000000,0.0000000000000000,1.0000000000000000
M 0.7071067690849304,0.0000000309086161,0.7071067690849304,2.3000619411468506,0.0000000000000000,1.0000000000000000,-0.0000000437113883,-0.0000000011796546,-0.7071067690849304,0.0000000309086197,0.7071067690849304,5.5840907096862793,0.0000000000000000,0.0000000000000000,0.0000000000000000,1.0000000000000000
M 0.7071067690849304,0.0000000309086161,0.7071067690849304,2.3000619411468506,0.0000000000000000,1.0000000000000000,-0.0000000437113883,-0.0000000011796546,-0.7071067690849304,0.0000000309086197,0.7071067690849304,5.5840907096862793,0.0000000000000000,0.0000000000000000,0.0000000000000000,1.0000000000000000
M 0.7071067690849304,0.0000000309086161,0.7071067690849304,2.3000619411468506,0.0000000000000000,1.0000000000000000,-0.0000000437113883,-0.0000000011796546,-0.7071067690849304,0.0000000309086197,0.7071067690849304,5.5840907096862793,0.0000000000000000,0.0000000000000000,0.0000000000000000,1.0000000000000000
M 0.7071067690849304,0.0000000309086161,0.7071067690849304,2.3000619411468506,0.0000000000000000,1.0000000000000000,-0.0000000437113883,-0.0000000011796546,-0.7071067690849304,0.0000000309086197,0.7071067690849304,5.5840907096862793,0.0000000000000000,0.0000000000000000,0.0000000000000000,1.0000000000000000
M 0.7071067690849304,0.0000000309086161,0.7071067690849304,2.3000619411468506,0.0000000000000000,1.0000000000000000,-0.0000000437113883,-0.0000000011796546,-0.7071067690849304,0.0000000309086197,0.7071067690849304,5.5840907096862793,0.0000000000000000,0.0000000000000000,0.0000000000000000,1.0000000000000000
M 0.7071067690849304,0.0000000309086161,0.7071067690849304,2.3000619411468506,0.0000000000000000,1.0000000000000000,-0.0000000437113883,-0.0000000011796546,-0.7071067690849304,0.0000000309086197,0.7071067690849304,5.5840907096862793,0.0000000000000000,0.0000000000000000,0.0000000000000000,1.0000000000000000
M 0.7071067690849304,0.0000000309086161,0.7071067690849304,2.3000619411468506,0.0000000000000000,1.0000000000000000,-0.0000000437113883,-0.0000000011796546,-0.7071067690849304,0.0000000309086197,0.7071067690849304,5.5840907096862793,0.0000000000000000,0.0000000000000000,0.0000000000000000,1.0000000000000000
M 0.7071067690849304,0.0000000309086161,0.7071067690849304,2.3000619411468506,0.0000000000000000,1.0000000000000000,-0.0000000437113883,-0.0000000011796546,-0.7071067690849304,0.0000000309086197,0.7071067690849304,5.5840907096862793,0.0000000000000000,0.0000000000000000,0.0000000000000000,1.0000000000000000
M 0.7071067690849304,0.0000000309086161,0.7071067690849304,2.3000619411468506,0.0000000000000000,1.0000000000000000,-0.0000000437113883,-0.0000000011796546,-0.7071067690849304,0.0000000309086197,0.7071067690849304,5.5840907096862793,0.0000000000000000,0.0000000000000000,0.0000000000000000,1.0000000000000000
M 0.7071067690849304,0.0000000309086161,0.7071067690849304,2.3000619411468506,0.0000000000000000,1.0000000000000000,-0.0000000437113883,-0.0000000011796546,-0.7071067690849304,0.0000000309086197,0.7071067690849304,5.5840907096862793,0.0000000000000000,0.0000000000000000,0.0000000000000000,1.0000000000000000
M 0.7071067690849304,0.0000000309086161,0.7071067690849304,2.3000619411468506,0.0000000000000000,1.0000000000000000,-0.0000000437113883,-0.0000000011796546,-0.7071067690849304,0.0000000309086197,0.7071067690849304,5.5840907096862793,0.0000000000000000,0.0000000000000000,0.0000000000000000,1.0000000000000000
M 0.7071067690849304,0.0000000309086161,0.7071067690849304,2.3000619411468506,0.0000000000000000,1.0000000000000000,-0.0000000437113883,-0.0000000011796546,-0.7071067690849304,0.0000000309086197,0.7071067690849304,5.5840907096862793,0.0000000000000000,0.0000000000000000,0.0000000000000000,1.0000000000000000
M 0.7071067690849304,0.0000000309086161,0.7071067690849304,2.3000619411468506,0.0000000000000000,1.0000000000000000,-0.0000000437113883,-0.0000000011796546,-0.7071067690849304,0.0000000309086197,0.7071067690849304,5.5840907096862793,0.0000000000000000,0.0000000000000000,0.0000000000000000,1.0000000000000000
M 0.7071067690849304,0.0000000309086161,0.7071067690849304,2.3000619411468506,0.0000000000000000,1.0000000000000000,-0.0000000437113883,-0.0000000011796546,-0.7071067690849304,0.0000000309086197,0.7071067690849304,5.5840907096862793,0.0000000000000000,0.0000000000000000,0.0000000000000000,1.0000000000000000
