O HORN_CONTROL_1_PRESS_LCG_cab1_INTERIOR
A HORN_CONTROL_1_PRESS_LCG_cab1_INTERIOR_HORN_CONTROL_1_PRESS_LCG_cab1_INTERIOR
M 1.0000000000000000,0.0000000000000000,0.0000000000000000,0.0000000000000000,0.0000000000000000,1.0000000000000000,-0.0000000437113883,0.0000000023593092,-0.0000000000000000,0.0000000437113883,1.0000000000000000,-0.0000000008717791,0.0000000000000000,0.0000000000000000,0.0000000000000000,1.0000000000000000
M 0.9994170069694519,0.0000000014923557,0.0341411121189594,-0.0035421934444457,0.0000000000000000,1.0000000000000000,-0.0000000437113883,0.0000000023593092,-0.0341411121189594,0.0000000436859047,0.9994170069694519,-0.2699463665485382,0.0000000000000000,0.0000000000000000,0.0000000000000000,1.0000000000000000
M 0.9976687431335449,0.0000000029829708,0.0682424157857895,-0.0162990782409906,0.0000000000000000,1.0000000000000000,-0.0000000437113883,0.0000000023593092,-0.0682424157857895,0.0000000436094787,0.9976687431335449,-0.5396144390106201,0.0000000000000000,0.0000000000000000,0.0000000000000000,1.0000000000000000
M 0.9947572946548462,0.0000000044701078,0.1022641509771347,-0.0382542535662651,0.0000000000000000,1.0000000000000000,-0.0000000437113883,0.0000000023593092,-0.1022641509771347,0.0000000434822240,0.9947572946548462,-0.8086897730827332,0.0000000000000000,0.0000000000000000,0.0000000000000000,1.0000000000000000
M 0.9906859397888184,0.0000000059520322,0.1361666470766068,-0.0693841651082039,0.0000000000000000,1.0000000000000000,-0.0000000437113883,0.0000000023593092,-0.1361666470766068,0.0000000433042651,0.9906859397888184,-1.0768586397171021,0.0000000000000000,0.0000000000000000,0.0000000000000000,1.0000000000000000
M 0.9854595065116882,0.0000000074270194,0.1699104011058807,-0.1096509471535683,0.0000000000000000,1.0000000000000000,-0.0000000437113883,0.0000000023593092,-0.1699104011058807,0.0000000430758043,0.9854595065116882,-1.3438085317611694,0.0000000000000000,0.0000000000000000,0.0000000000000000,1.0000000000000000
M 0.9790840744972229,0.0000000088933447,0.2034560143947601,-0.1590086221694946,0.0000000000000000,1.0000000000000000,-0.0000000437113883,0.0000000023593092,-0.2034560143947601,0.0000000427971258,0.9790840744972229,-1.6092277765274048,0.0000000000000000,0.0000000000000000,0.0000000000000000,1.0000000000000000
M 0.9715670943260193,0.0000000103493019,0.2367644309997559,-0.2173988074064255,0.0000000000000000,1.0000000000000000,-0.0000000437113883,0.0000000023593092,-0.2367644309997559,0.0000000424685460,0.9715670943260193,-1.8728073835372925,0.0000000000000000,0.0000000000000000,0.0000000000000000,1.0000000000000000
M 0.9629172682762146,0.0000000117931940,0.2697967886924744,-0.2847540378570557,0.0000000000000000,1.0000000000000000,-0.0000000437113883,0.0000000023593092,-0.2697967886924744,0.0000000420904520,0.9629172682762146,-2.1342399120330811,0.0000000000000000,0.0000000000000000,0.0000000000000000,1.0000000000000000
M 0.9531447887420654,0.0000000132233309,0.3025145530700684,-0.3609954416751862,0.0000000000000000,1.0000000000000000,-0.0000000437113883,0.0000000023593092,-0.3025145530700684,0.0000000416632808,0.9531447887420654,-2.3932197093963623,0.0000000000000000,0.0000000000000000,0.0000000000000000,1.0000000000000000
M 0.9422609210014343,0.0000000146380534,0.3348796367645264,-0.4460345506668091,0.0000000000000000,1.0000000000000000,-0.0000000437113883,0.0000000023593092,-0.3348796367645264,0.0000000411875334,0.9422609210014343,-2.6494464874267578,0.0000000000000000,0.0000000000000000,0.0000000000000000,1.0000000000000000
M 0.9302784204483032,0.0000000160357079,0.3668542206287384,-0.5397719144821167,0.0000000000000000,1.0000000000000000,-0.0000000437113883,0.0000000023593092,-0.3668542206287384,0.0000000406637604,0.9302784204483032,-2.9026200771331787,0.0000000000000000,0.0000000000000000,0.0000000000000000,1.0000000000000000
M 0.9172112941741943,0.0000000174146653,0.3984011113643646,-0.6420980691909790,0.0000000000000000,1.0000000000000000,-0.0000000437113883,0.0000000023593092,-0.3984011113643646,0.0000000400925799,0.9172112941741943,-3.1524457931518555,0.0000000000000000,0.0000000000000000,0.0000000000000000,1.0000000000000000
M 0.9030747413635254,0.0000000187733171,0.4294834434986115,-0.7528940439224243,0.0000000000000000,1.0000000000000000,-0.0000000437113883,0.0000000023593092,-0.4294834434986115,0.0000000394746564,0.9030747413635254,-3.3986322879791260,0.0000000000000000,0.0000000000000000,0.0000000000000000,1.0000000000000000
M 0.8878852128982544,0.0000000201100825,0.4600650668144226,-0.8720302581787109,0.0000000000000000,1.0000000000000000,-0.0000000437113883,0.0000000023593092,-0.4600650668144226,0.0000000388106969,0.8878852128982544,-3.6408929824829102,0.0000000000000000,0.0000000000000000,0.0000000000000000,1.0000000000000000
M 0.8716604709625244,0.0000000214233982,0.4901102185249329,-0.9993681907653809,0.0000000000000000,1.0000000000000000,-0.0000000437113883,0.0000000023593092,-0.4901102185249329,0.0000000381014900,0.8716604709625244,-3.8789446353912354,0.0000000000000000,0.0000000000000000,0.0000000000000000,1.0000000000000000
M 0.8544194102287292,0.0000000227117347,0.5195839405059814,-1.1347596645355225,0.0000000000000000,1.0000000000000000,-0.0000000437113883,0.0000000023593092,-0.5195839405059814,0.0000000373478599,0.8544194102287292,-4.1125102043151855,0.0000000000000000,0.0000000000000000,0.0000000000000000,1.0000000000000000
M 0.8361821174621582,0.0000000239735982,0.5484519004821777,-1.2780458927154541,0.0000000000000000,1.0000000000000000,-0.0000000437113883,0.0000000023593092,-0.5484519004821777,0.0000000365506807,0.8361821174621582,-4.3413171768188477,0.0000000000000000,0.0000000000000000,0.0000000000000000,1.0000000000000000
M 0.8169698715209961,0.0000000252074930,0.5766803026199341,-1.4290606975555420,0.0000000000000000,1.0000000000000000,-0.0000000437113883,0.0000000023593092,-0.5766803026199341,0.0000000357108867,0.8169698715209961,-4.5650982856750488,0.0000000000000000,0.0000000000000000,0.0000000000000000,1.0000000000000000
M 0.7968051433563232,0.0000000264120104,0.6042363643646240,-1.5876266956329346,0.0000000000000000,1.0000000000000000,-0.0000000437113883,0.0000000023593092,-0.6042363643646240,0.0000000348294584,0.7968051433563232,-4.7835936546325684,0.0000000000000000,0.0000000000000000,0.0000000000000000,1.0000000000000000
M 0.7757112383842468,0.0000000275857310,0.6310879588127136,-1.7535613775253296,0.0000000000000000,1.0000000000000000,-0.0000000437113883,0.0000000023593092,-0.6310879588127136,0.0000000339074155,0.7757112383842468,-4.9965481758117676,0.0000000000000000,0.0000000000000000,0.0000000000000000,1.0000000000000000
M 0.7537130117416382,0.0000000287272908,0.6572037339210510,-1.9266687631607056,0.0000000000000000,1.0000000000000000,-0.0000000437113883,0.0000000023593092,-0.6572037339210510,0.0000000329458452,0.7537130117416382,-5.2037134170532227,0.0000000000000000,0.0000000000000000,0.0000000000000000,1.0000000000000000
M 0.7308359742164612,0.0000000298353484,0.6825531721115112,-2.1067481040954590,0.0000000000000000,1.0000000000000000,-0.0000000437113883,0.0000000023593092,-0.6825531721115112,0.0000000319458593,0.7308359742164612,-5.4048476219177246,0.0000000000000000,0.0000000000000000,0.0000000000000000,1.0000000000000000
M 0.7071067690849304,0.0000000309086161,0.7071067690849304,-2.2935900688171387,0.0000000000000000,1.0000000000000000,-0.0000000437113883,0.0000000023593092,-0.7071067690849304,0.0000000309086197,0.7071067690849304,-5.5997157096862793,0.0000000000000000,0.0000000000000000,0.0000000000000000,1.0000000000000000
M 0.7071067690849304,0.0000000309086161,0.7071067690849304,-2.2935900688171387,0.0000000000000000,1.0000000000000000,-0.0000000437113883,0.0000000023593092,-0.7071067690849304,0.0000000309086197,0.7071067690849304,-5.5997157096862793,0.0000000000000000,0.0000000000000000,0.0000000000000000,1.0000000000000000
M 0.7071067690849304,0.0000000309086161,0.7071067690849304,-2.2935900688171387,0.0000000000000000,1.0000000000000000,-0.0000000437113883,0.0000000023593092,-0.7071067690849304,0.0000000309086197,0.7071067690849304,-5.5997157096862793,0.0000000000000000,0.0000000000000000,0.0000000000000000,1.0000000000000000
M 0.7071067690849304,0.0000000309086161,0.7071067690849304,-2.2935900688171387,0.0000000000000000,1.0000000000000000,-0.0000000437113883,0.0000000023593092,-0.7071067690849304,0.0000000309086197,0.7071067690849304,-5.5997157096862793,0.0000000000000000,0.0000000000000000,0.0000000000000000,1.0000000000000000
M 0.7071067690849304,0.0000000309086161,0.7071067690849304,-2.2935900688171387,0.0000000000000000,1.0000000000000000,-0.0000000437113883,0.0000000023593092,-0.7071067690849304,0.0000000309086197,0.7071067690849304,-5.5997157096862793,0.0000000000000000,0.0000000000000000,0.0000000000000000,1.0000000000000000
M 0.7071067690849304,0.0000000309086161,0.7071067690849304,-2.2935900688171387,0.0000000000000000,1.0000000000000000,-0.0000000437113883,0.0000000023593092,-0.7071067690849304,0.0000000309086197,0.7071067690849304,-5.5997157096862793,0.0000000000000000,0.0000000000000000,0.0000000000000000,1.0000000000000000
M 0.7071067690849304,0.0000000309086161,0.7071067690849304,-2.2935900688171387,0.0000000000000000,1.0000000000000000,-0.0000000437113883,0.0000000023593092,-0.7071067690849304,0.0000000309086197,0.7071067690849304,-5.5997157096862793,0.0000000000000000,0.0000000000000000,0.0000000000000000,1.0000000000000000
M 0.7071067690849304,0.0000000309086161,0.7071067690849304,-2.2935900688171387,0.0000000000000000,1.0000000000000000,-0.0000000437113883,0.0000000023593092,-0.7071067690849304,0.0000000309086197,0.7071067690849304,-5.5997157096862793,0.0000000000000000,0.0000000000000000,0.0000000000000000,1.0000000000000000
M 0.7071067690849304,0.0000000309086161,0.7071067690849304,-2.2935900688171387,0.0000000000000000,1.0000000000000000,-0.0000000437113883,0.0000000023593092,-0.7071067690849304,0.0000000309086197,0.7071067690849304,-5.5997157096862793,0.0000000000000000,0.0000000000000000,0.0000000000000000,1.0000000000000000
M 0.7071067690849304,0.0000000309086161,0.7071067690849304,-2.2935900688171387,0.0000000000000000,1.0000000000000000,-0.0000000437113883,0.0000000023593092,-0.7071067690849304,0.0000000309086197,0.7071067690849304,-5.5997157096862793,0.0000000000000000,0.0000000000000000,0.0000000000000000,1.0000000000000000
M 0.7071067690849304,0.0000000309086161,0.7071067690849304,-2.2935900688171387,0.0000000000000000,1.0000000000000000,-0.0000000437113883,0.0000000023593092,-0.7071067690849304,0.0000000309086197,0.7071067690849304,-5.5997157096862793,0.0000000000000000,0.0000000000000000,0.0000000000000000,1.0000000000000000
M 0.7071067690849304,0.0000000309086161,0.7071067690849304,-2.2935900688171387,0.0000000000000000,1.0000000000000000,-0.0000000437113883,0.0000000023593092,-0.7071067690849304,0.0000000309086197,0.7071067690849304,-5.5997157096862793,0.0000000000000000,0.0000000000000000,0.0000000000000000,1.0000000000000000
M 0.7071067690849304,0.0000000309086161,0.7071067690849304,-2.2935900688171387,0.0000000000000000,1.0000000000000000,-0.0000000437113883,0.0000000023593092,-0.7071067690849304,0.0000000309086197,0.7071067690849304,-5.5997157096862793,0.0000000000000000,0.0000000000000000,0.0000000000000000,1.0000000000000000
M 0.7071067690849304,0.0000000309086161,0.7071067690849304,-2.2935900688171387,0.0000000000000000,1.0000000000000000,-0.0000000437113883,0.0000000023593092,-0.7071067690849304,0.0000000309086197,0.7071067690849304,-5.5997157096862793,0.0000000000000000,0.0000000000000000,0.0000000000000000,1.0000000000000000
M 0.7071067690849304,0.0000000309086161,0.7071067690849304,-2.2935900688171387,0.0000000000000000,1.0000000000000000,-0.0000000437113883,0.0000000023593092,-0.7071067690849304,0.0000000309086197,0.7071067690849304,-5.5997157096862793,0.0000000000000000,0.0000000000000000,0.0000000000000000,1.0000000000000000
M 0.7071067690849304,0.0000000309086161,0.7071067690849304,-2.2935900688171387,0.0000000000000000,1.0000000000000000,-0.0000000437113883,0.0000000023593092,-0.7071067690849304,0.0000000309086197,0.7071067690849304,-5.5997157096862793,0.0000000000000000,0.0000000000000000,0.0000000000000000,1.0000000000000000
M 0.7071067690849304,0.0000000309086161,0.7071067690849304,-2.2935900688171387,0.0000000000000000,1.0000000000000000,-0.0000000437113883,0.0000000023593092,-0.7071067690849304,0.0000000309086197,0.7071067690849304,-5.5997157096862793,0.0000000000000000,0.0000000000000000,0.0000000000000000,1.0000000000000000
M 0.7071067690849304,0.0000000309086161,0.7071067690849304,-2.2935900688171387,0.0000000000000000,1.0000000000000000,-0.0000000437113883,0.0000000023593092,-0.7071067690849304,0.0000000309086197,0.7071067690849304,-5.5997157096862793,0.0000000000000000,0.0000000000000000,0.0000000000000000,1.0000000000000000
M 0.7071067690849304,0.0000000309086161,0.7071067690849304,-2.2935900688171387,0.0000000000000000,1.0000000000000000,-0.0000000437113883,0.0000000023593092,-0.7071067690849304,0.0000000309086197,0.7071067690849304,-5.5997157096862793,0.0000000000000000,0.0000000000000000,0.0000000000000000,1.0000000000000000
M 0.7071067690849304,0.0000000309086161,0.7071067690849304,-2.2935900688171387,0.0000000000000000,1.0000000000000000,-0.0000000437113883,0.0000000023593092,-0.7071067690849304,0.0000000309086197,0.7071067690849304,-5.5997157096862793,0.0000000000000000,0.0000000000000000,0.0000000000000000,1.0000000000000000
M 0.7071067690849304,0.0000000309086161,0.7071067690849304,-2.2935900688171387,0.0000000000000000,1.0000000000000000,-0.0000000437113883,0.0000000023593092,-0.7071067690849304,0.0000000309086197,0.7071067690849304,-5.5997157096862793,0.0000000000000000,0.0000000000000000,0.0000000000000000,1.0000000000000000
M 0.7071067690849304,0.0000000309086161,0.7071067690849304,-2.2935900688171387,0.0000000000000000,1.0000000000000000,-0.0000000437113883,0.0000000023593092,-0.7071067690849304,0.0000000309086197,0.7071067690849304,-5.5997157096862793,0.0000000000000000,0.0000000000000000,0.0000000000000000,1.0000000000000000
M 0.7071067690849304,0.0000000309086161,0.7071067690849304,-2.2935900688171387,0.0000000000000000,1.0000000000000000,-0.0000000437113883,0.0000000023593092,-0.7071067690849304,0.0000000309086197,0.7071067690849304,-5.5997157096862793,0.0000000000000000,0.0000000000000000,0.0000000000000000,1.0000000000000000
M 0.7071067690849304,0.0000000309086161,0.7071067690849304,-2.2935900688171387,0.0000000000000000,1.0000000000000000,-0.0000000437113883,0.0000000023593092,-0.7071067690849304,0.0000000309086197,0.7071067690849304,-5.5997157096862793,0.0000000000000000,0.0000000000000000,0.0000000000000000,1.0000000000000000
M 0.7071067690849304,0.0000000309086161,0.7071067690849304,-2.2935900688171387,0.0000000000000000,1.0000000000000000,-0.0000000437113883,0.0000000023593092,-0.7071067690849304,0.0000000309086197,0.7071067690849304,-5.5997157096862793,0.0000000000000000,0.0000000000000000,0.0000000000000000,1.0000000000000000
M 0.7071067690849304,0.0000000309086161,0.7071067690849304,-2.2935900688171387,0.0000000000000000,1.0000000000000000,-0.0000000437113883,0.0000000023593092,-0.7071067690849304,0.0000000309086197,0.7071067690849304,-5.5997157096862793,0.0000000000000000,0.0000000000000000,0.0000000000000000,1.0000000000000000
M 0.7071067690849304,0.0000000309086161,0.7071067690849304,-2.2935900688171387,0.0000000000000000,1.0000000000000000,-0.0000000437113883,0.0000000023593092,-0.7071067690849304,0.0000000309086197,0.7071067690849304,-5.5997157096862793,0.0000000000000000,0.0000000000000000,0.0000000000000000,1.0000000000000000
M 0.7071067690849304,0.0000000309086161,0.7071067690849304,-2.2935900688171387,0.0000000000000000,1.0000000000000000,-0.0000000437113883,0.0000000023593092,-0.7071067690849304,0.0000000309086197,0.7071067690849304,-5.5997157096862793,0.0000000000000000,0.0000000000000000,0.0000000000000000,1.0000000000000000
M 0.7071067690849304,0.0000000309086161,0.7071067690849304,-2.2935900688171387,0.0000000000000000,1.0000000000000000,-0.0000000437113883,0.0000000023593092,-0.7071067690849304,0.0000000309086197,0.7071067690849304,-5.5997157096862793,0.0000000000000000,0.0000000000000000,0.0000000000000000,1.0000000000000000
M 0.7071067690849304,0.0000000309086161,0.7071067690849304,-2.2935900688171387,0.0000000000000000,1.0000000000000000,-0.0000000437113883,0.0000000023593092,-0.7071067690849304,0.0000000309086197,0.7071067690849304,-5.5997157096862793,0.0000000000000000,0.0000000000000000,0.0000000000000000,1.0000000000000000
M 0.7071067690849304,0.0000000309086161,0.7071067690849304,-2.2935900688171387,0.0000000000000000,1.0000000000000000,-0.0000000437113883,0.0000000023593092,-0.7071067690849304,0.0000000309086197,0.7071067690849304,-5.5997157096862793,0.0000000000000000,0.0000000000000000,0.0000000000000000,1.0000000000000000
M 0.7071067690849304,0.0000000309086161,0.7071067690849304,-2.2935900688171387,0.0000000000000000,1.0000000000000000,-0.0000000437113883,0.0000000023593092,-0.7071067690849304,0.0000000309086197,0.7071067690849304,-5.5997157096862793,0.0000000000000000,0.0000000000000000,0.0000000000000000,1.0000000000000000
M 0.7071067690849304,0.0000000309086161,0.7071067690849304,-2.2935900688171387,0.0000000000000000,1.0000000000000000,-0.0000000437113883,0.0000000023593092,-0.7071067690849304,0.0000000309086197,0.7071067690849304,-5.5997157096862793,0.0000000000000000,0.0000000000000000,0.0000000000000000,1.0000000000000000
M 0.7071067690849304,0.0000000309086161,0.7071067690849304,-2.2935900688171387,0.0000000000000000,1.0000000000000000,-0.0000000437113883,0.0000000023593092,-0.7071067690849304,0.0000000309086197,0.7071067690849304,-5.5997157096862793,0.0000000000000000,0.0000000000000000,0.0000000000000000,1.0000000000000000
M 0.7071067690849304,0.0000000309086161,0.7071067690849304,-2.2935900688171387,0.0000000000000000,1.0000000000000000,-0.0000000437113883,0.0000000023593092,-0.7071067690849304,0.0000000309086197,0.7071067690849304,-5.5997157096862793,0.0000000000000000,0.0000000000000000,0.0000000000000000,1.0000000000000000
M 0.7071067690849304,0.0000000309086161,0.7071067690849304,-2.2935900688171387,0.0000000000000000,1.0000000000000000,-0.0000000437113883,0.0000000023593092,-0.7071067690849304,0.0000000309086197,0.7071067690849304,-5.5997157096862793,0.0000000000000000,0.0000000000000000,0.0000000000000000,1.0000000000000000
M 0.7071067690849304,0.0000000309086161,0.7071067690849304,-2.2935900688171387,0.0000000000000000,1.0000000000000000,-0.0000000437113883,0.0000000023593092,-0.7071067690849304,0.0000000309086197,0.7071067690849304,-5.5997157096862793,0.0000000000000000,0.0000000000000000,0.0000000000000000,1.0000000000000000
M 0.7071067690849304,0.0000000309086161,0.7071067690849304,-2.2935900688171387,0.0000000000000000,1.0000000000000000,-0.0000000437113883,0.0000000023593092,-0.7071067690849304,0.0000000309086197,0.7071067690849304,-5.5997157096862793,0.0000000000000000,0.0000000000000000,0.0000000000000000,1.0000000000000000
M 0.7071067690849304,0.0000000309086161,0.7071067690849304,-2.2935900688171387,0.0000000000000000,1.0000000000000000,-0.0000000437113883,0.0000000023593092,-0.7071067690849304,0.0000000309086197,0.7071067690849304,-5.5997157096862793,0.0000000000000000,0.0000000000000000,0.0000000000000000,1.0000000000000000
M 0.7071067690849304,0.0000000309086161,0.7071067690849304,-2.2935900688171387,0.0000000000000000,1.0000000000000000,-0.0000000437113883,0.0000000023593092,-0.7071067690849304,0.0000000309086197,0.7071067690849304,-5.5997157096862793,0.0000000000000000,0.0000000000000000,0.0000000000000000,1.0000000000000000
M 0.7071067690849304,0.0000000309086161,0.7071067690849304,-2.2935900688171387,0.0000000000000000,1.0000000000000000,-0.0000000437113883,0.0000000023593092,-0.7071067690849304,0.0000000309086197,0.7071067690849304,-5.5997157096862793,0.0000000000000000,0.0000000000000000,0.0000000000000000,1.0000000000000000
M 0.7071067690849304,0.0000000309086161,0.7071067690849304,-2.2935900688171387,0.0000000000000000,1.0000000000000000,-0.0000000437113883,0.0000000023593092,-0.7071067690849304,0.0000000309086197,0.7071067690849304,-5.5997157096862793,0.0000000000000000,0.0000000000000000,0.0000000000000000,1.0000000000000000
M 0.7071067690849304,0.0000000309086161,0.7071067690849304,-2.2935900688171387,0.0000000000000000,1.0000000000000000,-0.0000000437113883,0.0000000023593092,-0.7071067690849304,0.0000000309086197,0.7071067690849304,-5.5997157096862793,0.0000000000000000,0.0000000000000000,0.0000000000000000,1.0000000000000000
M 0.7071067690849304,0.0000000309086161,0.7071067690849304,-2.2935900688171387,0.0000000000000000,1.0000000000000000,-0.0000000437113883,0.0000000023593092,-0.7071067690849304,0.0000000309086197,0.7071067690849304,-5.5997157096862793,0.0000000000000000,0.0000000000000000,0.0000000000000000,1.0000000000000000
M 0.7071067690849304,0.0000000309086161,0.7071067690849304,-2.2935900688171387,0.0000000000000000,1.0000000000000000,-0.0000000437113883,0.0000000023593092,-0.7071067690849304,0.0000000309086197,0.7071067690849304,-5.5997157096862793,0.0000000000000000,0.0000000000000000,0.0000000000000000,1.0000000000000000
M 0.7071067690849304,0.0000000309086161,0.7071067690849304,-2.2935900688171387,0.0000000000000000,1.0000000000000000,-0.0000000437113883,0.0000000023593092,-0.7071067690849304,0.0000000309086197,0.7071067690849304,-5.5997157096862793,0.0000000000000000,0.0000000000000000,0.0000000000000000,1.0000000000000000
M 0.7071067690849304,0.0000000309086161,0.7071067690849304,-2.2935900688171387,0.0000000000000000,1.0000000000000000,-0.0000000437113883,0.0000000023593092,-0.7071067690849304,0.0000000309086197,0.7071067690849304,-5.5997157096862793,0.0000000000000000,0.0000000000000000,0.0000000000000000,1.0000000000000000
M 0.7071067690849304,0.0000000309086161,0.7071067690849304,-2.2935900688171387,0.0000000000000000,1.0000000000000000,-0.0000000437113883,0.0000000023593092,-0.7071067690849304,0.0000000309086197,0.7071067690849304,-5.5997157096862793,0.0000000000000000,0.0000000000000000,0.0000000000000000,1.0000000000000000
M 0.7071067690849304,0.0000000309086161,0.7071067690849304,-2.2935900688171387,0.0000000000000000,1.0000000000000000,-0.0000000437113883,0.0000000023593092,-0.7071067690849304,0.0000000309086197,0.7071067690849304,-5.5997157096862793,0.0000000000000000,0.0000000000000000,0.0000000000000000,1.0000000000000000
M 0.7071067690849304,0.0000000309086161,0.7071067690849304,-2.2935900688171387,0.0000000000000000,1.0000000000000000,-0.0000000437113883,0.0000000023593092,-0.7071067690849304,0.0000000309086197,0.7071067690849304,-5.5997157096862793,0.0000000000000000,0.0000000000000000,0.0000000000000000,1.0000000000000000
M 0.7071067690849304,0.0000000309086161,0.7071067690849304,-2.2935900688171387,0.0000000000000000,1.0000000000000000,-0.0000000437113883,0.0000000023593092,-0.7071067690849304,0.0000000309086197,0.7071067690849304,-5.5997157096862793,0.0000000000000000,0.0000000000000000,0.0000000000000000,1.0000000000000000
M 0.7071067690849304,0.0000000309086161,0.7071067690849304,-2.2935900688171387,0.0000000000000000,1.0000000000000000,-0.0000000437113883,0.0000000023593092,-0.7071067690849304,0.0000000309086197,0.7071067690849304,-5.5997157096862793,0.0000000000000000,0.0000000000000000,0.0000000000000000,1.0000000000000000
M 0.7071067690849304,0.0000000309086161,0.7071067690849304,-2.2935900688171387,0.0000000000000000,1.0000000000000000,-0.0000000437113883,0.0000000023593092,-0.7071067690849304,0.0000000309086197,0.7071067690849304,-5.5997157096862793,0.0000000000000000,0.0000000000000000,0.0000000000000000,1.0000000000000000
M 0.7071067690849304,0.0000000309086161,0.7071067690849304,-2.2935900688171387,0.0000000000000000,1.0000000000000000,-0.0000000437113883,0.0000000023593092,-0.7071067690849304,0.0000000309086197,0.7071067690849304,-5.5997157096862793,0.0000000000000000,0.0000000000000000,0.0000000000000000,1.0000000000000000
M 0.7071067690849304,0.0000000309086161,0.7071067690849304,-2.2935900688171387,0.0000000000000000,1.0000000000000000,-0.0000000437113883,0.0000000023593092,-0.7071067690849304,0.0000000309086197,0.7071067690849304,-5.5997157096862793,0.0000000000000000,0.0000000000000000,0.0000000000000000,1.0000000000000000
M 0.7071067690849304,0.0000000309086161,0.7071067690849304,-2.2935900688171387,0.0000000000000000,1.0000000000000000,-0.0000000437113883,0.0000000023593092,-0.7071067690849304,0.0000000309086197,0.7071067690849304,-5.5997157096862793,0.0000000000000000,0.0000000000000000,0.0000000000000000,1.0000000000000000
M 0.7071067690849304,0.0000000309086161,0.7071067690849304,-2.2935900688171387,0.0000000000000000,1.0000000000000000,-0.0000000437113883,0.0000000023593092,-0.7071067690849304,0.0000000309086197,0.7071067690849304,-5.5997157096862793,0.0000000000000000,0.0000000000000000,0.0000000000000000,1.0000000000000000
M 0.7071067690849304,0.0000000309086161,0.7071067690849304,-2.2935900688171387,0.0000000000000000,1.0000000000000000,-0.0000000437113883,0.0000000023593092,-0.7071067690849304,0.0000000309086197,0.7071067690849304,-5.5997157096862793,0.0000000000000000,0.0000000000000000,0.0000000000000000,1.0000000000000000
M 0.7071067690849304,0.0000000309086161,0.7071067690849304,-2.2935900688171387,0.0000000000000000,1.0000000000000000,-0.0000000437113883,0.0000000023593092,-0.7071067690849304,0.0000000309086197,0.7071067690849304,-5.5997157096862793,0.0000000000000000,0.0000000000000000,0.0000000000000000,1.0000000000000000
M 0.7071067690849304,0.0000000309086161,0.7071067690849304,-2.2935900688171387,0.0000000000000000,1.0000000000000000,-0.0000000437113883,0.0000000023593092,-0.7071067690849304,0.0000000309086197,0.7071067690849304,-5.5997157096862793,0.0000000000000000,0.0000000000000000,0.0000000000000000,1.0000000000000000
M 0.7071067690849304,0.0000000309086161,0.7071067690849304,-2.2935900688171387,0.0000000000000000,1.0000000000000000,-0.0000000437113883,0.0000000023593092,-0.7071067690849304,0.0000000309086197,0.7071067690849304,-5.5997157096862793,0.0000000000000000,0.0000000000000000,0.0000000000000000,1.0000000000000000
M 0.7071067690849304,0.0000000309086161,0.7071067690849304,-2.2935900688171387,0.0000000000000000,1.0000000000000000,-0.0000000437113883,0.0000000023593092,-0.7071067690849304,0.0000000309086197,0.7071067690849304,-5.5997157096862793,0.0000000000000000,0.0000000000000000,0.0000000000000000,1.0000000000000000
M 0.7071067690849304,0.0000000309086161,0.7071067690849304,-2.2935900688171387,0.0000000000000000,1.0000000000000000,-0.0000000437113883,0.0000000023593092,-0.7071067690849304,0.0000000309086197,0.7071067690849304,-5.5997157096862793,0.0000000000000000,0.0000000000000000,0.0000000000000000,1.0000000000000000
M 0.7071067690849304,0.0000000309086161,0.7071067690849304,-2.2935900688171387,0.0000000000000000,1.0000000000000000,-0.0000000437113883,0.0000000023593092,-0.7071067690849304,0.0000000309086197,0.7071067690849304,-5.5997157096862793,0.0000000000000000,0.0000000000000000,0.0000000000000000,1.0000000000000000
M 0.7071067690849304,0.0000000309086161,0.7071067690849304,-2.2935900688171387,0.0000000000000000,1.0000000000000000,-0.0000000437113883,0.0000000023593092,-0.7071067690849304,0.0000000309086197,0.7071067690849304,-5.5997157096862793,0.0000000000000000,0.0000000000000000,0.0000000000000000,1.0000000000000000
M 0.7071067690849304,0.0000000309086161,0.7071067690849304,-2.2935900688171387,0.0000000000000000,1.0000000000000000,-0.0000000437113883,0.0000000023593092,-0.7071067690849304,0.0000000309086197,0.7071067690849304,-5.5997157096862793,0.0000000000000000,0.0000000000000000,0.0000000000000000,1.0000000000000000
M 0.7071067690849304,0.0000000309086161,0.7071067690849304,-2.2935900688171387,0.0000000000000000,1.0000000000000000,-0.0000000437113883,0.0000000023593092,-0.7071067690849304,0.0000000309086197,0.7071067690849304,-5.5997157096862793,0.0000000000000000,0.0000000000000000,0.0000000000000000,1.0000000000000000
M 0.7071067690849304,0.0000000309086161,0.7071067690849304,-2.2935900688171387,0.0000000000000000,1.0000000000000000,-0.0000000437113883,0.0000000023593092,-0.7071067690849304,0.0000000309086197,0.7071067690849304,-5.5997157096862793,0.0000000000000000,0.0000000000000000,0.0000000000000000,1.0000000000000000
M 0.7071067690849304,0.0000000309086161,0.7071067690849304,-2.2935900688171387,0.0000000000000000,1.0000000000000000,-0.0000000437113883,0.0000000023593092,-0.7071067690849304,0.0000000309086197,0.7071067690849304,-5.5997157096862793,0.0000000000000000,0.0000000000000000,0.0000000000000000,1.0000000000000000
M 0.7071067690849304,0.0000000309086161,0.7071067690849304,-2.2935900688171387,0.0000000000000000,1.0000000000000000,-0.0000000437113883,0.0000000023593092,-0.7071067690849304,0.0000000309086197,0.7071067690849304,-5.5997157096862793,0.0000000000000000,0.0000000000000000,0.0000000000000000,1.0000000000000000
M 0.7071067690849304,0.0000000309086161,0.7071067690849304,-2.2935900688171387,0.0000000000000000,1.0000000000000000,-0.0000000437113883,0.0000000023593092,-0.7071067690849304,0.0000000309086197,0.7071067690849304,-5.5997157096862793,0.0000000000000000,0.0000000000000000,0.0000000000000000,1.0000000000000000
M 0.7071067690849304,0.0000000309086161,0.7071067690849304,-2.2935900688171387,0.0000000000000000,1.0000000000000000,-0.0000000437113883,0.0000000023593092,-0.7071067690849304,0.0000000309086197,0.7071067690849304,-5.5997157096862793,0.0000000000000000,0.0000000000000000,0.0000000000000000,1.0000000000000000
M 0.7071067690849304,0.0000000309086161,0.7071067690849304,-2.2935900688171387,0.0000000000000000,1.0000000000000000,-0.0000000437113883,0.0000000023593092,-0.7071067690849304,0.0000000309086197,0.7071067690849304,-5.5997157096862793,0.0000000000000000,0.0000000000000000,0.0000000000000000,1.0000000000000000
M 0.7071067690849304,0.0000000309086161,0.7071067690849304,-2.2935900688171387,0.0000000000000000,1.0000000000000000,-0.0000000437113883,0.0000000023593092,-0.7071067690849304,0.0000000309086197,0.7071067690849304,-5.5997157096862793,0.0000000000000000,0.0000000000000000,0.0000000000000000,1.0000000000000000
M 0.7071067690849304,0.0000000309086161,0.7071067690849304,-2.2935900688171387,0.0000000000000000,1.0000000000000000,-0.0000000437113883,0.0000000023593092,-0.7071067690849304,0.0000000309086197,0.7071067690849304,-5.5997157096862793,0.0000000000000000,0.0000000000000000,0.0000000000000000,1.0000000000000000
M 0.7071067690849304,0.0000000309086161,0.7071067690849304,-2.2935900688171387,0.0000000000000000,1.0000000000000000,-0.0000000437113883,0.0000000023593092,-0.7071067690849304,0.0000000309086197,0.7071067690849304,-5.5997157096862793,0.0000000000000000,0.0000000000000000,0.0000000000000000,1.0000000000000000
M 0.7071067690849304,0.0000000309086161,0.7071067690849304,-2.2935900688171387,0.0000000000000000,1.0000000000000000,-0.0000000437113883,0.0000000023593092,-0.7071067690849304,0.0000000309086197,0.7071067690849304,-5.5997157096862793,0.0000000000000000,0.0000000000000000,0.0000000000000000,1.0000000000000000
M 0.7071067690849304,0.0000000309086161,0.7071067690849304,-2.2935900688171387,0.0000000000000000,1.0000000000000000,-0.0000000437113883,0.0000000023593092,-0.7071067690849304,0.0000000309086197,0.7071067690849304,-5.5997157096862793,0.0000000000000000,0.0000000000000000,0.0000000000000000,1.0000000000000000
M 0.7071067690849304,0.0000000309086161,0.7071067690849304,-2.2935900688171387,0.0000000000000000,1.0000000000000000,-0.0000000437113883,0.0000000023593092,-0.7071067690849304,0.0000000309086197,0.7071067690849304,-5.5997157096862793,0.0000000000000000,0.0000000000000000,0.0000000000000000,1.0000000000000000
M 0.7071067690849304,0.0000000309086161,0.7071067690849304,-2.2935900688171387,0.0000000000000000,1.0000000000000000,-0.0000000437113883,0.0000000023593092,-0.7071067690849304,0.0000000309086197,0.7071067690849304,-5.5997157096862793,0.0000000000000000,0.0000000000000000,0.0000000000000000,1.0000000000000000
M 0.7071067690849304,0.0000000309086161,0.7071067690849304,-2.2935900688171387,0.0000000000000000,1.0000000000000000,-0.0000000437113883,0.0000000023593092,-0.7071067690849304,0.0000000309086197,0.7071067690849304,-5.5997157096862793,0.0000000000000000,0.0000000000000000,0.0000000000000000,1.0000000000000000
M 0.7071067690849304,0.0000000309086161,0.7071067690849304,-2.2935900688171387,0.0000000000000000,1.0000000000000000,-0.0000000437113883,0.0000000023593092,-0.7071067690849304,0.0000000309086197,0.7071067690849304,-5.5997157096862793,0.0000000000000000,0.0000000000000000,0.0000000000000000,1.0000000000000000
M 0.7071067690849304,0.0000000309086161,0.7071067690849304,-2.2935900688171387,0.0000000000000000,1.0000000000000000,-0.0000000437113883,0.0000000023593092,-0.7071067690849304,0.0000000309086197,0.7071067690849304,-5.5997157096862793,0.0000000000000000,0.0000000000000000,0.0000000000000000,1.0000000000000000
M 0.7071067690849304,0.0000000309086161,0.7071067690849304,-2.2935900688171387,0.0000000000000000,1.0000000000000000,-0.0000000437113883,0.0000000023593092,-0.7071067690849304,0.0000000309086197,0.7071067690849304,-5.5997157096862793,0.0000000000000000,0.0000000000000000,0.0000000000000000,1.0000000000000000
M 0.7071067690849304,0.0000000309086161,0.7071067690849304,-2.2935900688171387,0.0000000000000000,1.0000000000000000,-0.0000000437113883,0.0000000023593092,-0.7071067690849304,0.0000000309086197,0.7071067690849304,-5.5997157096862793,0.0000000000000000,0.0000000000000000,0.0000000000000000,1.0000000000000000
M 0.7071067690849304,0.0000000309086161,0.7071067690849304,-2.2935900688171387,0.0000000000000000,1.0000000000000000,-0.0000000437113883,0.0000000023593092,-0.7071067690849304,0.0000000309086197,0.7071067690849304,-5.5997157096862793,0.0000000000000000,0.0000000000000000,0.0000000000000000,1.0000000000000000
M 0.7071067690849304,0.0000000309086161,0.7071067690849304,-2.2935900688171387,0.0000000000000000,1.0000000000000000,-0.0000000437113883,0.0000000023593092,-0.7071067690849304,0.0000000309086197,0.7071067690849304,-5.5997157096862793,0.0000000000000000,0.0000000000000000,0.0000000000000000,1.0000000000000000
M 0.7071067690849304,0.0000000309086161,0.7071067690849304,-2.2935900688171387,0.0000000000000000,1.0000000000000000,-0.0000000437113883,0.0000000023593092,-0.7071067690849304,0.0000000309086197,0.7071067690849304,-5.5997157096862793,0.0000000000000000,0.0000000000000000,0.0000000000000000,1.0000000000000000
M 0.7071067690849304,0.0000000309086161,0.7071067690849304,-2.2935900688171387,0.0000000000000000,1.0000000000000000,-0.0000000437113883,0.0000000023593092,-0.7071067690849304,0.0000000309086197,0.7071067690849304,-5.5997157096862793,0.0000000000000000,0.0000000000000000,0.0000000000000000,1.0000000000000000
M 0.7071067690849304,0.0000000309086161,0.7071067690849304,-2.2935900688171387,0.0000000000000000,1.0000000000000000,-0.0000000437113883,0.0000000023593092,-0.7071067690849304,0.0000000309086197,0.7071067690849304,-5.5997157096862793,0.0000000000000000,0.0000000000000000,0.0000000000000000,1.0000000000000000
M 0.7071067690849304,0.0000000309086161,0.7071067690849304,-2.2935900688171387,0.0000000000000000,1.0000000000000000,-0.0000000437113883,0.0000000023593092,-0.7071067690849304,0.0000000309086197,0.7071067690849304,-5.5997157096862793,0.0000000000000000,0.0000000000000000,0.0000000000000000,1.0000000000000000
M 0.7071067690849304,0.0000000309086161,0.7071067690849304,-2.2935900688171387,0.0000000000000000,1.0000000000000000,-0.0000000437113883,0.0000000023593092,-0.7071067690849304,0.0000000309086197,0.7071067690849304,-5.5997157096862793,0.0000000000000000,0.0000000000000000,0.0000000000000000,1.0000000000000000
M 0.7071067690849304,0.0000000309086161,0.7071067690849304,-2.2935900688171387,0.0000000000000000,1.0000000000000000,-0.0000000437113883,0.0000000023593092,-0.7071067690849304,0.0000000309086197,0.7071067690849304,-5.5997157096862793,0.0000000000000000,0.0000000000000000,0.0000000000000000,1.0000000000000000
M 0.7071067690849304,0.0000000309086161,0.7071067690849304,-2.2935900688171387,0.0000000000000000,1.0000000000000000,-0.0000000437113883,0.0000000023593092,-0.7071067690849304,0.0000000309086197,0.7071067690849304,-5.5997157096862793,0.0000000000000000,0.0000000000000000,0.0000000000000000,1.0000000000000000
M 0.7071067690849304,0.0000000309086161,0.7071067690849304,-2.2935900688171387,0.0000000000000000,1.0000000000000000,-0.0000000437113883,0.0000000023593092,-0.7071067690849304,0.0000000309086197,0.7071067690849304,-5.5997157096862793,0.0000000000000000,0.0000000000000000,0.0000000000000000,1.0000000000000000
M 0.7071067690849304,0.0000000309086161,0.7071067690849304,-2.2935900688171387,0.0000000000000000,1.0000000000000000,-0.0000000437113883,0.0000000023593092,-0.7071067690849304,0.0000000309086197,0.7071067690849304,-5.5997157096862793,0.0000000000000000,0.0000000000000000,0.0000000000000000,1.0000000000000000
M 0.7071067690849304,0.0000000309086161,0.7071067690849304,-2.2935900688171387,0.0000000000000000,1.0000000000000000,-0.0000000437113883,0.0000000023593092,-0.7071067690849304,0.0000000309086197,0.7071067690849304,-5.5997157096862793,0.0000000000000000,0.0000000000000000,0.0000000000000000,1.0000000000000000
M 0.7071067690849304,0.0000000309086161,0.7071067690849304,-2.2935900688171387,0.0000000000000000,1.0000000000000000,-0.0000000437113883,0.0000000023593092,-0.7071067690849304,0.0000000309086197,0.7071067690849304,-5.5997157096862793,0.0000000000000000,0.0000000000000000,0.0000000000000000,1.0000000000000000
M 0.7071067690849304,0.0000000309086161,0.7071067690849304,-2.2935900688171387,0.0000000000000000,1.0000000000000000,-0.0000000437113883,0.0000000023593092,-0.7071067690849304,0.0000000309086197,0.7071067690849304,-5.5997157096862793,0.0000000000000000,0.0000000000000000,0.0000000000000000,1.0000000000000000
M 0.7071067690849304,0.0000000309086161,0.7071067690849304,-2.2935900688171387,0.0000000000000000,1.0000000000000000,-0.0000000437113883,0.0000000023593092,-0.7071067690849304,0.0000000309086197,0.7071067690849304,-5.5997157096862793,0.0000000000000000,0.0000000000000000,0.0000000000000000,1.0000000000000000
M 0.7071067690849304,0.0000000309086161,0.7071067690849304,-2.2935900688171387,0.0000000000000000,1.0000000000000000,-0.0000000437113883,0.0000000023593092,-0.7071067690849304,0.0000000309086197,0.7071067690849304,-5.5997157096862793,0.0000000000000000,0.0000000000000000,0.0000000000000000,1.0000000000000000
M 0.7071067690849304,0.0000000309086161,0.7071067690849304,-2.2935900688171387,0.0000000000000000,1.0000000000000000,-0.0000000437113883,0.0000000023593092,-0.7071067690849304,0.0000000309086197,0.7071067690849304,-5.5997157096862793,0.0000000000000000,0.0000000000000000,0.0000000000000000,1.0000000000000000
M 0.7071067690849304,0.0000000309086161,0.7071067690849304,-2.2935900688171387,0.0000000000000000,1.0000000000000000,-0.0000000437113883,0.0000000023593092,-0.7071067690849304,0.0000000309086197,0.7071067690849304,-5.5997157096862793,0.0000000000000000,0.0000000000000000,0.0000000000000000,1.0000000000000000
M 0.7071067690849304,0.0000000309086161,0.7071067690849304,-2.2935900688171387,0.0000000000000000,1.0000000000000000,-0.0000000437113883,0.0000000023593092,-0.7071067690849304,0.0000000309086197,0.7071067690849304,-5.5997157096862793,0.0000000000000000,0.0000000000000000,0.0000000000000000,1.0000000000000000
M 0.7071067690849304,0.0000000309086161,0.7071067690849304,-2.2935900688171387,0.0000000000000000,1.0000000000000000,-0.0000000437113883,0.0000000023593092,-0.7071067690849304,0.0000000309086197,0.7071067690849304,-5.5997157096862793,0.0000000000000000,0.0000000000000000,0.0000000000000000,1.0000000000000000
