O WIDGET_16_TOGGLE_CG_controls1_LCG_cab1_INTERIOR
A WIDGET_16_TOGGLE_CG_controls1_LCG_cab1_INTERIOR_WIDGET_16_TOGGLE_CG_controls1_LCG_cab1_INTERIOR
M 1.0000000000000000,-0.0000000000000010,0.0000000000000028,0.0000008186893297,0.0000000000000036,1.0000000000000000,-0.0000000437113847,0.0000000644479599,0.0000000000000028,0.0000000437113847,1.0000000000000000,0.0000002002911543,0.0000000000000000,0.0000000000000000,0.0000000000000000,1.0000000000000000
M 0.9998646974563599,-0.0000000007191508,-0.0164523124694824,-0.0013243134599179,0.0000000000000036,1.0000000000000000,-0.0000000437113847,0.0000000644479599,0.0164523124694824,0.0000000437054730,0.9998646974563599,0.1298174560070038,0.0000000000000000,0.0000000000000000,0.0000000000000000,1.0000000000000000
M 0.9978352189064026,-0.0000000028746752,-0.0657649636268616,-0.0181089863181114,0.0000000000000036,1.0000000000000000,-0.0000000437113847,0.0000000644479599,0.0657649636268616,0.0000000436167582,0.9978352189064026,0.5188927054405212,0.0000000000000000,0.0000000000000000,0.0000000000000000,1.0000000000000000
M 0.9890565276145935,-0.0000000064490586,-0.1475374102592468,-0.0886558592319489,0.0000000000000036,1.0000000000000000,-0.0000000437113847,0.0000000644479599,0.1475374102592468,0.0000000432330296,0.9890565276145935,1.1639916896820068,0.0000000000000000,0.0000000000000000,0.0000000000000000,1.0000000000000000
M 0.9655495285987854,-0.0000000113745653,-0.2602197825908661,-0.2759017348289490,0.0000000000000036,1.0000000000000000,-0.0000000437113847,0.0000000644479599,0.2602197825908661,0.0000000422055102,0.9655495285987854,2.0527589321136475,0.0000000000000000,0.0000000000000000,0.0000000000000000,1.0000000000000000
M 0.9165908098220825,-0.0000000174769799,-0.3998267948627472,-0.6643976569175720,0.0000000000000036,1.0000000000000000,-0.0000000437113847,0.0000000644479599,0.3998267948627472,0.0000000400654656,0.9165908098220825,3.1535806655883789,0.0000000000000000,0.0000000000000000,0.0000000000000000,1.0000000000000000
M 0.8296521902084351,-0.0000000244032208,-0.5582807064056396,-1.3528736829757690,0.0000000000000036,1.0000000000000000,-0.0000000437113847,0.0000000644479599,0.5582807064056396,0.0000000362652486,0.8296521902084351,4.4025225639343262,0.0000000000000000,0.0000000000000000,0.0000000000000000,1.0000000000000000
M 0.7142811417579651,-0.0000000305918029,-0.6998589634895325,-2.2654356956481934,0.0000000000000036,1.0000000000000000,-0.0000000437113847,0.0000000644479599,0.6998589634895325,0.0000000312222284,0.7142811417579651,5.5178613662719727,0.0000000000000000,0.0000000000000000,0.0000000000000000,1.0000000000000000
M 0.7769634127616882,-0.0000000275183201,-0.6295458674430847,-1.7697346210479736,0.0000000000000036,1.0000000000000000,-0.0000000437113847,0.0000000644479599,0.6295458674430847,0.0000000339621486,0.7769634127616882,4.9640259742736816,0.0000000000000000,0.0000000000000000,0.0000000000000000,1.0000000000000000
M 0.8140857815742493,-0.0000000253851589,-0.5807448029518127,-1.4760539531707764,0.0000000000000036,1.0000000000000000,-0.0000000437113847,0.0000000644479599,0.5807448029518127,0.0000000355848186,0.8140857815742493,4.5795350074768066,0.0000000000000000,0.0000000000000000,0.0000000000000000,1.0000000000000000
M 0.8302590250968933,-0.0000000243637572,-0.5573778748512268,-1.3480718135833740,0.0000000000000036,1.0000000000000000,-0.0000000437113847,0.0000000644479599,0.5573779344558716,0.0000000362917731,0.8302590250968933,4.3954081535339355,0.0000000000000000,0.0000000000000000,0.0000000000000000,1.0000000000000000
M 0.8277495503425598,-0.0000000245263614,-0.5610978007316589,-1.3679308891296387,0.0000000000000036,1.0000000000000000,-0.0000000437113847,0.0000000644479599,0.5610978007316589,0.0000000361820831,0.8277495503425598,4.4247217178344727,0.0000000000000000,0.0000000000000000,0.0000000000000000,1.0000000000000000
M 0.8061944842338562,-0.0000000258618744,-0.5916507840156555,-1.5384913682937622,0.0000000000000036,1.0000000000000000,-0.0000000437113847,0.0000000644479599,0.5916507840156555,0.0000000352398857,0.8061944842338562,4.6654667854309082,0.0000000000000000,0.0000000000000000,0.0000000000000000,1.0000000000000000
M 0.7626445293426514,-0.0000000282733055,-0.6468179225921631,-1.8829892873764038,0.0000000000000036,1.0000000000000000,-0.0000000437113847,0.0000000644479599,0.6468179225921631,0.0000000333362529,0.7626445293426514,5.1000890731811523,0.0000000000000000,0.0000000000000000,0.0000000000000000,1.0000000000000000
M 0.7139955759048462,-0.0000000306045358,-0.7001502513885498,-2.2676937580108643,0.0000000000000036,1.0000000000000000,-0.0000000437113847,0.0000000644479599,0.7001502513885498,0.0000000312097370,0.7139955759048462,5.5201549530029297,0.0000000000000000,0.0000000000000000,0.0000000000000000,1.0000000000000000
M 0.7376549839973450,-0.0000000295129645,-0.6751779913902283,-2.0806159973144531,0.0000000000000036,1.0000000000000000,-0.0000000437113847,0.0000000644479599,0.6751779913902283,0.0000000322439249,0.7376549839973450,5.3234772682189941,0.0000000000000000,0.0000000000000000,0.0000000000000000,1.0000000000000000
M 0.7386640310287476,-0.0000000294647045,-0.6740739345550537,-2.0726368427276611,0.0000000000000036,1.0000000000000000,-0.0000000437113847,0.0000000644479599,0.6740739345550537,0.0000000322880318,0.7386640310287476,5.3147816658020020,0.0000000000000000,0.0000000000000000,0.0000000000000000,1.0000000000000000
M 0.7171301245689392,-0.0000000304641858,-0.6969394087791443,-2.2429096698760986,0.0000000000000036,1.0000000000000000,-0.0000000437113847,0.0000000644479599,0.6969394087791443,0.0000000313467545,0.7171301245689392,5.4948678016662598,0.0000000000000000,0.0000000000000000,0.0000000000000000,1.0000000000000000
M 0.7155172228813171,-0.0000000305365653,-0.6985952258110046,-2.2556626796722412,0.0000000000000036,1.0000000000000000,-0.0000000437113847,0.0000000644479599,0.6985952258110046,0.0000000312762509,0.7155172228813171,5.5079083442687988,0.0000000000000000,0.0000000000000000,0.0000000000000000,1.0000000000000000
M 0.7071068286895752,-0.0000000309086161,-0.7071068286895752,-2.3221588134765625,0.0000000000000036,1.0000000000000000,-0.0000000437113847,0.0000000644479599,0.7071068286895752,0.0000000309086197,0.7071068286895752,5.5749387741088867,0.0000000000000000,0.0000000000000000,0.0000000000000000,1.0000000000000000
M 0.7071068286895752,-0.0000000309086161,-0.7071068286895752,-2.3221588134765625,0.0000000000000036,1.0000000000000000,-0.0000000437113847,0.0000000644479599,0.7071068286895752,0.0000000309086197,0.7071068286895752,5.5749387741088867,0.0000000000000000,0.0000000000000000,0.0000000000000000,1.0000000000000000
M 0.7071068286895752,-0.0000000309086161,-0.7071068286895752,-2.3221588134765625,0.0000000000000036,1.0000000000000000,-0.0000000437113847,0.0000000644479599,0.7071068286895752,0.0000000309086197,0.7071068286895752,5.5749387741088867,0.0000000000000000,0.0000000000000000,0.0000000000000000,1.0000000000000000
M 0.7071068286895752,-0.0000000309086161,-0.7071068286895752,-2.3221588134765625,0.0000000000000036,1.0000000000000000,-0.0000000437113847,0.0000000644479599,0.7071068286895752,0.0000000309086197,0.7071068286895752,5.5749387741088867,0.0000000000000000,0.0000000000000000,0.0000000000000000,1.0000000000000000
M 0.7071068286895752,-0.0000000309086161,-0.7071068286895752,-2.3221588134765625,0.0000000000000036,1.0000000000000000,-0.0000000437113847,0.0000000644479599,0.7071068286895752,0.0000000309086197,0.7071068286895752,5.5749387741088867,0.0000000000000000,0.0000000000000000,0.0000000000000000,1.0000000000000000
M 0.7071068286895752,-0.0000000309086161,-0.7071068286895752,-2.3221588134765625,0.0000000000000036,1.0000000000000000,-0.0000000437113847,0.0000000644479599,0.7071068286895752,0.0000000309086197,0.7071068286895752,5.5749387741088867,0.0000000000000000,0.0000000000000000,0.0000000000000000,1.0000000000000000
M 0.7071068286895752,-0.0000000309086161,-0.7071068286895752,-2.3221588134765625,0.0000000000000036,1.0000000000000000,-0.0000000437113847,0.0000000644479599,0.7071068286895752,0.0000000309086197,0.7071068286895752,5.5749387741088867,0.0000000000000000,0.0000000000000000,0.0000000000000000,1.0000000000000000
M 0.7071068286895752,-0.0000000309086161,-0.7071068286895752,-2.3221588134765625,0.0000000000000036,1.0000000000000000,-0.0000000437113847,0.0000000644479599,0.7071068286895752,0.0000000309086197,0.7071068286895752,5.5749387741088867,0.0000000000000000,0.0000000000000000,0.0000000000000000,1.0000000000000000
M 0.7071068286895752,-0.0000000309086161,-0.7071068286895752,-2.3221588134765625,0.0000000000000036,1.0000000000000000,-0.0000000437113847,0.0000000644479599,0.7071068286895752,0.0000000309086197,0.7071068286895752,5.5749387741088867,0.0000000000000000,0.0000000000000000,0.0000000000000000,1.0000000000000000
M 0.7071068286895752,-0.0000000309086161,-0.7071068286895752,-2.3221588134765625,0.0000000000000036,1.0000000000000000,-0.0000000437113847,0.0000000644479599,0.7071068286895752,0.0000000309086197,0.7071068286895752,5.5749387741088867,0.0000000000000000,0.0000000000000000,0.0000000000000000,1.0000000000000000
M 0.7071068286895752,-0.0000000309086161,-0.7071068286895752,-2.3221588134765625,0.0000000000000036,1.0000000000000000,-0.0000000437113847,0.0000000644479599,0.7071068286895752,0.0000000309086197,0.7071068286895752,5.5749387741088867,0.0000000000000000,0.0000000000000000,0.0000000000000000,1.0000000000000000
M 0.7071068286895752,-0.0000000309086161,-0.7071068286895752,-2.3221588134765625,0.0000000000000036,1.0000000000000000,-0.0000000437113847,0.0000000644479599,0.7071068286895752,0.0000000309086197,0.7071068286895752,5.5749387741088867,0.0000000000000000,0.0000000000000000,0.0000000000000000,1.0000000000000000
M 0.7071068286895752,-0.0000000309086161,-0.7071068286895752,-2.3221588134765625,0.0000000000000036,1.0000000000000000,-0.0000000437113847,0.0000000644479599,0.7071068286895752,0.0000000309086197,0.7071068286895752,5.5749387741088867,0.0000000000000000,0.0000000000000000,0.0000000000000000,1.0000000000000000
M 0.7071068286895752,-0.0000000309086161,-0.7071068286895752,-2.3221588134765625,0.0000000000000036,1.0000000000000000,-0.0000000437113847,0.0000000644479599,0.7071068286895752,0.0000000309086197,0.7071068286895752,5.5749387741088867,0.0000000000000000,0.0000000000000000,0.0000000000000000,1.0000000000000000
M 0.7071068286895752,-0.0000000309086161,-0.7071068286895752,-2.3221588134765625,0.0000000000000036,1.0000000000000000,-0.0000000437113847,0.0000000644479599,0.7071068286895752,0.0000000309086197,0.7071068286895752,5.5749387741088867,0.0000000000000000,0.0000000000000000,0.0000000000000000,1.0000000000000000
M 0.7071068286895752,-0.0000000309086161,-0.7071068286895752,-2.3221588134765625,0.0000000000000036,1.0000000000000000,-0.0000000437113847,0.0000000644479599,0.7071068286895752,0.0000000309086197,0.7071068286895752,5.5749387741088867,0.0000000000000000,0.0000000000000000,0.0000000000000000,1.0000000000000000
M 0.7071068286895752,-0.0000000309086161,-0.7071068286895752,-2.3221588134765625,0.0000000000000036,1.0000000000000000,-0.0000000437113847,0.0000000644479599,0.7071068286895752,0.0000000309086197,0.7071068286895752,5.5749387741088867,0.0000000000000000,0.0000000000000000,0.0000000000000000,1.0000000000000000
M 0.7071068286895752,-0.0000000309086161,-0.7071068286895752,-2.3221588134765625,0.0000000000000036,1.0000000000000000,-0.0000000437113847,0.0000000644479599,0.7071068286895752,0.0000000309086197,0.7071068286895752,5.5749387741088867,0.0000000000000000,0.0000000000000000,0.0000000000000000,1.0000000000000000
M 0.7071068286895752,-0.0000000309086161,-0.7071068286895752,-2.3221588134765625,0.0000000000000036,1.0000000000000000,-0.0000000437113847,0.0000000644479599,0.7071068286895752,0.0000000309086197,0.7071068286895752,5.5749387741088867,0.0000000000000000,0.0000000000000000,0.0000000000000000,1.0000000000000000
M 0.7071068286895752,-0.0000000309086161,-0.7071068286895752,-2.3221588134765625,0.0000000000000036,1.0000000000000000,-0.0000000437113847,0.0000000644479599,0.7071068286895752,0.0000000309086197,0.7071068286895752,5.5749387741088867,0.0000000000000000,0.0000000000000000,0.0000000000000000,1.0000000000000000
M 0.7071068286895752,-0.0000000309086161,-0.7071068286895752,-2.3221588134765625,0.0000000000000036,1.0000000000000000,-0.0000000437113847,0.0000000644479599,0.7071068286895752,0.0000000309086197,0.7071068286895752,5.5749387741088867,0.0000000000000000,0.0000000000000000,0.0000000000000000,1.0000000000000000
M 0.7071068286895752,-0.0000000309086161,-0.7071068286895752,-2.3221588134765625,0.0000000000000036,1.0000000000000000,-0.0000000437113847,0.0000000644479599,0.7071068286895752,0.0000000309086197,0.7071068286895752,5.5749387741088867,0.0000000000000000,0.0000000000000000,0.0000000000000000,1.0000000000000000
M 0.7071068286895752,-0.0000000309086161,-0.7071068286895752,-2.3221588134765625,0.0000000000000036,1.0000000000000000,-0.0000000437113847,0.0000000644479599,0.7071068286895752,0.0000000309086197,0.7071068286895752,5.5749387741088867,0.0000000000000000,0.0000000000000000,0.0000000000000000,1.0000000000000000
M 0.7071068286895752,-0.0000000309086161,-0.7071068286895752,-2.3221588134765625,0.0000000000000036,1.0000000000000000,-0.0000000437113847,0.0000000644479599,0.7071068286895752,0.0000000309086197,0.7071068286895752,5.5749387741088867,0.0000000000000000,0.0000000000000000,0.0000000000000000,1.0000000000000000
M 0.7071068286895752,-0.0000000309086161,-0.7071068286895752,-2.3221588134765625,0.0000000000000036,1.0000000000000000,-0.0000000437113847,0.0000000644479599,0.7071068286895752,0.0000000309086197,0.7071068286895752,5.5749387741088867,0.0000000000000000,0.0000000000000000,0.0000000000000000,1.0000000000000000
M 0.7071068286895752,-0.0000000309086161,-0.7071068286895752,-2.3221588134765625,0.0000000000000036,1.0000000000000000,-0.0000000437113847,0.0000000644479599,0.7071068286895752,0.0000000309086197,0.7071068286895752,5.5749387741088867,0.0000000000000000,0.0000000000000000,0.0000000000000000,1.0000000000000000
M 0.7071068286895752,-0.0000000309086161,-0.7071068286895752,-2.3221588134765625,0.0000000000000036,1.0000000000000000,-0.0000000437113847,0.0000000644479599,0.7071068286895752,0.0000000309086197,0.7071068286895752,5.5749387741088867,0.0000000000000000,0.0000000000000000,0.0000000000000000,1.0000000000000000
M 0.7071068286895752,-0.0000000309086161,-0.7071068286895752,-2.3221588134765625,0.0000000000000036,1.0000000000000000,-0.0000000437113847,0.0000000644479599,0.7071068286895752,0.0000000309086197,0.7071068286895752,5.5749387741088867,0.0000000000000000,0.0000000000000000,0.0000000000000000,1.0000000000000000
M 0.7071068286895752,-0.0000000309086161,-0.7071068286895752,-2.3221588134765625,0.0000000000000036,1.0000000000000000,-0.0000000437113847,0.0000000644479599,0.7071068286895752,0.0000000309086197,0.7071068286895752,5.5749387741088867,0.0000000000000000,0.0000000000000000,0.0000000000000000,1.0000000000000000
M 0.7071068286895752,-0.0000000309086161,-0.7071068286895752,-2.3221588134765625,0.0000000000000036,1.0000000000000000,-0.0000000437113847,0.0000000644479599,0.7071068286895752,0.0000000309086197,0.7071068286895752,5.5749387741088867,0.0000000000000000,0.0000000000000000,0.0000000000000000,1.0000000000000000
M 0.7071068286895752,-0.0000000309086161,-0.7071068286895752,-2.3221588134765625,0.0000000000000036,1.0000000000000000,-0.0000000437113847,0.0000000644479599,0.7071068286895752,0.0000000309086197,0.7071068286895752,5.5749387741088867,0.0000000000000000,0.0000000000000000,0.0000000000000000,1.0000000000000000
M 0.7071068286895752,-0.0000000309086161,-0.7071068286895752,-2.3221588134765625,0.0000000000000036,1.0000000000000000,-0.0000000437113847,0.0000000644479599,0.7071068286895752,0.0000000309086197,0.7071068286895752,5.5749387741088867,0.0000000000000000,0.0000000000000000,0.0000000000000000,1.0000000000000000
M 0.7071068286895752,-0.0000000309086161,-0.7071068286895752,-2.3221588134765625,0.0000000000000036,1.0000000000000000,-0.0000000437113847,0.0000000644479599,0.7071068286895752,0.0000000309086197,0.7071068286895752,5.5749387741088867,0.0000000000000000,0.0000000000000000,0.0000000000000000,1.0000000000000000
M 0.7071068286895752,-0.0000000309086161,-0.7071068286895752,-2.3221588134765625,0.0000000000000036,1.0000000000000000,-0.0000000437113847,0.0000000644479599,0.7071068286895752,0.0000000309086197,0.7071068286895752,5.5749387741088867,0.0000000000000000,0.0000000000000000,0.0000000000000000,1.0000000000000000
M 0.7071068286895752,-0.0000000309086161,-0.7071068286895752,-2.3221588134765625,0.0000000000000036,1.0000000000000000,-0.0000000437113847,0.0000000644479599,0.7071068286895752,0.0000000309086197,0.7071068286895752,5.5749387741088867,0.0000000000000000,0.0000000000000000,0.0000000000000000,1.0000000000000000
M 0.7071068286895752,-0.0000000309086161,-0.7071068286895752,-2.3221588134765625,0.0000000000000036,1.0000000000000000,-0.0000000437113847,0.0000000644479599,0.7071068286895752,0.0000000309086197,0.7071068286895752,5.5749387741088867,0.0000000000000000,0.0000000000000000,0.0000000000000000,1.0000000000000000
M 0.7071068286895752,-0.0000000309086161,-0.7071068286895752,-2.3221588134765625,0.0000000000000036,1.0000000000000000,-0.0000000437113847,0.0000000644479599,0.7071068286895752,0.0000000309086197,0.7071068286895752,5.5749387741088867,0.0000000000000000,0.0000000000000000,0.0000000000000000,1.0000000000000000
M 0.7071068286895752,-0.0000000309086161,-0.7071068286895752,-2.3221588134765625,0.0000000000000036,1.0000000000000000,-0.0000000437113847,0.0000000644479599,0.7071068286895752,0.0000000309086197,0.7071068286895752,5.5749387741088867,0.0000000000000000,0.0000000000000000,0.0000000000000000,1.0000000000000000
M 0.7071068286895752,-0.0000000309086161,-0.7071068286895752,-2.3221588134765625,0.0000000000000036,1.0000000000000000,-0.0000000437113847,0.0000000644479599,0.7071068286895752,0.0000000309086197,0.7071068286895752,5.5749387741088867,0.0000000000000000,0.0000000000000000,0.0000000000000000,1.0000000000000000
M 0.7071068286895752,-0.0000000309086161,-0.7071068286895752,-2.3221588134765625,0.0000000000000036,1.0000000000000000,-0.0000000437113847,0.0000000644479599,0.7071068286895752,0.0000000309086197,0.7071068286895752,5.5749387741088867,0.0000000000000000,0.0000000000000000,0.0000000000000000,1.0000000000000000
M 0.7071068286895752,-0.0000000309086161,-0.7071068286895752,-2.3221588134765625,0.0000000000000036,1.0000000000000000,-0.0000000437113847,0.0000000644479599,0.7071068286895752,0.0000000309086197,0.7071068286895752,5.5749387741088867,0.0000000000000000,0.0000000000000000,0.0000000000000000,1.0000000000000000
M 0.7071068286895752,-0.0000000309086161,-0.7071068286895752,-2.3221588134765625,0.0000000000000036,1.0000000000000000,-0.0000000437113847,0.0000000644479599,0.7071068286895752,0.0000000309086197,0.7071068286895752,5.5749387741088867,0.0000000000000000,0.0000000000000000,0.0000000000000000,1.0000000000000000
M 0.7071068286895752,-0.0000000309086161,-0.7071068286895752,-2.3221588134765625,0.0000000000000036,1.0000000000000000,-0.0000000437113847,0.0000000644479599,0.7071068286895752,0.0000000309086197,0.7071068286895752,5.5749387741088867,0.0000000000000000,0.0000000000000000,0.0000000000000000,1.0000000000000000
M 0.7071068286895752,-0.0000000309086161,-0.7071068286895752,-2.3221588134765625,0.0000000000000036,1.0000000000000000,-0.0000000437113847,0.0000000644479599,0.7071068286895752,0.0000000309086197,0.7071068286895752,5.5749387741088867,0.0000000000000000,0.0000000000000000,0.0000000000000000,1.0000000000000000
M 0.7071068286895752,-0.0000000309086161,-0.7071068286895752,-2.3221588134765625,0.0000000000000036,1.0000000000000000,-0.0000000437113847,0.0000000644479599,0.7071068286895752,0.0000000309086197,0.7071068286895752,5.5749387741088867,0.0000000000000000,0.0000000000000000,0.0000000000000000,1.0000000000000000
M 0.7071068286895752,-0.0000000309086161,-0.7071068286895752,-2.3221588134765625,0.0000000000000036,1.0000000000000000,-0.0000000437113847,0.0000000644479599,0.7071068286895752,0.0000000309086197,0.7071068286895752,5.5749387741088867,0.0000000000000000,0.0000000000000000,0.0000000000000000,1.0000000000000000
M 0.7071068286895752,-0.0000000309086161,-0.7071068286895752,-2.3221588134765625,0.0000000000000036,1.0000000000000000,-0.0000000437113847,0.0000000644479599,0.7071068286895752,0.0000000309086197,0.7071068286895752,5.5749387741088867,0.0000000000000000,0.0000000000000000,0.0000000000000000,1.0000000000000000
M 0.7071068286895752,-0.0000000309086161,-0.7071068286895752,-2.3221588134765625,0.0000000000000036,1.0000000000000000,-0.0000000437113847,0.0000000644479599,0.7071068286895752,0.0000000309086197,0.7071068286895752,5.5749387741088867,0.0000000000000000,0.0000000000000000,0.0000000000000000,1.0000000000000000
M 0.7071068286895752,-0.0000000309086161,-0.7071068286895752,-2.3221588134765625,0.0000000000000036,1.0000000000000000,-0.0000000437113847,0.0000000644479599,0.7071068286895752,0.0000000309086197,0.7071068286895752,5.5749387741088867,0.0000000000000000,0.0000000000000000,0.0000000000000000,1.0000000000000000
M 0.7071068286895752,-0.0000000309086161,-0.7071068286895752,-2.3221588134765625,0.0000000000000036,1.0000000000000000,-0.0000000437113847,0.0000000644479599,0.7071068286895752,0.0000000309086197,0.7071068286895752,5.5749387741088867,0.0000000000000000,0.0000000000000000,0.0000000000000000,1.0000000000000000
M 0.7071068286895752,-0.0000000309086161,-0.7071068286895752,-2.3221588134765625,0.0000000000000036,1.0000000000000000,-0.0000000437113847,0.0000000644479599,0.7071068286895752,0.0000000309086197,0.7071068286895752,5.5749387741088867,0.0000000000000000,0.0000000000000000,0.0000000000000000,1.0000000000000000
M 0.7071068286895752,-0.0000000309086161,-0.7071068286895752,-2.3221588134765625,0.0000000000000036,1.0000000000000000,-0.0000000437113847,0.0000000644479599,0.7071068286895752,0.0000000309086197,0.7071068286895752,5.5749387741088867,0.0000000000000000,0.0000000000000000,0.0000000000000000,1.0000000000000000
M 0.7071068286895752,-0.0000000309086161,-0.7071068286895752,-2.3221588134765625,0.0000000000000036,1.0000000000000000,-0.0000000437113847,0.0000000644479599,0.7071068286895752,0.0000000309086197,0.7071068286895752,5.5749387741088867,0.0000000000000000,0.0000000000000000,0.0000000000000000,1.0000000000000000
M 0.7071068286895752,-0.0000000309086161,-0.7071068286895752,-2.3221588134765625,0.0000000000000036,1.0000000000000000,-0.0000000437113847,0.0000000644479599,0.7071068286895752,0.0000000309086197,0.7071068286895752,5.5749387741088867,0.0000000000000000,0.0000000000000000,0.0000000000000000,1.0000000000000000
M 0.7071068286895752,-0.0000000309086161,-0.7071068286895752,-2.3221588134765625,0.0000000000000036,1.0000000000000000,-0.0000000437113847,0.0000000644479599,0.7071068286895752,0.0000000309086197,0.7071068286895752,5.5749387741088867,0.0000000000000000,0.0000000000000000,0.0000000000000000,1.0000000000000000
M 0.7071068286895752,-0.0000000309086161,-0.7071068286895752,-2.3221588134765625,0.0000000000000036,1.0000000000000000,-0.0000000437113847,0.0000000644479599,0.7071068286895752,0.0000000309086197,0.7071068286895752,5.5749387741088867,0.0000000000000000,0.0000000000000000,0.0000000000000000,1.0000000000000000
M 0.7071068286895752,-0.0000000309086161,-0.7071068286895752,-2.3221588134765625,0.0000000000000036,1.0000000000000000,-0.0000000437113847,0.0000000644479599,0.7071068286895752,0.0000000309086197,0.7071068286895752,5.5749387741088867,0.0000000000000000,0.0000000000000000,0.0000000000000000,1.0000000000000000
M 0.7071068286895752,-0.0000000309086161,-0.7071068286895752,-2.3221588134765625,0.0000000000000036,1.0000000000000000,-0.0000000437113847,0.0000000644479599,0.7071068286895752,0.0000000309086197,0.7071068286895752,5.5749387741088867,0.0000000000000000,0.0000000000000000,0.0000000000000000,1.0000000000000000
M 0.7071068286895752,-0.0000000309086161,-0.7071068286895752,-2.3221588134765625,0.0000000000000036,1.0000000000000000,-0.0000000437113847,0.0000000644479599,0.7071068286895752,0.0000000309086197,0.7071068286895752,5.5749387741088867,0.0000000000000000,0.0000000000000000,0.0000000000000000,1.0000000000000000
M 0.7071068286895752,-0.0000000309086161,-0.7071068286895752,-2.3221588134765625,0.0000000000000036,1.0000000000000000,-0.0000000437113847,0.0000000644479599,0.7071068286895752,0.0000000309086197,0.7071068286895752,5.5749387741088867,0.0000000000000000,0.0000000000000000,0.0000000000000000,1.0000000000000000
M 0.7071068286895752,-0.0000000309086161,-0.7071068286895752,-2.3221588134765625,0.0000000000000036,1.0000000000000000,-0.0000000437113847,0.0000000644479599,0.7071068286895752,0.0000000309086197,0.7071068286895752,5.5749387741088867,0.0000000000000000,0.0000000000000000,0.0000000000000000,1.0000000000000000
M 0.7071068286895752,-0.0000000309086161,-0.7071068286895752,-2.3221588134765625,0.0000000000000036,1.0000000000000000,-0.0000000437113847,0.0000000644479599,0.7071068286895752,0.0000000309086197,0.7071068286895752,5.5749387741088867,0.0000000000000000,0.0000000000000000,0.0000000000000000,1.0000000000000000
M 0.7071068286895752,-0.0000000309086161,-0.7071068286895752,-2.3221588134765625,0.0000000000000036,1.0000000000000000,-0.0000000437113847,0.0000000644479599,0.7071068286895752,0.0000000309086197,0.7071068286895752,5.5749387741088867,0.0000000000000000,0.0000000000000000,0.0000000000000000,1.0000000000000000
M 0.7071068286895752,-0.0000000309086161,-0.7071068286895752,-2.3221588134765625,0.0000000000000036,1.0000000000000000,-0.0000000437113847,0.0000000644479599,0.7071068286895752,0.0000000309086197,0.7071068286895752,5.5749387741088867,0.0000000000000000,0.0000000000000000,0.0000000000000000,1.0000000000000000
M 0.7071068286895752,-0.0000000309086161,-0.7071068286895752,-2.3221588134765625,0.0000000000000036,1.0000000000000000,-0.0000000437113847,0.0000000644479599,0.7071068286895752,0.0000000309086197,0.7071068286895752,5.5749387741088867,0.0000000000000000,0.0000000000000000,0.0000000000000000,1.0000000000000000
M 0.7071068286895752,-0.0000000309086161,-0.7071068286895752,-2.3221588134765625,0.0000000000000036,1.0000000000000000,-0.0000000437113847,0.0000000644479599,0.7071068286895752,0.0000000309086197,0.7071068286895752,5.5749387741088867,0.0000000000000000,0.0000000000000000,0.0000000000000000,1.0000000000000000
M 0.7071068286895752,-0.0000000309086161,-0.7071068286895752,-2.3221588134765625,0.0000000000000036,1.0000000000000000,-0.0000000437113847,0.0000000644479599,0.7071068286895752,0.0000000309086197,0.7071068286895752,5.5749387741088867,0.0000000000000000,0.0000000000000000,0.0000000000000000,1.0000000000000000
M 0.7071068286895752,-0.0000000309086161,-0.7071068286895752,-2.3221588134765625,0.0000000000000036,1.0000000000000000,-0.0000000437113847,0.0000000644479599,0.7071068286895752,0.0000000309086197,0.7071068286895752,5.5749387741088867,0.0000000000000000,0.0000000000000000,0.0000000000000000,1.0000000000000000
M 0.7071068286895752,-0.0000000309086161,-0.7071068286895752,-2.3221588134765625,0.0000000000000036,1.0000000000000000,-0.0000000437113847,0.0000000644479599,0.7071068286895752,0.0000000309086197,0.7071068286895752,5.5749387741088867,0.0000000000000000,0.0000000000000000,0.0000000000000000,1.0000000000000000
M 0.7071068286895752,-0.0000000309086161,-0.7071068286895752,-2.3221588134765625,0.0000000000000036,1.0000000000000000,-0.0000000437113847,0.0000000644479599,0.7071068286895752,0.0000000309086197,0.7071068286895752,5.5749387741088867,0.0000000000000000,0.0000000000000000,0.0000000000000000,1.0000000000000000
M 0.7071068286895752,-0.0000000309086161,-0.7071068286895752,-2.3221588134765625,0.0000000000000036,1.0000000000000000,-0.0000000437113847,0.0000000644479599,0.7071068286895752,0.0000000309086197,0.7071068286895752,5.5749387741088867,0.0000000000000000,0.0000000000000000,0.0000000000000000,1.0000000000000000
M 0.7071068286895752,-0.0000000309086161,-0.7071068286895752,-2.3221588134765625,0.0000000000000036,1.0000000000000000,-0.0000000437113847,0.0000000644479599,0.7071068286895752,0.0000000309086197,0.7071068286895752,5.5749387741088867,0.0000000000000000,0.0000000000000000,0.0000000000000000,1.0000000000000000
M 0.7071068286895752,-0.0000000309086161,-0.7071068286895752,-2.3221588134765625,0.0000000000000036,1.0000000000000000,-0.0000000437113847,0.0000000644479599,0.7071068286895752,0.0000000309086197,0.7071068286895752,5.5749387741088867,0.0000000000000000,0.0000000000000000,0.0000000000000000,1.0000000000000000
M 0.7071068286895752,-0.0000000309086161,-0.7071068286895752,-2.3221588134765625,0.0000000000000036,1.0000000000000000,-0.0000000437113847,0.0000000644479599,0.7071068286895752,0.0000000309086197,0.7071068286895752,5.5749387741088867,0.0000000000000000,0.0000000000000000,0.0000000000000000,1.0000000000000000
M 0.7071068286895752,-0.0000000309086161,-0.7071068286895752,-2.3221588134765625,0.0000000000000036,1.0000000000000000,-0.0000000437113847,0.0000000644479599,0.7071068286895752,0.0000000309086197,0.7071068286895752,5.5749387741088867,0.0000000000000000,0.0000000000000000,0.0000000000000000,1.0000000000000000
M 0.7071068286895752,-0.0000000309086161,-0.7071068286895752,-2.3221588134765625,0.0000000000000036,1.0000000000000000,-0.0000000437113847,0.0000000644479599,0.7071068286895752,0.0000000309086197,0.7071068286895752,5.5749387741088867,0.0000000000000000,0.0000000000000000,0.0000000000000000,1.0000000000000000
M 0.7071068286895752,-0.0000000309086161,-0.7071068286895752,-2.3221588134765625,0.0000000000000036,1.0000000000000000,-0.0000000437113847,0.0000000644479599,0.7071068286895752,0.0000000309086197,0.7071068286895752,5.5749387741088867,0.0000000000000000,0.0000000000000000,0.0000000000000000,1.0000000000000000
M 0.7071068286895752,-0.0000000309086161,-0.7071068286895752,-2.3221588134765625,0.0000000000000036,1.0000000000000000,-0.0000000437113847,0.0000000644479599,0.7071068286895752,0.0000000309086197,0.7071068286895752,5.5749387741088867,0.0000000000000000,0.0000000000000000,0.0000000000000000,1.0000000000000000
M 0.7071068286895752,-0.0000000309086161,-0.7071068286895752,-2.3221588134765625,0.0000000000000036,1.0000000000000000,-0.0000000437113847,0.0000000644479599,0.7071068286895752,0.0000000309086197,0.7071068286895752,5.5749387741088867,0.0000000000000000,0.0000000000000000,0.0000000000000000,1.0000000000000000
M 0.7071068286895752,-0.0000000309086161,-0.7071068286895752,-2.3221588134765625,0.0000000000000036,1.0000000000000000,-0.0000000437113847,0.0000000644479599,0.7071068286895752,0.0000000309086197,0.7071068286895752,5.5749387741088867,0.0000000000000000,0.0000000000000000,0.0000000000000000,1.0000000000000000
M 0.7071068286895752,-0.0000000309086161,-0.7071068286895752,-2.3221588134765625,0.0000000000000036,1.0000000000000000,-0.0000000437113847,0.0000000644479599,0.7071068286895752,0.0000000309086197,0.7071068286895752,5.5749387741088867,0.0000000000000000,0.0000000000000000,0.0000000000000000,1.0000000000000000
M 0.7071068286895752,-0.0000000309086161,-0.7071068286895752,-2.3221588134765625,0.0000000000000036,1.0000000000000000,-0.0000000437113847,0.0000000644479599,0.7071068286895752,0.0000000309086197,0.7071068286895752,5.5749387741088867,0.0000000000000000,0.0000000000000000,0.0000000000000000,1.0000000000000000
M 0.7071068286895752,-0.0000000309086161,-0.7071068286895752,-2.3221588134765625,0.0000000000000036,1.0000000000000000,-0.0000000437113847,0.0000000644479599,0.7071068286895752,0.0000000309086197,0.7071068286895752,5.5749387741088867,0.0000000000000000,0.0000000000000000,0.0000000000000000,1.0000000000000000
M 0.7071068286895752,-0.0000000309086161,-0.7071068286895752,-2.3221588134765625,0.0000000000000036,1.0000000000000000,-0.0000000437113847,0.0000000644479599,0.7071068286895752,0.0000000309086197,0.7071068286895752,5.5749387741088867,0.0000000000000000,0.0000000000000000,0.0000000000000000,1.0000000000000000
M 0.7071068286895752,-0.0000000309086161,-0.7071068286895752,-2.3221588134765625,0.0000000000000036,1.0000000000000000,-0.0000000437113847,0.0000000644479599,0.7071068286895752,0.0000000309086197,0.7071068286895752,5.5749387741088867,0.0000000000000000,0.0000000000000000,0.0000000000000000,1.0000000000000000
M 0.7071068286895752,-0.0000000309086161,-0.7071068286895752,-2.3221588134765625,0.0000000000000036,1.0000000000000000,-0.0000000437113847,0.0000000644479599,0.7071068286895752,0.0000000309086197,0.7071068286895752,5.5749387741088867,0.0000000000000000,0.0000000000000000,0.0000000000000000,1.0000000000000000
M 0.7071068286895752,-0.0000000309086161,-0.7071068286895752,-2.3221588134765625,0.0000000000000036,1.0000000000000000,-0.0000000437113847,0.0000000644479599,0.7071068286895752,0.0000000309086197,0.7071068286895752,5.5749387741088867,0.0000000000000000,0.0000000000000000,0.0000000000000000,1.0000000000000000
M 0.7071068286895752,-0.0000000309086161,-0.7071068286895752,-2.3221588134765625,0.0000000000000036,1.0000000000000000,-0.0000000437113847,0.0000000644479599,0.7071068286895752,0.0000000309086197,0.7071068286895752,5.5749387741088867,0.0000000000000000,0.0000000000000000,0.0000000000000000,1.0000000000000000
M 0.7071068286895752,-0.0000000309086161,-0.7071068286895752,-2.3221588134765625,0.0000000000000036,1.0000000000000000,-0.0000000437113847,0.0000000644479599,0.7071068286895752,0.0000000309086197,0.7071068286895752,5.5749387741088867,0.0000000000000000,0.0000000000000000,0.0000000000000000,1.0000000000000000
M 0.7071068286895752,-0.0000000309086161,-0.7071068286895752,-2.3221588134765625,0.0000000000000036,1.0000000000000000,-0.0000000437113847,0.0000000644479599,0.7071068286895752,0.0000000309086197,0.7071068286895752,5.5749387741088867,0.0000000000000000,0.0000000000000000,0.0000000000000000,1.0000000000000000
M 0.7071068286895752,-0.0000000309086161,-0.7071068286895752,-2.3221588134765625,0.0000000000000036,1.0000000000000000,-0.0000000437113847,0.0000000644479599,0.7071068286895752,0.0000000309086197,0.7071068286895752,5.5749387741088867,0.0000000000000000,0.0000000000000000,0.0000000000000000,1.0000000000000000
M 0.7071068286895752,-0.0000000309086161,-0.7071068286895752,-2.3221588134765625,0.0000000000000036,1.0000000000000000,-0.0000000437113847,0.0000000644479599,0.7071068286895752,0.0000000309086197,0.7071068286895752,5.5749387741088867,0.0000000000000000,0.0000000000000000,0.0000000000000000,1.0000000000000000
M 0.7071068286895752,-0.0000000309086161,-0.7071068286895752,-2.3221588134765625,0.0000000000000036,1.0000000000000000,-0.0000000437113847,0.0000000644479599,0.7071068286895752,0.0000000309086197,0.7071068286895752,5.5749387741088867,0.0000000000000000,0.0000000000000000,0.0000000000000000,1.0000000000000000
M 0.7071068286895752,-0.0000000309086161,-0.7071068286895752,-2.3221588134765625,0.0000000000000036,1.0000000000000000,-0.0000000437113847,0.0000000644479599,0.7071068286895752,0.0000000309086197,0.7071068286895752,5.5749387741088867,0.0000000000000000,0.0000000000000000,0.0000000000000000,1.0000000000000000
M 0.7071068286895752,-0.0000000309086161,-0.7071068286895752,-2.3221588134765625,0.0000000000000036,1.0000000000000000,-0.0000000437113847,0.0000000644479599,0.7071068286895752,0.0000000309086197,0.7071068286895752,5.5749387741088867,0.0000000000000000,0.0000000000000000,0.0000000000000000,1.0000000000000000
M 0.7071068286895752,-0.0000000309086161,-0.7071068286895752,-2.3221588134765625,0.0000000000000036,1.0000000000000000,-0.0000000437113847,0.0000000644479599,0.7071068286895752,0.0000000309086197,0.7071068286895752,5.5749387741088867,0.0000000000000000,0.0000000000000000,0.0000000000000000,1.0000000000000000
M 0.7071068286895752,-0.0000000309086161,-0.7071068286895752,-2.3221588134765625,0.0000000000000036,1.0000000000000000,-0.0000000437113847,0.0000000644479599,0.7071068286895752,0.0000000309086197,0.7071068286895752,5.5749387741088867,0.0000000000000000,0.0000000000000000,0.0000000000000000,1.0000000000000000
M 0.7071068286895752,-0.0000000309086161,-0.7071068286895752,-2.3221588134765625,0.0000000000000036,1.0000000000000000,-0.0000000437113847,0.0000000644479599,0.7071068286895752,0.0000000309086197,0.7071068286895752,5.5749387741088867,0.0000000000000000,0.0000000000000000,0.0000000000000000,1.0000000000000000
M 0.7071068286895752,-0.0000000309086161,-0.7071068286895752,-2.3221588134765625,0.0000000000000036,1.0000000000000000,-0.0000000437113847,0.0000000644479599,0.7071068286895752,0.0000000309086197,0.7071068286895752,5.5749387741088867,0.0000000000000000,0.0000000000000000,0.0000000000000000,1.0000000000000000
M 0.7071068286895752,-0.0000000309086161,-0.7071068286895752,-2.3221588134765625,0.0000000000000036,1.0000000000000000,-0.0000000437113847,0.0000000644479599,0.7071068286895752,0.0000000309086197,0.7071068286895752,5.5749387741088867,0.0000000000000000,0.0000000000000000,0.0000000000000000,1.0000000000000000
M 0.7071068286895752,-0.0000000309086161,-0.7071068286895752,-2.3221588134765625,0.0000000000000036,1.0000000000000000,-0.0000000437113847,0.0000000644479599,0.7071068286895752,0.0000000309086197,0.7071068286895752,5.5749387741088867,0.0000000000000000,0.0000000000000000,0.0000000000000000,1.0000000000000000
M 0.7071068286895752,-0.0000000309086161,-0.7071068286895752,-2.3221588134765625,0.0000000000000036,1.0000000000000000,-0.0000000437113847,0.0000000644479599,0.7071068286895752,0.0000000309086197,0.7071068286895752,5.5749387741088867,0.0000000000000000,0.0000000000000000,0.0000000000000000,1.0000000000000000
M 0.7071068286895752,-0.0000000309086161,-0.7071068286895752,-2.3221588134765625,0.0000000000000036,1.0000000000000000,-0.0000000437113847,0.0000000644479599,0.7071068286895752,0.0000000309086197,0.7071068286895752,5.5749387741088867,0.0000000000000000,0.0000000000000000,0.0000000000000000,1.0000000000000000
M 0.7071068286895752,-0.0000000309086161,-0.7071068286895752,-2.3221588134765625,0.0000000000000036,1.0000000000000000,-0.0000000437113847,0.0000000644479599,0.7071068286895752,0.0000000309086197,0.7071068286895752,5.5749387741088867,0.0000000000000000,0.0000000000000000,0.0000000000000000,1.0000000000000000
M 0.7071068286895752,-0.0000000309086161,-0.7071068286895752,-2.3221588134765625,0.0000000000000036,1.0000000000000000,-0.0000000437113847,0.0000000644479599,0.7071068286895752,0.0000000309086197,0.7071068286895752,5.5749387741088867,0.0000000000000000,0.0000000000000000,0.0000000000000000,1.0000000000000000
M 0.7071068286895752,-0.0000000309086161,-0.7071068286895752,-2.3221588134765625,0.0000000000000036,1.0000000000000000,-0.0000000437113847,0.0000000644479599,0.7071068286895752,0.0000000309086197,0.7071068286895752,5.5749387741088867,0.0000000000000000,0.0000000000000000,0.0000000000000000,1.0000000000000000
M 0.7071068286895752,-0.0000000309086161,-0.7071068286895752,-2.3221588134765625,0.0000000000000036,1.0000000000000000,-0.0000000437113847,0.0000000644479599,0.7071068286895752,0.0000000309086197,0.7071068286895752,5.5749387741088867,0.0000000000000000,0.0000000000000000,0.0000000000000000,1.0000000000000000
M 0.7071068286895752,-0.0000000309086161,-0.7071068286895752,-2.3221588134765625,0.0000000000000036,1.0000000000000000,-0.0000000437113847,0.0000000644479599,0.7071068286895752,0.0000000309086197,0.7071068286895752,5.5749387741088867,0.0000000000000000,0.0000000000000000,0.0000000000000000,1.0000000000000000
M 0.7071068286895752,-0.0000000309086161,-0.7071068286895752,-2.3221588134765625,0.0000000000000036,1.0000000000000000,-0.0000000437113847,0.0000000644479599,0.7071068286895752,0.0000000309086197,0.7071068286895752,5.5749387741088867,0.0000000000000000,0.0000000000000000,0.0000000000000000,1.0000000000000000
