O DOOR_12_INTERIOR_LCG_il_LINVERT_CG_dfr
A DOOR_12_INTERIOR_LCG_il_LINVERT_CG_dfr_DOOR_12_INTERIOR_LCG_il_LINVERT_CG_dfr
M 1.0000000000000000,0.0000000000000000,0.0000000000000000,0.0000000000000000,0.0000000000000000,1.0000000000000000,-0.0000000437113883,-0.0000000227492265,-0.0000000000000000,0.0000000437113883,1.0000000000000000,-0.0000000578652859,0.0000000000000000,0.0000000000000000,0.0000000000000000,1.0000000000000000
M 0.9999952912330627,-0.0000000001339318,-0.0030640019103885,-0.0039547830820084,0.0000000000000000,1.0000000000000000,-0.0000000437113883,-0.0000000227492265,0.0030640019103885,0.0000000437111822,0.9999952912330627,0.0261409506201744,0.0000000000000000,0.0000000000000000,0.0000000000000000,1.0000000000000000
M 0.9999278783798218,-0.0000000005250008,-0.0120106181129813,-0.0159605145454407,0.0000000000000000,1.0000000000000000,-0.0000000437113883,-0.0000000227492265,0.0120106181129813,0.0000000437082441,0.9999278783798218,0.1024016141891479,0.0000000000000000,0.0000000000000000,0.0000000000000000,1.0000000000000000
M 0.9996495842933655,-0.0000000011570372,-0.0264699272811413,-0.0368100851774216,0.0000000000000000,1.0000000000000000,-0.0000000437113883,-0.0000000227492265,0.0264699272811413,0.0000000436960725,0.9996495842933655,0.2254359871149063,0.0000000000000000,0.0000000000000000,0.0000000000000000,1.0000000000000000
M 0.9989383816719055,-0.0000000020136242,-0.0460663512349129,-0.0679157301783562,0.0000000000000000,1.0000000000000000,-0.0000000437113883,-0.0000000227492265,0.0460663512349129,0.0000000436649827,0.9989383816719055,0.3917554318904877,0.0000000000000000,0.0000000000000000,0.0000000000000000,1.0000000000000000
M 0.9975178837776184,-0.0000000030778862,-0.0704138278961182,-0.1111455038189888,0.0000000000000000,1.0000000000000000,-0.0000000437113883,-0.0000000227492265,0.0704138278961182,0.0000000436028991,0.9975178837776184,0.5977120995521545,0.0000000000000000,0.0000000000000000,0.0000000000000000,1.0000000000000000
M 0.9950764179229736,-0.0000000043322714,-0.0991108193993568,-0.1686451882123947,0.0000000000000000,1.0000000000000000,-0.0000000437113883,-0.0000000227492265,0.0991108193993568,0.0000000434961720,0.9950764179229736,0.8394814133644104,0.0000000000000000,0.0000000000000000,0.0000000000000000,1.0000000000000000
M 0.9912848472595215,-0.0000000057583609,-0.1317359209060669,-0.2426840513944626,0.0000000000000000,1.0000000000000000,-0.0000000437113883,-0.0000000227492265,0.1317359209060669,0.0000000433304379,0.9912848472595215,1.1130467653274536,0.0000000000000000,0.0000000000000000,0.0000000000000000,1.0000000000000000
M 0.9858134388923645,-0.0000000073367246,-0.1678446680307388,-0.3355094194412231,0.0000000000000000,1.0000000000000000,-0.0000000437113883,-0.0000000227492265,0.1678446680307388,0.0000000430912728,0.9858134388923645,1.4141938686370850,0.0000000000000000,0.0000000000000000,0.0000000000000000,1.0000000000000000
M 0.9783476591110229,-0.0000000090468655,-0.2069681584835052,-0.4492058157920837,0.0000000000000000,1.0000000000000000,-0.0000000437113883,-0.0000000227492265,0.2069681584835052,0.0000000427649347,0.9783476591110229,1.7385194301605225,0.0000000000000000,0.0000000000000000,0.0000000000000000,1.0000000000000000
M 0.9686027765274048,-0.0000000108672396,-0.2486134618520737,-0.5855725407600403,0.0000000000000000,1.0000000000000000,-0.0000000437113883,-0.0000000227492265,0.2486134618520737,0.0000000423389714,0.9686027765274048,2.0814530849456787,0.0000000000000000,0.0000000000000000,0.0000000000000000,1.0000000000000000
M 0.9563369750976562,-0.0000000127753701,-0.2922663688659668,-0.7460172772407532,0.0000000000000000,1.0000000000000000,-0.0000000437113883,-0.0000000227492265,0.2922663688659668,0.0000000418028243,0.9563369750976562,2.4382984638214111,0.0000000000000000,0.0000000000000000,0.0000000000000000,1.0000000000000000
M 0.9413628578186035,-0.0000000147480437,-0.3373958766460419,-0.9314608573913574,0.0000000000000000,1.0000000000000000,-0.0000000437113883,-0.0000000227492265,0.3373958766460419,0.0000000411482759,0.9413628578186035,2.8042836189270020,0.0000000000000000,0.0000000000000000,0.0000000000000000,1.0000000000000000
M 0.9235570430755615,-0.0000000167616214,-0.3834611475467682,-1.1422637701034546,0.0000000000000000,1.0000000000000000,-0.0000000437113883,-0.0000000227492265,0.3834611475467682,0.0000000403699616,0.9235570430755615,3.1746366024017334,0.0000000000000000,0.0000000000000000,0.0000000000000000,1.0000000000000000
M 0.9028672575950623,-0.0000000187923721,-0.4299193620681763,-1.3781796693801880,0.0000000000000000,1.0000000000000000,-0.0000000437113883,-0.0000000227492265,0.4299193620681763,0.0000000394655828,0.9028672575950623,3.5446584224700928,0.0000000000000000,0.0000000000000000,0.0000000000000000,1.0000000000000000
M 0.8793175220489502,-0.0000000208169340,-0.4762359261512756,-1.6383200883865356,0.0000000000000000,1.0000000000000000,-0.0000000437113883,-0.0000000227492265,0.4762359261512756,0.0000000384361911,0.8793175220489502,3.9098169803619385,0.0000000000000000,0.0000000000000000,0.0000000000000000,1.0000000000000000
M 0.8530102968215942,-0.0000000228127135,-0.5218940377235413,-1.9211508035659790,0.0000000000000000,1.0000000000000000,-0.0000000437113883,-0.0000000227492265,0.5218940377235413,0.0000000372862630,0.8530102968215942,4.2658333778381348,0.0000000000000000,0.0000000000000000,0.0000000000000000,1.0000000000000000
M 0.8241262435913086,-0.0000000247584051,-0.5664061903953552,-2.2245066165924072,0.0000000000000000,1.0000000000000000,-0.0000000437113883,-0.0000000227492265,0.5664061903953552,0.0000000360237102,0.8241262435913086,4.6087784767150879,0.0000000000000000,0.0000000000000000,0.0000000000000000,1.0000000000000000
M 0.7929217815399170,-0.0000000266343694,-0.6093234419822693,-2.5456261634826660,0.0000000000000000,1.0000000000000000,-0.0000000437113883,-0.0000000227492265,0.6093234419822693,0.0000000346597133,0.7929217815399170,4.9351491928100586,0.0000000000000000,0.0000000000000000,0.0000000000000000,1.0000000000000000
M 0.7597237825393677,-0.0000000284231518,-0.6502459049224854,-2.8812093734741211,0.0000000000000000,1.0000000000000000,-0.0000000437113883,-0.0000000227492265,0.6502459049224854,0.0000000332085826,0.7597237825393677,5.2419490814208984,0.0000000000000000,0.0000000000000000,0.0000000000000000,1.0000000000000000
M 0.7249231338500977,-0.0000000301097103,-0.6888297796249390,-3.2274813652038574,0.0000000000000000,1.0000000000000000,-0.0000000437113883,-0.0000000227492265,0.6888297796249390,0.0000000316873958,0.7249231338500977,5.5267453193664551,0.0000000000000000,0.0000000000000000,0.0000000000000000,1.0000000000000000
M 0.6889651417732239,-0.0000000316817719,-0.7247944474220276,-3.5802826881408691,0.0000000000000000,1.0000000000000000,-0.0000000437113883,-0.0000000227492265,0.7247944474220276,0.0000000301156220,0.6889651417732239,5.7877116203308105,0.0000000000000000,0.0000000000000000,0.0000000000000000,1.0000000000000000
M 0.6523405313491821,-0.0000000331300001,-0.7579259872436523,-3.9351532459259033,0.0000000000000000,1.0000000000000000,-0.0000000437113883,-0.0000000227492265,0.7579259872436523,0.0000000285147106,0.6523405313491821,6.0236496925354004,0.0000000000000000,0.0000000000000000,0.0000000000000000,1.0000000000000000
M 0.6155747771263123,-0.0000000344480071,-0.7880784869194031,-4.2874217033386230,0.0000000000000000,1.0000000000000000,-0.0000000437113883,-0.0000000227492265,0.7880784869194031,0.0000000269076281,0.6155747771263123,6.2339854240417480,0.0000000000000000,0.0000000000000000,0.0000000000000000,1.0000000000000000
M 0.5792170166969299,-0.0000000356323611,-0.8151733875274658,-4.6323022842407227,0.0000000000000000,1.0000000000000000,-0.0000000437113883,-0.0000000227492265,0.8151733875274658,0.0000000253183838,0.5792170166969299,6.4187498092651367,0.0000000000000000,0.0000000000000000,0.0000000000000000,1.0000000000000000
M 0.5438299775123596,-0.0000000366824047,-0.8391954302787781,-4.9649724960327148,0.0000000000000000,1.0000000000000000,-0.0000000437113883,-0.0000000227492265,0.8391954302787781,0.0000000237715625,0.5438299775123596,6.5785322189331055,0.0000000000000000,0.0000000000000000,0.0000000000000000,1.0000000000000000
M 0.5099804401397705,-0.0000000375999250,-0.8601859807968140,-5.2806496620178223,0.0000000000000000,1.0000000000000000,-0.0000000437113883,-0.0000000227492265,0.8601859807968140,0.0000000222919532,0.5099804401397705,6.7144088745117188,0.0000000000000000,0.0000000000000000,0.0000000000000000,1.0000000000000000
M 0.4782310724258423,-0.0000000383888299,-0.8782340288162231,-5.5746455192565918,0.0000000000000000,1.0000000000000000,-0.0000000437113883,-0.0000000227492265,0.8782340288162231,0.0000000209041477,0.4782310724258423,6.8278594017028809,0.0000000000000000,0.0000000000000000,0.0000000000000000,1.0000000000000000
M 0.4491315484046936,-0.0000000390546226,-0.8934656381607056,-5.8424301147460938,0.0000000000000000,1.0000000000000000,-0.0000000437113883,-0.0000000227492265,0.8934656381607056,0.0000000196321643,0.4491315484046936,6.9206609725952148,0.0000000000000000,0.0000000000000000,0.0000000000000000,1.0000000000000000
M 0.4232155084609985,-0.0000000396037869,-0.9060290455818176,-6.0796384811401367,0.0000000000000000,1.0000000000000000,-0.0000000437113883,-0.0000000227492265,0.9060290455818176,0.0000000184993372,0.4232155084609985,6.9947605133056641,0.0000000000000000,0.0000000000000000,0.0000000000000000,1.0000000000000000
M 0.4009942412376404,-0.0000000400431546,-0.9160805940628052,-6.2821083068847656,0.0000000000000000,1.0000000000000000,-0.0000000437113883,-0.0000000227492265,0.9160805940628052,0.0000000175280146,0.4009942412376404,7.0521450042724609,0.0000000000000000,0.0000000000000000,0.0000000000000000,1.0000000000000000
M 0.3829543590545654,-0.0000000403791489,-0.9237672686576843,-6.4458746910095215,0.0000000000000000,1.0000000000000000,-0.0000000437113883,-0.0000000227492265,0.9237672686576843,0.0000000167394685,0.3829543590545654,7.0946912765502930,0.0000000000000000,0.0000000000000000,0.0000000000000000,1.0000000000000000
M 0.3695552349090576,-0.0000000406170031,-0.9292087554931641,-6.5671696662902832,0.0000000000000000,1.0000000000000000,-0.0000000437113883,-0.0000000227492265,0.9292087554931641,0.0000000161537717,0.3695552349090576,7.1240077018737793,0.0000000000000000,0.0000000000000000,0.0000000000000000,1.0000000000000000
M 0.3612270355224609,-0.0000000407599110,-0.9324778914451599,-6.6424160003662109,0.0000000000000000,1.0000000000000000,-0.0000000437113883,-0.0000000227492265,0.9324778914451599,0.0000000157897357,0.3612270355224609,7.1412644386291504,0.0000000000000000,0.0000000000000000,0.0000000000000000,1.0000000000000000
M 0.3583679795265198,-0.0000000408080965,-0.9335803985595703,-6.6682224273681641,0.0000000000000000,1.0000000000000000,-0.0000000437113883,-0.0000000227492265,0.9335803985595703,0.0000000156647637,0.3583679795265198,7.1470198631286621,0.0000000000000000,0.0000000000000000,0.0000000000000000,1.0000000000000000
M 0.3583679795265198,-0.0000000408080965,-0.9335803985595703,-6.6682224273681641,0.0000000000000000,1.0000000000000000,-0.0000000437113883,-0.0000000227492265,0.9335803985595703,0.0000000156647637,0.3583679795265198,7.1470198631286621,0.0000000000000000,0.0000000000000000,0.0000000000000000,1.0000000000000000
M 0.3583679795265198,-0.0000000408080965,-0.9335803985595703,-6.6682224273681641,0.0000000000000000,1.0000000000000000,-0.0000000437113883,-0.0000000227492265,0.9335803985595703,0.0000000156647637,0.3583679795265198,7.1470198631286621,0.0000000000000000,0.0000000000000000,0.0000000000000000,1.0000000000000000
M 0.3583679795265198,-0.0000000408080965,-0.9335803985595703,-6.6682224273681641,0.0000000000000000,1.0000000000000000,-0.0000000437113883,-0.0000000227492265,0.9335803985595703,0.0000000156647637,0.3583679795265198,7.1470198631286621,0.0000000000000000,0.0000000000000000,0.0000000000000000,1.0000000000000000
M 0.3583679795265198,-0.0000000408080965,-0.9335803985595703,-6.6682224273681641,0.0000000000000000,1.0000000000000000,-0.0000000437113883,-0.0000000227492265,0.9335803985595703,0.0000000156647637,0.3583679795265198,7.1470198631286621,0.0000000000000000,0.0000000000000000,0.0000000000000000,1.0000000000000000
M 0.3583679795265198,-0.0000000408080965,-0.9335803985595703,-6.6682224273681641,0.0000000000000000,1.0000000000000000,-0.0000000437113883,-0.0000000227492265,0.9335803985595703,0.0000000156647637,0.3583679795265198,7.1470198631286621,0.0000000000000000,0.0000000000000000,0.0000000000000000,1.0000000000000000
M 0.3583679795265198,-0.0000000408080965,-0.9335803985595703,-6.6682224273681641,0.0000000000000000,1.0000000000000000,-0.0000000437113883,-0.0000000227492265,0.9335803985595703,0.0000000156647637,0.3583679795265198,7.1470198631286621,0.0000000000000000,0.0000000000000000,0.0000000000000000,1.0000000000000000
M 0.3583679795265198,-0.0000000408080965,-0.9335803985595703,-6.6682224273681641,0.0000000000000000,1.0000000000000000,-0.0000000437113883,-0.0000000227492265,0.9335803985595703,0.0000000156647637,0.3583679795265198,7.1470198631286621,0.0000000000000000,0.0000000000000000,0.0000000000000000,1.0000000000000000
M 0.3583679795265198,-0.0000000408080965,-0.9335803985595703,-6.6682224273681641,0.0000000000000000,1.0000000000000000,-0.0000000437113883,-0.0000000227492265,0.9335803985595703,0.0000000156647637,0.3583679795265198,7.1470198631286621,0.0000000000000000,0.0000000000000000,0.0000000000000000,1.0000000000000000
M 0.3583679795265198,-0.0000000408080965,-0.9335803985595703,-6.6682224273681641,0.0000000000000000,1.0000000000000000,-0.0000000437113883,-0.0000000227492265,0.9335803985595703,0.0000000156647637,0.3583679795265198,7.1470198631286621,0.0000000000000000,0.0000000000000000,0.0000000000000000,1.0000000000000000
M 0.3583679795265198,-0.0000000408080965,-0.9335803985595703,-6.6682224273681641,0.0000000000000000,1.0000000000000000,-0.0000000437113883,-0.0000000227492265,0.9335803985595703,0.0000000156647637,0.3583679795265198,7.1470198631286621,0.0000000000000000,0.0000000000000000,0.0000000000000000,1.0000000000000000
M 0.3583679795265198,-0.0000000408080965,-0.9335803985595703,-6.6682224273681641,0.0000000000000000,1.0000000000000000,-0.0000000437113883,-0.0000000227492265,0.9335803985595703,0.0000000156647637,0.3583679795265198,7.1470198631286621,0.0000000000000000,0.0000000000000000,0.0000000000000000,1.0000000000000000
M 0.3583679795265198,-0.0000000408080965,-0.9335803985595703,-6.6682224273681641,0.0000000000000000,1.0000000000000000,-0.0000000437113883,-0.0000000227492265,0.9335803985595703,0.0000000156647637,0.3583679795265198,7.1470198631286621,0.0000000000000000,0.0000000000000000,0.0000000000000000,1.0000000000000000
M 0.3583679795265198,-0.0000000408080965,-0.9335803985595703,-6.6682224273681641,0.0000000000000000,1.0000000000000000,-0.0000000437113883,-0.0000000227492265,0.9335803985595703,0.0000000156647637,0.3583679795265198,7.1470198631286621,0.0000000000000000,0.0000000000000000,0.0000000000000000,1.0000000000000000
M 0.3583679795265198,-0.0000000408080965,-0.9335803985595703,-6.6682224273681641,0.0000000000000000,1.0000000000000000,-0.0000000437113883,-0.0000000227492265,0.9335803985595703,0.0000000156647637,0.3583679795265198,7.1470198631286621,0.0000000000000000,0.0000000000000000,0.0000000000000000,1.0000000000000000
M 0.3583679795265198,-0.0000000408080965,-0.9335803985595703,-6.6682224273681641,0.0000000000000000,1.0000000000000000,-0.0000000437113883,-0.0000000227492265,0.9335803985595703,0.0000000156647637,0.3583679795265198,7.1470198631286621,0.0000000000000000,0.0000000000000000,0.0000000000000000,1.0000000000000000
M 0.3583679795265198,-0.0000000408080965,-0.9335803985595703,-6.6682224273681641,0.0000000000000000,1.0000000000000000,-0.0000000437113883,-0.0000000227492265,0.9335803985595703,0.0000000156647637,0.3583679795265198,7.1470198631286621,0.0000000000000000,0.0000000000000000,0.0000000000000000,1.0000000000000000
M 0.3583679795265198,-0.0000000408080965,-0.9335803985595703,-6.6682224273681641,0.0000000000000000,1.0000000000000000,-0.0000000437113883,-0.0000000227492265,0.9335803985595703,0.0000000156647637,0.3583679795265198,7.1470198631286621,0.0000000000000000,0.0000000000000000,0.0000000000000000,1.0000000000000000
M 0.3583679795265198,-0.0000000408080965,-0.9335803985595703,-6.6682224273681641,0.0000000000000000,1.0000000000000000,-0.0000000437113883,-0.0000000227492265,0.9335803985595703,0.0000000156647637,0.3583679795265198,7.1470198631286621,0.0000000000000000,0.0000000000000000,0.0000000000000000,1.0000000000000000
M 0.3583679795265198,-0.0000000408080965,-0.9335803985595703,-6.6682224273681641,0.0000000000000000,1.0000000000000000,-0.0000000437113883,-0.0000000227492265,0.9335803985595703,0.0000000156647637,0.3583679795265198,7.1470198631286621,0.0000000000000000,0.0000000000000000,0.0000000000000000,1.0000000000000000
M 0.3583679795265198,-0.0000000408080965,-0.9335803985595703,-6.6682224273681641,0.0000000000000000,1.0000000000000000,-0.0000000437113883,-0.0000000227492265,0.9335803985595703,0.0000000156647637,0.3583679795265198,7.1470198631286621,0.0000000000000000,0.0000000000000000,0.0000000000000000,1.0000000000000000
M 0.3583679795265198,-0.0000000408080965,-0.9335803985595703,-6.6682224273681641,0.0000000000000000,1.0000000000000000,-0.0000000437113883,-0.0000000227492265,0.9335803985595703,0.0000000156647637,0.3583679795265198,7.1470198631286621,0.0000000000000000,0.0000000000000000,0.0000000000000000,1.0000000000000000
M 0.3583679795265198,-0.0000000408080965,-0.9335803985595703,-6.6682224273681641,0.0000000000000000,1.0000000000000000,-0.0000000437113883,-0.0000000227492265,0.9335803985595703,0.0000000156647637,0.3583679795265198,7.1470198631286621,0.0000000000000000,0.0000000000000000,0.0000000000000000,1.0000000000000000
M 0.3583679795265198,-0.0000000408080965,-0.9335803985595703,-6.6682224273681641,0.0000000000000000,1.0000000000000000,-0.0000000437113883,-0.0000000227492265,0.9335803985595703,0.0000000156647637,0.3583679795265198,7.1470198631286621,0.0000000000000000,0.0000000000000000,0.0000000000000000,1.0000000000000000
M 0.3583679795265198,-0.0000000408080965,-0.9335803985595703,-6.6682224273681641,0.0000000000000000,1.0000000000000000,-0.0000000437113883,-0.0000000227492265,0.9335803985595703,0.0000000156647637,0.3583679795265198,7.1470198631286621,0.0000000000000000,0.0000000000000000,0.0000000000000000,1.0000000000000000
M 0.3583679795265198,-0.0000000408080965,-0.9335803985595703,-6.6682224273681641,0.0000000000000000,1.0000000000000000,-0.0000000437113883,-0.0000000227492265,0.9335803985595703,0.0000000156647637,0.3583679795265198,7.1470198631286621,0.0000000000000000,0.0000000000000000,0.0000000000000000,1.0000000000000000
M 0.3583679795265198,-0.0000000408080965,-0.9335803985595703,-6.6682224273681641,0.0000000000000000,1.0000000000000000,-0.0000000437113883,-0.0000000227492265,0.9335803985595703,0.0000000156647637,0.3583679795265198,7.1470198631286621,0.0000000000000000,0.0000000000000000,0.0000000000000000,1.0000000000000000
M 0.3583679795265198,-0.0000000408080965,-0.9335803985595703,-6.6682224273681641,0.0000000000000000,1.0000000000000000,-0.0000000437113883,-0.0000000227492265,0.9335803985595703,0.0000000156647637,0.3583679795265198,7.1470198631286621,0.0000000000000000,0.0000000000000000,0.0000000000000000,1.0000000000000000
M 0.3583679795265198,-0.0000000408080965,-0.9335803985595703,-6.6682224273681641,0.0000000000000000,1.0000000000000000,-0.0000000437113883,-0.0000000227492265,0.9335803985595703,0.0000000156647637,0.3583679795265198,7.1470198631286621,0.0000000000000000,0.0000000000000000,0.0000000000000000,1.0000000000000000
M 0.3583679795265198,-0.0000000408080965,-0.9335803985595703,-6.6682224273681641,0.0000000000000000,1.0000000000000000,-0.0000000437113883,-0.0000000227492265,0.9335803985595703,0.0000000156647637,0.3583679795265198,7.1470198631286621,0.0000000000000000,0.0000000000000000,0.0000000000000000,1.0000000000000000
M 0.3583679795265198,-0.0000000408080965,-0.9335803985595703,-6.6682224273681641,0.0000000000000000,1.0000000000000000,-0.0000000437113883,-0.0000000227492265,0.9335803985595703,0.0000000156647637,0.3583679795265198,7.1470198631286621,0.0000000000000000,0.0000000000000000,0.0000000000000000,1.0000000000000000
M 0.3583679795265198,-0.0000000408080965,-0.9335803985595703,-6.6682224273681641,0.0000000000000000,1.0000000000000000,-0.0000000437113883,-0.0000000227492265,0.9335803985595703,0.0000000156647637,0.3583679795265198,7.1470198631286621,0.0000000000000000,0.0000000000000000,0.0000000000000000,1.0000000000000000
M 0.3583679795265198,-0.0000000408080965,-0.9335803985595703,-6.6682224273681641,0.0000000000000000,1.0000000000000000,-0.0000000437113883,-0.0000000227492265,0.9335803985595703,0.0000000156647637,0.3583679795265198,7.1470198631286621,0.0000000000000000,0.0000000000000000,0.0000000000000000,1.0000000000000000
M 0.3583679795265198,-0.0000000408080965,-0.9335803985595703,-6.6682224273681641,0.0000000000000000,1.0000000000000000,-0.0000000437113883,-0.0000000227492265,0.9335803985595703,0.0000000156647637,0.3583679795265198,7.1470198631286621,0.0000000000000000,0.0000000000000000,0.0000000000000000,1.0000000000000000
M 0.3583679795265198,-0.0000000408080965,-0.9335803985595703,-6.6682224273681641,0.0000000000000000,1.0000000000000000,-0.0000000437113883,-0.0000000227492265,0.9335803985595703,0.0000000156647637,0.3583679795265198,7.1470198631286621,0.0000000000000000,0.0000000000000000,0.0000000000000000,1.0000000000000000
M 0.3583679795265198,-0.0000000408080965,-0.9335803985595703,-6.6682224273681641,0.0000000000000000,1.0000000000000000,-0.0000000437113883,-0.0000000227492265,0.9335803985595703,0.0000000156647637,0.3583679795265198,7.1470198631286621,0.0000000000000000,0.0000000000000000,0.0000000000000000,1.0000000000000000
M 0.3583679795265198,-0.0000000408080965,-0.9335803985595703,-6.6682224273681641,0.0000000000000000,1.0000000000000000,-0.0000000437113883,-0.0000000227492265,0.9335803985595703,0.0000000156647637,0.3583679795265198,7.1470198631286621,0.0000000000000000,0.0000000000000000,0.0000000000000000,1.0000000000000000
M 0.3583679795265198,-0.0000000408080965,-0.9335803985595703,-6.6682224273681641,0.0000000000000000,1.0000000000000000,-0.0000000437113883,-0.0000000227492265,0.9335803985595703,0.0000000156647637,0.3583679795265198,7.1470198631286621,0.0000000000000000,0.0000000000000000,0.0000000000000000,1.0000000000000000
M 0.3583679795265198,-0.0000000408080965,-0.9335803985595703,-6.6682224273681641,0.0000000000000000,1.0000000000000000,-0.0000000437113883,-0.0000000227492265,0.9335803985595703,0.0000000156647637,0.3583679795265198,7.1470198631286621,0.0000000000000000,0.0000000000000000,0.0000000000000000,1.0000000000000000
M 0.3583679795265198,-0.0000000408080965,-0.9335803985595703,-6.6682224273681641,0.0000000000000000,1.0000000000000000,-0.0000000437113883,-0.0000000227492265,0.9335803985595703,0.0000000156647637,0.3583679795265198,7.1470198631286621,0.0000000000000000,0.0000000000000000,0.0000000000000000,1.0000000000000000
M 0.3583679795265198,-0.0000000408080965,-0.9335803985595703,-6.6682224273681641,0.0000000000000000,1.0000000000000000,-0.0000000437113883,-0.0000000227492265,0.9335803985595703,0.0000000156647637,0.3583679795265198,7.1470198631286621,0.0000000000000000,0.0000000000000000,0.0000000000000000,1.0000000000000000
M 0.3583679795265198,-0.0000000408080965,-0.9335803985595703,-6.6682224273681641,0.0000000000000000,1.0000000000000000,-0.0000000437113883,-0.0000000227492265,0.9335803985595703,0.0000000156647637,0.3583679795265198,7.1470198631286621,0.0000000000000000,0.0000000000000000,0.0000000000000000,1.0000000000000000
M 0.3583679795265198,-0.0000000408080965,-0.9335803985595703,-6.6682224273681641,0.0000000000000000,1.0000000000000000,-0.0000000437113883,-0.0000000227492265,0.9335803985595703,0.0000000156647637,0.3583679795265198,7.1470198631286621,0.0000000000000000,0.0000000000000000,0.0000000000000000,1.0000000000000000
M 0.3583679795265198,-0.0000000408080965,-0.9335803985595703,-6.6682224273681641,0.0000000000000000,1.0000000000000000,-0.0000000437113883,-0.0000000227492265,0.9335803985595703,0.0000000156647637,0.3583679795265198,7.1470198631286621,0.0000000000000000,0.0000000000000000,0.0000000000000000,1.0000000000000000
M 0.3583679795265198,-0.0000000408080965,-0.9335803985595703,-6.6682224273681641,0.0000000000000000,1.0000000000000000,-0.0000000437113883,-0.0000000227492265,0.9335803985595703,0.0000000156647637,0.3583679795265198,7.1470198631286621,0.0000000000000000,0.0000000000000000,0.0000000000000000,1.0000000000000000
M 0.3583679795265198,-0.0000000408080965,-0.9335803985595703,-6.6682224273681641,0.0000000000000000,1.0000000000000000,-0.0000000437113883,-0.0000000227492265,0.9335803985595703,0.0000000156647637,0.3583679795265198,7.1470198631286621,0.0000000000000000,0.0000000000000000,0.0000000000000000,1.0000000000000000
M 0.3583679795265198,-0.0000000408080965,-0.9335803985595703,-6.6682224273681641,0.0000000000000000,1.0000000000000000,-0.0000000437113883,-0.0000000227492265,0.9335803985595703,0.0000000156647637,0.3583679795265198,7.1470198631286621,0.0000000000000000,0.0000000000000000,0.0000000000000000,1.0000000000000000
M 0.3583679795265198,-0.0000000408080965,-0.9335803985595703,-6.6682224273681641,0.0000000000000000,1.0000000000000000,-0.0000000437113883,-0.0000000227492265,0.9335803985595703,0.0000000156647637,0.3583679795265198,7.1470198631286621,0.0000000000000000,0.0000000000000000,0.0000000000000000,1.0000000000000000
M 0.3583679795265198,-0.0000000408080965,-0.9335803985595703,-6.6682224273681641,0.0000000000000000,1.0000000000000000,-0.0000000437113883,-0.0000000227492265,0.9335803985595703,0.0000000156647637,0.3583679795265198,7.1470198631286621,0.0000000000000000,0.0000000000000000,0.0000000000000000,1.0000000000000000
M 0.3583679795265198,-0.0000000408080965,-0.9335803985595703,-6.6682224273681641,0.0000000000000000,1.0000000000000000,-0.0000000437113883,-0.0000000227492265,0.9335803985595703,0.0000000156647637,0.3583679795265198,7.1470198631286621,0.0000000000000000,0.0000000000000000,0.0000000000000000,1.0000000000000000
M 0.3583679795265198,-0.0000000408080965,-0.9335803985595703,-6.6682224273681641,0.0000000000000000,1.0000000000000000,-0.0000000437113883,-0.0000000227492265,0.9335803985595703,0.0000000156647637,0.3583679795265198,7.1470198631286621,0.0000000000000000,0.0000000000000000,0.0000000000000000,1.0000000000000000
M 0.3583679795265198,-0.0000000408080965,-0.9335803985595703,-6.6682224273681641,0.0000000000000000,1.0000000000000000,-0.0000000437113883,-0.0000000227492265,0.9335803985595703,0.0000000156647637,0.3583679795265198,7.1470198631286621,0.0000000000000000,0.0000000000000000,0.0000000000000000,1.0000000000000000
M 0.3583679795265198,-0.0000000408080965,-0.9335803985595703,-6.6682224273681641,0.0000000000000000,1.0000000000000000,-0.0000000437113883,-0.0000000227492265,0.9335803985595703,0.0000000156647637,0.3583679795265198,7.1470198631286621,0.0000000000000000,0.0000000000000000,0.0000000000000000,1.0000000000000000
M 0.3583679795265198,-0.0000000408080965,-0.9335803985595703,-6.6682224273681641,0.0000000000000000,1.0000000000000000,-0.0000000437113883,-0.0000000227492265,0.9335803985595703,0.0000000156647637,0.3583679795265198,7.1470198631286621,0.0000000000000000,0.0000000000000000,0.0000000000000000,1.0000000000000000
M 0.3583679795265198,-0.0000000408080965,-0.9335803985595703,-6.6682224273681641,0.0000000000000000,1.0000000000000000,-0.0000000437113883,-0.0000000227492265,0.9335803985595703,0.0000000156647637,0.3583679795265198,7.1470198631286621,0.0000000000000000,0.0000000000000000,0.0000000000000000,1.0000000000000000
M 0.3583679795265198,-0.0000000408080965,-0.9335803985595703,-6.6682224273681641,0.0000000000000000,1.0000000000000000,-0.0000000437113883,-0.0000000227492265,0.9335803985595703,0.0000000156647637,0.3583679795265198,7.1470198631286621,0.0000000000000000,0.0000000000000000,0.0000000000000000,1.0000000000000000
M 0.3583679795265198,-0.0000000408080965,-0.9335803985595703,-6.6682224273681641,0.0000000000000000,1.0000000000000000,-0.0000000437113883,-0.0000000227492265,0.9335803985595703,0.0000000156647637,0.3583679795265198,7.1470198631286621,0.0000000000000000,0.0000000000000000,0.0000000000000000,1.0000000000000000
M 0.3583679795265198,-0.0000000408080965,-0.9335803985595703,-6.6682224273681641,0.0000000000000000,1.0000000000000000,-0.0000000437113883,-0.0000000227492265,0.9335803985595703,0.0000000156647637,0.3583679795265198,7.1470198631286621,0.0000000000000000,0.0000000000000000,0.0000000000000000,1.0000000000000000
M 0.3583679795265198,-0.0000000408080965,-0.9335803985595703,-6.6682224273681641,0.0000000000000000,1.0000000000000000,-0.0000000437113883,-0.0000000227492265,0.9335803985595703,0.0000000156647637,0.3583679795265198,7.1470198631286621,0.0000000000000000,0.0000000000000000,0.0000000000000000,1.0000000000000000
M 0.3583679795265198,-0.0000000408080965,-0.9335803985595703,-6.6682224273681641,0.0000000000000000,1.0000000000000000,-0.0000000437113883,-0.0000000227492265,0.9335803985595703,0.0000000156647637,0.3583679795265198,7.1470198631286621,0.0000000000000000,0.0000000000000000,0.0000000000000000,1.0000000000000000
M 0.3583679795265198,-0.0000000408080965,-0.9335803985595703,-6.6682224273681641,0.0000000000000000,1.0000000000000000,-0.0000000437113883,-0.0000000227492265,0.9335803985595703,0.0000000156647637,0.3583679795265198,7.1470198631286621,0.0000000000000000,0.0000000000000000,0.0000000000000000,1.0000000000000000
M 0.3583679795265198,-0.0000000408080965,-0.9335803985595703,-6.6682224273681641,0.0000000000000000,1.0000000000000000,-0.0000000437113883,-0.0000000227492265,0.9335803985595703,0.0000000156647637,0.3583679795265198,7.1470198631286621,0.0000000000000000,0.0000000000000000,0.0000000000000000,1.0000000000000000
M 0.3583679795265198,-0.0000000408080965,-0.9335803985595703,-6.6682224273681641,0.0000000000000000,1.0000000000000000,-0.0000000437113883,-0.0000000227492265,0.9335803985595703,0.0000000156647637,0.3583679795265198,7.1470198631286621,0.0000000000000000,0.0000000000000000,0.0000000000000000,1.0000000000000000
M 0.3583679795265198,-0.0000000408080965,-0.9335803985595703,-6.6682224273681641,0.0000000000000000,1.0000000000000000,-0.0000000437113883,-0.0000000227492265,0.9335803985595703,0.0000000156647637,0.3583679795265198,7.1470198631286621,0.0000000000000000,0.0000000000000000,0.0000000000000000,1.0000000000000000
M 0.3583679795265198,-0.0000000408080965,-0.9335803985595703,-6.6682224273681641,0.0000000000000000,1.0000000000000000,-0.0000000437113883,-0.0000000227492265,0.9335803985595703,0.0000000156647637,0.3583679795265198,7.1470198631286621,0.0000000000000000,0.0000000000000000,0.0000000000000000,1.0000000000000000
M 0.3583679795265198,-0.0000000408080965,-0.9335803985595703,-6.6682224273681641,0.0000000000000000,1.0000000000000000,-0.0000000437113883,-0.0000000227492265,0.9335803985595703,0.0000000156647637,0.3583679795265198,7.1470198631286621,0.0000000000000000,0.0000000000000000,0.0000000000000000,1.0000000000000000
M 0.3583679795265198,-0.0000000408080965,-0.9335803985595703,-6.6682224273681641,0.0000000000000000,1.0000000000000000,-0.0000000437113883,-0.0000000227492265,0.9335803985595703,0.0000000156647637,0.3583679795265198,7.1470198631286621,0.0000000000000000,0.0000000000000000,0.0000000000000000,1.0000000000000000
M 0.3583679795265198,-0.0000000408080965,-0.9335803985595703,-6.6682224273681641,0.0000000000000000,1.0000000000000000,-0.0000000437113883,-0.0000000227492265,0.9335803985595703,0.0000000156647637,0.3583679795265198,7.1470198631286621,0.0000000000000000,0.0000000000000000,0.0000000000000000,1.0000000000000000
M 0.3583679795265198,-0.0000000408080965,-0.9335803985595703,-6.6682224273681641,0.0000000000000000,1.0000000000000000,-0.0000000437113883,-0.0000000227492265,0.9335803985595703,0.0000000156647637,0.3583679795265198,7.1470198631286621,0.0000000000000000,0.0000000000000000,0.0000000000000000,1.0000000000000000
M 0.3583679795265198,-0.0000000408080965,-0.9335803985595703,-6.6682224273681641,0.0000000000000000,1.0000000000000000,-0.0000000437113883,-0.0000000227492265,0.9335803985595703,0.0000000156647637,0.3583679795265198,7.1470198631286621,0.0000000000000000,0.0000000000000000,0.0000000000000000,1.0000000000000000
M 0.3583679795265198,-0.0000000408080965,-0.9335803985595703,-6.6682224273681641,0.0000000000000000,1.0000000000000000,-0.0000000437113883,-0.0000000227492265,0.9335803985595703,0.0000000156647637,0.3583679795265198,7.1470198631286621,0.0000000000000000,0.0000000000000000,0.0000000000000000,1.0000000000000000
M 0.3583679795265198,-0.0000000408080965,-0.9335803985595703,-6.6682224273681641,0.0000000000000000,1.0000000000000000,-0.0000000437113883,-0.0000000227492265,0.9335803985595703,0.0000000156647637,0.3583679795265198,7.1470198631286621,0.0000000000000000,0.0000000000000000,0.0000000000000000,1.0000000000000000
M 0.3583679795265198,-0.0000000408080965,-0.9335803985595703,-6.6682224273681641,0.0000000000000000,1.0000000000000000,-0.0000000437113883,-0.0000000227492265,0.9335803985595703,0.0000000156647637,0.3583679795265198,7.1470198631286621,0.0000000000000000,0.0000000000000000,0.0000000000000000,1.0000000000000000
M 0.3583679795265198,-0.0000000408080965,-0.9335803985595703,-6.6682224273681641,0.0000000000000000,1.0000000000000000,-0.0000000437113883,-0.0000000227492265,0.9335803985595703,0.0000000156647637,0.3583679795265198,7.1470198631286621,0.0000000000000000,0.0000000000000000,0.0000000000000000,1.0000000000000000
M 0.3583679795265198,-0.0000000408080965,-0.9335803985595703,-6.6682224273681641,0.0000000000000000,1.0000000000000000,-0.0000000437113883,-0.0000000227492265,0.9335803985595703,0.0000000156647637,0.3583679795265198,7.1470198631286621,0.0000000000000000,0.0000000000000000,0.0000000000000000,1.0000000000000000
M 0.3583679795265198,-0.0000000408080965,-0.9335803985595703,-6.6682224273681641,0.0000000000000000,1.0000000000000000,-0.0000000437113883,-0.0000000227492265,0.9335803985595703,0.0000000156647637,0.3583679795265198,7.1470198631286621,0.0000000000000000,0.0000000000000000,0.0000000000000000,1.0000000000000000
M 0.3583679795265198,-0.0000000408080965,-0.9335803985595703,-6.6682224273681641,0.0000000000000000,1.0000000000000000,-0.0000000437113883,-0.0000000227492265,0.9335803985595703,0.0000000156647637,0.3583679795265198,7.1470198631286621,0.0000000000000000,0.0000000000000000,0.0000000000000000,1.0000000000000000
M 0.3583679795265198,-0.0000000408080965,-0.9335803985595703,-6.6682224273681641,0.0000000000000000,1.0000000000000000,-0.0000000437113883,-0.0000000227492265,0.9335803985595703,0.0000000156647637,0.3583679795265198,7.1470198631286621,0.0000000000000000,0.0000000000000000,0.0000000000000000,1.0000000000000000
M 0.3583679795265198,-0.0000000408080965,-0.9335803985595703,-6.6682224273681641,0.0000000000000000,1.0000000000000000,-0.0000000437113883,-0.0000000227492265,0.9335803985595703,0.0000000156647637,0.3583679795265198,7.1470198631286621,0.0000000000000000,0.0000000000000000,0.0000000000000000,1.0000000000000000
M 0.3583679795265198,-0.0000000408080965,-0.9335803985595703,-6.6682224273681641,0.0000000000000000,1.0000000000000000,-0.0000000437113883,-0.0000000227492265,0.9335803985595703,0.0000000156647637,0.3583679795265198,7.1470198631286621,0.0000000000000000,0.0000000000000000,0.0000000000000000,1.0000000000000000
M 0.3583679795265198,-0.0000000408080965,-0.9335803985595703,-6.6682224273681641,0.0000000000000000,1.0000000000000000,-0.0000000437113883,-0.0000000227492265,0.9335803985595703,0.0000000156647637,0.3583679795265198,7.1470198631286621,0.0000000000000000,0.0000000000000000,0.0000000000000000,1.0000000000000000
M 0.3583679795265198,-0.0000000408080965,-0.9335803985595703,-6.6682224273681641,0.0000000000000000,1.0000000000000000,-0.0000000437113883,-0.0000000227492265,0.9335803985595703,0.0000000156647637,0.3583679795265198,7.1470198631286621,0.0000000000000000,0.0000000000000000,0.0000000000000000,1.0000000000000000
M 0.3583679795265198,-0.0000000408080965,-0.9335803985595703,-6.6682224273681641,0.0000000000000000,1.0000000000000000,-0.0000000437113883,-0.0000000227492265,0.9335803985595703,0.0000000156647637,0.3583679795265198,7.1470198631286621,0.0000000000000000,0.0000000000000000,0.0000000000000000,1.0000000000000000
M 0.3583679795265198,-0.0000000408080965,-0.9335803985595703,-6.6682224273681641,0.0000000000000000,1.0000000000000000,-0.0000000437113883,-0.0000000227492265,0.9335803985595703,0.0000000156647637,0.3583679795265198,7.1470198631286621,0.0000000000000000,0.0000000000000000,0.0000000000000000,1.0000000000000000
M 0.3583679795265198,-0.0000000408080965,-0.9335803985595703,-6.6682224273681641,0.0000000000000000,1.0000000000000000,-0.0000000437113883,-0.0000000227492265,0.9335803985595703,0.0000000156647637,0.3583679795265198,7.1470198631286621,0.0000000000000000,0.0000000000000000,0.0000000000000000,1.0000000000000000
M 0.3583679795265198,-0.0000000408080965,-0.9335803985595703,-6.6682224273681641,0.0000000000000000,1.0000000000000000,-0.0000000437113883,-0.0000000227492265,0.9335803985595703,0.0000000156647637,0.3583679795265198,7.1470198631286621,0.0000000000000000,0.0000000000000000,0.0000000000000000,1.0000000000000000
O DOOR_2_EXTERNAL_TL_dfr
A DOOR_2_EXTERNAL_TL_dfr_DOOR_2_EXTERNAL_TL_dfr
M 1.0000000000000000,0.0000000000000000,0.0000000000000000,0.0000000000000000,0.0000000000000000,1.0000000000000000,-0.0000000437113883,0.0000000000000000,-0.0000000000000000,0.0000000437113883,1.0000000000000000,-0.0000000000000000,0.0000000000000000,0.0000000000000000,0.0000000000000000,1.0000000000000000
M 1.0000000000000000,0.0000000000000000,0.0000000000000000,0.0000293054563372,0.0000000000000000,1.0000000000000000,-0.0000000437113883,0.0000000000000000,-0.0000000000000000,0.0000000437113883,1.0000000000000000,-0.0003180337953381,0.0000000000000000,0.0000000000000000,0.0000000000000000,1.0000000000000000
M 1.0000000000000000,0.0000000000000000,0.0000000000000000,0.0001241551217390,0.0000000000000000,1.0000000000000000,-0.0000000437113883,0.0000000000000000,-0.0000000000000000,0.0000000437113883,1.0000000000000000,-0.0012466924963519,0.0000000000000000,0.0000000000000000,0.0000000000000000,1.0000000000000000
M 1.0000000000000000,0.0000000000000000,0.0000000000000000,0.0002949489571620,0.0000000000000000,1.0000000000000000,-0.0000000437113883,0.0000000000000000,-0.0000000000000000,0.0000000437113883,1.0000000000000000,-0.0027478120755404,0.0000000000000000,0.0000000000000000,0.0000000000000000,1.0000000000000000
M 1.0000000000000000,0.0000000000000000,0.0000000000000000,0.0005520869162865,0.0000000000000000,1.0000000000000000,-0.0000000437113883,0.0000000000000000,-0.0000000000000000,0.0000000437113883,1.0000000000000000,-0.0047832280397415,0.0000000000000000,0.0000000000000000,0.0000000000000000,1.0000000000000000
M 1.0000000000000000,0.0000000000000000,0.0000000000000000,0.0009059688309208,0.0000000000000000,1.0000000000000000,-0.0000000437113883,0.0000000000000000,-0.0000000000000000,0.0000000437113883,1.0000000000000000,-0.0073147765360773,0.0000000000000000,0.0000000000000000,0.0000000000000000,1.0000000000000000
M 1.0000000000000000,0.0000000000000000,0.0000000000000000,0.0013669946929440,0.0000000000000000,1.0000000000000000,-0.0000000437113883,0.0000000000000000,-0.0000000000000000,0.0000000437113883,1.0000000000000000,-0.0103042935952544,0.0000000000000000,0.0000000000000000,0.0000000000000000,1.0000000000000000
M 1.0000000000000000,0.0000000000000000,0.0000000000000000,0.0019455646397546,0.0000000000000000,1.0000000000000000,-0.0000000437113883,0.0000000000000000,-0.0000000000000000,0.0000000437113883,1.0000000000000000,-0.0137136140838265,0.0000000000000000,0.0000000000000000,0.0000000000000000,1.0000000000000000
