O DOOR_13_INTERIOR_LCG_il_LINVERT_CG_drl
A DOOR_13_INTERIOR_LCG_il_LINVERT_CG_drl_DOOR_13_INTERIOR_LCG_il_LINVERT_CG_drl
M 1.0000000000000000,0.0000000000000000,0.0000000000000000,0.0000000000000000,0.0000000000000000,1.0000000000000000,-0.0000000437113883,0.0000000275289977,-0.0000000000000000,0.0000000437113883,1.0000000000000000,-0.0000000578659609,0.0000000000000000,0.0000000000000000,0.0000000000000000,1.0000000000000000
M 0.9999971985816956,0.0000000001035318,0.0023685307241976,-0.0028456891886890,0.0000000000000000,1.0000000000000000,-0.0000000437113883,0.0000000275289977,-0.0023685307241976,0.0000000437112675,0.9999971985816956,0.0256786588579416,0.0000000000000000,0.0000000000000000,0.0000000000000000,1.0000000000000000
M 0.9999566674232483,0.0000000004069194,0.0093092303723097,-0.0108344294130802,0.0000000000000000,1.0000000000000000,-0.0000000437113883,0.0000000275289977,-0.0093092303723097,0.0000000437095018,0.9999566674232483,0.1009660884737968,0.0000000000000000,0.0000000000000000,0.0000000000000000,1.0000000000000000
M 0.9997883439064026,0.0000000008993136,0.0205738935619593,-0.0226892065256834,0.0000000000000000,1.0000000000000000,-0.0000000437113883,0.0000000275289977,-0.0205738935619593,0.0000000437021370,0.9997883439064026,0.2232813239097595,0.0000000000000000,0.0000000000000000,0.0000000000000000,1.0000000000000000
M 0.9993549585342407,0.0000000015697460,0.0359115973114967,-0.0366166271269321,0.0000000000000000,1.0000000000000000,-0.0000000437113883,0.0000000275289977,-0.0359115973114967,0.0000000436831940,0.9993549585342407,0.3900708556175232,0.0000000000000000,0.0000000000000000,0.0000000000000000,1.0000000000000000
M 0.9984827041625977,0.0000000024070232,0.0550662726163864,-0.0504212789237499,0.0000000000000000,1.0000000000000000,-0.0000000437113883,0.0000000275289977,-0.0550662726163864,0.0000000436450662,0.9984827041625977,0.5987698435783386,0.0000000000000000,0.0000000000000000,0.0000000000000000,1.0000000000000000
M 0.9969710111618042,0.0000000033996115,0.0777740329504013,-0.0616092793643475,0.0000000000000000,1.0000000000000000,-0.0000000437113883,0.0000000275289977,-0.0777740329504013,0.0000000435789858,0.9969710111618042,0.8467613458633423,0.0000000000000000,0.0000000000000000,0.0000000000000000,1.0000000000000000
M 0.9946023225784302,0.0000000045355204,0.1037606075406075,-0.0674891397356987,0.0000000000000000,1.0000000000000000,-0.0000000437113883,0.0000000275289977,-0.1037606075406075,0.0000000434754561,0.9946023225784302,1.1313365697860718,0.0000000000000000,0.0000000000000000,0.0000000000000000,1.0000000000000000
M 0.9911509752273560,0.0000000058022160,0.1327392309904099,-0.0652655139565468,0.0000000000000000,1.0000000000000000,-0.0000000437113883,0.0000000275289977,-0.1327392309904099,0.0000000433245866,0.9911509752273560,1.4496606588363647,0.0000000000000000,0.0000000000000000,0.0000000000000000,1.0000000000000000
M 0.9863922595977783,0.0000000071865456,0.1644089967012405,-0.0521382428705692,0.0000000000000000,1.0000000000000000,-0.0000000437113883,0.0000000275289977,-0.1644089967012405,0.0000000431165823,0.9863922595977783,1.7987447977066040,0.0000000000000000,0.0000000000000000,0.0000000000000000,1.0000000000000000
M 0.9801101684570312,0.0000000086747134,0.1984543055295944,-0.0253828335553408,0.0000000000000000,1.0000000000000000,-0.0000000437113883,0.0000000275289977,-0.1984543055295944,0.0000000428419824,0.9801101684570312,2.1754300594329834,0.0000000000000000,0.0000000000000000,0.0000000000000000,1.0000000000000000
M 0.9721053242683411,0.0000000102522817,0.2345448732376099,0.0175647288560867,0.0000000000000000,1.0000000000000000,-0.0000000437113883,0.0000000275289977,-0.2345448732376099,0.0000000424920721,0.9721053242683411,2.5763783454895020,0.0000000000000000,0.0000000000000000,0.0000000000000000,1.0000000000000000
M 0.9622019529342651,0.0000000119042198,0.2723368108272552,0.0790265649557114,0.0000000000000000,1.0000000000000000,-0.0000000437113883,0.0000000275289977,-0.2723368108272552,0.0000000420591846,0.9622019529342651,2.9980750083923340,0.0000000000000000,0.0000000000000000,0.0000000000000000,1.0000000000000000
M 0.9502543210983276,0.0000000136150087,0.3114750981330872,0.1610139757394791,0.0000000000000000,1.0000000000000000,-0.0000000437113883,0.0000000275289977,-0.3114750981330872,0.0000000415369357,0.9502543210983276,3.4368491172790527,0.0000000000000000,0.0000000000000000,0.0000000000000000,1.0000000000000000
M 0.9361518025398254,0.0000000153687569,0.3515961170196533,0.2651673257350922,0.0000000000000000,1.0000000000000000,-0.0000000437113883,0.0000000275289977,-0.3515961170196533,0.0000000409204937,0.9361518025398254,3.8888928890228271,0.0000000000000000,0.0000000000000000,0.0000000000000000,1.0000000000000000
M 0.9198236465454102,0.0000000171493770,0.3923320174217224,0.3926990926265717,0.0000000000000000,1.0000000000000000,-0.0000000437113883,0.0000000275289977,-0.3923320174217224,0.0000000402067677,0.9198236465454102,4.3503046035766602,0.0000000000000000,0.0000000000000000,0.0000000000000000,1.0000000000000000
M 0.9012426137924194,0.0000000189407938,0.4333148598670959,0.5443536043167114,0.0000000000000000,1.0000000000000000,-0.0000000437113883,0.0000000275289977,-0.4333148598670959,0.0000000393945747,0.9012426137924194,4.8171286582946777,0.0000000000000000,0.0000000000000000,0.0000000000000000,1.0000000000000000
M 0.8804268240928650,0.0000000207271569,0.4741820693016052,0.7203738093376160,0.0000000000000000,1.0000000000000000,-0.0000000437113883,0.0000000275289977,-0.4741820693016052,0.0000000384846786,0.8804268240928650,5.2854137420654297,0.0000000000000000,0.0000000000000000,0.0000000000000000,1.0000000000000000
M 0.8574413061141968,0.0000000224930830,0.5145817399024963,0.9204813241958618,0.0000000000000000,1.0000000000000000,-0.0000000437113883,0.0000000275289977,-0.5145817399024963,0.0000000374799498,0.8574413061141968,5.7512650489807129,0.0000000000000000,0.0000000000000000,0.0000000000000000,1.0000000000000000
M 0.8323979377746582,0.0000000242239047,0.5541783571243286,1.1438713073730469,0.0000000000000000,1.0000000000000000,-0.0000000437113883,0.0000000275289977,-0.5541783571243286,0.0000000363852770,0.8323979377746582,6.2109098434448242,0.0000000000000000,0.0000000000000000,0.0000000000000000,1.0000000000000000
M 0.8054541349411011,0.0000000259059121,0.5926581025123596,1.3892189264297485,0.0000000000000000,1.0000000000000000,-0.0000000437113883,0.0000000275289977,-0.5926581025123596,0.0000000352075169,0.8054541349411011,6.6607556343078613,0.0000000000000000,0.0000000000000000,0.0000000000000000,1.0000000000000000
M 0.7768108844757080,0.0000000275265482,0.6297339200973511,1.6546944379806519,0.0000000000000000,1.0000000000000000,-0.0000000437113883,0.0000000275289977,-0.6297339200973511,0.0000000339554802,0.7768108844757080,7.0974464416503906,0.0000000000000000,0.0000000000000000,0.0000000000000000,1.0000000000000000
M 0.7467089891433716,0.0000000290746716,0.6651508808135986,1.9379953145980835,0.0000000000000000,1.0000000000000000,-0.0000000437113883,0.0000000275289977,-0.6651508808135986,0.0000000326396865,0.7467089891433716,7.5179262161254883,0.0000000000000000,0.0000000000000000,0.0000000000000000,1.0000000000000000
M 0.7154259085655212,0.0000000305406509,0.6986886262893677,2.2363827228546143,0.0000000000000000,1.0000000000000000,-0.0000000437113883,0.0000000275289977,-0.6986886262893677,0.0000000312722612,0.7154259085655212,7.9194688796997070,0.0000000000000000,0.0000000000000000,0.0000000000000000,1.0000000000000000
M 0.6832696795463562,0.0000000319165743,0.7301660776138306,2.5467367172241211,0.0000000000000000,1.0000000000000000,-0.0000000437113883,0.0000000275289977,-0.7301660776138306,0.0000000298666656,0.6832696795463562,8.2997388839721680,0.0000000000000000,0.0000000000000000,0.0000000000000000,1.0000000000000000
M 0.6505750417709351,0.0000000331962653,0.7594419717788696,2.8656013011932373,0.0000000000000000,1.0000000000000000,-0.0000000437113883,0.0000000275289977,-0.7594419717788696,0.0000000284375421,0.6505750417709351,8.6567964553833008,0.0000000000000000,0.0000000000000000,0.0000000000000000,1.0000000000000000
M 0.6176969408988953,0.0000000343753470,0.7864162325859070,3.1892490386962891,0.0000000000000000,1.0000000000000000,-0.0000000437113883,0.0000000275289977,-0.7864162325859070,0.0000000270003948,0.6176969408988953,8.9891271591186523,0.0000000000000000,0.0000000000000000,0.0000000000000000,1.0000000000000000
M 0.5850052237510681,0.0000000354512260,0.8110294938087463,3.5137436389923096,0.0000000000000000,1.0000000000000000,-0.0000000437113883,0.0000000275289977,-0.8110294938087463,0.0000000255713868,0.5850052237510681,9.2956371307373047,0.0000000000000000,0.0000000000000000,0.0000000000000000,1.0000000000000000
M 0.5528797507286072,0.0000000364230068,0.8332610726356506,3.8349926471710205,0.0000000000000000,1.0000000000000000,-0.0000000437113883,0.0000000275289977,-0.8332610726356506,0.0000000241671412,0.5528797507286072,9.5756435394287109,0.0000000000000000,0.0000000000000000,0.0000000000000000,1.0000000000000000
M 0.5217033624649048,0.0000000372913647,0.8531269431114197,4.1488256454467773,0.0000000000000000,1.0000000000000000,-0.0000000437113883,0.0000000275289977,-0.8531269431114197,0.0000000228043824,0.5217033624649048,9.8288507461547852,0.0000000000000000,0.0000000000000000,0.0000000000000000,1.0000000000000000
M 0.4918598830699921,0.0000000380583849,0.8706743717193604,4.4510250091552734,0.0000000000000000,1.0000000000000000,-0.0000000437113883,0.0000000275289977,-0.8706743717193604,0.0000000214998792,0.4918598830699921,10.0553083419799805,0.0000000000000000,0.0000000000000000,0.0000000000000000,1.0000000000000000
M 0.4637277424335480,0.0000000387273182,0.8859777450561523,4.7373986244201660,0.0000000000000000,1.0000000000000000,-0.0000000437113883,0.0000000275289977,-0.8859777450561523,0.0000000202701873,0.4637277424335480,10.2553615570068359,0.0000000000000000,0.0000000000000000,0.0000000000000000,1.0000000000000000
M 0.4376770555973053,0.0000000393023178,0.8991322517395020,5.0038185119628906,0.0000000000000000,1.0000000000000000,-0.0000000437113883,0.0000000275289977,-0.8991322517395020,0.0000000191314715,0.4376770555973053,10.4295930862426758,0.0000000000000000,0.0000000000000000,0.0000000000000000,1.0000000000000000
M 0.4140678048133850,0.0000000397881159,0.9102460145950317,5.2462506294250488,0.0000000000000000,1.0000000000000000,-0.0000000437113883,0.0000000275289977,-0.9102460145950317,0.0000000180994792,0.4140678048133850,10.5787372589111328,0.0000000000000000,0.0000000000000000,0.0000000000000000,1.0000000000000000
M 0.3932465612888336,0.0000000401896969,0.9194330573081970,5.4608001708984375,0.0000000000000000,1.0000000000000000,-0.0000000437113883,0.0000000275289977,-0.9194330573081970,0.0000000171893539,0.3932465612888336,10.7036104202270508,0.0000000000000000,0.0000000000000000,0.0000000000000000,1.0000000000000000
M 0.3755453824996948,0.0000000405118890,0.9268040060997009,5.6437325477600098,0.0000000000000000,1.0000000000000000,-0.0000000437113883,0.0000000275289977,-0.9268040060997009,0.0000000164156102,0.3755453824996948,10.8050088882446289,0.0000000000000000,0.0000000000000000,0.0000000000000000,1.0000000000000000
M 0.3612810671329498,0.0000000407589873,0.9324569702148438,5.7914958000183105,0.0000000000000000,1.0000000000000000,-0.0000000437113883,0.0000000275289977,-0.9324569702148438,0.0000000157920983,0.3612810671329498,10.8836088180541992,0.0000000000000000,0.0000000000000000,0.0000000000000000,1.0000000000000000
M 0.3507528603076935,0.0000000409343208,0.9364680647850037,5.9007525444030762,0.0000000000000000,1.0000000000000000,-0.0000000437113883,0.0000000275289977,-0.9364680647850037,0.0000000153318958,0.3507528603076935,10.9398746490478516,0.0000000000000000,0.0000000000000000,0.0000000000000000,1.0000000000000000
M 0.3442448079586029,0.0000000410397440,0.9388799071311951,5.9683718681335449,0.0000000000000000,1.0000000000000000,-0.0000000437113883,0.0000000275289977,-0.9388799071311951,0.0000000150474193,0.3442448079586029,10.9739227294921875,0.0000000000000000,0.0000000000000000,0.0000000000000000,1.0000000000000000
M 0.3420201539993286,0.0000000410752676,0.9396926164627075,5.9915003776550293,0.0000000000000000,1.0000000000000000,-0.0000000437113883,0.0000000275289977,-0.9396926164627075,0.0000000149501762,0.3420201539993286,10.9854335784912109,0.0000000000000000,0.0000000000000000,0.0000000000000000,1.0000000000000000
M 0.3420201539993286,0.0000000410752676,0.9396926164627075,5.9915003776550293,0.0000000000000000,1.0000000000000000,-0.0000000437113883,0.0000000275289977,-0.9396926164627075,0.0000000149501762,0.3420201539993286,10.9854335784912109,0.0000000000000000,0.0000000000000000,0.0000000000000000,1.0000000000000000
M 0.3420201539993286,0.0000000410752676,0.9396926164627075,5.9915003776550293,0.0000000000000000,1.0000000000000000,-0.0000000437113883,0.0000000275289977,-0.9396926164627075,0.0000000149501762,0.3420201539993286,10.9854335784912109,0.0000000000000000,0.0000000000000000,0.0000000000000000,1.0000000000000000
M 0.3420201539993286,0.0000000410752676,0.9396926164627075,5.9915003776550293,0.0000000000000000,1.0000000000000000,-0.0000000437113883,0.0000000275289977,-0.9396926164627075,0.0000000149501762,0.3420201539993286,10.9854335784912109,0.0000000000000000,0.0000000000000000,0.0000000000000000,1.0000000000000000
M 0.3420201539993286,0.0000000410752676,0.9396926164627075,5.9915003776550293,0.0000000000000000,1.0000000000000000,-0.0000000437113883,0.0000000275289977,-0.9396926164627075,0.0000000149501762,0.3420201539993286,10.9854335784912109,0.0000000000000000,0.0000000000000000,0.0000000000000000,1.0000000000000000
M 0.3420201539993286,0.0000000410752676,0.9396926164627075,5.9915003776550293,0.0000000000000000,1.0000000000000000,-0.0000000437113883,0.0000000275289977,-0.9396926164627075,0.0000000149501762,0.3420201539993286,10.9854335784912109,0.0000000000000000,0.0000000000000000,0.0000000000000000,1.0000000000000000
M 0.3420201539993286,0.0000000410752676,0.9396926164627075,5.9915003776550293,0.0000000000000000,1.0000000000000000,-0.0000000437113883,0.0000000275289977,-0.9396926164627075,0.0000000149501762,0.3420201539993286,10.9854335784912109,0.0000000000000000,0.0000000000000000,0.0000000000000000,1.0000000000000000
M 0.3420201539993286,0.0000000410752676,0.9396926164627075,5.9915003776550293,0.0000000000000000,1.0000000000000000,-0.0000000437113883,0.0000000275289977,-0.9396926164627075,0.0000000149501762,0.3420201539993286,10.9854335784912109,0.0000000000000000,0.0000000000000000,0.0000000000000000,1.0000000000000000
M 0.3420201539993286,0.0000000410752676,0.9396926164627075,5.9915003776550293,0.0000000000000000,1.0000000000000000,-0.0000000437113883,0.0000000275289977,-0.9396926164627075,0.0000000149501762,0.3420201539993286,10.9854335784912109,0.0000000000000000,0.0000000000000000,0.0000000000000000,1.0000000000000000
M 0.3420201539993286,0.0000000410752676,0.9396926164627075,5.9915003776550293,0.0000000000000000,1.0000000000000000,-0.0000000437113883,0.0000000275289977,-0.9396926164627075,0.0000000149501762,0.3420201539993286,10.9854335784912109,0.0000000000000000,0.0000000000000000,0.0000000000000000,1.0000000000000000
M 0.3420201539993286,0.0000000410752676,0.9396926164627075,5.9915003776550293,0.0000000000000000,1.0000000000000000,-0.0000000437113883,0.0000000275289977,-0.9396926164627075,0.0000000149501762,0.3420201539993286,10.9854335784912109,0.0000000000000000,0.0000000000000000,0.0000000000000000,1.0000000000000000
M 0.3420201539993286,0.0000000410752676,0.9396926164627075,5.9915003776550293,0.0000000000000000,1.0000000000000000,-0.0000000437113883,0.0000000275289977,-0.9396926164627075,0.0000000149501762,0.3420201539993286,10.9854335784912109,0.0000000000000000,0.0000000000000000,0.0000000000000000,1.0000000000000000
M 0.3420201539993286,0.0000000410752676,0.9396926164627075,5.9915003776550293,0.0000000000000000,1.0000000000000000,-0.0000000437113883,0.0000000275289977,-0.9396926164627075,0.0000000149501762,0.3420201539993286,10.9854335784912109,0.0000000000000000,0.0000000000000000,0.0000000000000000,1.0000000000000000
M 0.3420201539993286,0.0000000410752676,0.9396926164627075,5.9915003776550293,0.0000000000000000,1.0000000000000000,-0.0000000437113883,0.0000000275289977,-0.9396926164627075,0.0000000149501762,0.3420201539993286,10.9854335784912109,0.0000000000000000,0.0000000000000000,0.0000000000000000,1.0000000000000000
M 0.3420201539993286,0.0000000410752676,0.9396926164627075,5.9915003776550293,0.0000000000000000,1.0000000000000000,-0.0000000437113883,0.0000000275289977,-0.9396926164627075,0.0000000149501762,0.3420201539993286,10.9854335784912109,0.0000000000000000,0.0000000000000000,0.0000000000000000,1.0000000000000000
M 0.3420201539993286,0.0000000410752676,0.9396926164627075,5.9915003776550293,0.0000000000000000,1.0000000000000000,-0.0000000437113883,0.0000000275289977,-0.9396926164627075,0.0000000149501762,0.3420201539993286,10.9854335784912109,0.0000000000000000,0.0000000000000000,0.0000000000000000,1.0000000000000000
M 0.3420201539993286,0.0000000410752676,0.9396926164627075,5.9915003776550293,0.0000000000000000,1.0000000000000000,-0.0000000437113883,0.0000000275289977,-0.9396926164627075,0.0000000149501762,0.3420201539993286,10.9854335784912109,0.0000000000000000,0.0000000000000000,0.0000000000000000,1.0000000000000000
M 0.3420201539993286,0.0000000410752676,0.9396926164627075,5.9915003776550293,0.0000000000000000,1.0000000000000000,-0.0000000437113883,0.0000000275289977,-0.9396926164627075,0.0000000149501762,0.3420201539993286,10.9854335784912109,0.0000000000000000,0.0000000000000000,0.0000000000000000,1.0000000000000000
M 0.3420201539993286,0.0000000410752676,0.9396926164627075,5.9915003776550293,0.0000000000000000,1.0000000000000000,-0.0000000437113883,0.0000000275289977,-0.9396926164627075,0.0000000149501762,0.3420201539993286,10.9854335784912109,0.0000000000000000,0.0000000000000000,0.0000000000000000,1.0000000000000000
M 0.3420201539993286,0.0000000410752676,0.9396926164627075,5.9915003776550293,0.0000000000000000,1.0000000000000000,-0.0000000437113883,0.0000000275289977,-0.9396926164627075,0.0000000149501762,0.3420201539993286,10.9854335784912109,0.0000000000000000,0.0000000000000000,0.0000000000000000,1.0000000000000000
M 0.3420201539993286,0.0000000410752676,0.9396926164627075,5.9915003776550293,0.0000000000000000,1.0000000000000000,-0.0000000437113883,0.0000000275289977,-0.9396926164627075,0.0000000149501762,0.3420201539993286,10.9854335784912109,0.0000000000000000,0.0000000000000000,0.0000000000000000,1.0000000000000000
M 0.3420201539993286,0.0000000410752676,0.9396926164627075,5.9915003776550293,0.0000000000000000,1.0000000000000000,-0.0000000437113883,0.0000000275289977,-0.9396926164627075,0.0000000149501762,0.3420201539993286,10.9854335784912109,0.0000000000000000,0.0000000000000000,0.0000000000000000,1.0000000000000000
M 0.3420201539993286,0.0000000410752676,0.9396926164627075,5.9915003776550293,0.0000000000000000,1.0000000000000000,-0.0000000437113883,0.0000000275289977,-0.9396926164627075,0.0000000149501762,0.3420201539993286,10.9854335784912109,0.0000000000000000,0.0000000000000000,0.0000000000000000,1.0000000000000000
M 0.3420201539993286,0.0000000410752676,0.9396926164627075,5.9915003776550293,0.0000000000000000,1.0000000000000000,-0.0000000437113883,0.0000000275289977,-0.9396926164627075,0.0000000149501762,0.3420201539993286,10.9854335784912109,0.0000000000000000,0.0000000000000000,0.0000000000000000,1.0000000000000000
M 0.3420201539993286,0.0000000410752676,0.9396926164627075,5.9915003776550293,0.0000000000000000,1.0000000000000000,-0.0000000437113883,0.0000000275289977,-0.9396926164627075,0.0000000149501762,0.3420201539993286,10.9854335784912109,0.0000000000000000,0.0000000000000000,0.0000000000000000,1.0000000000000000
M 0.3420201539993286,0.0000000410752676,0.9396926164627075,5.9915003776550293,0.0000000000000000,1.0000000000000000,-0.0000000437113883,0.0000000275289977,-0.9396926164627075,0.0000000149501762,0.3420201539993286,10.9854335784912109,0.0000000000000000,0.0000000000000000,0.0000000000000000,1.0000000000000000
M 0.3420201539993286,0.0000000410752676,0.9396926164627075,5.9915003776550293,0.0000000000000000,1.0000000000000000,-0.0000000437113883,0.0000000275289977,-0.9396926164627075,0.0000000149501762,0.3420201539993286,10.9854335784912109,0.0000000000000000,0.0000000000000000,0.0000000000000000,1.0000000000000000
M 0.3420201539993286,0.0000000410752676,0.9396926164627075,5.9915003776550293,0.0000000000000000,1.0000000000000000,-0.0000000437113883,0.0000000275289977,-0.9396926164627075,0.0000000149501762,0.3420201539993286,10.9854335784912109,0.0000000000000000,0.0000000000000000,0.0000000000000000,1.0000000000000000
M 0.3420201539993286,0.0000000410752676,0.9396926164627075,5.9915003776550293,0.0000000000000000,1.0000000000000000,-0.0000000437113883,0.0000000275289977,-0.9396926164627075,0.0000000149501762,0.3420201539993286,10.9854335784912109,0.0000000000000000,0.0000000000000000,0.0000000000000000,1.0000000000000000
M 0.3420201539993286,0.0000000410752676,0.9396926164627075,5.9915003776550293,0.0000000000000000,1.0000000000000000,-0.0000000437113883,0.0000000275289977,-0.9396926164627075,0.0000000149501762,0.3420201539993286,10.9854335784912109,0.0000000000000000,0.0000000000000000,0.0000000000000000,1.0000000000000000
M 0.3420201539993286,0.0000000410752676,0.9396926164627075,5.9915003776550293,0.0000000000000000,1.0000000000000000,-0.0000000437113883,0.0000000275289977,-0.9396926164627075,0.0000000149501762,0.3420201539993286,10.9854335784912109,0.0000000000000000,0.0000000000000000,0.0000000000000000,1.0000000000000000
M 0.3420201539993286,0.0000000410752676,0.9396926164627075,5.9915003776550293,0.0000000000000000,1.0000000000000000,-0.0000000437113883,0.0000000275289977,-0.9396926164627075,0.0000000149501762,0.3420201539993286,10.9854335784912109,0.0000000000000000,0.0000000000000000,0.0000000000000000,1.0000000000000000
M 0.3420201539993286,0.0000000410752676,0.9396926164627075,5.9915003776550293,0.0000000000000000,1.0000000000000000,-0.0000000437113883,0.0000000275289977,-0.9396926164627075,0.0000000149501762,0.3420201539993286,10.9854335784912109,0.0000000000000000,0.0000000000000000,0.0000000000000000,1.0000000000000000
M 0.3420201539993286,0.0000000410752676,0.9396926164627075,5.9915003776550293,0.0000000000000000,1.0000000000000000,-0.0000000437113883,0.0000000275289977,-0.9396926164627075,0.0000000149501762,0.3420201539993286,10.9854335784912109,0.0000000000000000,0.0000000000000000,0.0000000000000000,1.0000000000000000
M 0.3420201539993286,0.0000000410752676,0.9396926164627075,5.9915003776550293,0.0000000000000000,1.0000000000000000,-0.0000000437113883,0.0000000275289977,-0.9396926164627075,0.0000000149501762,0.3420201539993286,10.9854335784912109,0.0000000000000000,0.0000000000000000,0.0000000000000000,1.0000000000000000
M 0.3420201539993286,0.0000000410752676,0.9396926164627075,5.9915003776550293,0.0000000000000000,1.0000000000000000,-0.0000000437113883,0.0000000275289977,-0.9396926164627075,0.0000000149501762,0.3420201539993286,10.9854335784912109,0.0000000000000000,0.0000000000000000,0.0000000000000000,1.0000000000000000
M 0.3420201539993286,0.0000000410752676,0.9396926164627075,5.9915003776550293,0.0000000000000000,1.0000000000000000,-0.0000000437113883,0.0000000275289977,-0.9396926164627075,0.0000000149501762,0.3420201539993286,10.9854335784912109,0.0000000000000000,0.0000000000000000,0.0000000000000000,1.0000000000000000
M 0.3420201539993286,0.0000000410752676,0.9396926164627075,5.9915003776550293,0.0000000000000000,1.0000000000000000,-0.0000000437113883,0.0000000275289977,-0.9396926164627075,0.0000000149501762,0.3420201539993286,10.9854335784912109,0.0000000000000000,0.0000000000000000,0.0000000000000000,1.0000000000000000
M 0.3420201539993286,0.0000000410752676,0.9396926164627075,5.9915003776550293,0.0000000000000000,1.0000000000000000,-0.0000000437113883,0.0000000275289977,-0.9396926164627075,0.0000000149501762,0.3420201539993286,10.9854335784912109,0.0000000000000000,0.0000000000000000,0.0000000000000000,1.0000000000000000
M 0.3420201539993286,0.0000000410752676,0.9396926164627075,5.9915003776550293,0.0000000000000000,1.0000000000000000,-0.0000000437113883,0.0000000275289977,-0.9396926164627075,0.0000000149501762,0.3420201539993286,10.9854335784912109,0.0000000000000000,0.0000000000000000,0.0000000000000000,1.0000000000000000
M 0.3420201539993286,0.0000000410752676,0.9396926164627075,5.9915003776550293,0.0000000000000000,1.0000000000000000,-0.0000000437113883,0.0000000275289977,-0.9396926164627075,0.0000000149501762,0.3420201539993286,10.9854335784912109,0.0000000000000000,0.0000000000000000,0.0000000000000000,1.0000000000000000
M 0.3420201539993286,0.0000000410752676,0.9396926164627075,5.9915003776550293,0.0000000000000000,1.0000000000000000,-0.0000000437113883,0.0000000275289977,-0.9396926164627075,0.0000000149501762,0.3420201539993286,10.9854335784912109,0.0000000000000000,0.0000000000000000,0.0000000000000000,1.0000000000000000
M 0.3420201539993286,0.0000000410752676,0.9396926164627075,5.9915003776550293,0.0000000000000000,1.0000000000000000,-0.0000000437113883,0.0000000275289977,-0.9396926164627075,0.0000000149501762,0.3420201539993286,10.9854335784912109,0.0000000000000000,0.0000000000000000,0.0000000000000000,1.0000000000000000
M 0.3420201539993286,0.0000000410752676,0.9396926164627075,5.9915003776550293,0.0000000000000000,1.0000000000000000,-0.0000000437113883,0.0000000275289977,-0.9396926164627075,0.0000000149501762,0.3420201539993286,10.9854335784912109,0.0000000000000000,0.0000000000000000,0.0000000000000000,1.0000000000000000
M 0.3420201539993286,0.0000000410752676,0.9396926164627075,5.9915003776550293,0.0000000000000000,1.0000000000000000,-0.0000000437113883,0.0000000275289977,-0.9396926164627075,0.0000000149501762,0.3420201539993286,10.9854335784912109,0.0000000000000000,0.0000000000000000,0.0000000000000000,1.0000000000000000
M 0.3420201539993286,0.0000000410752676,0.9396926164627075,5.9915003776550293,0.0000000000000000,1.0000000000000000,-0.0000000437113883,0.0000000275289977,-0.9396926164627075,0.0000000149501762,0.3420201539993286,10.9854335784912109,0.0000000000000000,0.0000000000000000,0.0000000000000000,1.0000000000000000
M 0.3420201539993286,0.0000000410752676,0.9396926164627075,5.9915003776550293,0.0000000000000000,1.0000000000000000,-0.0000000437113883,0.0000000275289977,-0.9396926164627075,0.0000000149501762,0.3420201539993286,10.9854335784912109,0.0000000000000000,0.0000000000000000,0.0000000000000000,1.0000000000000000
M 0.3420201539993286,0.0000000410752676,0.9396926164627075,5.9915003776550293,0.0000000000000000,1.0000000000000000,-0.0000000437113883,0.0000000275289977,-0.9396926164627075,0.0000000149501762,0.3420201539993286,10.9854335784912109,0.0000000000000000,0.0000000000000000,0.0000000000000000,1.0000000000000000
M 0.3420201539993286,0.0000000410752676,0.9396926164627075,5.9915003776550293,0.0000000000000000,1.0000000000000000,-0.0000000437113883,0.0000000275289977,-0.9396926164627075,0.0000000149501762,0.3420201539993286,10.9854335784912109,0.0000000000000000,0.0000000000000000,0.0000000000000000,1.0000000000000000
M 0.3420201539993286,0.0000000410752676,0.9396926164627075,5.9915003776550293,0.0000000000000000,1.0000000000000000,-0.0000000437113883,0.0000000275289977,-0.9396926164627075,0.0000000149501762,0.3420201539993286,10.9854335784912109,0.0000000000000000,0.0000000000000000,0.0000000000000000,1.0000000000000000
M 0.3420201539993286,0.0000000410752676,0.9396926164627075,5.9915003776550293,0.0000000000000000,1.0000000000000000,-0.0000000437113883,0.0000000275289977,-0.9396926164627075,0.0000000149501762,0.3420201539993286,10.9854335784912109,0.0000000000000000,0.0000000000000000,0.0000000000000000,1.0000000000000000
M 0.3420201539993286,0.0000000410752676,0.9396926164627075,5.9915003776550293,0.0000000000000000,1.0000000000000000,-0.0000000437113883,0.0000000275289977,-0.9396926164627075,0.0000000149501762,0.3420201539993286,10.9854335784912109,0.0000000000000000,0.0000000000000000,0.0000000000000000,1.0000000000000000
M 0.3420201539993286,0.0000000410752676,0.9396926164627075,5.9915003776550293,0.0000000000000000,1.0000000000000000,-0.0000000437113883,0.0000000275289977,-0.9396926164627075,0.0000000149501762,0.3420201539993286,10.9854335784912109,0.0000000000000000,0.0000000000000000,0.0000000000000000,1.0000000000000000
M 0.3420201539993286,0.0000000410752676,0.9396926164627075,5.9915003776550293,0.0000000000000000,1.0000000000000000,-0.0000000437113883,0.0000000275289977,-0.9396926164627075,0.0000000149501762,0.3420201539993286,10.9854335784912109,0.0000000000000000,0.0000000000000000,0.0000000000000000,1.0000000000000000
M 0.3420201539993286,0.0000000410752676,0.9396926164627075,5.9915003776550293,0.0000000000000000,1.0000000000000000,-0.0000000437113883,0.0000000275289977,-0.9396926164627075,0.0000000149501762,0.3420201539993286,10.9854335784912109,0.0000000000000000,0.0000000000000000,0.0000000000000000,1.0000000000000000
M 0.3420201539993286,0.0000000410752676,0.9396926164627075,5.9915003776550293,0.0000000000000000,1.0000000000000000,-0.0000000437113883,0.0000000275289977,-0.9396926164627075,0.0000000149501762,0.3420201539993286,10.9854335784912109,0.0000000000000000,0.0000000000000000,0.0000000000000000,1.0000000000000000
M 0.3420201539993286,0.0000000410752676,0.9396926164627075,5.9915003776550293,0.0000000000000000,1.0000000000000000,-0.0000000437113883,0.0000000275289977,-0.9396926164627075,0.0000000149501762,0.3420201539993286,10.9854335784912109,0.0000000000000000,0.0000000000000000,0.0000000000000000,1.0000000000000000
M 0.3420201539993286,0.0000000410752676,0.9396926164627075,5.9915003776550293,0.0000000000000000,1.0000000000000000,-0.0000000437113883,0.0000000275289977,-0.9396926164627075,0.0000000149501762,0.3420201539993286,10.9854335784912109,0.0000000000000000,0.0000000000000000,0.0000000000000000,1.0000000000000000
M 0.3420201539993286,0.0000000410752676,0.9396926164627075,5.9915003776550293,0.0000000000000000,1.0000000000000000,-0.0000000437113883,0.0000000275289977,-0.9396926164627075,0.0000000149501762,0.3420201539993286,10.9854335784912109,0.0000000000000000,0.0000000000000000,0.0000000000000000,1.0000000000000000
M 0.3420201539993286,0.0000000410752676,0.9396926164627075,5.9915003776550293,0.0000000000000000,1.0000000000000000,-0.0000000437113883,0.0000000275289977,-0.9396926164627075,0.0000000149501762,0.3420201539993286,10.9854335784912109,0.0000000000000000,0.0000000000000000,0.0000000000000000,1.0000000000000000
M 0.3420201539993286,0.0000000410752676,0.9396926164627075,5.9915003776550293,0.0000000000000000,1.0000000000000000,-0.0000000437113883,0.0000000275289977,-0.9396926164627075,0.0000000149501762,0.3420201539993286,10.9854335784912109,0.0000000000000000,0.0000000000000000,0.0000000000000000,1.0000000000000000
M 0.3420201539993286,0.0000000410752676,0.9396926164627075,5.9915003776550293,0.0000000000000000,1.0000000000000000,-0.0000000437113883,0.0000000275289977,-0.9396926164627075,0.0000000149501762,0.3420201539993286,10.9854335784912109,0.0000000000000000,0.0000000000000000,0.0000000000000000,1.0000000000000000
M 0.3420201539993286,0.0000000410752676,0.9396926164627075,5.9915003776550293,0.0000000000000000,1.0000000000000000,-0.0000000437113883,0.0000000275289977,-0.9396926164627075,0.0000000149501762,0.3420201539993286,10.9854335784912109,0.0000000000000000,0.0000000000000000,0.0000000000000000,1.0000000000000000
M 0.3420201539993286,0.0000000410752676,0.9396926164627075,5.9915003776550293,0.0000000000000000,1.0000000000000000,-0.0000000437113883,0.0000000275289977,-0.9396926164627075,0.0000000149501762,0.3420201539993286,10.9854335784912109,0.0000000000000000,0.0000000000000000,0.0000000000000000,1.0000000000000000
M 0.3420201539993286,0.0000000410752676,0.9396926164627075,5.9915003776550293,0.0000000000000000,1.0000000000000000,-0.0000000437113883,0.0000000275289977,-0.9396926164627075,0.0000000149501762,0.3420201539993286,10.9854335784912109,0.0000000000000000,0.0000000000000000,0.0000000000000000,1.0000000000000000
M 0.3420201539993286,0.0000000410752676,0.9396926164627075,5.9915003776550293,0.0000000000000000,1.0000000000000000,-0.0000000437113883,0.0000000275289977,-0.9396926164627075,0.0000000149501762,0.3420201539993286,10.9854335784912109,0.0000000000000000,0.0000000000000000,0.0000000000000000,1.0000000000000000
M 0.3420201539993286,0.0000000410752676,0.9396926164627075,5.9915003776550293,0.0000000000000000,1.0000000000000000,-0.0000000437113883,0.0000000275289977,-0.9396926164627075,0.0000000149501762,0.3420201539993286,10.9854335784912109,0.0000000000000000,0.0000000000000000,0.0000000000000000,1.0000000000000000
M 0.3420201539993286,0.0000000410752676,0.9396926164627075,5.9915003776550293,0.0000000000000000,1.0000000000000000,-0.0000000437113883,0.0000000275289977,-0.9396926164627075,0.0000000149501762,0.3420201539993286,10.9854335784912109,0.0000000000000000,0.0000000000000000,0.0000000000000000,1.0000000000000000
M 0.3420201539993286,0.0000000410752676,0.9396926164627075,5.9915003776550293,0.0000000000000000,1.0000000000000000,-0.0000000437113883,0.0000000275289977,-0.9396926164627075,0.0000000149501762,0.3420201539993286,10.9854335784912109,0.0000000000000000,0.0000000000000000,0.0000000000000000,1.0000000000000000
M 0.3420201539993286,0.0000000410752676,0.9396926164627075,5.9915003776550293,0.0000000000000000,1.0000000000000000,-0.0000000437113883,0.0000000275289977,-0.9396926164627075,0.0000000149501762,0.3420201539993286,10.9854335784912109,0.0000000000000000,0.0000000000000000,0.0000000000000000,1.0000000000000000
M 0.3420201539993286,0.0000000410752676,0.9396926164627075,5.9915003776550293,0.0000000000000000,1.0000000000000000,-0.0000000437113883,0.0000000275289977,-0.9396926164627075,0.0000000149501762,0.3420201539993286,10.9854335784912109,0.0000000000000000,0.0000000000000000,0.0000000000000000,1.0000000000000000
M 0.3420201539993286,0.0000000410752676,0.9396926164627075,5.9915003776550293,0.0000000000000000,1.0000000000000000,-0.0000000437113883,0.0000000275289977,-0.9396926164627075,0.0000000149501762,0.3420201539993286,10.9854335784912109,0.0000000000000000,0.0000000000000000,0.0000000000000000,1.0000000000000000
M 0.3420201539993286,0.0000000410752676,0.9396926164627075,5.9915003776550293,0.0000000000000000,1.0000000000000000,-0.0000000437113883,0.0000000275289977,-0.9396926164627075,0.0000000149501762,0.3420201539993286,10.9854335784912109,0.0000000000000000,0.0000000000000000,0.0000000000000000,1.0000000000000000
M 0.3420201539993286,0.0000000410752676,0.9396926164627075,5.9915003776550293,0.0000000000000000,1.0000000000000000,-0.0000000437113883,0.0000000275289977,-0.9396926164627075,0.0000000149501762,0.3420201539993286,10.9854335784912109,0.0000000000000000,0.0000000000000000,0.0000000000000000,1.0000000000000000
M 0.3420201539993286,0.0000000410752676,0.9396926164627075,5.9915003776550293,0.0000000000000000,1.0000000000000000,-0.0000000437113883,0.0000000275289977,-0.9396926164627075,0.0000000149501762,0.3420201539993286,10.9854335784912109,0.0000000000000000,0.0000000000000000,0.0000000000000000,1.0000000000000000
M 0.3420201539993286,0.0000000410752676,0.9396926164627075,5.9915003776550293,0.0000000000000000,1.0000000000000000,-0.0000000437113883,0.0000000275289977,-0.9396926164627075,0.0000000149501762,0.3420201539993286,10.9854335784912109,0.0000000000000000,0.0000000000000000,0.0000000000000000,1.0000000000000000
M 0.3420201539993286,0.0000000410752676,0.9396926164627075,5.9915003776550293,0.0000000000000000,1.0000000000000000,-0.0000000437113883,0.0000000275289977,-0.9396926164627075,0.0000000149501762,0.3420201539993286,10.9854335784912109,0.0000000000000000,0.0000000000000000,0.0000000000000000,1.0000000000000000
M 0.3420201539993286,0.0000000410752676,0.9396926164627075,5.9915003776550293,0.0000000000000000,1.0000000000000000,-0.0000000437113883,0.0000000275289977,-0.9396926164627075,0.0000000149501762,0.3420201539993286,10.9854335784912109,0.0000000000000000,0.0000000000000000,0.0000000000000000,1.0000000000000000
M 0.3420201539993286,0.0000000410752676,0.9396926164627075,5.9915003776550293,0.0000000000000000,1.0000000000000000,-0.0000000437113883,0.0000000275289977,-0.9396926164627075,0.0000000149501762,0.3420201539993286,10.9854335784912109,0.0000000000000000,0.0000000000000000,0.0000000000000000,1.0000000000000000
M 0.3420201539993286,0.0000000410752676,0.9396926164627075,5.9915003776550293,0.0000000000000000,1.0000000000000000,-0.0000000437113883,0.0000000275289977,-0.9396926164627075,0.0000000149501762,0.3420201539993286,10.9854335784912109,0.0000000000000000,0.0000000000000000,0.0000000000000000,1.0000000000000000
M 0.3420201539993286,0.0000000410752676,0.9396926164627075,5.9915003776550293,0.0000000000000000,1.0000000000000000,-0.0000000437113883,0.0000000275289977,-0.9396926164627075,0.0000000149501762,0.3420201539993286,10.9854335784912109,0.0000000000000000,0.0000000000000000,0.0000000000000000,1.0000000000000000
O DOOR_14_INTERIOR_LCG_il_LINVERT_CG_drl
A DOOR_14_INTERIOR_LCG_il_LINVERT_CG_drl_DOOR_14_INTERIOR_LCG_il_LINVERT_CG_drl
M 1.0000000000000000,0.0000000000000000,0.0000000000000000,0.0000000000000000,0.0000000000000000,1.0000000000000000,-0.0000000437113883,0.0000000225025403,-0.0000000000000000,0.0000000437113883,1.0000000000000000,-0.0000000578661812,0.0000000000000000,0.0000000000000000,0.0000000000000000,1.0000000000000000
M 0.9999971985816956,-0.0000000001035318,-0.0023685307241976,0.0030596465803683,0.0000000000000000,1.0000000000000000,-0.0000000437113883,0.0000000225025403,0.0023685307241976,0.0000000437112675,0.9999971985816956,-0.0215311199426651,0.0000000000000000,0.0000000000000000,0.0000000000000000,1.0000000000000000
M 0.9999566674232483,-0.0000000004069194,-0.0093092303723097,0.0123182432726026,0.0000000000000000,1.0000000000000000,-0.0000000437113883,0.0000000225025403,0.0093092303723097,0.0000000437095018,0.9999566674232483,-0.0845838636159897,0.0000000000000000,0.0000000000000000,0.0000000000000000,1.0000000000000000
M 0.9997883439064026,-0.0000000008993136,-0.0205738935619593,0.0282780174165964,0.0000000000000000,1.0000000000000000,-0.0000000437113883,0.0000000225025403,0.0205738935619593,0.0000000437021370,0.9997883439064026,-0.1867864429950714,0.0000000000000000,0.0000000000000000,0.0000000000000000,1.0000000000000000
M 0.9993549585342407,-0.0000000015697460,-0.0359115973114967,0.0518649630248547,0.0000000000000000,1.0000000000000000,-0.0000000437113883,0.0000000225025403,0.0359115973114967,0.0000000436831940,0.9993549585342407,-0.3256814181804657,0.0000000000000000,0.0000000000000000,0.0000000000000000,1.0000000000000000
M 0.9984827041625977,-0.0000000024070232,-0.0550662726163864,0.0843303725123405,0.0000000000000000,1.0000000000000000,-0.0000000437113883,0.0000000225025403,0.0550662726163864,0.0000000436450662,0.9984827041625977,-0.4987180233001709,0.0000000000000000,0.0000000000000000,0.0000000000000000,1.0000000000000000
M 0.9969710111618042,-0.0000000033996115,-0.0777740329504013,0.1271615326404572,0.0000000000000000,1.0000000000000000,-0.0000000437113883,0.0000000225025403,0.0777740329504013,0.0000000435789858,0.9969710111618042,-0.7032402753829956,0.0000000000000000,0.0000000000000000,0.0000000000000000,1.0000000000000000
M 0.9946023225784302,-0.0000000045355204,-0.1037606075406075,0.1819841265678406,0.0000000000000000,1.0000000000000000,-0.0000000437113883,0.0000000225025403,0.1037606075406075,0.0000000434754561,0.9946023225784302,-0.9364755749702454,0.0000000000000000,0.0000000000000000,0.0000000000000000,1.0000000000000000
