O DOOR_12_INTERIOR_LCG_il_LINVERT_CG_dfr
A DOOR_12_INTERIOR_LCG_il_LINVERT_CG_dfr_DOOR_12_INTERIOR_LCG_il_LINVERT_CG_dfr
M 1.0000000000000000,0.0000000000000000,0.0000000000000000,0.0000000000000000,0.0000000000000000,1.0000000000000000,-0.0000000437113883,-0.0000000226606858,-0.0000000000000000,0.0000000437113883,1.0000000000000000,-0.0000000578663517,0.0000000000000000,0.0000000000000000,0.0000000000000000,1.0000000000000000
M 1.0000000000000000,0.0000000000000000,0.0000000000000000,0.0000000000000000,0.0000000000000000,1.0000000000000000,-0.0000000437113883,-0.0000000226606858,-0.0000000000000000,0.0000000437113883,1.0000000000000000,-0.0000000578663517,0.0000000000000000,0.0000000000000000,0.0000000000000000,1.0000000000000000
M 1.0000000000000000,0.0000000000000000,0.0000000000000000,0.0000000000000000,0.0000000000000000,1.0000000000000000,-0.0000000437113883,-0.0000000226606858,-0.0000000000000000,0.0000000437113883,1.0000000000000000,-0.0000000578663517,0.0000000000000000,0.0000000000000000,0.0000000000000000,1.0000000000000000
M 1.0000000000000000,0.0000000000000000,0.0000000000000000,0.0000000000000000,0.0000000000000000,1.0000000000000000,-0.0000000437113883,-0.0000000226606858,-0.0000000000000000,0.0000000437113883,1.0000000000000000,-0.0000000578663517,0.0000000000000000,0.0000000000000000,0.0000000000000000,1.0000000000000000
M 1.0000000000000000,0.0000000000000000,0.0000000000000000,0.0000000000000000,0.0000000000000000,1.0000000000000000,-0.0000000437113883,-0.0000000226606858,-0.0000000000000000,0.0000000437113883,1.0000000000000000,-0.0000000578663517,0.0000000000000000,0.0000000000000000,0.0000000000000000,1.0000000000000000
M 1.0000000000000000,0.0000000000000000,0.0000000000000000,0.0000000000000000,0.0000000000000000,1.0000000000000000,-0.0000000437113883,-0.0000000226606858,-0.0000000000000000,0.0000000437113883,1.0000000000000000,-0.0000000578663517,0.0000000000000000,0.0000000000000000,0.0000000000000000,1.0000000000000000
M 1.0000000000000000,0.0000000000000000,0.0000000000000000,0.0000000000000000,0.0000000000000000,1.0000000000000000,-0.0000000437113883,-0.0000000226606858,-0.0000000000000000,0.0000000437113883,1.0000000000000000,-0.0000000578663517,0.0000000000000000,0.0000000000000000,0.0000000000000000,1.0000000000000000
M 1.0000000000000000,0.0000000000000000,0.0000000000000000,0.0000000000000000,0.0000000000000000,1.0000000000000000,-0.0000000437113883,-0.0000000226606858,-0.0000000000000000,0.0000000437113883,1.0000000000000000,-0.0000000578663517,0.0000000000000000,0.0000000000000000,0.0000000000000000,1.0000000000000000
M 1.0000000000000000,0.0000000000000000,0.0000000000000000,0.0000000000000000,0.0000000000000000,1.0000000000000000,-0.0000000437113883,-0.0000000226606858,-0.0000000000000000,0.0000000437113883,1.0000000000000000,-0.0000000578663517,0.0000000000000000,0.0000000000000000,0.0000000000000000,1.0000000000000000
M 1.0000000000000000,0.0000000000000000,0.0000000000000000,0.0000000000000000,0.0000000000000000,1.0000000000000000,-0.0000000437113883,-0.0000000226606858,-0.0000000000000000,0.0000000437113883,1.0000000000000000,-0.0000000578663517,0.0000000000000000,0.0000000000000000,0.0000000000000000,1.0000000000000000
M 0.9999607801437378,-0.0000000003871707,-0.0088574318215251,-0.0116618461906910,0.0000000000000000,1.0000000000000000,-0.0000000437113883,-0.0000000226606858,0.0088574318215251,0.0000000437096723,0.9999607801437378,0.0755384564399719,0.0000000000000000,0.0000000000000000,0.0000000000000000,1.0000000000000000
M 0.9994149208068848,-0.0000000014950078,-0.0342017859220505,-0.0487315431237221,0.0000000000000000,1.0000000000000000,-0.0000000437113883,-0.0000000226606858,0.0342017859220505,0.0000000436858123,0.9994149208068848,0.2911274135112762,0.0000000000000000,0.0000000000000000,0.0000000000000000,1.0000000000000000
M 0.9972469210624695,-0.0000000032412877,-0.0741520076990128,-0.1183221712708473,0.0000000000000000,1.0000000000000000,-0.0000000437113883,-0.0000000226606858,0.0741520076990128,0.0000000435910401,0.9972469210624695,0.6292872428894043,0.0000000000000000,0.0000000000000000,0.0000000000000000,1.0000000000000000
M 0.9919387102127075,-0.0000000055390359,-0.1267183721065521,-0.2308449000120163,0.0000000000000000,1.0000000000000000,-0.0000000437113883,-0.0000000226606858,0.1267183721065521,0.0000000433590195,0.9919387102127075,1.0710966587066650,0.0000000000000000,0.0000000000000000,0.0000000000000000,1.0000000000000000
M 0.9818347692489624,-0.0000000082937150,-0.1897380799055099,-0.3976625204086304,0.0000000000000000,1.0000000000000000,-0.0000000437113883,-0.0000000226606858,0.1897380799055099,0.0000000429173603,0.9818347692489624,1.5959812402725220,0.0000000000000000,0.0000000000000000,0.0000000000000000,1.0000000000000000
M 0.9653816223144531,-0.0000000114017471,-0.2608415186405182,-0.6290017962455750,0.0000000000000000,1.0000000000000000,-0.0000000437113883,-0.0000000226606858,0.2608415186405182,0.0000000421981703,0.9653816223144531,2.1817321777343750,0.0000000000000000,0.0000000000000000,0.0000000000000000,1.0000000000000000
M 0.9413381218910217,-0.0000000147510608,-0.3374649286270142,-0.9321746826171875,0.0000000000000000,1.0000000000000000,-0.0000000437113883,-0.0000000226606858,0.3374649286270142,0.0000000411471959,0.9413381218910217,2.8048837184906006,0.0000000000000000,0.0000000000000000,0.0000000000000000,1.0000000000000000
M 0.9089452624320984,-0.0000000182239592,-0.4169155061244965,-1.3102167844772339,0.0000000000000000,1.0000000000000000,-0.0000000437113883,-0.0000000226606858,0.4169155061244965,0.0000000397312583,0.9089452624320984,3.4414844512939453,0.0000000000000000,0.0000000000000000,0.0000000000000000,1.0000000000000000
M 0.8680472373962402,-0.0000000217019007,-0.4964816272258759,-1.7609889507293701,0.0000000000000000,1.0000000000000000,-0.0000000437113883,-0.0000000226606858,0.4964816272258759,0.0000000379435505,0.8680472373962402,4.0681948661804199,0.0000000000000000,0.0000000000000000,0.0000000000000000,1.0000000000000000
M 0.8191520571708679,-0.0000000250718237,-0.5735764503479004,-2.2768476009368896,0.0000000000000000,1.0000000000000000,-0.0000000437113883,-0.0000000226606858,0.5735764503479004,0.0000000358062735,0.8191520571708679,4.6635880470275879,0.0000000000000000,0.0000000000000000,0.0000000000000000,1.0000000000000000
M 0.7634298205375671,-0.0000000282327886,-0.6458908319473267,-2.8448545932769775,0.0000000000000000,1.0000000000000000,-0.0000000437113883,-0.0000000226606858,0.6458908319473267,0.0000000333705792,0.7634298205375671,5.2094550132751465,0.0000000000000000,0.0000000000000000,0.0000000000000000,1.0000000000000000
M 0.7026499509811401,-0.0000000311022141,-0.7115356922149658,-3.4474940299987793,0.0000000000000000,1.0000000000000000,-0.0000000437113883,-0.0000000226606858,0.7115356922149658,0.0000000307138031,0.7026499509811401,5.6919369697570801,0.0000000000000000,0.0000000000000000,0.0000000000000000,1.0000000000000000
M 0.6390699744224548,-0.0000000336205552,-0.7691485881805420,-4.0637578964233398,0.0000000000000000,1.0000000000000000,-0.0000000437113883,-0.0000000226606858,0.7691485881805420,0.0000000279346359,0.6390699744224548,6.1022934913635254,0.0000000000000000,0.0000000000000000,0.0000000000000000,1.0000000000000000
M 0.5752908587455750,-0.0000000357536827,-0.8179489374160767,-4.6704516410827637,0.0000000000000000,1.0000000000000000,-0.0000000437113883,-0.0000000226606858,0.8179489374160767,0.0000000251467664,0.5752908587455750,6.4371900558471680,0.0000000000000000,0.0000000000000000,0.0000000000000000,1.0000000000000000
M 0.5141028165817261,-0.0000000374925158,-0.8577286005020142,-5.2434973716735840,0.0000000000000000,1.0000000000000000,-0.0000000437113883,-0.0000000226606858,0.8577286005020142,0.0000000224721521,0.5141028165817261,6.6984181404113770,0.0000000000000000,0.0000000000000000,0.0000000000000000,1.0000000000000000
M 0.4583392143249512,-0.0000000388496915,-0.8887773156166077,-5.7590861320495605,0.0000000000000000,1.0000000000000000,-0.0000000437113883,-0.0000000226606858,0.8887773156166077,0.0000000200346442,0.4583392143249512,6.8920736312866211,0.0000000000000000,0.0000000000000000,0.0000000000000000,1.0000000000000000
M 0.4107587039470673,-0.0000000398535995,-0.9117441177368164,-6.1945052146911621,0.0000000000000000,1.0000000000000000,-0.0000000437113883,-0.0000000226606858,0.9117441177368164,0.0000000179548376,0.4107587039470673,7.0272235870361328,0.0000000000000000,0.0000000000000000,0.0000000000000000,1.0000000000000000
M 0.3739591836929321,-0.0000000405399163,-0.9274451732635498,-6.5286288261413574,0.0000000000000000,1.0000000000000000,-0.0000000437113883,-0.0000000226606858,0.9274451732635498,0.0000000163462754,0.3739591836929321,7.1141552925109863,0.0000000000000000,0.0000000000000000,0.0000000000000000,1.0000000000000000
M 0.3503301739692688,-0.0000000409412344,-0.9366262555122375,-6.7420177459716797,0.0000000000000000,1.0000000000000000,-0.0000000437113883,-0.0000000226606858,0.9366262555122375,0.0000000153134199,0.3503301739692688,7.1622881889343262,0.0000000000000000,0.0000000000000000,0.0000000000000000,1.0000000000000000
M 0.3420201539993286,-0.0000000410752676,-0.9396926164627075,-6.8168563842773438,0.0000000000000000,1.0000000000000000,-0.0000000437113883,-0.0000000226606858,0.9396926164627075,0.0000000149501762,0.3420201539993286,7.1778297424316406,0.0000000000000000,0.0000000000000000,0.0000000000000000,1.0000000000000000
M 0.3420201539993286,-0.0000000410752676,-0.9396926164627075,-6.8168563842773438,0.0000000000000000,1.0000000000000000,-0.0000000437113883,-0.0000000226606858,0.9396926164627075,0.0000000149501762,0.3420201539993286,7.1778297424316406,0.0000000000000000,0.0000000000000000,0.0000000000000000,1.0000000000000000
M 0.3420201539993286,-0.0000000410752676,-0.9396926164627075,-6.8168563842773438,0.0000000000000000,1.0000000000000000,-0.0000000437113883,-0.0000000226606858,0.9396926164627075,0.0000000149501762,0.3420201539993286,7.1778297424316406,0.0000000000000000,0.0000000000000000,0.0000000000000000,1.0000000000000000
M 0.3420201539993286,-0.0000000410752676,-0.9396926164627075,-6.8168563842773438,0.0000000000000000,1.0000000000000000,-0.0000000437113883,-0.0000000226606858,0.9396926164627075,0.0000000149501762,0.3420201539993286,7.1778297424316406,0.0000000000000000,0.0000000000000000,0.0000000000000000,1.0000000000000000
M 0.3420201539993286,-0.0000000410752676,-0.9396926164627075,-6.8168563842773438,0.0000000000000000,1.0000000000000000,-0.0000000437113883,-0.0000000226606858,0.9396926164627075,0.0000000149501762,0.3420201539993286,7.1778297424316406,0.0000000000000000,0.0000000000000000,0.0000000000000000,1.0000000000000000
M 0.3420201539993286,-0.0000000410752676,-0.9396926164627075,-6.8168563842773438,0.0000000000000000,1.0000000000000000,-0.0000000437113883,-0.0000000226606858,0.9396926164627075,0.0000000149501762,0.3420201539993286,7.1778297424316406,0.0000000000000000,0.0000000000000000,0.0000000000000000,1.0000000000000000
M 0.3420201539993286,-0.0000000410752676,-0.9396926164627075,-6.8168563842773438,0.0000000000000000,1.0000000000000000,-0.0000000437113883,-0.0000000226606858,0.9396926164627075,0.0000000149501762,0.3420201539993286,7.1778297424316406,0.0000000000000000,0.0000000000000000,0.0000000000000000,1.0000000000000000
M 0.3420201539993286,-0.0000000410752676,-0.9396926164627075,-6.8168563842773438,0.0000000000000000,1.0000000000000000,-0.0000000437113883,-0.0000000226606858,0.9396926164627075,0.0000000149501762,0.3420201539993286,7.1778297424316406,0.0000000000000000,0.0000000000000000,0.0000000000000000,1.0000000000000000
M 0.3420201539993286,-0.0000000410752676,-0.9396926164627075,-6.8168563842773438,0.0000000000000000,1.0000000000000000,-0.0000000437113883,-0.0000000226606858,0.9396926164627075,0.0000000149501762,0.3420201539993286,7.1778297424316406,0.0000000000000000,0.0000000000000000,0.0000000000000000,1.0000000000000000
M 0.3420201539993286,-0.0000000410752676,-0.9396926164627075,-6.8168563842773438,0.0000000000000000,1.0000000000000000,-0.0000000437113883,-0.0000000226606858,0.9396926164627075,0.0000000149501762,0.3420201539993286,7.1778297424316406,0.0000000000000000,0.0000000000000000,0.0000000000000000,1.0000000000000000
M 0.3420201539993286,-0.0000000410752676,-0.9396926164627075,-6.8168563842773438,0.0000000000000000,1.0000000000000000,-0.0000000437113883,-0.0000000226606858,0.9396926164627075,0.0000000149501762,0.3420201539993286,7.1778297424316406,0.0000000000000000,0.0000000000000000,0.0000000000000000,1.0000000000000000
M 0.3420201539993286,-0.0000000410752676,-0.9396926164627075,-6.8168563842773438,0.0000000000000000,1.0000000000000000,-0.0000000437113883,-0.0000000226606858,0.9396926164627075,0.0000000149501762,0.3420201539993286,7.1778297424316406,0.0000000000000000,0.0000000000000000,0.0000000000000000,1.0000000000000000
M 0.3420201539993286,-0.0000000410752676,-0.9396926164627075,-6.8168563842773438,0.0000000000000000,1.0000000000000000,-0.0000000437113883,-0.0000000226606858,0.9396926164627075,0.0000000149501762,0.3420201539993286,7.1778297424316406,0.0000000000000000,0.0000000000000000,0.0000000000000000,1.0000000000000000
M 0.3420201539993286,-0.0000000410752676,-0.9396926164627075,-6.8168563842773438,0.0000000000000000,1.0000000000000000,-0.0000000437113883,-0.0000000226606858,0.9396926164627075,0.0000000149501762,0.3420201539993286,7.1778297424316406,0.0000000000000000,0.0000000000000000,0.0000000000000000,1.0000000000000000
M 0.3420201539993286,-0.0000000410752676,-0.9396926164627075,-6.8168563842773438,0.0000000000000000,1.0000000000000000,-0.0000000437113883,-0.0000000226606858,0.9396926164627075,0.0000000149501762,0.3420201539993286,7.1778297424316406,0.0000000000000000,0.0000000000000000,0.0000000000000000,1.0000000000000000
M 0.3420201539993286,-0.0000000410752676,-0.9396926164627075,-6.8168563842773438,0.0000000000000000,1.0000000000000000,-0.0000000437113883,-0.0000000226606858,0.9396926164627075,0.0000000149501762,0.3420201539993286,7.1778297424316406,0.0000000000000000,0.0000000000000000,0.0000000000000000,1.0000000000000000
M 0.3420201539993286,-0.0000000410752676,-0.9396926164627075,-6.8168563842773438,0.0000000000000000,1.0000000000000000,-0.0000000437113883,-0.0000000226606858,0.9396926164627075,0.0000000149501762,0.3420201539993286,7.1778297424316406,0.0000000000000000,0.0000000000000000,0.0000000000000000,1.0000000000000000
M 0.3420201539993286,-0.0000000410752676,-0.9396926164627075,-6.8168563842773438,0.0000000000000000,1.0000000000000000,-0.0000000437113883,-0.0000000226606858,0.9396926164627075,0.0000000149501762,0.3420201539993286,7.1778297424316406,0.0000000000000000,0.0000000000000000,0.0000000000000000,1.0000000000000000
M 0.3420201539993286,-0.0000000410752676,-0.9396926164627075,-6.8168563842773438,0.0000000000000000,1.0000000000000000,-0.0000000437113883,-0.0000000226606858,0.9396926164627075,0.0000000149501762,0.3420201539993286,7.1778297424316406,0.0000000000000000,0.0000000000000000,0.0000000000000000,1.0000000000000000
M 0.3420201539993286,-0.0000000410752676,-0.9396926164627075,-6.8168563842773438,0.0000000000000000,1.0000000000000000,-0.0000000437113883,-0.0000000226606858,0.9396926164627075,0.0000000149501762,0.3420201539993286,7.1778297424316406,0.0000000000000000,0.0000000000000000,0.0000000000000000,1.0000000000000000
M 0.3420201539993286,-0.0000000410752676,-0.9396926164627075,-6.8168563842773438,0.0000000000000000,1.0000000000000000,-0.0000000437113883,-0.0000000226606858,0.9396926164627075,0.0000000149501762,0.3420201539993286,7.1778297424316406,0.0000000000000000,0.0000000000000000,0.0000000000000000,1.0000000000000000
M 0.3420201539993286,-0.0000000410752676,-0.9396926164627075,-6.8168563842773438,0.0000000000000000,1.0000000000000000,-0.0000000437113883,-0.0000000226606858,0.9396926164627075,0.0000000149501762,0.3420201539993286,7.1778297424316406,0.0000000000000000,0.0000000000000000,0.0000000000000000,1.0000000000000000
M 0.3420201539993286,-0.0000000410752676,-0.9396926164627075,-6.8168563842773438,0.0000000000000000,1.0000000000000000,-0.0000000437113883,-0.0000000226606858,0.9396926164627075,0.0000000149501762,0.3420201539993286,7.1778297424316406,0.0000000000000000,0.0000000000000000,0.0000000000000000,1.0000000000000000
M 0.3420201539993286,-0.0000000410752676,-0.9396926164627075,-6.8168563842773438,0.0000000000000000,1.0000000000000000,-0.0000000437113883,-0.0000000226606858,0.9396926164627075,0.0000000149501762,0.3420201539993286,7.1778297424316406,0.0000000000000000,0.0000000000000000,0.0000000000000000,1.0000000000000000
M 0.3420201539993286,-0.0000000410752676,-0.9396926164627075,-6.8168563842773438,0.0000000000000000,1.0000000000000000,-0.0000000437113883,-0.0000000226606858,0.9396926164627075,0.0000000149501762,0.3420201539993286,7.1778297424316406,0.0000000000000000,0.0000000000000000,0.0000000000000000,1.0000000000000000
M 0.3420201539993286,-0.0000000410752676,-0.9396926164627075,-6.8168563842773438,0.0000000000000000,1.0000000000000000,-0.0000000437113883,-0.0000000226606858,0.9396926164627075,0.0000000149501762,0.3420201539993286,7.1778297424316406,0.0000000000000000,0.0000000000000000,0.0000000000000000,1.0000000000000000
M 0.3420201539993286,-0.0000000410752676,-0.9396926164627075,-6.8168563842773438,0.0000000000000000,1.0000000000000000,-0.0000000437113883,-0.0000000226606858,0.9396926164627075,0.0000000149501762,0.3420201539993286,7.1778297424316406,0.0000000000000000,0.0000000000000000,0.0000000000000000,1.0000000000000000
M 0.3420201539993286,-0.0000000410752676,-0.9396926164627075,-6.8168563842773438,0.0000000000000000,1.0000000000000000,-0.0000000437113883,-0.0000000226606858,0.9396926164627075,0.0000000149501762,0.3420201539993286,7.1778297424316406,0.0000000000000000,0.0000000000000000,0.0000000000000000,1.0000000000000000
M 0.3420201539993286,-0.0000000410752676,-0.9396926164627075,-6.8168563842773438,0.0000000000000000,1.0000000000000000,-0.0000000437113883,-0.0000000226606858,0.9396926164627075,0.0000000149501762,0.3420201539993286,7.1778297424316406,0.0000000000000000,0.0000000000000000,0.0000000000000000,1.0000000000000000
M 0.3420201539993286,-0.0000000410752676,-0.9396926164627075,-6.8168563842773438,0.0000000000000000,1.0000000000000000,-0.0000000437113883,-0.0000000226606858,0.9396926164627075,0.0000000149501762,0.3420201539993286,7.1778297424316406,0.0000000000000000,0.0000000000000000,0.0000000000000000,1.0000000000000000
M 0.3420201539993286,-0.0000000410752676,-0.9396926164627075,-6.8168563842773438,0.0000000000000000,1.0000000000000000,-0.0000000437113883,-0.0000000226606858,0.9396926164627075,0.0000000149501762,0.3420201539993286,7.1778297424316406,0.0000000000000000,0.0000000000000000,0.0000000000000000,1.0000000000000000
M 0.3420201539993286,-0.0000000410752676,-0.9396926164627075,-6.8168563842773438,0.0000000000000000,1.0000000000000000,-0.0000000437113883,-0.0000000226606858,0.9396926164627075,0.0000000149501762,0.3420201539993286,7.1778297424316406,0.0000000000000000,0.0000000000000000,0.0000000000000000,1.0000000000000000
M 0.3420201539993286,-0.0000000410752676,-0.9396926164627075,-6.8168563842773438,0.0000000000000000,1.0000000000000000,-0.0000000437113883,-0.0000000226606858,0.9396926164627075,0.0000000149501762,0.3420201539993286,7.1778297424316406,0.0000000000000000,0.0000000000000000,0.0000000000000000,1.0000000000000000
M 0.3420201539993286,-0.0000000410752676,-0.9396926164627075,-6.8168563842773438,0.0000000000000000,1.0000000000000000,-0.0000000437113883,-0.0000000226606858,0.9396926164627075,0.0000000149501762,0.3420201539993286,7.1778297424316406,0.0000000000000000,0.0000000000000000,0.0000000000000000,1.0000000000000000
M 0.3420201539993286,-0.0000000410752676,-0.9396926164627075,-6.8168563842773438,0.0000000000000000,1.0000000000000000,-0.0000000437113883,-0.0000000226606858,0.9396926164627075,0.0000000149501762,0.3420201539993286,7.1778297424316406,0.0000000000000000,0.0000000000000000,0.0000000000000000,1.0000000000000000
M 0.3420201539993286,-0.0000000410752676,-0.9396926164627075,-6.8168563842773438,0.0000000000000000,1.0000000000000000,-0.0000000437113883,-0.0000000226606858,0.9396926164627075,0.0000000149501762,0.3420201539993286,7.1778297424316406,0.0000000000000000,0.0000000000000000,0.0000000000000000,1.0000000000000000
M 0.3420201539993286,-0.0000000410752676,-0.9396926164627075,-6.8168563842773438,0.0000000000000000,1.0000000000000000,-0.0000000437113883,-0.0000000226606858,0.9396926164627075,0.0000000149501762,0.3420201539993286,7.1778297424316406,0.0000000000000000,0.0000000000000000,0.0000000000000000,1.0000000000000000
M 0.3420201539993286,-0.0000000410752676,-0.9396926164627075,-6.8168563842773438,0.0000000000000000,1.0000000000000000,-0.0000000437113883,-0.0000000226606858,0.9396926164627075,0.0000000149501762,0.3420201539993286,7.1778297424316406,0.0000000000000000,0.0000000000000000,0.0000000000000000,1.0000000000000000
M 0.3420201539993286,-0.0000000410752676,-0.9396926164627075,-6.8168563842773438,0.0000000000000000,1.0000000000000000,-0.0000000437113883,-0.0000000226606858,0.9396926164627075,0.0000000149501762,0.3420201539993286,7.1778297424316406,0.0000000000000000,0.0000000000000000,0.0000000000000000,1.0000000000000000
M 0.3420201539993286,-0.0000000410752676,-0.9396926164627075,-6.8168563842773438,0.0000000000000000,1.0000000000000000,-0.0000000437113883,-0.0000000226606858,0.9396926164627075,0.0000000149501762,0.3420201539993286,7.1778297424316406,0.0000000000000000,0.0000000000000000,0.0000000000000000,1.0000000000000000
M 0.3420201539993286,-0.0000000410752676,-0.9396926164627075,-6.8168563842773438,0.0000000000000000,1.0000000000000000,-0.0000000437113883,-0.0000000226606858,0.9396926164627075,0.0000000149501762,0.3420201539993286,7.1778297424316406,0.0000000000000000,0.0000000000000000,0.0000000000000000,1.0000000000000000
M 0.3420201539993286,-0.0000000410752676,-0.9396926164627075,-6.8168563842773438,0.0000000000000000,1.0000000000000000,-0.0000000437113883,-0.0000000226606858,0.9396926164627075,0.0000000149501762,0.3420201539993286,7.1778297424316406,0.0000000000000000,0.0000000000000000,0.0000000000000000,1.0000000000000000
M 0.3420201539993286,-0.0000000410752676,-0.9396926164627075,-6.8168563842773438,0.0000000000000000,1.0000000000000000,-0.0000000437113883,-0.0000000226606858,0.9396926164627075,0.0000000149501762,0.3420201539993286,7.1778297424316406,0.0000000000000000,0.0000000000000000,0.0000000000000000,1.0000000000000000
M 0.3420201539993286,-0.0000000410752676,-0.9396926164627075,-6.8168563842773438,0.0000000000000000,1.0000000000000000,-0.0000000437113883,-0.0000000226606858,0.9396926164627075,0.0000000149501762,0.3420201539993286,7.1778297424316406,0.0000000000000000,0.0000000000000000,0.0000000000000000,1.0000000000000000
M 0.3420201539993286,-0.0000000410752676,-0.9396926164627075,-6.8168563842773438,0.0000000000000000,1.0000000000000000,-0.0000000437113883,-0.0000000226606858,0.9396926164627075,0.0000000149501762,0.3420201539993286,7.1778297424316406,0.0000000000000000,0.0000000000000000,0.0000000000000000,1.0000000000000000
M 0.3420201539993286,-0.0000000410752676,-0.9396926164627075,-6.8168563842773438,0.0000000000000000,1.0000000000000000,-0.0000000437113883,-0.0000000226606858,0.9396926164627075,0.0000000149501762,0.3420201539993286,7.1778297424316406,0.0000000000000000,0.0000000000000000,0.0000000000000000,1.0000000000000000
M 0.3420201539993286,-0.0000000410752676,-0.9396926164627075,-6.8168563842773438,0.0000000000000000,1.0000000000000000,-0.0000000437113883,-0.0000000226606858,0.9396926164627075,0.0000000149501762,0.3420201539993286,7.1778297424316406,0.0000000000000000,0.0000000000000000,0.0000000000000000,1.0000000000000000
M 0.3420201539993286,-0.0000000410752676,-0.9396926164627075,-6.8168563842773438,0.0000000000000000,1.0000000000000000,-0.0000000437113883,-0.0000000226606858,0.9396926164627075,0.0000000149501762,0.3420201539993286,7.1778297424316406,0.0000000000000000,0.0000000000000000,0.0000000000000000,1.0000000000000000
M 0.3420201539993286,-0.0000000410752676,-0.9396926164627075,-6.8168563842773438,0.0000000000000000,1.0000000000000000,-0.0000000437113883,-0.0000000226606858,0.9396926164627075,0.0000000149501762,0.3420201539993286,7.1778297424316406,0.0000000000000000,0.0000000000000000,0.0000000000000000,1.0000000000000000
M 0.3420201539993286,-0.0000000410752676,-0.9396926164627075,-6.8168563842773438,0.0000000000000000,1.0000000000000000,-0.0000000437113883,-0.0000000226606858,0.9396926164627075,0.0000000149501762,0.3420201539993286,7.1778297424316406,0.0000000000000000,0.0000000000000000,0.0000000000000000,1.0000000000000000
M 0.3420201539993286,-0.0000000410752676,-0.9396926164627075,-6.8168563842773438,0.0000000000000000,1.0000000000000000,-0.0000000437113883,-0.0000000226606858,0.9396926164627075,0.0000000149501762,0.3420201539993286,7.1778297424316406,0.0000000000000000,0.0000000000000000,0.0000000000000000,1.0000000000000000
M 0.3420201539993286,-0.0000000410752676,-0.9396926164627075,-6.8168563842773438,0.0000000000000000,1.0000000000000000,-0.0000000437113883,-0.0000000226606858,0.9396926164627075,0.0000000149501762,0.3420201539993286,7.1778297424316406,0.0000000000000000,0.0000000000000000,0.0000000000000000,1.0000000000000000
M 0.3420201539993286,-0.0000000410752676,-0.9396926164627075,-6.8168563842773438,0.0000000000000000,1.0000000000000000,-0.0000000437113883,-0.0000000226606858,0.9396926164627075,0.0000000149501762,0.3420201539993286,7.1778297424316406,0.0000000000000000,0.0000000000000000,0.0000000000000000,1.0000000000000000
M 0.3420201539993286,-0.0000000410752676,-0.9396926164627075,-6.8168563842773438,0.0000000000000000,1.0000000000000000,-0.0000000437113883,-0.0000000226606858,0.9396926164627075,0.0000000149501762,0.3420201539993286,7.1778297424316406,0.0000000000000000,0.0000000000000000,0.0000000000000000,1.0000000000000000
M 0.3420201539993286,-0.0000000410752676,-0.9396926164627075,-6.8168563842773438,0.0000000000000000,1.0000000000000000,-0.0000000437113883,-0.0000000226606858,0.9396926164627075,0.0000000149501762,0.3420201539993286,7.1778297424316406,0.0000000000000000,0.0000000000000000,0.0000000000000000,1.0000000000000000
M 0.3420201539993286,-0.0000000410752676,-0.9396926164627075,-6.8168563842773438,0.0000000000000000,1.0000000000000000,-0.0000000437113883,-0.0000000226606858,0.9396926164627075,0.0000000149501762,0.3420201539993286,7.1778297424316406,0.0000000000000000,0.0000000000000000,0.0000000000000000,1.0000000000000000
M 0.3420201539993286,-0.0000000410752676,-0.9396926164627075,-6.8168563842773438,0.0000000000000000,1.0000000000000000,-0.0000000437113883,-0.0000000226606858,0.9396926164627075,0.0000000149501762,0.3420201539993286,7.1778297424316406,0.0000000000000000,0.0000000000000000,0.0000000000000000,1.0000000000000000
M 0.3420201539993286,-0.0000000410752676,-0.9396926164627075,-6.8168563842773438,0.0000000000000000,1.0000000000000000,-0.0000000437113883,-0.0000000226606858,0.9396926164627075,0.0000000149501762,0.3420201539993286,7.1778297424316406,0.0000000000000000,0.0000000000000000,0.0000000000000000,1.0000000000000000
M 0.3420201539993286,-0.0000000410752676,-0.9396926164627075,-6.8168563842773438,0.0000000000000000,1.0000000000000000,-0.0000000437113883,-0.0000000226606858,0.9396926164627075,0.0000000149501762,0.3420201539993286,7.1778297424316406,0.0000000000000000,0.0000000000000000,0.0000000000000000,1.0000000000000000
M 0.3420201539993286,-0.0000000410752676,-0.9396926164627075,-6.8168563842773438,0.0000000000000000,1.0000000000000000,-0.0000000437113883,-0.0000000226606858,0.9396926164627075,0.0000000149501762,0.3420201539993286,7.1778297424316406,0.0000000000000000,0.0000000000000000,0.0000000000000000,1.0000000000000000
M 0.3420201539993286,-0.0000000410752676,-0.9396926164627075,-6.8168563842773438,0.0000000000000000,1.0000000000000000,-0.0000000437113883,-0.0000000226606858,0.9396926164627075,0.0000000149501762,0.3420201539993286,7.1778297424316406,0.0000000000000000,0.0000000000000000,0.0000000000000000,1.0000000000000000
M 0.3420201539993286,-0.0000000410752676,-0.9396926164627075,-6.8168563842773438,0.0000000000000000,1.0000000000000000,-0.0000000437113883,-0.0000000226606858,0.9396926164627075,0.0000000149501762,0.3420201539993286,7.1778297424316406,0.0000000000000000,0.0000000000000000,0.0000000000000000,1.0000000000000000
M 0.3420201539993286,-0.0000000410752676,-0.9396926164627075,-6.8168563842773438,0.0000000000000000,1.0000000000000000,-0.0000000437113883,-0.0000000226606858,0.9396926164627075,0.0000000149501762,0.3420201539993286,7.1778297424316406,0.0000000000000000,0.0000000000000000,0.0000000000000000,1.0000000000000000
M 0.3420201539993286,-0.0000000410752676,-0.9396926164627075,-6.8168563842773438,0.0000000000000000,1.0000000000000000,-0.0000000437113883,-0.0000000226606858,0.9396926164627075,0.0000000149501762,0.3420201539993286,7.1778297424316406,0.0000000000000000,0.0000000000000000,0.0000000000000000,1.0000000000000000
M 0.3420201539993286,-0.0000000410752676,-0.9396926164627075,-6.8168563842773438,0.0000000000000000,1.0000000000000000,-0.0000000437113883,-0.0000000226606858,0.9396926164627075,0.0000000149501762,0.3420201539993286,7.1778297424316406,0.0000000000000000,0.0000000000000000,0.0000000000000000,1.0000000000000000
M 0.3420201539993286,-0.0000000410752676,-0.9396926164627075,-6.8168563842773438,0.0000000000000000,1.0000000000000000,-0.0000000437113883,-0.0000000226606858,0.9396926164627075,0.0000000149501762,0.3420201539993286,7.1778297424316406,0.0000000000000000,0.0000000000000000,0.0000000000000000,1.0000000000000000
M 0.3420201539993286,-0.0000000410752676,-0.9396926164627075,-6.8168563842773438,0.0000000000000000,1.0000000000000000,-0.0000000437113883,-0.0000000226606858,0.9396926164627075,0.0000000149501762,0.3420201539993286,7.1778297424316406,0.0000000000000000,0.0000000000000000,0.0000000000000000,1.0000000000000000
M 0.3420201539993286,-0.0000000410752676,-0.9396926164627075,-6.8168563842773438,0.0000000000000000,1.0000000000000000,-0.0000000437113883,-0.0000000226606858,0.9396926164627075,0.0000000149501762,0.3420201539993286,7.1778297424316406,0.0000000000000000,0.0000000000000000,0.0000000000000000,1.0000000000000000
M 0.3420201539993286,-0.0000000410752676,-0.9396926164627075,-6.8168563842773438,0.0000000000000000,1.0000000000000000,-0.0000000437113883,-0.0000000226606858,0.9396926164627075,0.0000000149501762,0.3420201539993286,7.1778297424316406,0.0000000000000000,0.0000000000000000,0.0000000000000000,1.0000000000000000
M 0.3420201539993286,-0.0000000410752676,-0.9396926164627075,-6.8168563842773438,0.0000000000000000,1.0000000000000000,-0.0000000437113883,-0.0000000226606858,0.9396926164627075,0.0000000149501762,0.3420201539993286,7.1778297424316406,0.0000000000000000,0.0000000000000000,0.0000000000000000,1.0000000000000000
M 0.3420201539993286,-0.0000000410752676,-0.9396926164627075,-6.8168563842773438,0.0000000000000000,1.0000000000000000,-0.0000000437113883,-0.0000000226606858,0.9396926164627075,0.0000000149501762,0.3420201539993286,7.1778297424316406,0.0000000000000000,0.0000000000000000,0.0000000000000000,1.0000000000000000
O DOOR_2_EXTERNAL_TL_dfr
A DOOR_2_EXTERNAL_TL_dfr_DOOR_2_EXTERNAL_TL_dfr
M 1.0000000000000000,0.0000000000000000,0.0000000000000000,0.0000000000000000,0.0000000000000000,1.0000000000000000,-0.0000000437113883,0.0000000000000000,-0.0000000000000000,0.0000000437113883,1.0000000000000000,-0.0000000000000000,0.0000000000000000,0.0000000000000000,0.0000000000000000,1.0000000000000000
M 1.0000000000000000,0.0000000000000000,0.0000000000000000,0.0000000000000000,0.0000000000000000,1.0000000000000000,-0.0000000437113883,0.0000000000000000,-0.0000000000000000,0.0000000437113883,1.0000000000000000,-0.0000000000000000,0.0000000000000000,0.0000000000000000,0.0000000000000000,1.0000000000000000
M 1.0000000000000000,0.0000000000000000,0.0000000000000000,0.0000000000000000,0.0000000000000000,1.0000000000000000,-0.0000000437113883,0.0000000000000000,-0.0000000000000000,0.0000000437113883,1.0000000000000000,-0.0000000000000000,0.0000000000000000,0.0000000000000000,0.0000000000000000,1.0000000000000000
M 1.0000000000000000,0.0000000000000000,0.0000000000000000,0.0000000000000000,0.0000000000000000,1.0000000000000000,-0.0000000437113883,0.0000000000000000,-0.0000000000000000,0.0000000437113883,1.0000000000000000,-0.0000000000000000,0.0000000000000000,0.0000000000000000,0.0000000000000000,1.0000000000000000
M 1.0000000000000000,0.0000000000000000,0.0000000000000000,0.0000000000000000,0.0000000000000000,1.0000000000000000,-0.0000000437113883,0.0000000000000000,-0.0000000000000000,0.0000000437113883,1.0000000000000000,-0.0000000000000000,0.0000000000000000,0.0000000000000000,0.0000000000000000,1.0000000000000000
M 1.0000000000000000,0.0000000000000000,0.0000000000000000,0.0000000000000000,0.0000000000000000,1.0000000000000000,-0.0000000437113883,0.0000000000000000,-0.0000000000000000,0.0000000437113883,1.0000000000000000,-0.0000000000000000,0.0000000000000000,0.0000000000000000,0.0000000000000000,1.0000000000000000
M 1.0000000000000000,0.0000000000000000,0.0000000000000000,0.0000000000000000,0.0000000000000000,1.0000000000000000,-0.0000000437113883,0.0000000000000000,-0.0000000000000000,0.0000000437113883,1.0000000000000000,-0.0000000000000000,0.0000000000000000,0.0000000000000000,0.0000000000000000,1.0000000000000000
M 1.0000000000000000,0.0000000000000000,0.0000000000000000,0.0000000000000000,0.0000000000000000,1.0000000000000000,-0.0000000437113883,0.0000000000000000,-0.0000000000000000,0.0000000437113883,1.0000000000000000,-0.0000000000000000,0.0000000000000000,0.0000000000000000,0.0000000000000000,1.0000000000000000
M 1.0000000000000000,0.0000000000000000,0.0000000000000000,0.0000000000000000,0.0000000000000000,1.0000000000000000,-0.0000000437113883,0.0000000000000000,-0.0000000000000000,0.0000000437113883,1.0000000000000000,-0.0000000000000000,0.0000000000000000,0.0000000000000000,0.0000000000000000,1.0000000000000000
M 1.0000000000000000,0.0000000000000000,0.0000000000000000,0.0000000000000000,0.0000000000000000,1.0000000000000000,-0.0000000437113883,0.0000000000000000,-0.0000000000000000,0.0000000437113883,1.0000000000000000,-0.0000000000000000,0.0000000000000000,0.0000000000000000,0.0000000000000000,1.0000000000000000
M 1.0000000000000000,0.0000000000000000,0.0000000000000000,0.0000000000000000,0.0000000000000000,1.0000000000000000,-0.0000000437113883,0.0000000000000000,-0.0000000000000000,0.0000000437113883,1.0000000000000000,-0.0009062501485460,0.0000000000000000,0.0000000000000000,0.0000000000000000,1.0000000000000000
M 1.0000000000000000,0.0000000000000000,0.0000000000000000,0.0000000000000000,0.0000000000000000,1.0000000000000000,-0.0000000437113883,0.0000000000000000,-0.0000000000000000,0.0000000437113883,1.0000000000000000,-0.0035000005736947,0.0000000000000000,0.0000000000000000,0.0000000000000000,1.0000000000000000
M 1.0000000000000000,0.0000000000000000,0.0000000000000000,0.0000000000000000,0.0000000000000000,1.0000000000000000,-0.0000000437113883,0.0000000000000000,-0.0000000000000000,0.0000000437113883,1.0000000000000000,-0.0075937500223517,0.0000000000000000,0.0000000000000000,0.0000000000000000,1.0000000000000000
M 1.0000000000000000,0.0000000000000000,0.0000000000000000,0.0000000000000000,0.0000000000000000,1.0000000000000000,-0.0000000437113883,0.0000000000000000,-0.0000000000000000,0.0000000437113883,1.0000000000000000,-0.0130000002682209,0.0000000000000000,0.0000000000000000,0.0000000000000000,1.0000000000000000
M 1.0000000000000000,0.0000000000000000,0.0000000000000000,0.0000000000000000,0.0000000000000000,1.0000000000000000,-0.0000000437113883,0.0000000000000000,-0.0000000000000000,0.0000000437113883,1.0000000000000000,-0.0195312500000000,0.0000000000000000,0.0000000000000000,0.0000000000000000,1.0000000000000000
M 1.0000000000000000,0.0000000000000000,0.0000000000000000,0.0000000000000000,0.0000000000000000,1.0000000000000000,-0.0000000437113883,0.0000000000000000,-0.0000000000000000,0.0000000437113883,1.0000000000000000,-0.0270000007003546,0.0000000000000000,0.0000000000000000,0.0000000000000000,1.0000000000000000
M 1.0000000000000000,0.0000000000000000,0.0000000000000000,0.0000000000000000,0.0000000000000000,1.0000000000000000,-0.0000000437113883,0.0000000000000000,-0.0000000000000000,0.0000000437113883,1.0000000000000000,-0.0352187454700470,0.0000000000000000,0.0000000000000000,0.0000000000000000,1.0000000000000000
M 1.0000000000000000,0.0000000000000000,0.0000000000000000,0.0000000000000000,0.0000000000000000,1.0000000000000000,-0.0000000437113883,0.0000000000000000,-0.0000000000000000,0.0000000437113883,1.0000000000000000,-0.0439999997615814,0.0000000000000000,0.0000000000000000,0.0000000000000000,1.0000000000000000
M 1.0000000000000000,0.0000000000000000,0.0000000000000000,0.0000000000000000,0.0000000000000000,1.0000000000000000,-0.0000000437113883,0.0000000000000000,-0.0000000000000000,0.0000000437113883,1.0000000000000000,-0.0531562492251396,0.0000000000000000,0.0000000000000000,0.0000000000000000,1.0000000000000000
M 1.0000000000000000,0.0000000000000000,0.0000000000000000,0.0000000000000000,0.0000000000000000,1.0000000000000000,-0.0000000437113883,0.0000000000000000,-0.0000000000000000,0.0000000437113883,1.0000000000000000,-0.0625000000000000,0.0000000000000000,0.0000000000000000,0.0000000000000000,1.0000000000000000
M 1.0000000000000000,0.0000000000000000,0.0000000000000000,0.0000000000000000,0.0000000000000000,1.0000000000000000,-0.0000000437113883,0.0000000000000000,-0.0000000000000000,0.0000000437113883,1.0000000000000000,-0.0718437507748604,0.0000000000000000,0.0000000000000000,0.0000000000000000,1.0000000000000000
M 1.0000000000000000,0.0000000000000000,0.0000000000000000,0.0000000000000000,0.0000000000000000,1.0000000000000000,-0.0000000437113883,0.0000000000000000,-0.0000000000000000,0.0000000437113883,1.0000000000000000,-0.0810000002384186,0.0000000000000000,0.0000000000000000,0.0000000000000000,1.0000000000000000
M 1.0000000000000000,0.0000000000000000,0.0000000000000000,0.0000000000000000,0.0000000000000000,1.0000000000000000,-0.0000000437113883,0.0000000000000000,-0.0000000000000000,0.0000000437113883,1.0000000000000000,-0.0897812470793724,0.0000000000000000,0.0000000000000000,0.0000000000000000,1.0000000000000000
M 1.0000000000000000,0.0000000000000000,0.0000000000000000,0.0000000000000000,0.0000000000000000,1.0000000000000000,-0.0000000437113883,0.0000000000000000,-0.0000000000000000,0.0000000437113883,1.0000000000000000,-0.0979999899864197,0.0000000000000000,0.0000000000000000,0.0000000000000000,1.0000000000000000
M 1.0000000000000000,0.0000000000000000,0.0000000000000000,0.0000000000000000,0.0000000000000000,1.0000000000000000,-0.0000000437113883,0.0000000000000000,-0.0000000000000000,0.0000000437113883,1.0000000000000000,-0.1054687500000000,0.0000000000000000,0.0000000000000000,0.0000000000000000,1.0000000000000000
M 1.0000000000000000,0.0000000000000000,0.0000000000000000,0.0000000000000000,0.0000000000000000,1.0000000000000000,-0.0000000437113883,0.0000000000000000,-0.0000000000000000,0.0000000437113883,1.0000000000000000,-0.1120000034570694,0.0000000000000000,0.0000000000000000,0.0000000000000000,1.0000000000000000
M 1.0000000000000000,0.0000000000000000,0.0000000000000000,0.0000000000000000,0.0000000000000000,1.0000000000000000,-0.0000000437113883,0.0000000000000000,-0.0000000000000000,0.0000000437113883,1.0000000000000000,-0.1174062639474869,0.0000000000000000,0.0000000000000000,0.0000000000000000,1.0000000000000000
M 1.0000000000000000,0.0000000000000000,0.0000000000000000,0.0000000000000000,0.0000000000000000,1.0000000000000000,-0.0000000437113883,0.0000000000000000,-0.0000000000000000,0.0000000437113883,1.0000000000000000,-0.1215000003576279,0.0000000000000000,0.0000000000000000,0.0000000000000000,1.0000000000000000
