O DOOR_1_EXTERNAL_CG_dfl
A DOOR_1_EXTERNAL_CG_dfl_DOOR_1_EXTERNAL_CG_dfl
M 1.0000000000000000,0.0000000000000000,0.0000000000000000,0.0000000000000000,0.0000000000000000,1.0000000000000000,-0.0000000437113883,0.0000000000000000,-0.0000000000000000,0.0000000437113883,1.0000000000000000,-0.0000000000000000,0.0000000000000000,0.0000000000000000,0.0000000000000000,1.0000000000000000
M 1.0000000000000000,0.0000000000000000,0.0000000000000000,0.0000000000000000,0.0000000000000000,1.0000000000000000,-0.0000000437113883,0.0000000000000000,-0.0000000000000000,0.0000000437113883,1.0000000000000000,-0.0000000000000000,0.0000000000000000,0.0000000000000000,0.0000000000000000,1.0000000000000000
M 1.0000000000000000,0.0000000000000000,0.0000000000000000,0.0000000000000000,0.0000000000000000,1.0000000000000000,-0.0000000437113883,0.0000000000000000,-0.0000000000000000,0.0000000437113883,1.0000000000000000,-0.0000000000000000,0.0000000000000000,0.0000000000000000,0.0000000000000000,1.0000000000000000
M 1.0000000000000000,0.0000000000000000,0.0000000000000000,0.0000000000000000,0.0000000000000000,1.0000000000000000,-0.0000000437113883,0.0000000000000000,-0.0000000000000000,0.0000000437113883,1.0000000000000000,-0.0000000000000000,0.0000000000000000,0.0000000000000000,0.0000000000000000,1.0000000000000000
M 1.0000000000000000,0.0000000000000000,0.0000000000000000,0.0000000000000000,0.0000000000000000,1.0000000000000000,-0.0000000437113883,0.0000000000000000,-0.0000000000000000,0.0000000437113883,1.0000000000000000,-0.0000000000000000,0.0000000000000000,0.0000000000000000,0.0000000000000000,1.0000000000000000
M 1.0000000000000000,0.0000000000000000,0.0000000000000000,0.0000000000000000,0.0000000000000000,1.0000000000000000,-0.0000000437113883,0.0000000000000000,-0.0000000000000000,0.0000000437113883,1.0000000000000000,-0.0000000000000000,0.0000000000000000,0.0000000000000000,0.0000000000000000,1.0000000000000000
M 1.0000000000000000,0.0000000000000000,0.0000000000000000,0.0000000000000000,0.0000000000000000,1.0000000000000000,-0.0000000437113883,0.0000000000000000,-0.0000000000000000,0.0000000437113883,1.0000000000000000,-0.0000000000000000,0.0000000000000000,0.0000000000000000,0.0000000000000000,1.0000000000000000
M 1.0000000000000000,0.0000000000000000,0.0000000000000000,0.0000000000000000,0.0000000000000000,1.0000000000000000,-0.0000000437113883,0.0000000000000000,-0.0000000000000000,0.0000000437113883,1.0000000000000000,-0.0000000000000000,0.0000000000000000,0.0000000000000000,0.0000000000000000,1.0000000000000000
M 1.0000000000000000,0.0000000000000000,0.0000000000000000,0.0000000000000000,0.0000000000000000,1.0000000000000000,-0.0000000437113883,0.0000000000000000,-0.0000000000000000,0.0000000437113883,1.0000000000000000,-0.0000000000000000,0.0000000000000000,0.0000000000000000,0.0000000000000000,1.0000000000000000
M 1.0000000000000000,0.0000000000000000,0.0000000000000000,0.0000000000000000,0.0000000000000000,1.0000000000000000,-0.0000000437113883,0.0000000000000000,-0.0000000000000000,0.0000000437113883,1.0000000000000000,-0.0000000000000000,0.0000000000000000,0.0000000000000000,0.0000000000000000,1.0000000000000000
M 1.0000000000000000,0.0000000000000000,0.0000000000000000,0.0000000000000000,0.0000000000000000,1.0000000000000000,-0.0000000437113883,0.0000000000000000,-0.0000000000000000,0.0000000437113883,1.0000000000000000,-0.0000000000000000,0.0000000000000000,0.0000000000000000,0.0000000000000000,1.0000000000000000
M 1.0000000000000000,0.0000000000000000,0.0000000000000000,0.0000000000000000,0.0000000000000000,1.0000000000000000,-0.0000000437113883,0.0000000000000000,-0.0000000000000000,0.0000000437113883,1.0000000000000000,-0.0000000000000000,0.0000000000000000,0.0000000000000000,0.0000000000000000,1.0000000000000000
M 1.0000000000000000,0.0000000000000000,0.0000000000000000,0.0000000000000000,0.0000000000000000,1.0000000000000000,-0.0000000437113883,0.0000000000000000,-0.0000000000000000,0.0000000437113883,1.0000000000000000,-0.0000000000000000,0.0000000000000000,0.0000000000000000,0.0000000000000000,1.0000000000000000
M 1.0000000000000000,0.0000000000000000,0.0000000000000000,0.0000000000000000,0.0000000000000000,1.0000000000000000,-0.0000000437113883,0.0000000000000000,-0.0000000000000000,0.0000000437113883,1.0000000000000000,-0.0000000000000000,0.0000000000000000,0.0000000000000000,0.0000000000000000,1.0000000000000000
M 1.0000000000000000,0.0000000000000000,0.0000000000000000,0.0000000000000000,0.0000000000000000,1.0000000000000000,-0.0000000437113883,0.0000000000000000,-0.0000000000000000,0.0000000437113883,1.0000000000000000,-0.0000000000000000,0.0000000000000000,0.0000000000000000,0.0000000000000000,1.0000000000000000
M 1.0000000000000000,0.0000000000000000,0.0000000000000000,0.0000000000000000,0.0000000000000000,1.0000000000000000,-0.0000000437113883,0.0000000000000000,-0.0000000000000000,0.0000000437113883,1.0000000000000000,-0.0000000000000000,0.0000000000000000,0.0000000000000000,0.0000000000000000,1.0000000000000000
M 1.0000000000000000,0.0000000000000000,0.0000000000000000,0.0000000000000000,0.0000000000000000,1.0000000000000000,-0.0000000437113883,0.0000000000000000,-0.0000000000000000,0.0000000437113883,1.0000000000000000,-0.0000000000000000,0.0000000000000000,0.0000000000000000,0.0000000000000000,1.0000000000000000
M 1.0000000000000000,0.0000000000000000,0.0000000000000000,0.0000000000000000,0.0000000000000000,1.0000000000000000,-0.0000000437113883,0.0000000000000000,-0.0000000000000000,0.0000000437113883,1.0000000000000000,-0.0000000000000000,0.0000000000000000,0.0000000000000000,0.0000000000000000,1.0000000000000000
M 1.0000000000000000,0.0000000000000000,0.0000000000000000,0.0000000000000000,0.0000000000000000,1.0000000000000000,-0.0000000437113883,0.0000000000000000,-0.0000000000000000,0.0000000437113883,1.0000000000000000,-0.0000000000000000,0.0000000000000000,0.0000000000000000,0.0000000000000000,1.0000000000000000
M 1.0000000000000000,0.0000000000000000,0.0000000000000000,0.0000000000000000,0.0000000000000000,1.0000000000000000,-0.0000000437113883,0.0000000000000000,-0.0000000000000000,0.0000000437113883,1.0000000000000000,-0.0000000000000000,0.0000000000000000,0.0000000000000000,0.0000000000000000,1.0000000000000000
M 1.0000000000000000,0.0000000000000000,0.0000000000000000,0.0000000000000000,0.0000000000000000,1.0000000000000000,-0.0000000437113883,0.0000000000000000,-0.0000000000000000,0.0000000437113883,1.0000000000000000,-0.0000000000000000,0.0000000000000000,0.0000000000000000,0.0000000000000000,1.0000000000000000
M 1.0000000000000000,0.0000000000000000,0.0000000000000000,0.0000000000000000,0.0000000000000000,1.0000000000000000,-0.0000000437113883,0.0000000000000000,-0.0000000000000000,0.0000000437113883,1.0000000000000000,-0.0000000000000000,0.0000000000000000,0.0000000000000000,0.0000000000000000,1.0000000000000000
M 1.0000000000000000,0.0000000000000000,0.0000000000000000,0.0000000000000000,0.0000000000000000,1.0000000000000000,-0.0000000437113883,0.0000000000000000,-0.0000000000000000,0.0000000437113883,1.0000000000000000,-0.0000000000000000,0.0000000000000000,0.0000000000000000,0.0000000000000000,1.0000000000000000
M 1.0000000000000000,0.0000000000000000,0.0000000000000000,0.0000000000000000,0.0000000000000000,1.0000000000000000,-0.0000000437113883,0.0000000000000000,-0.0000000000000000,0.0000000437113883,1.0000000000000000,-0.0000000000000000,0.0000000000000000,0.0000000000000000,0.0000000000000000,1.0000000000000000
M 1.0000000000000000,0.0000000000000000,0.0000000000000000,0.0000000000000000,0.0000000000000000,1.0000000000000000,-0.0000000437113883,0.0000000000000000,-0.0000000000000000,0.0000000437113883,1.0000000000000000,-0.0000000000000000,0.0000000000000000,0.0000000000000000,0.0000000000000000,1.0000000000000000
M 1.0000000000000000,0.0000000000000000,0.0000000000000000,0.0000000000000000,0.0000000000000000,1.0000000000000000,-0.0000000437113883,0.0000000000000000,-0.0000000000000000,0.0000000437113883,1.0000000000000000,-0.0000000000000000,0.0000000000000000,0.0000000000000000,0.0000000000000000,1.0000000000000000
M 1.0000000000000000,0.0000000000000000,0.0000000000000000,0.0000000000000000,0.0000000000000000,1.0000000000000000,-0.0000000437113883,0.0000000000000000,-0.0000000000000000,0.0000000437113883,1.0000000000000000,-0.0000000000000000,0.0000000000000000,0.0000000000000000,0.0000000000000000,1.0000000000000000
M 1.0000000000000000,0.0000000000000000,0.0000000000000000,0.0000000000000000,0.0000000000000000,1.0000000000000000,-0.0000000437113883,0.0000000000000000,-0.0000000000000000,0.0000000437113883,1.0000000000000000,-0.0000000000000000,0.0000000000000000,0.0000000000000000,0.0000000000000000,1.0000000000000000
M 1.0000000000000000,0.0000000000000000,0.0000000000000000,0.0000000000000000,0.0000000000000000,1.0000000000000000,-0.0000000437113883,0.0000000000000000,-0.0000000000000000,0.0000000437113883,1.0000000000000000,-0.0000000000000000,0.0000000000000000,0.0000000000000000,0.0000000000000000,1.0000000000000000
M 1.0000000000000000,0.0000000000000000,0.0000000000000000,0.0000000000000000,0.0000000000000000,1.0000000000000000,-0.0000000437113883,0.0000000000000000,-0.0000000000000000,0.0000000437113883,1.0000000000000000,-0.0000000000000000,0.0000000000000000,0.0000000000000000,0.0000000000000000,1.0000000000000000
M 1.0000000000000000,0.0000000000000000,0.0000000000000000,0.0000000000000000,0.0000000000000000,1.0000000000000000,-0.0000000437113883,0.0000000000000000,-0.0000000000000000,0.0000000437113883,1.0000000000000000,-0.0000000000000000,0.0000000000000000,0.0000000000000000,0.0000000000000000,1.0000000000000000
M 1.0000000000000000,0.0000000000000000,0.0000000000000000,0.0000000000000000,0.0000000000000000,1.0000000000000000,-0.0000000437113883,0.0000000000000000,-0.0000000000000000,0.0000000437113883,1.0000000000000000,-0.0000000000000000,0.0000000000000000,0.0000000000000000,0.0000000000000000,1.0000000000000000
M 1.0000000000000000,0.0000000000000000,0.0000000000000000,0.0000000000000000,0.0000000000000000,1.0000000000000000,-0.0000000437113883,0.0000000000000000,-0.0000000000000000,0.0000000437113883,1.0000000000000000,-0.0000000000000000,0.0000000000000000,0.0000000000000000,0.0000000000000000,1.0000000000000000
M 1.0000000000000000,0.0000000000000000,0.0000000000000000,0.0000000000000000,0.0000000000000000,1.0000000000000000,-0.0000000437113883,0.0000000000000000,-0.0000000000000000,0.0000000437113883,1.0000000000000000,-0.0000000000000000,0.0000000000000000,0.0000000000000000,0.0000000000000000,1.0000000000000000
M 1.0000000000000000,0.0000000000000000,0.0000000000000000,0.0000000000000000,0.0000000000000000,1.0000000000000000,-0.0000000437113883,0.0000000000000000,-0.0000000000000000,0.0000000437113883,1.0000000000000000,-0.0000000000000000,0.0000000000000000,0.0000000000000000,0.0000000000000000,1.0000000000000000
M 1.0000000000000000,0.0000000000000000,0.0000000000000000,0.0000000000000000,0.0000000000000000,1.0000000000000000,-0.0000000437113883,0.0000000000000000,-0.0000000000000000,0.0000000437113883,1.0000000000000000,-0.0000000000000000,0.0000000000000000,0.0000000000000000,0.0000000000000000,1.0000000000000000
M 1.0000000000000000,0.0000000000000000,0.0000000000000000,0.0000000000000000,0.0000000000000000,1.0000000000000000,-0.0000000437113883,0.0000000000000000,-0.0000000000000000,0.0000000437113883,1.0000000000000000,-0.0000000000000000,0.0000000000000000,0.0000000000000000,0.0000000000000000,1.0000000000000000
M 1.0000000000000000,0.0000000000000000,0.0000000000000000,0.0000000000000000,0.0000000000000000,1.0000000000000000,-0.0000000437113883,0.0000000000000000,-0.0000000000000000,0.0000000437113883,1.0000000000000000,-0.0000000000000000,0.0000000000000000,0.0000000000000000,0.0000000000000000,1.0000000000000000
M 1.0000000000000000,0.0000000000000000,0.0000000000000000,0.0000000000000000,0.0000000000000000,1.0000000000000000,-0.0000000437113883,0.0000000000000000,-0.0000000000000000,0.0000000437113883,1.0000000000000000,-0.0000000000000000,0.0000000000000000,0.0000000000000000,0.0000000000000000,1.0000000000000000
M 1.0000000000000000,0.0000000000000000,0.0000000000000000,0.0000000000000000,0.0000000000000000,1.0000000000000000,-0.0000000437113883,0.0000000000000000,-0.0000000000000000,0.0000000437113883,1.0000000000000000,-0.0000000000000000,0.0000000000000000,0.0000000000000000,0.0000000000000000,1.0000000000000000
M 0.9999999403953552,-0.0000000000134348,-0.0003073517000303,0.0003907629870810,0.0000000000000000,1.0000000000000000,-0.0000000437113883,0.0000000000000000,0.0003073517000303,0.0000000437113847,0.9999999403953552,0.0037833682727069,0.0000000000000000,0.0000000000000000,0.0000000000000000,1.0000000000000000
M 0.9999992251396179,-0.0000000000534388,-0.0012225381797180,0.0015500144800171,0.0000000000000000,1.0000000000000000,-0.0000000437113883,0.0000000000000000,0.0012225381797180,0.0000000437113528,0.9999992251396179,0.0150494836270809,0.0000000000000000,0.0000000000000000,0.0000000000000000,1.0000000000000000
M 0.9999962449073792,-0.0000000001195618,-0.0027352545876056,0.0034410292282701,0.0000000000000000,1.0000000000000000,-0.0000000437113883,0.0000000000000000,0.0027352545876056,0.0000000437112249,0.9999962449073792,0.0336736515164375,0.0000000000000000,0.0000000000000000,0.0000000000000000,1.0000000000000000
M 0.9999883174896240,-0.0000000002113529,-0.0048351902514696,0.0060203988105059,0.0000000000000000,1.0000000000000000,-0.0000000437113883,0.0000000000000000,0.0048351902514696,0.0000000437108767,0.9999883174896240,0.0595327652990818,0.0000000000000000,0.0000000000000000,0.0000000000000000,1.0000000000000000
M 0.9999718070030212,-0.0000000003283606,-0.0075120157562196,0.0092284772545099,0.0000000000000000,1.0000000000000000,-0.0000000437113883,0.0000000000000000,0.0075120157562196,0.0000000437101555,0.9999718070030212,0.0925043374300003,0.0000000000000000,0.0000000000000000,0.0000000000000000,1.0000000000000000
M 0.9999421834945679,-0.0000000004701328,-0.0107553834095597,0.0129960561171174,0.0000000000000000,1.0000000000000000,-0.0000000437113883,0.0000000000000000,0.0107553834095597,0.0000000437088623,0.9999421834945679,0.1324671804904938,0.0000000000000000,0.0000000000000000,0.0000000000000000,1.0000000000000000
M 0.9998940825462341,-0.0000000006362151,-0.0145549038425088,0.0172424297779799,0.0000000000000000,1.0000000000000000,-0.0000000437113883,0.0000000000000000,0.0145549038425088,0.0000000437067591,0.9998940825462341,0.1793005466461182,0.0000000000000000,0.0000000000000000,0.0000000000000000,1.0000000000000000
M 0.9998213648796082,-0.0000000008261516,-0.0189001448452473,0.0218763388693333,0.0000000000000000,1.0000000000000000,-0.0000000437113883,0.0000000000000000,0.0189001448452473,0.0000000437035794,0.9998213648796082,0.2328842580318451,0.0000000000000000,0.0000000000000000,0.0000000000000000,1.0000000000000000
M 0.9997171759605408,-0.0000000010394828,-0.0237805955111980,0.0268007032573223,0.0000000000000000,1.0000000000000000,-0.0000000437113883,0.0000000000000000,0.0237805955111980,0.0000000436990248,0.9997171759605408,0.2930982708930969,0.0000000000000000,0.0000000000000000,0.0000000000000000,1.0000000000000000
M 0.9995740056037903,-0.0000000012757465,-0.0291856788098812,0.0319078639149666,0.0000000000000000,1.0000000000000000,-0.0000000437113883,0.0000000000000000,0.0291856788098812,0.0000000436927685,0.9995740056037903,0.3598220646381378,0.0000000000000000,0.0000000000000000,0.0000000000000000,1.0000000000000000
M 0.9993836283683777,-0.0000000015344754,-0.0351047068834305,0.0370842814445496,0.0000000000000000,1.0000000000000000,-0.0000000437113883,0.0000000000000000,0.0351047068834305,0.0000000436844445,0.9993836283683777,0.4329354166984558,0.0000000000000000,0.0000000000000000,0.0000000000000000,1.0000000000000000
M 0.9991374015808105,-0.0000000018151981,-0.0415268912911415,0.0422029346227646,0.0000000000000000,1.0000000000000000,-0.0000000437113883,0.0000000000000000,0.0415268912911415,0.0000000436736833,0.9991374015808105,0.5123169422149658,0.0000000000000000,0.0000000000000000,0.0000000000000000,1.0000000000000000
M 0.9988260269165039,-0.0000000021174360,-0.0484412908554077,0.0471375584602356,0.0000000000000000,1.0000000000000000,-0.0000000437113883,0.0000000000000000,0.0484412908554077,0.0000000436600729,0.9988260269165039,0.5978440642356873,0.0000000000000000,0.0000000000000000,0.0000000000000000,1.0000000000000000
M 0.9984399080276489,-0.0000000024407054,-0.0558368302881718,0.0517531186342239,0.0000000000000000,1.0000000000000000,-0.0000000437113883,0.0000000000000000,0.0558368302881718,0.0000000436431939,0.9984399080276489,0.6893939375877380,0.0000000000000000,0.0000000000000000,0.0000000000000000,1.0000000000000000
M 0.9979689717292786,-0.0000000027845140,-0.0637022554874420,0.0559114739298820,0.0000000000000000,1.0000000000000000,-0.0000000437113883,0.0000000000000000,0.0637022554874420,0.0000000436226095,0.9979689717292786,0.7868404984474182,0.0000000000000000,0.0000000000000000,0.0000000000000000,1.0000000000000000
M 0.9974027276039124,-0.0000000031483629,-0.0720261484384537,0.0594628304243088,0.0000000000000000,1.0000000000000000,-0.0000000437113883,0.0000000000000000,0.0720261484384537,0.0000000435978578,0.9974027276039124,0.8900577425956726,0.0000000000000000,0.0000000000000000,0.0000000000000000,1.0000000000000000
M 0.9967305660247803,-0.0000000035317413,-0.0807968229055405,0.0622656047344208,0.0000000000000000,1.0000000000000000,-0.0000000437113883,0.0000000000000000,0.0807968229055405,0.0000000435684768,0.9967305660247803,0.9989156723022461,0.0000000000000000,0.0000000000000000,0.0000000000000000,1.0000000000000000
M 0.9959415197372437,-0.0000000039341330,-0.0900024771690369,0.0641628131270409,0.0000000000000000,1.0000000000000000,-0.0000000437113883,0.0000000000000000,0.0900024771690369,0.0000000435339871,0.9959415197372437,1.1132835149765015,0.0000000000000000,0.0000000000000000,0.0000000000000000,1.0000000000000000
M 0.9950244426727295,-0.0000000043550092,-0.0996309965848923,0.0650027692317963,0.0000000000000000,1.0000000000000000,-0.0000000437113883,0.0000000000000000,0.0996309965848923,0.0000000434938983,0.9950244426727295,1.2330267429351807,0.0000000000000000,0.0000000000000000,0.0000000000000000,1.0000000000000000
M 0.9939680695533752,-0.0000000047938302,-0.1096700504422188,0.0646287053823471,0.0000000000000000,1.0000000000000000,-0.0000000437113883,0.0000000000000000,0.1096700504422188,0.0000000434477236,0.9939680695533752,1.3580083847045898,0.0000000000000000,0.0000000000000000,0.0000000000000000,1.0000000000000000
M 0.9927609562873840,-0.0000000052500453,-0.1201070398092270,0.0628806799650192,0.0000000000000000,1.0000000000000000,-0.0000000437113883,0.0000000000000000,0.1201070398092270,0.0000000433949587,0.9927609562873840,1.4880882501602173,0.0000000000000000,0.0000000000000000,0.0000000000000000,1.0000000000000000
M 0.9913917183876038,-0.0000000057230944,-0.1309291422367096,0.0596012771129608,0.0000000000000000,1.0000000000000000,-0.0000000437113883,0.0000000000000000,0.1309291422367096,0.0000000433351097,0.9913917183876038,1.6231237649917603,0.0000000000000000,0.0000000000000000,0.0000000000000000,1.0000000000000000
M 0.9898489713668823,-0.0000000062123999,-0.1421231478452682,0.0546316057443619,0.0000000000000000,1.0000000000000000,-0.0000000437113883,0.0000000000000000,0.1421231478452682,0.0000000432676721,0.9898489713668823,1.7629668712615967,0.0000000000000000,0.0000000000000000,0.0000000000000000,1.0000000000000000
M 0.9881213307380676,-0.0000000067173782,-0.1536757051944733,0.0478106886148453,0.0000000000000000,1.0000000000000000,-0.0000000437113883,0.0000000000000000,0.1536757051944733,0.0000000431921556,0.9881213307380676,1.9074678421020508,0.0000000000000000,0.0000000000000000,0.0000000000000000,1.0000000000000000
M 0.9861975312232971,-0.0000000072374275,-0.1655730456113815,0.0389808118343353,0.0000000000000000,1.0000000000000000,-0.0000000437113883,0.0000000000000000,0.1655730456113815,0.0000000431080629,0.9861975312232971,2.0564723014831543,0.0000000000000000,0.0000000000000000,0.0000000000000000,1.0000000000000000
M 0.9840664267539978,-0.0000000077719378,-0.1778012067079544,0.0279868543148041,0.0000000000000000,1.0000000000000000,-0.0000000437113883,0.0000000000000000,0.1778012067079544,0.0000000430149107,0.9840664267539978,2.2098221778869629,0.0000000000000000,0.0000000000000000,0.0000000000000000,1.0000000000000000
M 0.9817171096801758,-0.0000000083202805,-0.1903458237648010,0.0146731436252594,0.0000000000000000,1.0000000000000000,-0.0000000437113883,0.0000000000000000,0.1903458237648010,0.0000000429122160,0.9817171096801758,2.3673551082611084,0.0000000000000000,0.0000000000000000,0.0000000000000000,1.0000000000000000
M 0.9791388511657715,-0.0000000088818206,-0.2031923681497574,-0.0011133551597595,0.0000000000000000,1.0000000000000000,-0.0000000437113883,0.0000000000000000,0.2031923681497574,0.0000000427995168,0.9791388511657715,2.5289053916931152,0.0000000000000000,0.0000000000000000,0.0000000000000000,1.0000000000000000
M 0.9763212203979492,-0.0000000094559036,-0.2163258641958237,-0.0195224285125732,0.0000000000000000,1.0000000000000000,-0.0000000437113883,0.0000000000000000,0.2163258641958237,0.0000000426763549,0.9763212203979492,2.6943025588989258,0.0000000000000000,0.0000000000000000,0.0000000000000000,1.0000000000000000
M 0.9732540845870972,-0.0000000100418713,-0.2297312319278717,-0.0406992733478546,0.0000000000000000,1.0000000000000000,-0.0000000437113883,0.0000000000000000,0.2297312319278717,0.0000000425422861,0.9732540845870972,2.8633735179901123,0.0000000000000000,0.0000000000000000,0.0000000000000000,1.0000000000000000
M 0.9699277877807617,-0.0000000106390416,-0.2433928996324539,-0.0647849440574646,0.0000000000000000,1.0000000000000000,-0.0000000437113883,0.0000000000000000,0.2433928996324539,0.0000000423968913,0.9699277877807617,3.0359387397766113,0.0000000000000000,0.0000000000000000,0.0000000000000000,1.0000000000000000
M 0.9663328528404236,-0.0000000112467315,-0.2572952210903168,-0.0919177532196045,0.0000000000000000,1.0000000000000000,-0.0000000437113883,0.0000000000000000,0.2572952210903168,0.0000000422397513,0.9663328528404236,3.2118177413940430,0.0000000000000000,0.0000000000000000,0.0000000000000000,1.0000000000000000
M 0.9624603986740112,-0.0000000118642349,-0.2714220583438873,-0.1222281157970428,0.0000000000000000,1.0000000000000000,-0.0000000437113883,0.0000000000000000,0.2714220583438873,0.0000000420704787,0.9624603986740112,3.3908224105834961,0.0000000000000000,0.0000000000000000,0.0000000000000000,1.0000000000000000
M 0.9583020210266113,-0.0000000124908457,-0.2857572436332703,-0.1558454930782318,0.0000000000000000,1.0000000000000000,-0.0000000437113883,0.0000000000000000,0.2857572436332703,0.0000000418887112,0.9583020210266113,3.5727643966674805,0.0000000000000000,0.0000000000000000,0.0000000000000000,1.0000000000000000
M 0.9538497328758240,-0.0000000131258435,-0.3002842962741852,-0.1928873658180237,0.0000000000000000,1.0000000000000000,-0.0000000437113883,0.0000000000000000,0.3002842962741852,0.0000000416940971,0.9538497328758240,3.7574505805969238,0.0000000000000000,0.0000000000000000,0.0000000000000000,1.0000000000000000
M 0.9490961432456970,-0.0000000137684975,-0.3149864971637726,-0.2334696352481842,0.0000000000000000,1.0000000000000000,-0.0000000437113883,0.0000000000000000,0.3149864971637726,0.0000000414863095,0.9490961432456970,3.9446835517883301,0.0000000000000000,0.0000000000000000,0.0000000000000000,1.0000000000000000
M 0.9440344572067261,-0.0000000144180667,-0.3298469185829163,-0.2776970863342285,0.0000000000000000,1.0000000000000000,-0.0000000437113883,0.0000000000000000,0.3298469185829163,0.0000000412650571,0.9440344572067261,4.1342635154724121,0.0000000000000000,0.0000000000000000,0.0000000000000000,1.0000000000000000
M 0.9386583566665649,-0.0000000150738035,-0.3448484241962433,-0.3256728351116180,0.0000000000000000,1.0000000000000000,-0.0000000437113883,0.0000000000000000,0.3448484241962433,0.0000000410300594,0.9386583566665649,4.3259868621826172,0.0000000000000000,0.0000000000000000,0.0000000000000000,1.0000000000000000
M 0.9329624176025391,-0.0000000157349564,-0.3599738478660583,-0.3774875998497009,0.0000000000000000,1.0000000000000000,-0.0000000437113883,0.0000000000000000,0.3599738478660583,0.0000000407810816,0.9329624176025391,4.5196485519409180,0.0000000000000000,0.0000000000000000,0.0000000000000000,1.0000000000000000
M 0.9269415140151978,-0.0000000164007687,-0.3752058446407318,-0.4332247972488403,0.0000000000000000,1.0000000000000000,-0.0000000437113883,0.0000000000000000,0.3752058446407318,0.0000000405179001,0.9269415140151978,4.7150402069091797,0.0000000000000000,0.0000000000000000,0.0000000000000000,1.0000000000000000
M 0.9205915331840515,-0.0000000170704695,-0.3905268311500549,-0.4929594993591309,0.0000000000000000,1.0000000000000000,-0.0000000437113883,0.0000000000000000,0.3905268311500549,0.0000000402403337,0.9205915331840515,4.9119505882263184,0.0000000000000000,0.0000000000000000,0.0000000000000000,1.0000000000000000
M 0.9139089584350586,-0.0000000177432948,-0.4059192538261414,-0.5567610263824463,0.0000000000000000,1.0000000000000000,-0.0000000437113883,0.0000000000000000,0.4059192538261414,0.0000000399482296,0.9139089584350586,5.1101665496826172,0.0000000000000000,0.0000000000000000,0.0000000000000000,1.0000000000000000
M 0.9068908095359802,-0.0000000184184774,-0.4213656485080719,-0.6246872544288635,0.0000000000000000,1.0000000000000000,-0.0000000437113883,0.0000000000000000,0.4213656485080719,0.0000000396414563,0.9068908095359802,5.3094763755798340,0.0000000000000000,0.0000000000000000,0.0000000000000000,1.0000000000000000
M 0.8995351791381836,-0.0000000190952463,-0.4368483126163483,-0.6967847943305969,0.0000000000000000,1.0000000000000000,-0.0000000437113883,0.0000000000000000,0.4368483126163483,0.0000000393199322,0.8995351791381836,5.5096631050109863,0.0000000000000000,0.0000000000000000,0.0000000000000000,1.0000000000000000
M 0.8918407559394836,-0.0000000197728269,-0.4523495435714722,-0.7730935811996460,0.0000000000000000,1.0000000000000000,-0.0000000437113883,0.0000000000000000,0.4523495435714722,0.0000000389835968,0.8918407559394836,5.7105097770690918,0.0000000000000000,0.0000000000000000,0.0000000000000000,1.0000000000000000
M 0.8838068842887878,-0.0000000204504556,-0.4678519070148468,-0.8536447286605835,0.0000000000000000,1.0000000000000000,-0.0000000437113883,0.0000000000000000,0.4678519070148468,0.0000000386324253,0.8838068842887878,5.9118013381958008,0.0000000000000000,0.0000000000000000,0.0000000000000000,1.0000000000000000
M 0.8754338026046753,-0.0000000211273754,-0.4833379983901978,-0.9384558796882629,0.0000000000000000,1.0000000000000000,-0.0000000437113883,0.0000000000000000,0.4833379983901978,0.0000000382664282,0.8754338026046753,6.1133222579956055,0.0000000000000000,0.0000000000000000,0.0000000000000000,1.0000000000000000
M 0.8667227029800415,-0.0000000218028156,-0.4987902939319611,-1.0275399684906006,0.0000000000000000,1.0000000000000000,-0.0000000437113883,0.0000000000000000,0.4987902939319611,0.0000000378856519,0.8667227029800415,6.3148536682128906,0.0000000000000000,0.0000000000000000,0.0000000000000000,1.0000000000000000
M 0.8576753139495850,-0.0000000224760317,-0.5141916871070862,-1.1208925247192383,0.0000000000000000,1.0000000000000000,-0.0000000437113883,0.0000000000000000,0.5141916871070862,0.0000000374901781,0.8576753139495850,6.5161819458007812,0.0000000000000000,0.0000000000000000,0.0000000000000000,1.0000000000000000
M 0.8482942581176758,-0.0000000231462796,-0.5295251607894897,-1.2185056209564209,0.0000000000000000,1.0000000000000000,-0.0000000437113883,0.0000000000000000,0.5295251607894897,0.0000000370801203,0.8482942581176758,6.7170929908752441,0.0000000000000000,0.0000000000000000,0.0000000000000000,1.0000000000000000
M 0.8385829329490662,-0.0000000238128255,-0.5447739362716675,-1.3203580379486084,0.0000000000000000,1.0000000000000000,-0.0000000437113883,0.0000000000000000,0.5447739362716675,0.0000000366556243,0.8385829329490662,6.9173746109008789,0.0000000000000000,0.0000000000000000,0.0000000000000000,1.0000000000000000
M 0.8285456299781799,-0.0000000244749465,-0.5599215030670166,-1.4264177083969116,0.0000000000000000,1.0000000000000000,-0.0000000437113883,0.0000000000000000,0.5599215030670166,0.0000000362168784,0.8285456299781799,7.1168165206909180,0.0000000000000000,0.0000000000000000,0.0000000000000000,1.0000000000000000
M 0.8181874155998230,-0.0000000251319321,-0.5749515891075134,-1.5366423130035400,0.0000000000000000,1.0000000000000000,-0.0000000437113883,0.0000000000000000,0.5749515891075134,0.0000000357641063,0.8181874155998230,7.3152108192443848,0.0000000000000000,0.0000000000000000,0.0000000000000000,1.0000000000000000
M 0.8075140714645386,-0.0000000257830877,-0.5898482799530029,-1.6509819030761719,0.0000000000000000,1.0000000000000000,-0.0000000437113883,0.0000000000000000,0.5898482799530029,0.0000000352975604,0.8075140714645386,7.5123534202575684,0.0000000000000000,0.0000000000000000,0.0000000000000000,1.0000000000000000
M 0.7965320944786072,-0.0000000264277418,-0.6045962572097778,-1.7693750858306885,0.0000000000000000,1.0000000000000000,-0.0000000437113883,0.0000000000000000,0.6045962572097778,0.0000000348175249,0.7965320944786072,7.7080454826354980,0.0000000000000000,0.0000000000000000,0.0000000000000000,1.0000000000000000
M 0.7852489352226257,-0.0000000270652265,-0.6191802024841309,-1.8917459249496460,0.0000000000000000,1.0000000000000000,-0.0000000437113883,0.0000000000000000,0.6191802024841309,0.0000000343243194,0.7852489352226257,7.9020881652832031,0.0000000000000000,0.0000000000000000,0.0000000000000000,1.0000000000000000
M 0.7736726999282837,-0.0000000276949006,-0.6335854530334473,-2.0180149078369141,0.0000000000000000,1.0000000000000000,-0.0000000437113883,0.0000000000000000,0.6335854530334473,0.0000000338183064,0.7736726999282837,8.0942888259887695,0.0000000000000000,0.0000000000000000,0.0000000000000000,1.0000000000000000
M 0.7618122100830078,-0.0000000283161441,-0.6477978825569153,-2.1480906009674072,0.0000000000000000,1.0000000000000000,-0.0000000437113883,0.0000000000000000,0.6477978825569153,0.0000000332998695,0.7618122100830078,8.2844619750976562,0.0000000000000000,0.0000000000000000,0.0000000000000000,1.0000000000000000
M 0.7496769428253174,-0.0000000289283690,-0.6618039608001709,-2.2818708419799805,0.0000000000000000,1.0000000000000000,-0.0000000437113883,0.0000000000000000,0.6618039608001709,0.0000000327694210,0.7496769428253174,8.4724273681640625,0.0000000000000000,0.0000000000000000,0.0000000000000000,1.0000000000000000
M 0.7372773289680481,-0.0000000295309839,-0.6755901575088501,-2.4192440509796143,0.0000000000000000,1.0000000000000000,-0.0000000437113883,0.0000000000000000,0.6755901575088501,0.0000000322274154,0.7372773289680481,8.6580047607421875,0.0000000000000000,0.0000000000000000,0.0000000000000000,1.0000000000000000
M 0.7246242761611938,-0.0000000301234486,-0.6891441345214844,-2.5600886344909668,0.0000000000000000,1.0000000000000000,-0.0000000437113883,0.0000000000000000,0.6891441345214844,0.0000000316743325,0.7246242761611938,8.8410253524780273,0.0000000000000000,0.0000000000000000,0.0000000000000000,1.0000000000000000
M 0.7117293477058411,-0.0000000307052339,-0.7024538516998291,-2.7042787075042725,0.0000000000000000,1.0000000000000000,-0.0000000437113883,0.0000000000000000,0.7024538516998291,0.0000000311106767,0.7117293477058411,9.0213260650634766,0.0000000000000000,0.0000000000000000,0.0000000000000000,1.0000000000000000
M 0.6986047029495239,-0.0000000312758424,-0.7155078649520874,-2.8516750335693359,0.0000000000000000,1.0000000000000000,-0.0000000437113883,0.0000000000000000,0.7155078649520874,0.0000000305369809,0.6986047029495239,9.1987504959106445,0.0000000000000000,0.0000000000000000,0.0000000000000000,1.0000000000000000
M 0.6852630376815796,-0.0000000318348157,-0.7282956838607788,-3.0021333694458008,0.0000000000000000,1.0000000000000000,-0.0000000437113883,0.0000000000000000,0.7282956838607788,0.0000000299537994,0.6852630376815796,9.3731508255004883,0.0000000000000000,0.0000000000000000,0.0000000000000000,1.0000000000000000
M 0.6717179417610168,-0.0000000323817027,-0.7408069968223572,-3.1554961204528809,0.0000000000000000,1.0000000000000000,-0.0000000437113883,0.0000000000000000,0.7408069968223572,0.0000000293617237,0.6717179417610168,9.5443830490112305,0.0000000000000000,0.0000000000000000,0.0000000000000000,1.0000000000000000
M 0.6579834222793579,-0.0000000329160947,-0.7530324459075928,-3.3116018772125244,0.0000000000000000,1.0000000000000000,-0.0000000437113883,0.0000000000000000,0.7530324459075928,0.0000000287613684,0.6579834222793579,9.7123136520385742,0.0000000000000000,0.0000000000000000,0.0000000000000000,1.0000000000000000
M 0.6440735459327698,-0.0000000334376189,-0.7649635672569275,-3.4702858924865723,0.0000000000000000,1.0000000000000000,-0.0000000437113883,0.0000000000000000,0.7649635672569275,0.0000000281533481,0.6440735459327698,9.8768186569213867,0.0000000000000000,0.0000000000000000,0.0000000000000000,1.0000000000000000
M 0.6300033926963806,-0.0000000339459305,-0.7765923738479614,-3.6313695907592773,0.0000000000000000,1.0000000000000000,-0.0000000437113883,0.0000000000000000,0.7765923738479614,0.0000000275383236,0.6300033926963806,10.0377798080444336,0.0000000000000000,0.0000000000000000,0.0000000000000000,1.0000000000000000
M 0.6157882809638977,-0.0000000344407134,-0.7879116535186768,-3.7946701049804688,0.0000000000000000,1.0000000000000000,-0.0000000437113883,0.0000000000000000,0.7879116535186768,0.0000000269169611,0.6157882809638977,10.1950893402099609,0.0000000000000000,0.0000000000000000,0.0000000000000000,1.0000000000000000
M 0.6014440655708313,-0.0000000349216798,-0.7989149093627930,-3.9600009918212891,0.0000000000000000,1.0000000000000000,-0.0000000437113883,0.0000000000000000,0.7989149093627930,0.0000000262899551,0.6014440655708313,10.3486461639404297,0.0000000000000000,0.0000000000000000,0.0000000000000000,1.0000000000000000
M 0.5869864821434021,-0.0000000353885952,-0.8095967173576355,-4.1271686553955078,0.0000000000000000,1.0000000000000000,-0.0000000437113883,0.0000000000000000,0.8095967173576355,0.0000000256579948,0.5869864821434021,10.4983625411987305,0.0000000000000000,0.0000000000000000,0.0000000000000000,1.0000000000000000
M 0.5724321603775024,-0.0000000358412429,-0.8199520707130432,-4.2959728240966797,0.0000000000000000,1.0000000000000000,-0.0000000437113883,0.0000000000000000,0.8199520707130432,0.0000000250218051,0.5724321603775024,10.6441564559936523,0.0000000000000000,0.0000000000000000,0.0000000000000000,1.0000000000000000
M 0.5577977895736694,-0.0000000362794417,-0.8299769163131714,-4.4662122726440430,0.0000000000000000,1.0000000000000000,-0.0000000437113883,0.0000000000000000,0.8299769163131714,0.0000000243821159,0.5577977895736694,10.7859563827514648,0.0000000000000000,0.0000000000000000,0.0000000000000000,1.0000000000000000
M 0.5431005954742432,-0.0000000367030388,-0.8396676182746887,-4.6376752853393555,0.0000000000000000,1.0000000000000000,-0.0000000437113883,0.0000000000000000,0.8396676182746887,0.0000000237396804,0.5431005954742432,10.9236955642700195,0.0000000000000000,0.0000000000000000,0.0000000000000000,1.0000000000000000
M 0.5283572673797607,-0.0000000371119384,-0.8490221500396729,-4.8101539611816406,0.0000000000000000,1.0000000000000000,-0.0000000437113883,0.0000000000000000,0.8490221500396729,0.0000000230952288,0.5283572673797607,11.0573263168334961,0.0000000000000000,0.0000000000000000,0.0000000000000000,1.0000000000000000
M 0.5135857462882996,-0.0000000375060445,-0.8580383062362671,-4.9834280014038086,0.0000000000000000,1.0000000000000000,-0.0000000437113883,0.0000000000000000,0.8580383062362671,0.0000000224495462,0.5135857462882996,11.1868019104003906,0.0000000000000000,0.0000000000000000,0.0000000000000000,1.0000000000000000
M 0.4988029599189758,-0.0000000378853358,-0.8667154312133789,-5.1572880744934082,0.0000000000000000,1.0000000000000000,-0.0000000437113883,0.0000000000000000,0.8667154312133789,0.0000000218033698,0.4988029599189758,11.3120899200439453,0.0000000000000000,0.0000000000000000,0.0000000000000000,1.0000000000000000
M 0.4840272963047028,-0.0000000382497767,-0.8750528693199158,-5.3315024375915527,0.0000000000000000,1.0000000000000000,-0.0000000437113883,0.0000000000000000,0.8750528693199158,0.0000000211575060,0.4840272963047028,11.4331607818603516,0.0000000000000000,0.0000000000000000,0.0000000000000000,1.0000000000000000
M 0.4692757129669189,-0.0000000385994170,-0.8830516934394836,-5.5058588981628418,0.0000000000000000,1.0000000000000000,-0.0000000437113883,0.0000000000000000,0.8830516934394836,0.0000000205126938,0.4692757129669189,11.5500068664550781,0.0000000000000000,0.0000000000000000,0.0000000000000000,1.0000000000000000
M 0.4545664489269257,-0.0000000389342958,-0.8907128572463989,-5.6801276206970215,0.0000000000000000,1.0000000000000000,-0.0000000437113883,0.0000000000000000,0.8907128572463989,0.0000000198697307,0.4545664489269257,11.6626167297363281,0.0000000000000000,0.0000000000000000,0.0000000000000000,1.0000000000000000
M 0.4399171471595764,-0.0000000392545054,-0.8980383872985840,-5.8540859222412109,0.0000000000000000,1.0000000000000000,-0.0000000437113883,0.0000000000000000,0.8980383872985840,0.0000000192293896,0.4399171471595764,11.7709932327270508,0.0000000000000000,0.0000000000000000,0.0000000000000000,1.0000000000000000
M 0.4253457486629486,-0.0000000395601560,-0.9050309062004089,-6.0275044441223145,0.0000000000000000,1.0000000000000000,-0.0000000437113883,0.0000000000000000,0.9050309062004089,0.0000000185924538,0.4253457486629486,11.8751478195190430,0.0000000000000000,0.0000000000000000,0.0000000000000000,1.0000000000000000
M 0.4108697772026062,-0.0000000398514111,-0.9116940498352051,-6.2001609802246094,0.0000000000000000,1.0000000000000000,-0.0000000437113883,0.0000000000000000,0.9116940498352051,0.0000000179596888,0.4108697772026062,11.9751024246215820,0.0000000000000000,0.0000000000000000,0.0000000000000000,1.0000000000000000
M 0.3965073525905609,-0.0000000401284339,-0.9180315732955933,-6.3718218803405762,0.0000000000000000,1.0000000000000000,-0.0000000437113883,0.0000000000000000,0.9180315732955933,0.0000000173318870,0.3965073525905609,12.0708827972412109,0.0000000000000000,0.0000000000000000,0.0000000000000000,1.0000000000000000
M 0.3822752237319946,-0.0000000403914413,-0.9240484833717346,-6.5422716140747070,0.0000000000000000,1.0000000000000000,-0.0000000437113883,0.0000000000000000,0.9240484833717346,0.0000000167097802,0.3822752237319946,12.1625289916992188,0.0000000000000000,0.0000000000000000,0.0000000000000000,1.0000000000000000
M 0.3681913912296295,-0.0000000406406642,-0.9297500252723694,-6.7112793922424316,0.0000000000000000,1.0000000000000000,-0.0000000437113883,0.0000000000000000,0.9297500252723694,0.0000000160941571,0.3681913912296295,12.2500858306884766,0.0000000000000000,0.0000000000000000,0.0000000000000000,1.0000000000000000
M 0.3542732596397400,-0.0000000408763512,-0.9351419210433960,-6.8786168098449707,0.0000000000000000,1.0000000000000000,-0.0000000437113883,0.0000000000000000,0.9351419210433960,0.0000000154857762,0.3542732596397400,12.3336019515991211,0.0000000000000000,0.0000000000000000,0.0000000000000000,1.0000000000000000
M 0.3405375778675079,-0.0000000410987973,-0.9402309060096741,-7.0440683364868164,0.0000000000000000,1.0000000000000000,-0.0000000437113883,0.0000000000000000,0.9402309060096741,0.0000000148853703,0.3405375778675079,12.4131402969360352,0.0000000000000000,0.0000000000000000,0.0000000000000000,1.0000000000000000
