O DOOR_2_EXTERNAL_CG_dfr
A DOOR_2_EXTERNAL_CG_dfr_DOOR_2_EXTERNAL_CG_dfr
M 1.0000000000000000,0.0000000000000000,0.0000000000000000,0.0000000000000000,0.0000000000000000,1.0000000000000000,-0.0000000437113883,0.0000000000000000,-0.0000000000000000,0.0000000437113883,1.0000000000000000,-0.0000000000000000,0.0000000000000000,0.0000000000000000,0.0000000000000000,1.0000000000000000
M 1.0000000000000000,0.0000000000000000,0.0000000000000000,0.0000000000000000,0.0000000000000000,1.0000000000000000,-0.0000000437113883,0.0000000000000000,-0.0000000000000000,0.0000000437113883,1.0000000000000000,-0.0000000000000000,0.0000000000000000,0.0000000000000000,0.0000000000000000,1.0000000000000000
M 1.0000000000000000,0.0000000000000000,0.0000000000000000,0.0000000000000000,0.0000000000000000,1.0000000000000000,-0.0000000437113883,0.0000000000000000,-0.0000000000000000,0.0000000437113883,1.0000000000000000,-0.0000000000000000,0.0000000000000000,0.0000000000000000,0.0000000000000000,1.0000000000000000
M 1.0000000000000000,0.0000000000000000,0.0000000000000000,0.0000000000000000,0.0000000000000000,1.0000000000000000,-0.0000000437113883,0.0000000000000000,-0.0000000000000000,0.0000000437113883,1.0000000000000000,-0.0000000000000000,0.0000000000000000,0.0000000000000000,0.0000000000000000,1.0000000000000000
M 1.0000000000000000,0.0000000000000000,0.0000000000000000,0.0000000000000000,0.0000000000000000,1.0000000000000000,-0.0000000437113883,0.0000000000000000,-0.0000000000000000,0.0000000437113883,1.0000000000000000,-0.0000000000000000,0.0000000000000000,0.0000000000000000,0.0000000000000000,1.0000000000000000
M 1.0000000000000000,0.0000000000000000,0.0000000000000000,0.0000000000000000,0.0000000000000000,1.0000000000000000,-0.0000000437113883,0.0000000000000000,-0.0000000000000000,0.0000000437113883,1.0000000000000000,-0.0000000000000000,0.0000000000000000,0.0000000000000000,0.0000000000000000,1.0000000000000000
M 1.0000000000000000,0.0000000000000000,0.0000000000000000,0.0000000000000000,0.0000000000000000,1.0000000000000000,-0.0000000437113883,0.0000000000000000,-0.0000000000000000,0.0000000437113883,1.0000000000000000,-0.0000000000000000,0.0000000000000000,0.0000000000000000,0.0000000000000000,1.0000000000000000
M 1.0000000000000000,0.0000000000000000,0.0000000000000000,0.0000000000000000,0.0000000000000000,1.0000000000000000,-0.0000000437113883,0.0000000000000000,-0.0000000000000000,0.0000000437113883,1.0000000000000000,-0.0000000000000000,0.0000000000000000,0.0000000000000000,0.0000000000000000,1.0000000000000000
M 1.0000000000000000,0.0000000000000000,0.0000000000000000,0.0000000000000000,0.0000000000000000,1.0000000000000000,-0.0000000437113883,0.0000000000000000,-0.0000000000000000,0.0000000437113883,1.0000000000000000,-0.0000000000000000,0.0000000000000000,0.0000000000000000,0.0000000000000000,1.0000000000000000
M 1.0000000000000000,0.0000000000000000,0.0000000000000000,0.0000000000000000,0.0000000000000000,1.0000000000000000,-0.0000000437113883,0.0000000000000000,-0.0000000000000000,0.0000000437113883,1.0000000000000000,-0.0000000000000000,0.0000000000000000,0.0000000000000000,0.0000000000000000,1.0000000000000000
M 1.0000000000000000,0.0000000000000000,0.0000000000000000,0.0000000000000000,0.0000000000000000,1.0000000000000000,-0.0000000437113883,0.0000000000000000,-0.0000000000000000,0.0000000437113883,1.0000000000000000,-0.0000000000000000,0.0000000000000000,0.0000000000000000,0.0000000000000000,1.0000000000000000
M 1.0000000000000000,0.0000000000000000,0.0000000000000000,0.0000000000000000,0.0000000000000000,1.0000000000000000,-0.0000000437113883,0.0000000000000000,-0.0000000000000000,0.0000000437113883,1.0000000000000000,-0.0000000000000000,0.0000000000000000,0.0000000000000000,0.0000000000000000,1.0000000000000000
M 1.0000000000000000,0.0000000000000000,0.0000000000000000,0.0000000000000000,0.0000000000000000,1.0000000000000000,-0.0000000437113883,0.0000000000000000,-0.0000000000000000,0.0000000437113883,1.0000000000000000,-0.0000000000000000,0.0000000000000000,0.0000000000000000,0.0000000000000000,1.0000000000000000
M 1.0000000000000000,0.0000000000000000,0.0000000000000000,0.0000000000000000,0.0000000000000000,1.0000000000000000,-0.0000000437113883,0.0000000000000000,-0.0000000000000000,0.0000000437113883,1.0000000000000000,-0.0000000000000000,0.0000000000000000,0.0000000000000000,0.0000000000000000,1.0000000000000000
M 1.0000000000000000,0.0000000000000000,0.0000000000000000,0.0000000000000000,0.0000000000000000,1.0000000000000000,-0.0000000437113883,0.0000000000000000,-0.0000000000000000,0.0000000437113883,1.0000000000000000,-0.0000000000000000,0.0000000000000000,0.0000000000000000,0.0000000000000000,1.0000000000000000
M 1.0000000000000000,0.0000000000000000,0.0000000000000000,0.0000000000000000,0.0000000000000000,1.0000000000000000,-0.0000000437113883,0.0000000000000000,-0.0000000000000000,0.0000000437113883,1.0000000000000000,-0.0000000000000000,0.0000000000000000,0.0000000000000000,0.0000000000000000,1.0000000000000000
M 1.0000000000000000,0.0000000000000000,0.0000000000000000,0.0000000000000000,0.0000000000000000,1.0000000000000000,-0.0000000437113883,0.0000000000000000,-0.0000000000000000,0.0000000437113883,1.0000000000000000,-0.0000000000000000,0.0000000000000000,0.0000000000000000,0.0000000000000000,1.0000000000000000
M 1.0000000000000000,0.0000000000000000,0.0000000000000000,0.0000000000000000,0.0000000000000000,1.0000000000000000,-0.0000000437113883,0.0000000000000000,-0.0000000000000000,0.0000000437113883,1.0000000000000000,-0.0000000000000000,0.0000000000000000,0.0000000000000000,0.0000000000000000,1.0000000000000000
M 1.0000000000000000,0.0000000000000000,0.0000000000000000,0.0000000000000000,0.0000000000000000,1.0000000000000000,-0.0000000437113883,0.0000000000000000,-0.0000000000000000,0.0000000437113883,1.0000000000000000,-0.0000000000000000,0.0000000000000000,0.0000000000000000,0.0000000000000000,1.0000000000000000
M 1.0000000000000000,0.0000000000000000,0.0000000000000000,0.0000000000000000,0.0000000000000000,1.0000000000000000,-0.0000000437113883,0.0000000000000000,-0.0000000000000000,0.0000000437113883,1.0000000000000000,-0.0000000000000000,0.0000000000000000,0.0000000000000000,0.0000000000000000,1.0000000000000000
M 1.0000000000000000,0.0000000000000000,0.0000000000000000,0.0000000000000000,0.0000000000000000,1.0000000000000000,-0.0000000437113883,0.0000000000000000,-0.0000000000000000,0.0000000437113883,1.0000000000000000,-0.0000000000000000,0.0000000000000000,0.0000000000000000,0.0000000000000000,1.0000000000000000
M 1.0000000000000000,0.0000000000000000,0.0000000000000000,0.0000000000000000,0.0000000000000000,1.0000000000000000,-0.0000000437113883,0.0000000000000000,-0.0000000000000000,0.0000000437113883,1.0000000000000000,-0.0000000000000000,0.0000000000000000,0.0000000000000000,0.0000000000000000,1.0000000000000000
M 1.0000000000000000,0.0000000000000000,0.0000000000000000,0.0000000000000000,0.0000000000000000,1.0000000000000000,-0.0000000437113883,0.0000000000000000,-0.0000000000000000,0.0000000437113883,1.0000000000000000,-0.0000000000000000,0.0000000000000000,0.0000000000000000,0.0000000000000000,1.0000000000000000
M 1.0000000000000000,0.0000000000000000,0.0000000000000000,0.0000000000000000,0.0000000000000000,1.0000000000000000,-0.0000000437113883,0.0000000000000000,-0.0000000000000000,0.0000000437113883,1.0000000000000000,-0.0000000000000000,0.0000000000000000,0.0000000000000000,0.0000000000000000,1.0000000000000000
M 1.0000000000000000,0.0000000000000000,0.0000000000000000,0.0000000000000000,0.0000000000000000,1.0000000000000000,-0.0000000437113883,0.0000000000000000,-0.0000000000000000,0.0000000437113883,1.0000000000000000,-0.0000000000000000,0.0000000000000000,0.0000000000000000,0.0000000000000000,1.0000000000000000
M 1.0000000000000000,0.0000000000000000,0.0000000000000000,0.0000000000000000,0.0000000000000000,1.0000000000000000,-0.0000000437113883,0.0000000000000000,-0.0000000000000000,0.0000000437113883,1.0000000000000000,-0.0000000000000000,0.0000000000000000,0.0000000000000000,0.0000000000000000,1.0000000000000000
M 1.0000000000000000,0.0000000000000000,0.0000000000000000,0.0000000000000000,0.0000000000000000,1.0000000000000000,-0.0000000437113883,0.0000000000000000,-0.0000000000000000,0.0000000437113883,1.0000000000000000,-0.0000000000000000,0.0000000000000000,0.0000000000000000,0.0000000000000000,1.0000000000000000
M 1.0000000000000000,0.0000000000000000,0.0000000000000000,0.0000000000000000,0.0000000000000000,1.0000000000000000,-0.0000000437113883,0.0000000000000000,-0.0000000000000000,0.0000000437113883,1.0000000000000000,-0.0000000000000000,0.0000000000000000,0.0000000000000000,0.0000000000000000,1.0000000000000000
M 1.0000000000000000,0.0000000000000000,0.0000000000000000,0.0000000000000000,0.0000000000000000,1.0000000000000000,-0.0000000437113883,0.0000000000000000,-0.0000000000000000,0.0000000437113883,1.0000000000000000,-0.0000000000000000,0.0000000000000000,0.0000000000000000,0.0000000000000000,1.0000000000000000
M 1.0000000000000000,0.0000000000000000,0.0000000000000000,0.0000000000000000,0.0000000000000000,1.0000000000000000,-0.0000000437113883,0.0000000000000000,-0.0000000000000000,0.0000000437113883,1.0000000000000000,-0.0000000000000000,0.0000000000000000,0.0000000000000000,0.0000000000000000,1.0000000000000000
M 1.0000000000000000,0.0000000000000000,0.0000000000000000,0.0000000000000000,0.0000000000000000,1.0000000000000000,-0.0000000437113883,0.0000000000000000,-0.0000000000000000,0.0000000437113883,1.0000000000000000,-0.0000000000000000,0.0000000000000000,0.0000000000000000,0.0000000000000000,1.0000000000000000
M 1.0000000000000000,0.0000000000000000,0.0000000000000000,0.0000000000000000,0.0000000000000000,1.0000000000000000,-0.0000000437113883,0.0000000000000000,-0.0000000000000000,0.0000000437113883,1.0000000000000000,-0.0000000000000000,0.0000000000000000,0.0000000000000000,0.0000000000000000,1.0000000000000000
M 1.0000000000000000,0.0000000000000000,0.0000000000000000,0.0000000000000000,0.0000000000000000,1.0000000000000000,-0.0000000437113883,0.0000000000000000,-0.0000000000000000,0.0000000437113883,1.0000000000000000,-0.0000000000000000,0.0000000000000000,0.0000000000000000,0.0000000000000000,1.0000000000000000
M 1.0000000000000000,0.0000000000000000,0.0000000000000000,0.0000000000000000,0.0000000000000000,1.0000000000000000,-0.0000000437113883,0.0000000000000000,-0.0000000000000000,0.0000000437113883,1.0000000000000000,-0.0000000000000000,0.0000000000000000,0.0000000000000000,0.0000000000000000,1.0000000000000000
M 1.0000000000000000,0.0000000000000000,0.0000000000000000,0.0000000000000000,0.0000000000000000,1.0000000000000000,-0.0000000437113883,0.0000000000000000,-0.0000000000000000,0.0000000437113883,1.0000000000000000,-0.0000000000000000,0.0000000000000000,0.0000000000000000,0.0000000000000000,1.0000000000000000
M 1.0000000000000000,0.0000000000000000,0.0000000000000000,0.0000000000000000,0.0000000000000000,1.0000000000000000,-0.0000000437113883,0.0000000000000000,-0.0000000000000000,0.0000000437113883,1.0000000000000000,-0.0000000000000000,0.0000000000000000,0.0000000000000000,0.0000000000000000,1.0000000000000000
M 1.0000000000000000,0.0000000000000000,0.0000000000000000,0.0000000000000000,0.0000000000000000,1.0000000000000000,-0.0000000437113883,0.0000000000000000,-0.0000000000000000,0.0000000437113883,1.0000000000000000,-0.0000000000000000,0.0000000000000000,0.0000000000000000,0.0000000000000000,1.0000000000000000
M 1.0000000000000000,0.0000000000000000,0.0000000000000000,0.0000000000000000,0.0000000000000000,1.0000000000000000,-0.0000000437113883,0.0000000000000000,-0.0000000000000000,0.0000000437113883,1.0000000000000000,-0.0000000000000000,0.0000000000000000,0.0000000000000000,0.0000000000000000,1.0000000000000000
M 1.0000000000000000,0.0000000000000000,0.0000000000000000,0.0000000000000000,0.0000000000000000,1.0000000000000000,-0.0000000437113883,0.0000000000000000,-0.0000000000000000,0.0000000437113883,1.0000000000000000,-0.0000000000000000,0.0000000000000000,0.0000000000000000,0.0000000000000000,1.0000000000000000
M 1.0000000000000000,0.0000000000000000,0.0000000000000000,0.0000000000000000,0.0000000000000000,1.0000000000000000,-0.0000000437113883,0.0000000000000000,-0.0000000000000000,0.0000000437113883,1.0000000000000000,-0.0000000000000000,0.0000000000000000,0.0000000000000000,0.0000000000000000,1.0000000000000000
M 0.9999999403953552,0.0000000000134348,0.0003073517291341,0.0003896115813404,0.0000000000000000,1.0000000000000000,-0.0000000437113883,0.0000000000000000,-0.0003073517291341,0.0000000437113847,0.9999999403953552,-0.0037835368420929,0.0000000000000000,0.0000000000000000,0.0000000000000000,1.0000000000000000
M 0.9999992251396179,0.0000000000534388,0.0012225382961333,0.0015444381861016,0.0000000000000000,1.0000000000000000,-0.0000000437113883,0.0000000000000000,-0.0012225382961333,0.0000000437113528,0.9999992251396179,-0.0150501541793346,0.0000000000000000,0.0000000000000000,0.0000000000000000,1.0000000000000000
M 0.9999962449073792,0.0000000001195618,0.0027352548204362,0.0034305904991925,0.0000000000000000,1.0000000000000000,-0.0000000437113883,0.0000000000000000,-0.0027352548204362,0.0000000437112249,0.9999962449073792,-0.0336751490831375,0.0000000000000000,0.0000000000000000,0.0000000000000000,1.0000000000000000
M 0.9999883174896240,0.0000000002113529,0.0048351907171309,0.0060008200816810,0.0000000000000000,1.0000000000000000,-0.0000000437113883,0.0000000000000000,-0.0048351907171309,0.0000000437108767,0.9999883174896240,-0.0595354214310646,0.0000000000000000,0.0000000000000000,0.0000000000000000,1.0000000000000000
M 0.9999718070030212,0.0000000003283607,0.0075120166875422,0.0091964090242982,0.0000000000000000,1.0000000000000000,-0.0000000437113883,0.0000000000000000,-0.0075120166875422,0.0000000437101555,0.9999718070030212,-0.0925084576010704,0.0000000000000000,0.0000000000000000,0.0000000000000000,1.0000000000000000
M 0.9999421834945679,0.0000000004701328,0.0107553843408823,0.0129500301554799,0.0000000000000000,1.0000000000000000,-0.0000000437113883,0.0000000000000000,-0.0107553843408823,0.0000000437088623,0.9999421834945679,-0.1324732005596161,0.0000000000000000,0.0000000000000000,0.0000000000000000,1.0000000000000000
M 0.9998940825462341,0.0000000006362151,0.0145549057051539,0.0171799995005131,0.0000000000000000,1.0000000000000000,-0.0000000437113883,0.0000000000000000,-0.0145549057051539,0.0000000437067591,0.9998940825462341,-0.1793087869882584,0.0000000000000000,0.0000000000000000,0.0000000000000000,1.0000000000000000
M 0.9998213648796082,0.0000000008261516,0.0189001467078924,0.0217950325459242,0.0000000000000000,1.0000000000000000,-0.0000000437113883,0.0000000000000000,-0.0189001467078924,0.0000000437035794,0.9998213648796082,-0.2328951060771942,0.0000000000000000,0.0000000000000000,0.0000000000000000,1.0000000000000000
M 0.9997171759605408,0.0000000010394828,0.0237805955111980,0.0266989730298519,0.0000000000000000,1.0000000000000000,-0.0000000437113883,0.0000000000000000,-0.0237805955111980,0.0000000436990248,0.9997171759605408,-0.2931120097637177,0.0000000000000000,0.0000000000000000,0.0000000000000000,1.0000000000000000
M 0.9995740056037903,0.0000000012757467,0.0291856825351715,0.0317841432988644,0.0000000000000000,1.0000000000000000,-0.0000000437113883,0.0000000000000000,-0.0291856825351715,0.0000000436927685,0.9995740056037903,-0.3598391711711884,0.0000000000000000,0.0000000000000000,0.0000000000000000,1.0000000000000000
M 0.9993836283683777,0.0000000015344757,0.0351047106087208,0.0369331575930119,0.0000000000000000,1.0000000000000000,-0.0000000437113883,0.0000000000000000,-0.0351047106087208,0.0000000436844445,0.9993836283683777,-0.4329561293125153,0.0000000000000000,0.0000000000000000,0.0000000000000000,1.0000000000000000
M 0.9991374015808105,0.0000000018151982,0.0415268950164318,0.0420256443321705,0.0000000000000000,1.0000000000000000,-0.0000000437113883,0.0000000000000000,-0.0415268950164318,0.0000000436736833,0.9991374015808105,-0.5123418569564819,0.0000000000000000,0.0000000000000000,0.0000000000000000,1.0000000000000000
M 0.9988260269165039,0.0000000021174362,0.0484412945806980,0.0469295904040337,0.0000000000000000,1.0000000000000000,-0.0000000437113883,0.0000000000000000,-0.0484412945806980,0.0000000436600729,0.9988260269165039,-0.5978736281394958,0.0000000000000000,0.0000000000000000,0.0000000000000000,1.0000000000000000
M 0.9984399080276489,0.0000000024407056,0.0558368377387524,0.0515128001570702,0.0000000000000000,1.0000000000000000,-0.0000000437113883,0.0000000000000000,-0.0558368377387524,0.0000000436431939,0.9984399080276489,-0.6894283890724182,0.0000000000000000,0.0000000000000000,0.0000000000000000,1.0000000000000000
M 0.9979689717292786,0.0000000027845144,0.0637022629380226,0.0556370913982391,0.0000000000000000,1.0000000000000000,-0.0000000437113883,0.0000000000000000,-0.0637022629380226,0.0000000436226095,0.9979689717292786,-0.7868804335594177,0.0000000000000000,0.0000000000000000,0.0000000000000000,1.0000000000000000
M 0.9974027276039124,0.0000000031483629,0.0720261484384537,0.0591535940766335,0.0000000000000000,1.0000000000000000,-0.0000000437113883,0.0000000000000000,-0.0720261484384537,0.0000000435978578,0.9974027276039124,-0.8901035785675049,0.0000000000000000,0.0000000000000000,0.0000000000000000,1.0000000000000000
M 0.9967305660247803,0.0000000035317416,0.0807968303561211,0.0619169175624847,0.0000000000000000,1.0000000000000000,-0.0000000437113883,0.0000000000000000,-0.0807968303561211,0.0000000435684768,0.9967305660247803,-0.9989681243896484,0.0000000000000000,0.0000000000000000,0.0000000000000000,1.0000000000000000
M 0.9959415197372437,0.0000000039341335,0.0900024846196175,0.0637747794389725,0.0000000000000000,1.0000000000000000,-0.0000000437113883,0.0000000000000000,-0.0900024846196175,0.0000000435339871,0.9959415197372437,-1.1133428812026978,0.0000000000000000,0.0000000000000000,0.0000000000000000,1.0000000000000000
M 0.9950244426727295,0.0000000043550097,0.0996310040354729,0.0645726025104523,0.0000000000000000,1.0000000000000000,-0.0000000437113883,0.0000000000000000,-0.0996310040354729,0.0000000434938983,0.9950244426727295,-1.2330935001373291,0.0000000000000000,0.0000000000000000,0.0000000000000000,1.0000000000000000
M 0.9939680695533752,0.0000000047938307,0.1096700653433800,0.0641545802354813,0.0000000000000000,1.0000000000000000,-0.0000000437113883,0.0000000000000000,-0.1096700653433800,0.0000000434477236,0.9939680695533752,-1.3580833673477173,0.0000000000000000,0.0000000000000000,0.0000000000000000,1.0000000000000000
M 0.9927609562873840,0.0000000052500462,0.1201070547103882,0.0623607039451599,0.0000000000000000,1.0000000000000000,-0.0000000437113883,0.0000000000000000,-0.1201070547103882,0.0000000433949587,0.9927609562873840,-1.4881721735000610,0.0000000000000000,0.0000000000000000,0.0000000000000000,1.0000000000000000
M 0.9913917183876038,0.0000000057230953,0.1309291571378708,0.0590335279703140,0.0000000000000000,1.0000000000000000,-0.0000000437113883,0.0000000000000000,-0.1309291571378708,0.0000000433351097,0.9913917183876038,-1.6232168674468994,0.0000000000000000,0.0000000000000000,0.0000000000000000,1.0000000000000000
M 0.9898489713668823,0.0000000062124008,0.1421231627464294,0.0540131777524948,0.0000000000000000,1.0000000000000000,-0.0000000437113883,0.0000000000000000,-0.1421231627464294,0.0000000432676721,0.9898489713668823,-1.7630698680877686,0.0000000000000000,0.0000000000000000,0.0000000000000000,1.0000000000000000
M 0.9881213307380676,0.0000000067173791,0.1536757200956345,0.0471415370702744,0.0000000000000000,1.0000000000000000,-0.0000000437113883,0.0000000000000000,-0.1536757200956345,0.0000000431921556,0.9881213307380676,-1.9075813293457031,0.0000000000000000,0.0000000000000000,0.0000000000000000,1.0000000000000000
M 0.9861975312232971,0.0000000072374284,0.1655730605125427,0.0382598489522934,0.0000000000000000,1.0000000000000000,-0.0000000437113883,0.0000000000000000,-0.1655730605125427,0.0000000431080629,0.9861975312232971,-2.0565969944000244,0.0000000000000000,0.0000000000000000,0.0000000000000000,1.0000000000000000
M 0.9840664267539978,0.0000000077719386,0.1778012216091156,0.0272101312875748,0.0000000000000000,1.0000000000000000,-0.0000000437113883,0.0000000000000000,-0.1778012216091156,0.0000000430149107,0.9840664267539978,-2.2099587917327881,0.0000000000000000,0.0000000000000000,0.0000000000000000,1.0000000000000000
M 0.9817171096801758,0.0000000083202814,0.1903458535671234,0.0138404965400696,0.0000000000000000,1.0000000000000000,-0.0000000437113883,0.0000000000000000,-0.1903458535671234,0.0000000429122160,0.9817171096801758,-2.3675045967102051,0.0000000000000000,0.0000000000000000,0.0000000000000000,1.0000000000000000
M 0.9791388511657715,0.0000000088818215,0.2031923979520798,-0.0020040273666382,0.0000000000000000,1.0000000000000000,-0.0000000437113883,0.0000000000000000,-0.2031923979520798,0.0000000427995168,0.9791388511657715,-2.5290684700012207,0.0000000000000000,0.0000000000000000,0.0000000000000000,1.0000000000000000
M 0.9763212203979492,0.0000000094559054,0.2163258939981461,-0.0204733312129974,0.0000000000000000,1.0000000000000000,-0.0000000437113883,0.0000000000000000,-0.2163258939981461,0.0000000426763549,0.9763212203979492,-2.6944794654846191,0.0000000000000000,0.0000000000000000,0.0000000000000000,1.0000000000000000
M 0.9732540845870972,0.0000000100418713,0.2297312468290329,-0.0417106747627258,0.0000000000000000,1.0000000000000000,-0.0000000437113883,0.0000000000000000,-0.2297312468290329,0.0000000425422861,0.9732540845870972,-2.8635654449462891,0.0000000000000000,0.0000000000000000,0.0000000000000000,1.0000000000000000
M 0.9699277877807617,0.0000000106390425,0.2433929294347763,-0.0658600032329559,0.0000000000000000,1.0000000000000000,-0.0000000437113883,0.0000000000000000,-0.2433929294347763,0.0000000423968913,0.9699277877807617,-3.0361466407775879,0.0000000000000000,0.0000000000000000,0.0000000000000000,1.0000000000000000
M 0.9663328528404236,0.0000000112467324,0.2572952508926392,-0.0930568575859070,0.0000000000000000,1.0000000000000000,-0.0000000437113883,0.0000000000000000,-0.2572952508926392,0.0000000422397513,0.9663328528404236,-3.2120418548583984,0.0000000000000000,0.0000000000000000,0.0000000000000000,1.0000000000000000
M 0.9624603986740112,0.0000000118642376,0.2714221179485321,-0.1234344840049744,0.0000000000000000,1.0000000000000000,-0.0000000437113883,0.0000000000000000,-0.2714221179485321,0.0000000420704787,0.9624603986740112,-3.3910639286041260,0.0000000000000000,0.0000000000000000,0.0000000000000000,1.0000000000000000
M 0.9583020210266113,0.0000000124908475,0.2857572734355927,-0.1571186780929565,0.0000000000000000,1.0000000000000000,-0.0000000437113883,0.0000000000000000,-0.2857572734355927,0.0000000418887112,0.9583020210266113,-3.5730237960815430,0.0000000000000000,0.0000000000000000,0.0000000000000000,1.0000000000000000
M 0.9538497328758240,0.0000000131258462,0.3002843558788300,-0.1942296624183655,0.0000000000000000,1.0000000000000000,-0.0000000437113883,0.0000000000000000,-0.3002843558788300,0.0000000416940971,0.9538497328758240,-3.7577290534973145,0.0000000000000000,0.0000000000000000,0.0000000000000000,1.0000000000000000
M 0.9490961432456970,0.0000000137684983,0.3149865269660950,-0.2348816990852356,0.0000000000000000,1.0000000000000000,-0.0000000437113883,0.0000000000000000,-0.3149865269660950,0.0000000414863095,0.9490961432456970,-3.9449815750122070,0.0000000000000000,0.0000000000000000,0.0000000000000000,1.0000000000000000
M 0.9440343976020813,0.0000000144180694,0.3298469781875610,-0.2791841328144073,0.0000000000000000,1.0000000000000000,-0.0000000437113883,0.0000000000000000,-0.3298469781875610,0.0000000412650536,0.9440343976020813,-4.1345825195312500,0.0000000000000000,0.0000000000000000,0.0000000000000000,1.0000000000000000
M 0.9386583566665649,0.0000000150738053,0.3448484838008881,-0.3272317051887512,0.0000000000000000,1.0000000000000000,-0.0000000437113883,0.0000000000000000,-0.3448484838008881,0.0000000410300594,0.9386583566665649,-4.3263273239135742,0.0000000000000000,0.0000000000000000,0.0000000000000000,1.0000000000000000
M 0.9329623579978943,0.0000000157349582,0.3599738776683807,-0.3791208863258362,0.0000000000000000,1.0000000000000000,-0.0000000437113883,0.0000000000000000,-0.3599738776683807,0.0000000407810816,0.9329623579978943,-4.5200109481811523,0.0000000000000000,0.0000000000000000,0.0000000000000000,1.0000000000000000
M 0.9269415140151978,0.0000000164007705,0.3752058744430542,-0.4349350333213806,0.0000000000000000,1.0000000000000000,-0.0000000437113883,0.0000000000000000,-0.3752058744430542,0.0000000405179001,0.9269415140151978,-4.7154259681701660,0.0000000000000000,0.0000000000000000,0.0000000000000000,1.0000000000000000
M 0.9205915331840515,0.0000000170704713,0.3905268609523773,-0.4947474598884583,0.0000000000000000,1.0000000000000000,-0.0000000437113883,0.0000000000000000,-0.3905268609523773,0.0000000402403337,0.9205915331840515,-4.9123597145080566,0.0000000000000000,0.0000000000000000,0.0000000000000000,1.0000000000000000
M 0.9139088988304138,0.0000000177432966,0.4059193134307861,-0.5586284399032593,0.0000000000000000,1.0000000000000000,-0.0000000437113883,0.0000000000000000,-0.4059193134307861,0.0000000399482261,0.9139088988304138,-5.1106014251708984,0.0000000000000000,0.0000000000000000,0.0000000000000000,1.0000000000000000
M 0.9068908095359802,0.0000000184184810,0.4213657081127167,-0.6266329884529114,0.0000000000000000,1.0000000000000000,-0.0000000437113883,0.0000000000000000,-0.4213657081127167,0.0000000396414563,0.9068908095359802,-5.3099365234375000,0.0000000000000000,0.0000000000000000,0.0000000000000000,1.0000000000000000
M 0.8995351791381836,0.0000000190952480,0.4368483722209930,-0.6988126039505005,0.0000000000000000,1.0000000000000000,-0.0000000437113883,0.0000000000000000,-0.4368483722209930,0.0000000393199322,0.8995351791381836,-5.5101499557495117,0.0000000000000000,0.0000000000000000,0.0000000000000000,1.0000000000000000
M 0.8918406963348389,0.0000000197728287,0.4523495733737946,-0.7752054333686829,0.0000000000000000,1.0000000000000000,-0.0000000437113883,0.0000000000000000,-0.4523495733737946,0.0000000389835932,0.8918406963348389,-5.7110242843627930,0.0000000000000000,0.0000000000000000,0.0000000000000000,1.0000000000000000
M 0.8838068246841431,0.0000000204504591,0.4678519666194916,-0.8558385968208313,0.0000000000000000,1.0000000000000000,-0.0000000437113883,0.0000000000000000,-0.4678519666194916,0.0000000386324217,0.8838068246841431,-5.9123439788818359,0.0000000000000000,0.0000000000000000,0.0000000000000000,1.0000000000000000
M 0.8754338026046753,0.0000000211273754,0.4833380281925201,-0.9407365918159485,0.0000000000000000,1.0000000000000000,-0.0000000437113883,0.0000000000000000,-0.4833380281925201,0.0000000382664282,0.8754338026046753,-6.1138935089111328,0.0000000000000000,0.0000000000000000,0.0000000000000000,1.0000000000000000
M 0.8667226433753967,0.0000000218028191,0.4987903535366058,-1.0299066305160522,0.0000000000000000,1.0000000000000000,-0.0000000437113883,0.0000000000000000,-0.4987903535366058,0.0000000378856484,0.8667226433753967,-6.3154554367065430,0.0000000000000000,0.0000000000000000,0.0000000000000000,1.0000000000000000
M 0.8576752543449402,0.0000000224760353,0.5141917467117310,-1.1233471632003784,0.0000000000000000,1.0000000000000000,-0.0000000437113883,0.0000000000000000,-0.5141917467117310,0.0000000374901745,0.8576752543449402,-6.5168142318725586,0.0000000000000000,0.0000000000000000,0.0000000000000000,1.0000000000000000
M 0.8482941985130310,0.0000000231462796,0.5295251607894897,-1.2210485935211182,0.0000000000000000,1.0000000000000000,-0.0000000437113883,0.0000000000000000,-0.5295251607894897,0.0000000370801168,0.8482941985130310,-6.7177562713623047,0.0000000000000000,0.0000000000000000,0.0000000000000000,1.0000000000000000
M 0.8385828733444214,0.0000000238128273,0.5447739958763123,-1.3229911327362061,0.0000000000000000,1.0000000000000000,-0.0000000437113883,0.0000000000000000,-0.5447739958763123,0.0000000366556208,0.8385828733444214,-6.9180707931518555,0.0000000000000000,0.0000000000000000,0.0000000000000000,1.0000000000000000
M 0.8285456299781799,0.0000000244749465,0.5599215030670166,-1.4291404485702515,0.0000000000000000,1.0000000000000000,-0.0000000437113883,0.0000000000000000,-0.5599215030670166,0.0000000362168784,0.8285456299781799,-7.1175446510314941,0.0000000000000000,0.0000000000000000,0.0000000000000000,1.0000000000000000
M 0.8181874155998230,0.0000000251319321,0.5749515891075134,-1.5394577980041504,0.0000000000000000,1.0000000000000000,-0.0000000437113883,0.0000000000000000,-0.5749515891075134,0.0000000357641063,0.8181874155998230,-7.3159723281860352,0.0000000000000000,0.0000000000000000,0.0000000000000000,1.0000000000000000
M 0.8075140118598938,0.0000000257830930,0.5898483991622925,-1.6538903713226318,0.0000000000000000,1.0000000000000000,-0.0000000437113883,0.0000000000000000,-0.5898483991622925,0.0000000352975569,0.8075140118598938,-7.5131511688232422,0.0000000000000000,0.0000000000000000,0.0000000000000000,1.0000000000000000
M 0.7965320348739624,0.0000000264277435,0.6045963168144226,-1.7723760604858398,0.0000000000000000,1.0000000000000000,-0.0000000437113883,0.0000000000000000,-0.6045963168144226,0.0000000348175213,0.7965320348739624,-7.7088775634765625,0.0000000000000000,0.0000000000000000,0.0000000000000000,1.0000000000000000
M 0.7852488756179810,0.0000000270652283,0.6191802620887756,-1.8948416709899902,0.0000000000000000,1.0000000000000000,-0.0000000437113883,0.0000000000000000,-0.6191802620887756,0.0000000343243194,0.7852488756179810,-7.9029560089111328,0.0000000000000000,0.0000000000000000,0.0000000000000000,1.0000000000000000
M 0.7736726403236389,0.0000000276949041,0.6335855722427368,-2.0212068557739258,0.0000000000000000,1.0000000000000000,-0.0000000437113883,0.0000000000000000,-0.6335855722427368,0.0000000338183064,0.7736726403236389,-8.0951948165893555,0.0000000000000000,0.0000000000000000,0.0000000000000000,1.0000000000000000
M 0.7618122100830078,0.0000000283161476,0.6477979421615601,-2.1513772010803223,0.0000000000000000,1.0000000000000000,-0.0000000437113883,0.0000000000000000,-0.6477979421615601,0.0000000332998695,0.7618122100830078,-8.2854042053222656,0.0000000000000000,0.0000000000000000,0.0000000000000000,1.0000000000000000
M 0.7496769428253174,0.0000000289283690,0.6618039608001709,-2.2852556705474854,0.0000000000000000,1.0000000000000000,-0.0000000437113883,0.0000000000000000,-0.6618039608001709,0.0000000327694210,0.7496769428253174,-8.4734058380126953,0.0000000000000000,0.0000000000000000,0.0000000000000000,1.0000000000000000
M 0.7372773289680481,0.0000000295309857,0.6755902171134949,-2.4227275848388672,0.0000000000000000,1.0000000000000000,-0.0000000437113883,0.0000000000000000,-0.6755902171134949,0.0000000322274154,0.7372773289680481,-8.6590213775634766,0.0000000000000000,0.0000000000000000,0.0000000000000000,1.0000000000000000
M 0.7246242761611938,0.0000000301234486,0.6891441345214844,-2.5636715888977051,0.0000000000000000,1.0000000000000000,-0.0000000437113883,0.0000000000000000,-0.6891441345214844,0.0000000316743325,0.7246242761611938,-8.8420801162719727,0.0000000000000000,0.0000000000000000,0.0000000000000000,1.0000000000000000
M 0.7117292284965515,0.0000000307052339,0.7024539113044739,-2.7079613208770752,0.0000000000000000,1.0000000000000000,-0.0000000437113883,0.0000000000000000,-0.7024539113044739,0.0000000311106731,0.7117292284965515,-9.0224199295043945,0.0000000000000000,0.0000000000000000,0.0000000000000000,1.0000000000000000
M 0.6986046433448792,0.0000000312758459,0.7155079245567322,-2.8554561138153076,0.0000000000000000,1.0000000000000000,-0.0000000437113883,0.0000000000000000,-0.7155079245567322,0.0000000305369774,0.6986046433448792,-9.1998834609985352,0.0000000000000000,0.0000000000000000,0.0000000000000000,1.0000000000000000
M 0.6852629184722900,0.0000000318348192,0.7282957434654236,-3.0060145854949951,0.0000000000000000,1.0000000000000000,-0.0000000437113883,0.0000000000000000,-0.7282957434654236,0.0000000299537923,0.6852629184722900,-9.3743238449096680,0.0000000000000000,0.0000000000000000,0.0000000000000000,1.0000000000000000
M 0.6717178821563721,0.0000000323817062,0.7408070564270020,-3.1594781875610352,0.0000000000000000,1.0000000000000000,-0.0000000437113883,0.0000000000000000,-0.7408070564270020,0.0000000293617219,0.6717178821563721,-9.5455970764160156,0.0000000000000000,0.0000000000000000,0.0000000000000000,1.0000000000000000
M 0.6579832434654236,0.0000000329160983,0.7530325651168823,-3.3156862258911133,0.0000000000000000,1.0000000000000000,-0.0000000437113883,0.0000000000000000,-0.7530325651168823,0.0000000287613613,0.6579832434654236,-9.7135686874389648,0.0000000000000000,0.0000000000000000,0.0000000000000000,1.0000000000000000
M 0.6440734863281250,0.0000000334376224,0.7649636268615723,-3.4744706153869629,0.0000000000000000,1.0000000000000000,-0.0000000437113883,0.0000000000000000,-0.7649636268615723,0.0000000281533463,0.6440734863281250,-9.8781137466430664,0.0000000000000000,0.0000000000000000,0.0000000000000000,1.0000000000000000
M 0.6300033926963806,0.0000000339459305,0.7765923738479614,-3.6356563568115234,0.0000000000000000,1.0000000000000000,-0.0000000437113883,0.0000000000000000,-0.7765923738479614,0.0000000275383236,0.6300033926963806,-10.0391149520874023,0.0000000000000000,0.0000000000000000,0.0000000000000000,1.0000000000000000
M 0.6157882213592529,0.0000000344407134,0.7879117131233215,-3.7990603446960449,0.0000000000000000,1.0000000000000000,-0.0000000437113883,0.0000000000000000,-0.7879117131233215,0.0000000269169576,0.6157882213592529,-10.1964664459228516,0.0000000000000000,0.0000000000000000,0.0000000000000000,1.0000000000000000
M 0.6014438271522522,0.0000000349216869,0.7989150881767273,-3.9644951820373535,0.0000000000000000,1.0000000000000000,-0.0000000437113883,0.0000000000000000,-0.7989150881767273,0.0000000262899444,0.6014438271522522,-10.3500652313232422,0.0000000000000000,0.0000000000000000,0.0000000000000000,1.0000000000000000
M 0.5869864225387573,0.0000000353885987,0.8095967769622803,-4.1317634582519531,0.0000000000000000,1.0000000000000000,-0.0000000437113883,0.0000000000000000,-0.8095967769622803,0.0000000256579913,0.5869864225387573,-10.4998226165771484,0.0000000000000000,0.0000000000000000,0.0000000000000000,1.0000000000000000
M 0.5724321007728577,0.0000000358412464,0.8199521303176880,-4.3006725311279297,0.0000000000000000,1.0000000000000000,-0.0000000437113883,0.0000000000000000,-0.8199521303176880,0.0000000250218015,0.5724321007728577,-10.6456584930419922,0.0000000000000000,0.0000000000000000,0.0000000000000000,1.0000000000000000
M 0.5577977299690247,0.0000000362794417,0.8299769163131714,-4.4710130691528320,0.0000000000000000,1.0000000000000000,-0.0000000437113883,0.0000000000000000,-0.8299769163131714,0.0000000243821123,0.5577977299690247,-10.7874984741210938,0.0000000000000000,0.0000000000000000,0.0000000000000000,1.0000000000000000
M 0.5431004166603088,0.0000000367030459,0.8396677970886230,-4.6425805091857910,0.0000000000000000,1.0000000000000000,-0.0000000437113883,0.0000000000000000,-0.8396677970886230,0.0000000237396733,0.5431004166603088,-10.9252805709838867,0.0000000000000000,0.0000000000000000,0.0000000000000000,1.0000000000000000
M 0.5283572673797607,0.0000000371119384,0.8490221500396729,-4.8151597976684570,0.0000000000000000,1.0000000000000000,-0.0000000437113883,0.0000000000000000,-0.8490221500396729,0.0000000230952288,0.5283572673797607,-11.0589513778686523,0.0000000000000000,0.0000000000000000,0.0000000000000000,1.0000000000000000
M 0.5135856270790100,0.0000000375060480,0.8580383658409119,-4.9885392189025879,0.0000000000000000,1.0000000000000000,-0.0000000437113883,0.0000000000000000,-0.8580383658409119,0.0000000224495409,0.5135856270790100,-11.1884679794311523,0.0000000000000000,0.0000000000000000,0.0000000000000000,1.0000000000000000
M 0.4988029599189758,0.0000000378853358,0.8667154312133789,-5.1624984741210938,0.0000000000000000,1.0000000000000000,-0.0000000437113883,0.0000000000000000,-0.8667154312133789,0.0000000218033698,0.4988029599189758,-11.3137969970703125,0.0000000000000000,0.0000000000000000,0.0000000000000000,1.0000000000000000
M 0.4840270876884460,0.0000000382497802,0.8750529885292053,-5.3368177413940430,0.0000000000000000,1.0000000000000000,-0.0000000437113883,0.0000000000000000,-0.8750529885292053,0.0000000211574953,0.4840270876884460,-11.4349098205566406,0.0000000000000000,0.0000000000000000,0.0000000000000000,1.0000000000000000
M 0.4692755043506622,0.0000000385994205,0.8830518126487732,-5.5112757682800293,0.0000000000000000,1.0000000000000000,-0.0000000437113883,0.0000000000000000,-0.8830518126487732,0.0000000205126831,0.4692755043506622,-11.5517969131469727,0.0000000000000000,0.0000000000000000,0.0000000000000000,1.0000000000000000
M 0.4545663297176361,0.0000000389342958,0.8907128572463989,-5.6856451034545898,0.0000000000000000,1.0000000000000000,-0.0000000437113883,0.0000000000000000,-0.8907128572463989,0.0000000198697254,0.4545663297176361,-11.6644449234008789,0.0000000000000000,0.0000000000000000,0.0000000000000000,1.0000000000000000
M 0.4399170279502869,0.0000000392545090,0.8980384469032288,-5.8597030639648438,0.0000000000000000,1.0000000000000000,-0.0000000437113883,0.0000000000000000,-0.8980384469032288,0.0000000192293843,0.4399170279502869,-11.7728633880615234,0.0000000000000000,0.0000000000000000,0.0000000000000000,1.0000000000000000
M 0.4253456592559814,0.0000000395601596,0.9050309658050537,-6.0332217216491699,0.0000000000000000,1.0000000000000000,-0.0000000437113883,0.0000000000000000,-0.9050309658050537,0.0000000185924485,0.4253456592559814,-11.8770561218261719,0.0000000000000000,0.0000000000000000,0.0000000000000000,1.0000000000000000
M 0.4108696579933167,0.0000000398514146,0.9116941094398499,-6.2059774398803711,0.0000000000000000,1.0000000000000000,-0.0000000437113883,0.0000000000000000,-0.9116941094398499,0.0000000179596835,0.4108696579933167,-11.9770517349243164,0.0000000000000000,0.0000000000000000,0.0000000000000000,1.0000000000000000
M 0.3965071141719818,0.0000000401284375,0.9180316329002380,-6.3777384757995605,0.0000000000000000,1.0000000000000000,-0.0000000437113883,0.0000000000000000,-0.9180316329002380,0.0000000173318764,0.3965071141719818,-12.0728702545166016,0.0000000000000000,0.0000000000000000,0.0000000000000000,1.0000000000000000
M 0.3822750151157379,0.0000000403914484,0.9240486025810242,-6.5482845306396484,0.0000000000000000,1.0000000000000000,-0.0000000437113883,0.0000000000000000,-0.9240486025810242,0.0000000167097713,0.3822750151157379,-12.1645565032958984,0.0000000000000000,0.0000000000000000,0.0000000000000000,1.0000000000000000
M 0.3681912720203400,0.0000000406406677,0.9297500848770142,-6.7173862457275391,0.0000000000000000,1.0000000000000000,-0.0000000437113883,0.0000000000000000,-0.9297500848770142,0.0000000160941518,0.3681912720203400,-12.2521495819091797,0.0000000000000000,0.0000000000000000,0.0000000000000000,1.0000000000000000
M 0.3542730212211609,0.0000000408763583,0.9351420402526855,-6.8848199844360352,0.0000000000000000,1.0000000000000000,-0.0000000437113883,0.0000000000000000,-0.9351420402526855,0.0000000154857656,0.3542730212211609,-12.3357038497924805,0.0000000000000000,0.0000000000000000,0.0000000000000000,1.0000000000000000
M 0.3405373692512512,0.0000000410988008,0.9402309656143188,-7.0503654479980469,0.0000000000000000,1.0000000000000000,-0.0000000437113883,0.0000000000000000,-0.9402309656143188,0.0000000148853614,0.3405373692512512,-12.4152774810791016,0.0000000000000000,0.0000000000000000,0.0000000000000000,1.0000000000000000
