O DOOR_3_EXTERNAL_CG_drr
A DOOR_3_EXTERNAL_CG_drr_DOOR_3_EXTERNAL_CG_drr
M 1.0000000000000000,0.0000000000000000,0.0000000000000000,0.0000000000000000,0.0000000000000000,1.0000000000000000,-0.0000000437113883,0.0000000000000000,-0.0000000000000000,0.0000000437113883,1.0000000000000000,-0.0000000000000000,0.0000000000000000,0.0000000000000000,0.0000000000000000,1.0000000000000000
M 1.0000000000000000,0.0000000000000000,0.0000000000000000,0.0000000000000000,0.0000000000000000,1.0000000000000000,-0.0000000437113883,0.0000000000000000,-0.0000000000000000,0.0000000437113883,1.0000000000000000,-0.0000000000000000,0.0000000000000000,0.0000000000000000,0.0000000000000000,1.0000000000000000
M 1.0000000000000000,0.0000000000000000,0.0000000000000000,0.0000000000000000,0.0000000000000000,1.0000000000000000,-0.0000000437113883,0.0000000000000000,-0.0000000000000000,0.0000000437113883,1.0000000000000000,-0.0000000000000000,0.0000000000000000,0.0000000000000000,0.0000000000000000,1.0000000000000000
M 1.0000000000000000,0.0000000000000000,0.0000000000000000,0.0000000000000000,0.0000000000000000,1.0000000000000000,-0.0000000437113883,0.0000000000000000,-0.0000000000000000,0.0000000437113883,1.0000000000000000,-0.0000000000000000,0.0000000000000000,0.0000000000000000,0.0000000000000000,1.0000000000000000
M 1.0000000000000000,0.0000000000000000,0.0000000000000000,0.0000000000000000,0.0000000000000000,1.0000000000000000,-0.0000000437113883,0.0000000000000000,-0.0000000000000000,0.0000000437113883,1.0000000000000000,-0.0000000000000000,0.0000000000000000,0.0000000000000000,0.0000000000000000,1.0000000000000000
M 1.0000000000000000,0.0000000000000000,0.0000000000000000,0.0000000000000000,0.0000000000000000,1.0000000000000000,-0.0000000437113883,0.0000000000000000,-0.0000000000000000,0.0000000437113883,1.0000000000000000,-0.0000000000000000,0.0000000000000000,0.0000000000000000,0.0000000000000000,1.0000000000000000
M 1.0000000000000000,0.0000000000000000,0.0000000000000000,0.0000000000000000,0.0000000000000000,1.0000000000000000,-0.0000000437113883,0.0000000000000000,-0.0000000000000000,0.0000000437113883,1.0000000000000000,-0.0000000000000000,0.0000000000000000,0.0000000000000000,0.0000000000000000,1.0000000000000000
M 1.0000000000000000,0.0000000000000000,0.0000000000000000,0.0000000000000000,0.0000000000000000,1.0000000000000000,-0.0000000437113883,0.0000000000000000,-0.0000000000000000,0.0000000437113883,1.0000000000000000,-0.0000000000000000,0.0000000000000000,0.0000000000000000,0.0000000000000000,1.0000000000000000
M 1.0000000000000000,0.0000000000000000,0.0000000000000000,0.0000000000000000,0.0000000000000000,1.0000000000000000,-0.0000000437113883,0.0000000000000000,-0.0000000000000000,0.0000000437113883,1.0000000000000000,-0.0000000000000000,0.0000000000000000,0.0000000000000000,0.0000000000000000,1.0000000000000000
M 1.0000000000000000,0.0000000000000000,0.0000000000000000,0.0000000000000000,0.0000000000000000,1.0000000000000000,-0.0000000437113883,0.0000000000000000,-0.0000000000000000,0.0000000437113883,1.0000000000000000,-0.0000000000000000,0.0000000000000000,0.0000000000000000,0.0000000000000000,1.0000000000000000
M 1.0000000000000000,0.0000000000000000,0.0000000000000000,0.0000000000000000,0.0000000000000000,1.0000000000000000,-0.0000000437113883,0.0000000000000000,-0.0000000000000000,0.0000000437113883,1.0000000000000000,-0.0000000000000000,0.0000000000000000,0.0000000000000000,0.0000000000000000,1.0000000000000000
M 1.0000000000000000,0.0000000000000000,0.0000000000000000,0.0000000000000000,0.0000000000000000,1.0000000000000000,-0.0000000437113883,0.0000000000000000,-0.0000000000000000,0.0000000437113883,1.0000000000000000,-0.0000000000000000,0.0000000000000000,0.0000000000000000,0.0000000000000000,1.0000000000000000
M 1.0000000000000000,0.0000000000000000,0.0000000000000000,0.0000000000000000,0.0000000000000000,1.0000000000000000,-0.0000000437113883,0.0000000000000000,-0.0000000000000000,0.0000000437113883,1.0000000000000000,-0.0000000000000000,0.0000000000000000,0.0000000000000000,0.0000000000000000,1.0000000000000000
M 1.0000000000000000,0.0000000000000000,0.0000000000000000,0.0000000000000000,0.0000000000000000,1.0000000000000000,-0.0000000437113883,0.0000000000000000,-0.0000000000000000,0.0000000437113883,1.0000000000000000,-0.0000000000000000,0.0000000000000000,0.0000000000000000,0.0000000000000000,1.0000000000000000
M 1.0000000000000000,0.0000000000000000,0.0000000000000000,0.0000000000000000,0.0000000000000000,1.0000000000000000,-0.0000000437113883,0.0000000000000000,-0.0000000000000000,0.0000000437113883,1.0000000000000000,-0.0000000000000000,0.0000000000000000,0.0000000000000000,0.0000000000000000,1.0000000000000000
M 1.0000000000000000,0.0000000000000000,0.0000000000000000,0.0000000000000000,0.0000000000000000,1.0000000000000000,-0.0000000437113883,0.0000000000000000,-0.0000000000000000,0.0000000437113883,1.0000000000000000,-0.0000000000000000,0.0000000000000000,0.0000000000000000,0.0000000000000000,1.0000000000000000
M 1.0000000000000000,0.0000000000000000,0.0000000000000000,0.0000000000000000,0.0000000000000000,1.0000000000000000,-0.0000000437113883,0.0000000000000000,-0.0000000000000000,0.0000000437113883,1.0000000000000000,-0.0000000000000000,0.0000000000000000,0.0000000000000000,0.0000000000000000,1.0000000000000000
M 1.0000000000000000,0.0000000000000000,0.0000000000000000,0.0000000000000000,0.0000000000000000,1.0000000000000000,-0.0000000437113883,0.0000000000000000,-0.0000000000000000,0.0000000437113883,1.0000000000000000,-0.0000000000000000,0.0000000000000000,0.0000000000000000,0.0000000000000000,1.0000000000000000
M 1.0000000000000000,0.0000000000000000,0.0000000000000000,0.0000000000000000,0.0000000000000000,1.0000000000000000,-0.0000000437113883,0.0000000000000000,-0.0000000000000000,0.0000000437113883,1.0000000000000000,-0.0000000000000000,0.0000000000000000,0.0000000000000000,0.0000000000000000,1.0000000000000000
M 1.0000000000000000,0.0000000000000000,0.0000000000000000,0.0000000000000000,0.0000000000000000,1.0000000000000000,-0.0000000437113883,0.0000000000000000,-0.0000000000000000,0.0000000437113883,1.0000000000000000,-0.0000000000000000,0.0000000000000000,0.0000000000000000,0.0000000000000000,1.0000000000000000
M 1.0000000000000000,0.0000000000000000,0.0000000000000000,0.0000000000000000,0.0000000000000000,1.0000000000000000,-0.0000000437113883,0.0000000000000000,-0.0000000000000000,0.0000000437113883,1.0000000000000000,-0.0000000000000000,0.0000000000000000,0.0000000000000000,0.0000000000000000,1.0000000000000000
M 1.0000000000000000,0.0000000000000000,0.0000000000000000,0.0000000000000000,0.0000000000000000,1.0000000000000000,-0.0000000437113883,0.0000000000000000,-0.0000000000000000,0.0000000437113883,1.0000000000000000,-0.0000000000000000,0.0000000000000000,0.0000000000000000,0.0000000000000000,1.0000000000000000
M 1.0000000000000000,0.0000000000000000,0.0000000000000000,0.0000000000000000,0.0000000000000000,1.0000000000000000,-0.0000000437113883,0.0000000000000000,-0.0000000000000000,0.0000000437113883,1.0000000000000000,-0.0000000000000000,0.0000000000000000,0.0000000000000000,0.0000000000000000,1.0000000000000000
M 1.0000000000000000,0.0000000000000000,0.0000000000000000,0.0000000000000000,0.0000000000000000,1.0000000000000000,-0.0000000437113883,0.0000000000000000,-0.0000000000000000,0.0000000437113883,1.0000000000000000,-0.0000000000000000,0.0000000000000000,0.0000000000000000,0.0000000000000000,1.0000000000000000
M 1.0000000000000000,0.0000000000000000,0.0000000000000000,0.0000000000000000,0.0000000000000000,1.0000000000000000,-0.0000000437113883,0.0000000000000000,-0.0000000000000000,0.0000000437113883,1.0000000000000000,-0.0000000000000000,0.0000000000000000,0.0000000000000000,0.0000000000000000,1.0000000000000000
M 1.0000000000000000,0.0000000000000000,0.0000000000000000,0.0000000000000000,0.0000000000000000,1.0000000000000000,-0.0000000437113883,0.0000000000000000,-0.0000000000000000,0.0000000437113883,1.0000000000000000,-0.0000000000000000,0.0000000000000000,0.0000000000000000,0.0000000000000000,1.0000000000000000
M 1.0000000000000000,0.0000000000000000,0.0000000000000000,0.0000000000000000,0.0000000000000000,1.0000000000000000,-0.0000000437113883,0.0000000000000000,-0.0000000000000000,0.0000000437113883,1.0000000000000000,-0.0000000000000000,0.0000000000000000,0.0000000000000000,0.0000000000000000,1.0000000000000000
M 1.0000000000000000,0.0000000000000000,0.0000000000000000,0.0000000000000000,0.0000000000000000,1.0000000000000000,-0.0000000437113883,0.0000000000000000,-0.0000000000000000,0.0000000437113883,1.0000000000000000,-0.0000000000000000,0.0000000000000000,0.0000000000000000,0.0000000000000000,1.0000000000000000
M 1.0000000000000000,0.0000000000000000,0.0000000000000000,0.0000000000000000,0.0000000000000000,1.0000000000000000,-0.0000000437113883,0.0000000000000000,-0.0000000000000000,0.0000000437113883,1.0000000000000000,-0.0000000000000000,0.0000000000000000,0.0000000000000000,0.0000000000000000,1.0000000000000000
M 1.0000000000000000,0.0000000000000000,0.0000000000000000,0.0000000000000000,0.0000000000000000,1.0000000000000000,-0.0000000437113883,0.0000000000000000,-0.0000000000000000,0.0000000437113883,1.0000000000000000,-0.0000000000000000,0.0000000000000000,0.0000000000000000,0.0000000000000000,1.0000000000000000
M 1.0000000000000000,0.0000000000000000,0.0000000000000000,0.0000000000000000,0.0000000000000000,1.0000000000000000,-0.0000000437113883,0.0000000000000000,-0.0000000000000000,0.0000000437113883,1.0000000000000000,-0.0000000000000000,0.0000000000000000,0.0000000000000000,0.0000000000000000,1.0000000000000000
M 1.0000000000000000,0.0000000000000000,0.0000000000000000,0.0000000000000000,0.0000000000000000,1.0000000000000000,-0.0000000437113883,0.0000000000000000,-0.0000000000000000,0.0000000437113883,1.0000000000000000,-0.0000000000000000,0.0000000000000000,0.0000000000000000,0.0000000000000000,1.0000000000000000
M 1.0000000000000000,0.0000000000000000,0.0000000000000000,0.0000000000000000,0.0000000000000000,1.0000000000000000,-0.0000000437113883,0.0000000000000000,-0.0000000000000000,0.0000000437113883,1.0000000000000000,-0.0000000000000000,0.0000000000000000,0.0000000000000000,0.0000000000000000,1.0000000000000000
M 1.0000000000000000,0.0000000000000000,0.0000000000000000,0.0000000000000000,0.0000000000000000,1.0000000000000000,-0.0000000437113883,0.0000000000000000,-0.0000000000000000,0.0000000437113883,1.0000000000000000,-0.0000000000000000,0.0000000000000000,0.0000000000000000,0.0000000000000000,1.0000000000000000
M 1.0000000000000000,0.0000000000000000,0.0000000000000000,0.0000000000000000,0.0000000000000000,1.0000000000000000,-0.0000000437113883,0.0000000000000000,-0.0000000000000000,0.0000000437113883,1.0000000000000000,-0.0000000000000000,0.0000000000000000,0.0000000000000000,0.0000000000000000,1.0000000000000000
M 1.0000000000000000,0.0000000000000000,0.0000000000000000,0.0000000000000000,0.0000000000000000,1.0000000000000000,-0.0000000437113883,0.0000000000000000,-0.0000000000000000,0.0000000437113883,1.0000000000000000,-0.0000000000000000,0.0000000000000000,0.0000000000000000,0.0000000000000000,1.0000000000000000
M 1.0000000000000000,0.0000000000000000,0.0000000000000000,0.0000000000000000,0.0000000000000000,1.0000000000000000,-0.0000000437113883,0.0000000000000000,-0.0000000000000000,0.0000000437113883,1.0000000000000000,-0.0000000000000000,0.0000000000000000,0.0000000000000000,0.0000000000000000,1.0000000000000000
M 1.0000000000000000,0.0000000000000000,0.0000000000000000,0.0000000000000000,0.0000000000000000,1.0000000000000000,-0.0000000437113883,0.0000000000000000,-0.0000000000000000,0.0000000437113883,1.0000000000000000,-0.0000000000000000,0.0000000000000000,0.0000000000000000,0.0000000000000000,1.0000000000000000
M 1.0000000000000000,0.0000000000000000,0.0000000000000000,0.0000000000000000,0.0000000000000000,1.0000000000000000,-0.0000000437113883,0.0000000000000000,-0.0000000000000000,0.0000000437113883,1.0000000000000000,-0.0000000000000000,0.0000000000000000,0.0000000000000000,0.0000000000000000,1.0000000000000000
M 1.0000000000000000,0.0000000000000000,0.0000000000000000,0.0000000000000000,0.0000000000000000,1.0000000000000000,-0.0000000437113883,0.0000000000000000,-0.0000000000000000,0.0000000437113883,1.0000000000000000,-0.0000000000000000,0.0000000000000000,0.0000000000000000,0.0000000000000000,1.0000000000000000
M 0.9999999403953552,-0.0000000000150403,-0.0003440828586463,-0.0004394731950015,0.0000000000000000,1.0000000000000000,-0.0000000437113883,0.0000000000000000,0.0003440828586463,0.0000000437113847,0.9999999403953552,-0.0042527797631919,0.0000000000000000,0.0000000000000000,0.0000000000000000,1.0000000000000000
M 0.9999990463256836,-0.0000000000597945,-0.0013679387047887,-0.0017370783025399,0.0000000000000000,1.0000000000000000,-0.0000000437113883,0.0000000000000000,0.0013679387047887,0.0000000437113457,0.9999990463256836,-0.0169080924242735,0.0000000000000000,0.0000000000000000,0.0000000000000000,1.0000000000000000
M 0.9999953508377075,-0.0000000001337121,-0.0030589760281146,-0.0038549145683646,0.0000000000000000,1.0000000000000000,-0.0000000437113883,0.0000000000000000,0.0030589760281146,0.0000000437111858,0.9999953508377075,-0.0378132797777653,0.0000000000000000,0.0000000000000000,0.0000000000000000,1.0000000000000000
M 0.9999853968620300,-0.0000000002362422,-0.0054045920260251,-0.0067312247119844,0.0000000000000000,1.0000000000000000,-0.0000000437113883,0.0000000000000000,0.0054045920260251,0.0000000437107488,0.9999853968620300,-0.0668170824646950,0.0000000000000000,0.0000000000000000,0.0000000000000000,1.0000000000000000
M 0.9999647736549377,-0.0000000003668332,-0.0083921654149890,-0.0102946888655424,0.0000000000000000,1.0000000000000000,-0.0000000437113883,0.0000000000000000,0.0083921654149890,0.0000000437098500,0.9999647736549377,-0.1037690937519073,0.0000000000000000,0.0000000000000000,0.0000000000000000,1.0000000000000000
M 0.9999278783798218,-0.0000000005249319,-0.0120090423151851,-0.0144596397876740,0.0000000000000000,1.0000000000000000,-0.0000000437113883,0.0000000000000000,0.0120090423151851,0.0000000437082370,0.9999278783798218,-0.1485208868980408,0.0000000000000000,0.0000000000000000,0.0000000000000000,1.0000000000000000
M 0.9998680949211121,-0.0000000007099829,-0.0162425152957439,-0.0191260296851397,0.0000000000000000,1.0000000000000000,-0.0000000437113883,0.0000000000000000,0.0162425152957439,0.0000000437056222,0.9998680949211121,-0.2009242773056030,0.0000000000000000,0.0000000000000000,0.0000000000000000,1.0000000000000000
M 0.9997777938842773,-0.0000000009214277,-0.0210798084735870,-0.0241822805255651,0.0000000000000000,1.0000000000000000,-0.0000000437113883,0.0000000000000000,0.0210798084735870,0.0000000437016752,0.9997777938842773,-0.2608313560485840,0.0000000000000000,0.0000000000000000,0.0000000000000000,1.0000000000000000
M 0.9996485710144043,-0.0000000011587040,-0.0265080593526363,-0.0295071564614773,0.0000000000000000,1.0000000000000000,-0.0000000437113883,0.0000000000000000,0.0265080593526363,0.0000000436960264,0.9996485710144043,-0.3280943036079407,0.0000000000000000,0.0000000000000000,0.0000000000000000,1.0000000000000000
M 0.9994712471961975,-0.0000000014212449,-0.0325142927467823,-0.0349687784910202,0.0000000000000000,1.0000000000000000,-0.0000000437113883,0.0000000000000000,0.0325142927467823,0.0000000436882743,0.9994712471961975,-0.4025653898715973,0.0000000000000000,0.0000000000000000,0.0000000000000000,1.0000000000000000
M 0.9992358684539795,-0.0000000017084774,-0.0390854068100452,-0.0404255688190460,0.0000000000000000,1.0000000000000000,-0.0000000437113883,0.0000000000000000,0.0390854068100452,0.0000000436779857,0.9992358684539795,-0.4840958118438721,0.0000000000000000,0.0000000000000000,0.0000000000000000,1.0000000000000000
M 0.9989318251609802,-0.0000000020198219,-0.0462081395089626,-0.0457271412014961,0.0000000000000000,1.0000000000000000,-0.0000000437113883,0.0000000000000000,0.0462081395089626,0.0000000436646985,0.9989318251609802,-0.5725357532501221,0.0000000000000000,0.0000000000000000,0.0000000000000000,1.0000000000000000
M 0.9985480308532715,-0.0000000023546909,-0.0538690462708473,-0.0507181063294411,0.0000000000000000,1.0000000000000000,-0.0000000437113883,0.0000000000000000,0.0538690462708473,0.0000000436479191,0.9985480308532715,-0.6677337288856506,0.0000000000000000,0.0000000000000000,0.0000000000000000,1.0000000000000000
M 0.9980727434158325,-0.0000000027124871,-0.0620544739067554,-0.0552322864532471,0.0000000000000000,1.0000000000000000,-0.0000000437113883,0.0000000000000000,0.0620544739067554,0.0000000436271463,0.9980727434158325,-0.7695365548133850,0.0000000000000000,0.0000000000000000,0.0000000000000000,1.0000000000000000
M 0.9974940419197083,-0.0000000030926064,-0.0707505866885185,-0.0591042339801788,0.0000000000000000,1.0000000000000000,-0.0000000437113883,0.0000000000000000,0.0707505866885185,0.0000000436018510,0.9974940419197083,-0.8777894377708435,0.0000000000000000,0.0000000000000000,0.0000000000000000,1.0000000000000000
M 0.9967994093894958,-0.0000000034944301,-0.0799432396888733,-0.0621575862169266,0.0000000000000000,1.0000000000000000,-0.0000000437113883,0.0000000000000000,0.0799432396888733,0.0000000435714860,0.9967994093894958,-0.9923336505889893,0.0000000000000000,0.0000000000000000,0.0000000000000000,1.0000000000000000
M 0.9959762096405029,-0.0000000039173318,-0.0896181017160416,-0.0642176344990730,0.0000000000000000,1.0000000000000000,-0.0000000437113883,0.0000000000000000,0.0896181017160416,0.0000000435355041,0.9959762096405029,-1.1130089759826660,0.0000000000000000,0.0000000000000000,0.0000000000000000,1.0000000000000000
M 0.9950114488601685,-0.0000000043606700,-0.0997605025768280,-0.0650996714830399,0.0000000000000000,1.0000000000000000,-0.0000000437113883,0.0000000000000000,0.0997605025768280,0.0000000434933334,0.9950114488601685,-1.2396509647369385,0.0000000000000000,0.0000000000000000,0.0000000000000000,1.0000000000000000
M 0.9938921928405762,-0.0000000048237903,-0.1103554591536522,-0.0646243095397949,0.0000000000000000,1.0000000000000000,-0.0000000437113883,0.0000000000000000,0.1103554591536522,0.0000000434444090,0.9938921928405762,-1.3720918893814087,0.0000000000000000,0.0000000000000000,0.0000000000000000,1.0000000000000000
M 0.9926051497459412,-0.0000000053060276,-0.1213877573609352,-0.0626042187213898,0.0000000000000000,1.0000000000000000,-0.0000000437113883,0.0000000000000000,0.1213877573609352,0.0000000433881482,0.9926051497459412,-1.5101605653762817,0.0000000000000000,0.0000000000000000,0.0000000000000000,1.0000000000000000
M 0.9911372661590576,-0.0000000058066978,-0.1328417658805847,-0.0588562488555908,0.0000000000000000,1.0000000000000000,-0.0000000437113883,0.0000000000000000,0.1328417658805847,0.0000000433239862,0.9911372661590576,-1.6536810398101807,0.0000000000000000,0.0000000000000000,0.0000000000000000,1.0000000000000000
M 0.9894753694534302,-0.0000000063251071,-0.1447015851736069,-0.0531959831714630,0.0000000000000000,1.0000000000000000,-0.0000000437113883,0.0000000000000000,0.1447015851736069,0.0000000432513438,0.9894753694534302,-1.8024742603302002,0.0000000000000000,0.0000000000000000,0.0000000000000000,1.0000000000000000
M 0.9876064062118530,-0.0000000068605428,-0.1569509208202362,-0.0454365164041519,0.0000000000000000,1.0000000000000000,-0.0000000437113883,0.0000000000000000,0.1569509208202362,0.0000000431696456,0.9876064062118530,-1.9563552141189575,0.0000000000000000,0.0000000000000000,0.0000000000000000,1.0000000000000000
M 0.9855176210403442,-0.0000000074122792,-0.1695731878280640,-0.0353972613811493,0.0000000000000000,1.0000000000000000,-0.0000000437113883,0.0000000000000000,0.1695731878280640,0.0000000430783444,0.9855176210403442,-2.1151356697082520,0.0000000000000000,0.0000000000000000,0.0000000000000000,1.0000000000000000
M 0.9831963181495667,-0.0000000079795743,-0.1825513839721680,-0.0228989571332932,0.0000000000000000,1.0000000000000000,-0.0000000437113883,0.0000000000000000,0.1825513839721680,0.0000000429768754,0.9831963181495667,-2.2786216735839844,0.0000000000000000,0.0000000000000000,0.0000000000000000,1.0000000000000000
M 0.9806302189826965,-0.0000000085616705,-0.1958681941032410,-0.0077629089355469,0.0000000000000000,1.0000000000000000,-0.0000000437113883,0.0000000000000000,0.1958681941032410,0.0000000428647091,0.9806302189826965,-2.4466152191162109,0.0000000000000000,0.0000000000000000,0.0000000000000000,1.0000000000000000
M 0.9778073430061340,-0.0000000091577981,-0.2095059901475906,0.0101842880249023,0.0000000000000000,1.0000000000000000,-0.0000000437113883,0.0000000000000000,0.2095059901475906,0.0000000427413163,0.9778073430061340,-2.6189131736755371,0.0000000000000000,0.0000000000000000,0.0000000000000000,1.0000000000000000
M 0.9747161269187927,-0.0000000097671657,-0.2234466969966888,0.0311071574687958,0.0000000000000000,1.0000000000000000,-0.0000000437113883,0.0000000000000000,0.2234466969966888,0.0000000426061959,0.9747161269187927,-2.7953071594238281,0.0000000000000000,0.0000000000000000,0.0000000000000000,1.0000000000000000
M 0.9713454842567444,-0.0000000103889723,-0.2376719862222672,0.0551723837852478,0.0000000000000000,1.0000000000000000,-0.0000000437113883,0.0000000000000000,0.2376719862222672,0.0000000424588613,0.9713454842567444,-2.9755840301513672,0.0000000000000000,0.0000000000000000,0.0000000000000000,1.0000000000000000
M 0.9676847457885742,-0.0000000110224034,-0.2521632015705109,0.0825376212596893,0.0000000000000000,1.0000000000000000,-0.0000000437113883,0.0000000000000000,0.2521632015705109,0.0000000422988435,0.9676847457885742,-3.1595273017883301,0.0000000000000000,0.0000000000000000,0.0000000000000000,1.0000000000000000
M 0.9637238383293152,-0.0000000116666348,-0.2669014930725098,0.1133521497249603,0.0000000000000000,1.0000000000000000,-0.0000000437113883,0.0000000000000000,0.2669014930725098,0.0000000421257056,0.9637238383293152,-3.3469154834747314,0.0000000000000000,0.0000000000000000,0.0000000000000000,1.0000000000000000
M 0.9594533443450928,-0.0000000123208164,-0.2818674147129059,0.1477594375610352,0.0000000000000000,1.0000000000000000,-0.0000000437113883,0.0000000000000000,0.2818674147129059,0.0000000419390389,0.9594533443450928,-3.5375204086303711,0.0000000000000000,0.0000000000000000,0.0000000000000000,1.0000000000000000
M 0.9548645615577698,-0.0000000129840991,-0.2970415651798248,0.1858942806720734,0.0000000000000000,1.0000000000000000,-0.0000000437113883,0.0000000000000000,0.2970415651798248,0.0000000417384562,0.9548645615577698,-3.7311129570007324,0.0000000000000000,0.0000000000000000,0.0000000000000000,1.0000000000000000
M 0.9499492645263672,-0.0000000136556206,-0.3124041855335236,0.2278852164745331,0.0000000000000000,1.0000000000000000,-0.0000000437113883,0.0000000000000000,0.3124041855335236,0.0000000415236023,0.9499492645263672,-3.9274582862854004,0.0000000000000000,0.0000000000000000,0.0000000000000000,1.0000000000000000
M 0.9447001814842224,-0.0000000143345051,-0.3279352486133575,0.2738497853279114,0.0000000000000000,1.0000000000000000,-0.0000000437113883,0.0000000000000000,0.3279352486133575,0.0000000412941574,0.9447001814842224,-4.1263170242309570,0.0000000000000000,0.0000000000000000,0.0000000000000000,1.0000000000000000
M 0.9391107559204102,-0.0000000150198716,-0.3436146080493927,0.3238961398601532,0.0000000000000000,1.0000000000000000,-0.0000000437113883,0.0000000000000000,0.3436146080493927,0.0000000410498338,0.9391107559204102,-4.3274488449096680,0.0000000000000000,0.0000000000000000,0.0000000000000000,1.0000000000000000
M 0.9331751465797424,-0.0000000157108335,-0.3594219684600830,0.3781240284442902,0.0000000000000000,1.0000000000000000,-0.0000000437113883,0.0000000000000000,0.3594219684600830,0.0000000407903826,0.9331751465797424,-4.5306081771850586,0.0000000000000000,0.0000000000000000,0.0000000000000000,1.0000000000000000
M 0.9268884658813477,-0.0000000164064993,-0.3753369450569153,0.4366208910942078,0.0000000000000000,1.0000000000000000,-0.0000000437113883,0.0000000000000000,0.3753369450569153,0.0000000405155802,0.9268884658813477,-4.7355494499206543,0.0000000000000000,0.0000000000000000,0.0000000000000000,1.0000000000000000
M 0.9202466607093811,-0.0000000171059664,-0.3913388848304749,0.4994650483131409,0.0000000000000000,1.0000000000000000,-0.0000000437113883,0.0000000000000000,0.3913388848304749,0.0000000402252596,0.9202466607093811,-4.9420204162597656,0.0000000000000000,0.0000000000000000,0.0000000000000000,1.0000000000000000
M 0.9132465124130249,-0.0000000178083415,-0.4074073731899261,0.5667240023612976,0.0000000000000000,1.0000000000000000,-0.0000000437113883,0.0000000000000000,0.4074073731899261,0.0000000399192714,0.9132465124130249,-5.1497726440429688,0.0000000000000000,0.0000000000000000,0.0000000000000000,1.0000000000000000
M 0.9058859348297119,-0.0000000185127256,-0.4235217869281769,0.6384492516517639,0.0000000000000000,1.0000000000000000,-0.0000000437113883,0.0000000000000000,0.4235217869281769,0.0000000395975306,0.9058859348297119,-5.3585515022277832,0.0000000000000000,0.0000000000000000,0.0000000000000000,1.0000000000000000
M 0.8981635570526123,-0.0000000192182128,-0.4396614730358124,0.7146867513656616,0.0000000000000000,1.0000000000000000,-0.0000000437113883,0.0000000000000000,0.4396614730358124,0.0000000392599766,0.8981635570526123,-5.5681037902832031,0.0000000000000000,0.0000000000000000,0.0000000000000000,1.0000000000000000
M 0.8900790810585022,-0.0000000199239167,-0.4558060765266418,0.7954638004302979,0.0000000000000000,1.0000000000000000,-0.0000000437113883,0.0000000000000000,0.4558060765266418,0.0000000389065917,0.8900790810585022,-5.7781763076782227,0.0000000000000000,0.0000000000000000,0.0000000000000000,1.0000000000000000
M 0.8816331028938293,-0.0000000206289528,-0.4719354212284088,0.8808027505874634,0.0000000000000000,1.0000000000000000,-0.0000000437113883,0.0000000000000000,0.4719354212284088,0.0000000385374079,0.8816331028938293,-5.9885168075561523,0.0000000000000000,0.0000000000000000,0.0000000000000000,1.0000000000000000
M 0.8728274106979370,-0.0000000213324274,-0.4880290329456329,0.9707062840461731,0.0000000000000000,1.0000000000000000,-0.0000000437113883,0.0000000000000000,0.4880290329456329,0.0000000381524963,0.8728274106979370,-6.1988687515258789,0.0000000000000000,0.0000000000000000,0.0000000000000000,1.0000000000000000
M 0.8636644482612610,-0.0000000220334790,-0.5040672421455383,1.0651684999465942,0.0000000000000000,1.0000000000000000,-0.0000000437113883,0.0000000000000000,0.5040672421455383,0.0000000377519704,0.8636644482612610,-6.4089851379394531,0.0000000000000000,0.0000000000000000,0.0000000000000000,1.0000000000000000
M 0.8541479110717773,-0.0000000227312391,-0.5200301408767700,1.1641702651977539,0.0000000000000000,1.0000000000000000,-0.0000000437113883,0.0000000000000000,0.5200301408767700,0.0000000373359903,0.8541479110717773,-6.6186137199401855,0.0000000000000000,0.0000000000000000,0.0000000000000000,1.0000000000000000
M 0.8442823886871338,-0.0000000234248709,-0.5358985662460327,1.2676782608032227,0.0000000000000000,1.0000000000000000,-0.0000000437113883,0.0000000000000000,0.5358985662460327,0.0000000369047548,0.8442823886871338,-6.8275098800659180,0.0000000000000000,0.0000000000000000,0.0000000000000000,1.0000000000000000
M 0.8340734839439392,-0.0000000241135325,-0.5516533255577087,1.3756486177444458,0.0000000000000000,1.0000000000000000,-0.0000000437113883,0.0000000000000000,0.5516533255577087,0.0000000364585091,0.8340734839439392,-7.0354280471801758,0.0000000000000000,0.0000000000000000,0.0000000000000000,1.0000000000000000
M 0.8235278725624084,-0.0000000247964138,-0.5672758221626282,1.4880206584930420,0.0000000000000000,1.0000000000000000,-0.0000000437113883,0.0000000000000000,0.5672758221626282,0.0000000359975481,0.8235278725624084,-7.2421283721923828,0.0000000000000000,0.0000000000000000,0.0000000000000000,1.0000000000000000
M 0.8126528859138489,-0.0000000254727262,-0.5827480554580688,1.6047267913818359,0.0000000000000000,1.0000000000000000,-0.0000000437113883,0.0000000000000000,0.5827480554580688,0.0000000355221843,0.8126528859138489,-7.4473772048950195,0.0000000000000000,0.0000000000000000,0.0000000000000000,1.0000000000000000
M 0.8014572262763977,-0.0000000261416861,-0.5980520844459534,1.7256796360015869,0.0000000000000000,1.0000000000000000,-0.0000000437113883,0.0000000000000000,0.5980520844459534,0.0000000350328087,0.8014572262763977,-7.6509408950805664,0.0000000000000000,0.0000000000000000,0.0000000000000000,1.0000000000000000
M 0.7899502515792847,-0.0000000268025548,-0.6131709814071655,1.8507845401763916,0.0000000000000000,1.0000000000000000,-0.0000000437113883,0.0000000000000000,0.6131709814071655,0.0000000345298226,0.7899502515792847,-7.8525958061218262,0.0000000000000000,0.0000000000000000,0.0000000000000000,1.0000000000000000
M 0.7781421542167664,-0.0000000274546057,-0.6280881762504578,1.9799362421035767,0.0000000000000000,1.0000000000000000,-0.0000000437113883,0.0000000000000000,0.6280881762504578,0.0000000340136737,0.7781421542167664,-8.0521240234375000,0.0000000000000000,0.0000000000000000,0.0000000000000000,1.0000000000000000
M 0.7660444378852844,-0.0000000280971371,-0.6427875757217407,2.1130101680755615,0.0000000000000000,1.0000000000000000,-0.0000000437113883,0.0000000000000000,0.6427875757217407,0.0000000334848664,0.7660444378852844,-8.2493095397949219,0.0000000000000000,0.0000000000000000,0.0000000000000000,1.0000000000000000
M 0.7536690831184387,-0.0000000287294863,-0.6572540402412415,2.2498772144317627,0.0000000000000000,1.0000000000000000,-0.0000000437113883,0.0000000000000000,0.6572540402412415,0.0000000329439231,0.7536690831184387,-8.4439496994018555,0.0000000000000000,0.0000000000000000,0.0000000000000000,1.0000000000000000
M 0.7410290241241455,-0.0000000293510176,-0.6714730262756348,2.3903925418853760,0.0000000000000000,1.0000000000000000,-0.0000000437113883,0.0000000000000000,0.6714730262756348,0.0000000323914087,0.7410290241241455,-8.6358461380004883,0.0000000000000000,0.0000000000000000,0.0000000000000000,1.0000000000000000
M 0.7281380295753479,-0.0000000299611216,-0.6854305267333984,2.5344028472900391,0.0000000000000000,1.0000000000000000,-0.0000000437113883,0.0000000000000000,0.6854305267333984,0.0000000318279234,0.7281380295753479,-8.8248071670532227,0.0000000000000000,0.0000000000000000,0.0000000000000000,1.0000000000000000
M 0.7150103449821472,-0.0000000305592351,-0.6991138458251953,2.6817433834075928,0.0000000000000000,1.0000000000000000,-0.0000000437113883,0.0000000000000000,0.6991138458251953,0.0000000312540962,0.7150103449821472,-9.0106582641601562,0.0000000000000000,0.0000000000000000,0.0000000000000000,1.0000000000000000
M 0.7016617655754089,-0.0000000311448076,-0.7125101685523987,2.8322362899780273,0.0000000000000000,1.0000000000000000,-0.0000000437113883,0.0000000000000000,0.7125101685523987,0.0000000306706092,0.7016617655754089,-9.1932163238525391,0.0000000000000000,0.0000000000000000,0.0000000000000000,1.0000000000000000
M 0.6881077885627747,-0.0000000317173523,-0.7256084680557251,2.9856989383697510,0.0000000000000000,1.0000000000000000,-0.0000000437113883,0.0000000000000000,0.7256084680557251,0.0000000300781480,0.6881077885627747,-9.3723278045654297,0.0000000000000000,0.0000000000000000,0.0000000000000000,1.0000000000000000
M 0.6743651032447815,-0.0000000322764038,-0.7383980154991150,3.1419358253479004,0.0000000000000000,1.0000000000000000,-0.0000000437113883,0.0000000000000000,0.7383980154991150,0.0000000294774356,0.6743651032447815,-9.5478363037109375,0.0000000000000000,0.0000000000000000,0.0000000000000000,1.0000000000000000
M 0.6604509353637695,-0.0000000328215357,-0.7508692145347595,3.3007440567016602,0.0000000000000000,1.0000000000000000,-0.0000000437113883,0.0000000000000000,0.7508692145347595,0.0000000288692270,0.6604509353637695,-9.7196016311645508,0.0000000000000000,0.0000000000000000,0.0000000000000000,1.0000000000000000
M 0.6463831067085266,-0.0000000333523609,-0.7630130648612976,3.4619112014770508,0.0000000000000000,1.0000000000000000,-0.0000000437113883,0.0000000000000000,0.7630130648612976,0.0000000282543038,0.6463831067085266,-9.8874883651733398,0.0000000000000000,0.0000000000000000,0.0000000000000000,1.0000000000000000
M 0.6321796178817749,-0.0000000338685382,-0.7748218774795532,3.6252214908599854,0.0000000000000000,1.0000000000000000,-0.0000000437113883,0.0000000000000000,0.7748218774795532,0.0000000276334493,0.6321796178817749,-10.0513792037963867,0.0000000000000000,0.0000000000000000,0.0000000000000000,1.0000000000000000
M 0.6178596019744873,-0.0000000343697586,-0.7862884402275085,3.7904424667358398,0.0000000000000000,1.0000000000000000,-0.0000000437113883,0.0000000000000000,0.7862884402275085,0.0000000270075002,0.6178596019744873,-10.2111587524414062,0.0000000000000000,0.0000000000000000,0.0000000000000000,1.0000000000000000
M 0.6034420132637024,-0.0000000348557627,-0.7974069118499756,3.9573469161987305,0.0000000000000000,1.0000000000000000,-0.0000000437113883,0.0000000000000000,0.7974069118499756,0.0000000263772879,0.6034420132637024,-10.3667306900024414,0.0000000000000000,0.0000000000000000,0.0000000000000000,1.0000000000000000
M 0.5889465212821960,-0.0000000353263196,-0.8081719875335693,4.1256918907165527,0.0000000000000000,1.0000000000000000,-0.0000000437113883,0.0000000000000000,0.8081719875335693,0.0000000257436703,0.5889465212821960,-10.5180053710937500,0.0000000000000000,0.0000000000000000,0.0000000000000000,1.0000000000000000
M 0.5743930339813232,-0.0000000357812553,-0.8185796737670898,4.2952322959899902,0.0000000000000000,1.0000000000000000,-0.0000000437113883,0.0000000000000000,0.8185796737670898,0.0000000251075161,0.5743930339813232,-10.6649074554443359,0.0000000000000000,0.0000000000000000,0.0000000000000000,1.0000000000000000
M 0.5598015189170837,-0.0000000362204240,-0.8286266922950745,4.4657239913940430,0.0000000000000000,1.0000000000000000,-0.0000000437113883,0.0000000000000000,0.8286266922950745,0.0000000244697009,0.5598015189170837,-10.8073711395263672,0.0000000000000000,0.0000000000000000,0.0000000000000000,1.0000000000000000
M 0.5451927781105042,-0.0000000366437263,-0.8383107185363770,4.6369071006774902,0.0000000000000000,1.0000000000000000,-0.0000000437113883,0.0000000000000000,0.8383107185363770,0.0000000238311326,0.5451927781105042,-10.9453420639038086,0.0000000000000000,0.0000000000000000,0.0000000000000000,1.0000000000000000
M 0.5305871367454529,-0.0000000370511017,-0.8476303815841675,4.8085274696350098,0.0000000000000000,1.0000000000000000,-0.0000000437113883,0.0000000000000000,0.8476303815841675,0.0000000231927011,0.5305871367454529,-11.0787773132324219,0.0000000000000000,0.0000000000000000,0.0000000000000000,1.0000000000000000
M 0.5160056948661804,-0.0000000374425255,-0.8565851449966431,4.9803214073181152,0.0000000000000000,1.0000000000000000,-0.0000000437113883,0.0000000000000000,0.8565851449966431,0.0000000225553247,0.5160056948661804,-11.2076435089111328,0.0000000000000000,0.0000000000000000,0.0000000000000000,1.0000000000000000
M 0.5014691352844238,-0.0000000378180225,-0.8651755452156067,5.1520271301269531,0.0000000000000000,1.0000000000000000,-0.0000000437113883,0.0000000000000000,0.8651755452156067,0.0000000219199112,0.5014691352844238,-11.3319244384765625,0.0000000000000000,0.0000000000000000,0.0000000000000000,1.0000000000000000
M 0.4869986176490784,-0.0000000381776459,-0.8734027147293091,5.3233785629272461,0.0000000000000000,1.0000000000000000,-0.0000000437113883,0.0000000000000000,0.8734027147293091,0.0000000212873861,0.4869986176490784,-11.4516038894653320,0.0000000000000000,0.0000000000000000,0.0000000000000000,1.0000000000000000
M 0.4726150333881378,-0.0000000385214918,-0.8812689781188965,5.4941091537475586,0.0000000000000000,1.0000000000000000,-0.0000000437113883,0.0000000000000000,0.8812689781188965,0.0000000206586588,0.4726150333881378,-11.5666885375976562,0.0000000000000000,0.0000000000000000,0.0000000000000000,1.0000000000000000
M 0.4583394229412079,-0.0000000388496879,-0.8887772560119629,5.6639509201049805,0.0000000000000000,1.0000000000000000,-0.0000000437113883,0.0000000000000000,0.8887772560119629,0.0000000200346530,0.4583394229412079,-11.6771869659423828,0.0000000000000000,0.0000000000000000,0.0000000000000000,1.0000000000000000
M 0.4441924989223480,-0.0000000391624049,-0.8959313631057739,5.8326387405395508,0.0000000000000000,1.0000000000000000,-0.0000000437113883,0.0000000000000000,0.8959313631057739,0.0000000194162713,0.4441924989223480,-11.7831211090087891,0.0000000000000000,0.0000000000000000,0.0000000000000000,1.0000000000000000
M 0.4301956593990326,-0.0000000394598274,-0.9027356505393982,5.9998970031738281,0.0000000000000000,1.0000000000000000,-0.0000000437113883,0.0000000000000000,0.9027356505393982,0.0000000188044496,0.4301956593990326,-11.8845214843750000,0.0000000000000000,0.0000000000000000,0.0000000000000000,1.0000000000000000
M 0.4163688421249390,-0.0000000397422113,-0.9091957807540894,6.1654663085937500,0.0000000000000000,1.0000000000000000,-0.0000000437113883,0.0000000000000000,0.9091957807540894,0.0000000182000601,0.4163688421249390,-11.9814300537109375,0.0000000000000000,0.0000000000000000,0.0000000000000000,1.0000000000000000
M 0.4027334749698639,-0.0000000400097910,-0.9153172969818115,6.3290729522705078,0.0000000000000000,1.0000000000000000,-0.0000000437113883,0.0000000000000000,0.9153172969818115,0.0000000176040391,0.4027334749698639,-12.0738945007324219,0.0000000000000000,0.0000000000000000,0.0000000000000000,1.0000000000000000
M 0.3893095850944519,-0.0000000402628650,-0.9211069941520691,6.4904532432556152,0.0000000000000000,1.0000000000000000,-0.0000000437113883,0.0000000000000000,0.9211069941520691,0.0000000170172623,0.3893095850944519,-12.1619720458984375,0.0000000000000000,0.0000000000000000,0.0000000000000000,1.0000000000000000
M 0.3761174082756042,-0.0000000405017495,-0.9265720248222351,6.6493434906005859,0.0000000000000000,1.0000000000000000,-0.0000000437113883,0.0000000000000000,0.9265720248222351,0.0000000164406142,0.3761174082756042,-12.2457284927368164,0.0000000000000000,0.0000000000000000,0.0000000000000000,1.0000000000000000
M 0.3631772100925446,-0.0000000407267784,-0.9317200779914856,6.8054809570312500,0.0000000000000000,1.0000000000000000,-0.0000000437113883,0.0000000000000000,0.9317200779914856,0.0000000158749796,0.3631772100925446,-12.3252344131469727,0.0000000000000000,0.0000000000000000,0.0000000000000000,1.0000000000000000
M 0.3505082428455353,-0.0000000409383212,-0.9365596175193787,6.9586095809936523,0.0000000000000000,1.0000000000000000,-0.0000000437113883,0.0000000000000000,0.9365596175193787,0.0000000153212021,0.3505082428455353,-12.4005727767944336,0.0000000000000000,0.0000000000000000,0.0000000000000000,1.0000000000000000
M 0.3381301462650299,-0.0000000411367580,-0.9410993456840515,7.1084718704223633,0.0000000000000000,1.0000000000000000,-0.0000000437113883,0.0000000000000000,0.9410993456840515,0.0000000147801380,0.3381301462650299,-12.4718275070190430,0.0000000000000000,0.0000000000000000,0.0000000000000000,1.0000000000000000
M 0.3260624706745148,-0.0000000413224832,-0.9453482031822205,7.2548103332519531,0.0000000000000000,1.0000000000000000,-0.0000000437113883,0.0000000000000000,0.9453482031822205,0.0000000142526435,0.3260624706745148,-12.5390882492065430,0.0000000000000000,0.0000000000000000,0.0000000000000000,1.0000000000000000
M 0.3143238425254822,-0.0000000414959125,-0.9493158459663391,7.3973779678344727,0.0000000000000000,1.0000000000000000,-0.0000000437113883,0.0000000000000000,0.9493158459663391,0.0000000137395313,0.3143238425254822,-12.6024522781372070,0.0000000000000000,0.0000000000000000,0.0000000000000000,1.0000000000000000
