O INDEPENDENT_BRAKE_2_CG_hb11_LABEL_Hand^Brake
A INDEPENDENT_BRAKE_2_CG_hb11_LABEL_Hand^Brake_INDEPENDENT_BRAKE_2_CG_hb11_LABEL_Hand^Brake
M 1.0000000000000000,0.0000000000000000,0.0000000000000000,0.0000000000000000,0.0000000000000000,1.0000000000000000,-0.0000000437113883,0.0000000542641168,-0.0000000000000000,0.0000000437113883,1.0000000000000000,-0.0000000113029728,0.0000000000000000,0.0000000000000000,0.0000000000000000,1.0000000000000000
M 1.0000000000000000,0.0000000000000000,0.0000000000000000,0.0000000000000000,0.0000000000000000,1.0000000000000000,0.0002363483072259,0.0001699610293144,-0.0000000000000000,-0.0002363483072259,1.0000000000000000,0.0005244835047051,0.0000000000000000,0.0000000000000000,0.0000000000000000,1.0000000000000000
M 1.0000000000000000,0.0000000000000000,0.0000000000000000,0.0000000000000000,0.0000000000000000,0.9999995827674866,0.0009439745335840,0.0006795210647397,-0.0000000000000000,-0.0009439745335840,0.9999995827674866,0.0020942310802639,0.0000000000000000,0.0000000000000000,0.0000000000000000,1.0000000000000000
M 1.0000000000000000,0.0000000000000000,0.0000000000000000,0.0000000000000000,0.0000000000000000,0.9999977350234985,0.0021204494405538,0.0015291655436158,-0.0000000000000000,-0.0021204494405538,0.9999977350234985,0.0047032237052917,0.0000000000000000,0.0000000000000000,0.0000000000000000,1.0000000000000000
M 1.0000000000000000,0.0000000000000000,0.0000000000000000,0.0000000000000000,0.0000000000000000,0.9999929070472717,0.0037635038606822,0.0027208398096263,-0.0000000000000000,-0.0037635038606822,0.9999929070472717,0.0083452342078090,0.0000000000000000,0.0000000000000000,0.0000000000000000,1.0000000000000000
M 1.0000000000000000,0.0000000000000000,0.0000000000000000,0.0000000000000000,0.0000000000000000,0.9999827742576599,0.0058705033734441,0.0042576570995152,-0.0000000000000000,-0.0058705033734441,0.9999827742576599,0.0130128674209118,0.0000000000000000,0.0000000000000000,0.0000000000000000,1.0000000000000000
M 1.0000000000000000,0.0000000000000000,0.0000000000000000,0.0000000000000000,0.0000000000000000,0.9999644160270691,0.0084392772987485,0.0061447327025235,-0.0000000000000000,-0.0084392772987485,0.9999644160270691,0.0186991617083549,0.0000000000000000,0.0000000000000000,0.0000000000000000,1.0000000000000000
M 1.0000000000000000,0.0000000000000000,0.0000000000000000,0.0000000000000000,0.0000000000000000,0.9999342560768127,0.0114674000069499,0.0083881914615631,-0.0000000000000000,-0.0114674000069499,0.9999342560768127,0.0253961123526096,0.0000000000000000,0.0000000000000000,0.0000000000000000,1.0000000000000000
M 1.0000000000000000,0.0000000000000000,0.0000000000000000,0.0000000000000000,0.0000000000000000,0.9998881816864014,0.0149521781131625,0.0109951570630074,-0.0000000000000000,-0.0149521781131625,0.9998881816864014,0.0330948829650879,0.0000000000000000,0.0000000000000000,0.0000000000000000,1.0000000000000000
M 1.0000000000000000,0.0000000000000000,0.0000000000000000,0.0000000000000000,0.0000000000000000,0.9998215436935425,0.0188913587480783,0.0139742633327842,-0.0000000000000000,-0.0188913587480783,0.9998215436935425,0.0417870171368122,0.0000000000000000,0.0000000000000000,0.0000000000000000,1.0000000000000000
M 1.0000000000000000,0.0000000000000000,0.0000000000000000,0.0000000000000000,0.0000000000000000,0.9997289180755615,0.0232824068516493,0.0173358451575041,-0.0000000000000000,-0.0232824068516493,0.9997289180755615,0.0514630787074566,0.0000000000000000,0.0000000000000000,0.0000000000000000,1.0000000000000000
M 1.0000000000000000,0.0000000000000000,0.0000000000000000,0.0000000000000000,0.0000000000000000,0.9996044635772705,0.0281226076185703,0.0210908278822899,-0.0000000000000000,-0.0281226076185703,0.9996044635772705,0.0621128082275391,0.0000000000000000,0.0000000000000000,0.0000000000000000,1.0000000000000000
M 1.0000000000000000,0.0000000000000000,0.0000000000000000,0.0000000000000000,0.0000000000000000,0.9994417428970337,0.0334095321595669,0.0252517722547054,-0.0000000000000000,-0.0334095321595669,0.9994417428970337,0.0737262293696404,0.0000000000000000,0.0000000000000000,0.0000000000000000,1.0000000000000000
M 1.0000000000000000,0.0000000000000000,0.0000000000000000,0.0000000000000000,0.0000000000000000,0.9992337226867676,0.0391401946544647,0.0298322625458241,-0.0000000000000000,-0.0391401946544647,0.9992337226867676,0.0862916484475136,0.0000000000000000,0.0000000000000000,0.0000000000000000,1.0000000000000000
M 1.0000000000000000,0.0000000000000000,0.0000000000000000,0.0000000000000000,0.0000000000000000,0.9989728927612305,0.0453119799494743,0.0348468758165836,-0.0000000000000000,-0.0453119799494743,0.9989728927612305,0.0997977778315544,0.0000000000000000,0.0000000000000000,0.0000000000000000,1.0000000000000000
M 1.0000000000000000,0.0000000000000000,0.0000000000000000,0.0000000000000000,0.0000000000000000,0.9986511468887329,0.0519216880202293,0.0403116680681705,-0.0000000000000000,-0.0519216880202293,0.9986511468887329,0.1142318621277809,0.0000000000000000,0.0000000000000000,0.0000000000000000,1.0000000000000000
M 1.0000000000000000,0.0000000000000000,0.0000000000000000,0.0000000000000000,0.0000000000000000,0.9982599616050720,0.0589663423597813,0.0462428554892540,-0.0000000000000000,-0.0589663423597813,0.9982599616050720,0.1295810341835022,0.0000000000000000,0.0000000000000000,0.0000000000000000,1.0000000000000000
M 1.0000000000000000,0.0000000000000000,0.0000000000000000,0.0000000000000000,0.0000000000000000,0.9977902173995972,0.0664429292082787,0.0526587814092636,-0.0000000000000000,-0.0664429292082787,0.9977902173995972,0.1458320468664169,0.0000000000000000,0.0000000000000000,0.0000000000000000,1.0000000000000000
M 1.0000000000000000,0.0000000000000000,0.0000000000000000,0.0000000000000000,0.0000000000000000,0.9972323775291443,0.0743475705385208,0.0595781095325947,-0.0000000000000000,-0.0743475705385208,0.9972323775291443,0.1629695147275925,0.0000000000000000,0.0000000000000000,0.0000000000000000,1.0000000000000000
M 1.0000000000000000,0.0000000000000000,0.0000000000000000,0.0000000000000000,0.0000000000000000,0.9965763688087463,0.0826771333813667,0.0670205280184746,-0.0000000000000000,-0.0826771333813667,0.9965763688087463,0.1809792518615723,0.0000000000000000,0.0000000000000000,0.0000000000000000,1.0000000000000000
M 1.0000000000000000,0.0000000000000000,0.0000000000000000,0.0000000000000000,0.0000000000000000,0.9958117008209229,0.0914276987314224,0.0750065818428993,-0.0000000000000000,-0.0914276987314224,0.9958117008209229,0.1998449563980103,0.0000000000000000,0.0000000000000000,0.0000000000000000,1.0000000000000000
M 1.0000000000000000,0.0000000000000000,0.0000000000000000,0.0000000000000000,0.0000000000000000,0.9949274659156799,0.1005949825048447,0.0835575163364410,-0.0000000000000000,-0.1005949825048447,0.9949274659156799,0.2195493131875992,0.0000000000000000,0.0000000000000000,0.0000000000000000,1.0000000000000000
M 1.0000000000000000,0.0000000000000000,0.0000000000000000,0.0000000000000000,0.0000000000000000,0.9939122200012207,0.1101749613881111,0.0926957055926323,-0.0000000000000000,-0.1101749613881111,0.9939122200012207,0.2400752007961273,0.0000000000000000,0.0000000000000000,0.0000000000000000,1.0000000000000000
M 1.0000000000000000,0.0000000000000000,0.0000000000000000,0.0000000000000000,0.0000000000000000,0.9927541613578796,0.1201630756258965,0.1024440973997116,-0.0000000000000000,-0.1201630756258965,0.9927541613578796,0.2614039480686188,0.0000000000000000,0.0000000000000000,0.0000000000000000,1.0000000000000000
M 1.0000000000000000,0.0000000000000000,0.0000000000000000,0.0000000000000000,0.0000000000000000,0.9914411306381226,0.1305546015501022,0.1128262430429459,-0.0000000000000000,-0.1305546015501022,0.9914411306381226,0.2835164368152618,0.0000000000000000,0.0000000000000000,0.0000000000000000,1.0000000000000000
M 1.0000000000000000,0.0000000000000000,0.0000000000000000,0.0000000000000000,0.0000000000000000,0.9899604916572571,0.1413440406322479,0.1238663271069527,-0.0000000000000000,-0.1413440406322479,0.9899604916572571,0.3063912689685822,0.0000000000000000,0.0000000000000000,0.0000000000000000,1.0000000000000000
M 1.0000000000000000,0.0000000000000000,0.0000000000000000,0.0000000000000000,0.0000000000000000,0.9882994294166565,0.1525262445211411,0.1355890035629272,-0.0000000000000000,-0.1525262445211411,0.9882994294166565,0.3300078809261322,0.0000000000000000,0.0000000000000000,0.0000000000000000,1.0000000000000000
M 1.0000000000000000,0.0000000000000000,0.0000000000000000,0.0000000000000000,0.0000000000000000,0.9864444732666016,0.1640953868627548,0.1480199098587036,-0.0000000000000000,-0.1640953868627548,0.9864444732666016,0.3543436825275421,0.0000000000000000,0.0000000000000000,0.0000000000000000,1.0000000000000000
M 1.0000000000000000,0.0000000000000000,0.0000000000000000,0.0000000000000000,0.0000000000000000,0.9843820929527283,0.1760449707508087,0.1611846387386322,-0.0000000000000000,-0.1760449707508087,0.9843820929527283,0.3793745338916779,0.0000000000000000,0.0000000000000000,0.0000000000000000,1.0000000000000000
M 1.0000000000000000,0.0000000000000000,0.0000000000000000,0.0000000000000000,0.0000000000000000,0.9820984005928040,0.1883684992790222,0.1751090437173843,-0.0000000000000000,-0.1883684992790222,0.9820984005928040,0.4050759077072144,0.0000000000000000,0.0000000000000000,0.0000000000000000,1.0000000000000000
M 1.0000000000000000,0.0000000000000000,0.0000000000000000,0.0000000000000000,0.0000000000000000,0.9795790910720825,0.2010590285062790,0.1898200958967209,-0.0000000000000000,-0.2010590285062790,0.9795790910720825,0.4314222931861877,0.0000000000000000,0.0000000000000000,0.0000000000000000,1.0000000000000000
M 1.0000000000000000,0.0000000000000000,0.0000000000000000,0.0000000000000000,0.0000000000000000,0.9768097400665283,0.2141090333461761,0.2053443044424057,-0.0000000000000000,-0.2141090333461761,0.9768097400665283,0.4583864808082581,0.0000000000000000,0.0000000000000000,0.0000000000000000,1.0000000000000000
M 1.0000000000000000,0.0000000000000000,0.0000000000000000,0.0000000000000000,0.0000000000000000,0.9737756252288818,0.2275102883577347,0.2217084467411041,-0.0000000000000000,-0.2275102883577347,0.9737756252288818,0.4859397411346436,0.0000000000000000,0.0000000000000000,0.0000000000000000,1.0000000000000000
M 1.0000000000000000,0.0000000000000000,0.0000000000000000,0.0000000000000000,0.0000000000000000,0.9704617857933044,0.2412546575069427,0.2389398068189621,-0.0000000000000000,-0.2412546575069427,0.9704617857933044,0.5140532851219177,0.0000000000000000,0.0000000000000000,0.0000000000000000,1.0000000000000000
M 1.0000000000000000,0.0000000000000000,0.0000000000000000,0.0000000000000000,0.0000000000000000,0.9668531417846680,0.2553329467773438,0.2570651173591614,-0.0000000000000000,-0.2553329467773438,0.9668531417846680,0.5426956415176392,0.0000000000000000,0.0000000000000000,0.0000000000000000,1.0000000000000000
M 1.0000000000000000,0.0000000000000000,0.0000000000000000,0.0000000000000000,0.0000000000000000,0.9629343748092651,0.2697357535362244,0.2761120200157166,-0.0000000000000000,-0.2697357535362244,0.9629343748092651,0.5718353390693665,0.0000000000000000,0.0000000000000000,0.0000000000000000,1.0000000000000000
M 1.0000000000000000,0.0000000000000000,0.0000000000000000,0.0000000000000000,0.0000000000000000,0.9586900472640991,0.2844526469707489,0.2961068451404572,-0.0000000000000000,-0.2844526469707489,0.9586900472640991,0.6014378070831299,0.0000000000000000,0.0000000000000000,0.0000000000000000,1.0000000000000000
M 1.0000000000000000,0.0000000000000000,0.0000000000000000,0.0000000000000000,0.0000000000000000,0.9541047215461731,0.2994731664657593,0.3170766532421112,-0.0000000000000000,-0.2994731664657593,0.9541047215461731,0.6314688920974731,0.0000000000000000,0.0000000000000000,0.0000000000000000,1.0000000000000000
M 1.0000000000000000,0.0000000000000000,0.0000000000000000,0.0000000000000000,0.0000000000000000,0.9491625428199768,0.3147862255573273,0.3390482664108276,-0.0000000000000000,-0.3147862255573273,0.9491625428199768,0.6618925333023071,0.0000000000000000,0.0000000000000000,0.0000000000000000,1.0000000000000000
M 1.0000000000000000,0.0000000000000000,0.0000000000000000,0.0000000000000000,0.0000000000000000,0.9438481330871582,0.3303795456886292,0.3620474338531494,-0.0000000000000000,-0.3303795456886292,0.9438481330871582,0.6926705241203308,0.0000000000000000,0.0000000000000000,0.0000000000000000,1.0000000000000000
M 1.0000000000000000,0.0000000000000000,0.0000000000000000,0.0000000000000000,0.0000000000000000,0.9381456971168518,0.3462406396865845,0.3860997557640076,-0.0000000000000000,-0.3462406396865845,0.9381456971168518,0.7237636446952820,0.0000000000000000,0.0000000000000000,0.0000000000000000,1.0000000000000000
M 1.0000000000000000,0.0000000000000000,0.0000000000000000,0.0000000000000000,0.0000000000000000,0.9320395588874817,0.3623563945293427,0.4112308323383331,-0.0000000000000000,-0.3623563945293427,0.9320395588874817,0.7551317214965820,0.0000000000000000,0.0000000000000000,0.0000000000000000,1.0000000000000000
M 1.0000000000000000,0.0000000000000000,0.0000000000000000,0.0000000000000000,0.0000000000000000,0.9255142211914062,0.3787127733230591,0.4374651908874512,-0.0000000000000000,-0.3787127733230591,0.9255142211914062,0.7867323160171509,0.0000000000000000,0.0000000000000000,0.0000000000000000,1.0000000000000000
M 1.0000000000000000,0.0000000000000000,0.0000000000000000,0.0000000000000000,0.0000000000000000,0.9185541868209839,0.3952951133251190,0.4648263454437256,-0.0000000000000000,-0.3952951133251190,0.9185541868209839,0.8185218572616577,0.0000000000000000,0.0000000000000000,0.0000000000000000,1.0000000000000000
M 1.0000000000000000,0.0000000000000000,0.0000000000000000,0.0000000000000000,0.0000000000000000,0.9111439585685730,0.4120881855487823,0.4933379590511322,-0.0000000000000000,-0.4120881855487823,0.9111439585685730,0.8504554033279419,0.0000000000000000,0.0000000000000000,0.0000000000000000,1.0000000000000000
M 1.0000000000000000,0.0000000000000000,0.0000000000000000,0.0000000000000000,0.0000000000000000,0.9032684564590454,0.4290759265422821,0.5230215787887573,-0.0000000000000000,-0.4290759265422821,0.9032684564590454,0.8824864029884338,0.0000000000000000,0.0000000000000000,0.0000000000000000,1.0000000000000000
M 1.0000000000000000,0.0000000000000000,0.0000000000000000,0.0000000000000000,0.0000000000000000,0.8949126005172729,0.4462414383888245,0.5538988709449768,-0.0000000000000000,-0.4462414383888245,0.8949126005172729,0.9145666360855103,0.0000000000000000,0.0000000000000000,0.0000000000000000,1.0000000000000000
M 1.0000000000000000,0.0000000000000000,0.0000000000000000,0.0000000000000000,0.0000000000000000,0.8860617876052856,0.4635671973228455,0.5859895944595337,-0.0000000000000000,-0.4635671973228455,0.8860617876052856,0.9466465711593628,0.0000000000000000,0.0000000000000000,0.0000000000000000,1.0000000000000000
M 1.0000000000000000,0.0000000000000000,0.0000000000000000,0.0000000000000000,0.0000000000000000,0.8767013549804688,0.4810350537300110,0.6193130016326904,-0.0000000000000000,-0.4810350537300110,0.8767013549804688,0.9786756038665771,0.0000000000000000,0.0000000000000000,0.0000000000000000,1.0000000000000000
M 1.0000000000000000,0.0000000000000000,0.0000000000000000,0.0000000000000000,0.0000000000000000,0.8668173551559448,0.4986257851123810,0.6538864374160767,-0.0000000000000000,-0.4986257851123810,0.8668173551559448,1.0106008052825928,0.0000000000000000,0.0000000000000000,0.0000000000000000,1.0000000000000000
M 1.0000000000000000,0.0000000000000000,0.0000000000000000,0.0000000000000000,0.0000000000000000,0.8563961982727051,0.5163192749023438,0.6897256374359131,-0.0000000000000000,-0.5163192749023438,0.8563961982727051,1.0423681735992432,0.0000000000000000,0.0000000000000000,0.0000000000000000,1.0000000000000000
M 1.0000000000000000,0.0000000000000000,0.0000000000000000,0.0000000000000000,0.0000000000000000,0.8454242348670959,0.5340952873229980,0.7268462181091309,-0.0000000000000000,-0.5340952873229980,0.8454242348670959,1.0739226341247559,0.0000000000000000,0.0000000000000000,0.0000000000000000,1.0000000000000000
M 1.0000000000000000,0.0000000000000000,0.0000000000000000,0.0000000000000000,0.0000000000000000,0.8338890075683594,0.5519321560859680,0.7652602195739746,-0.0000000000000000,-0.5519321560859680,0.8338890075683594,1.1052072048187256,0.0000000000000000,0.0000000000000000,0.0000000000000000,1.0000000000000000
M 1.0000000000000000,0.0000000000000000,0.0000000000000000,0.0000000000000000,0.0000000000000000,0.8217778801918030,0.5698078870773315,0.8049799203872681,-0.0000000000000000,-0.5698078870773315,0.8217778801918030,1.1361641883850098,0.0000000000000000,0.0000000000000000,0.0000000000000000,1.0000000000000000
M 1.0000000000000000,0.0000000000000000,0.0000000000000000,0.0000000000000000,0.0000000000000000,0.8090793490409851,0.5876994132995605,0.8460143804550171,-0.0000000000000000,-0.5876994132995605,0.8090793490409851,1.1667338609695435,0.0000000000000000,0.0000000000000000,0.0000000000000000,1.0000000000000000
M 1.0000000000000000,0.0000000000000000,0.0000000000000000,0.0000000000000000,0.0000000000000000,0.7957822680473328,0.6055827736854553,0.8883708715438843,-0.0000000000000000,-0.6055827736854553,0.7957822680473328,1.1968553066253662,0.0000000000000000,0.0000000000000000,0.0000000000000000,1.0000000000000000
M 1.0000000000000000,0.0000000000000000,0.0000000000000000,0.0000000000000000,0.0000000000000000,0.7818760871887207,0.6234338283538818,0.9320557117462158,-0.0000000000000000,-0.6234338283538818,0.7818760871887207,1.2264672517776489,0.0000000000000000,0.0000000000000000,0.0000000000000000,1.0000000000000000
M 1.0000000000000000,0.0000000000000000,0.0000000000000000,0.0000000000000000,0.0000000000000000,0.7673512101173401,0.6412270069122314,0.9770715832710266,-0.0000000000000000,-0.6412270069122314,0.7673512101173401,1.2555061578750610,0.0000000000000000,0.0000000000000000,0.0000000000000000,1.0000000000000000
M 1.0000000000000000,0.0000000000000000,0.0000000000000000,0.0000000000000000,0.0000000000000000,0.7521986961364746,0.6589363217353821,1.0234198570251465,-0.0000000000000000,-0.6589363217353821,0.7521986961364746,1.2839078903198242,0.0000000000000000,0.0000000000000000,0.0000000000000000,1.0000000000000000
M 1.0000000000000000,0.0000000000000000,0.0000000000000000,0.0000000000000000,0.0000000000000000,0.7364102005958557,0.6765352487564087,1.0710998773574829,-0.0000000000000000,-0.6765352487564087,0.7364102005958557,1.3116074800491333,0.0000000000000000,0.0000000000000000,0.0000000000000000,1.0000000000000000
M 1.0000000000000000,0.0000000000000000,0.0000000000000000,0.0000000000000000,0.0000000000000000,0.7199788093566895,0.6939960718154907,1.1201069355010986,-0.0000000000000000,-0.6939960718154907,0.7199788093566895,1.3385386466979980,0.0000000000000000,0.0000000000000000,0.0000000000000000,1.0000000000000000
M 1.0000000000000000,0.0000000000000000,0.0000000000000000,0.0000000000000000,0.0000000000000000,0.7028979063034058,0.7112907767295837,1.1704359054565430,-0.0000000000000000,-0.7112907767295837,0.7028979063034058,1.3646342754364014,0.0000000000000000,0.0000000000000000,0.0000000000000000,1.0000000000000000
M 1.0000000000000000,0.0000000000000000,0.0000000000000000,0.0000000000000000,0.0000000000000000,0.6851621866226196,0.7283905148506165,1.2220773696899414,-0.0000000000000000,-0.7283905148506165,0.6851621866226196,1.3898267745971680,0.0000000000000000,0.0000000000000000,0.0000000000000000,1.0000000000000000
M 1.0000000000000000,0.0000000000000000,0.0000000000000000,0.0000000000000000,0.0000000000000000,0.6667674779891968,0.7452658414840698,1.2750198841094971,-0.0000000000000000,-0.7452658414840698,0.6667674779891968,1.4140475988388062,0.0000000000000000,0.0000000000000000,0.0000000000000000,1.0000000000000000
M 1.0000000000000000,0.0000000000000000,0.0000000000000000,0.0000000000000000,0.0000000000000000,0.6477103233337402,0.7618867754936218,1.3292491436004639,-0.0000000000000000,-0.7618867754936218,0.6477103233337402,1.4372279644012451,0.0000000000000000,0.0000000000000000,0.0000000000000000,1.0000000000000000
M 1.0000000000000000,0.0000000000000000,0.0000000000000000,0.0000000000000000,0.0000000000000000,0.6279886960983276,0.7782225012779236,1.3847477436065674,-0.0000000000000000,-0.7782225012779236,0.6279886960983276,1.4592978954315186,0.0000000000000000,0.0000000000000000,0.0000000000000000,1.0000000000000000
M 1.0000000000000000,0.0000000000000000,0.0000000000000000,0.0000000000000000,0.0000000000000000,0.6076017022132874,0.7942419052124023,1.4414954185485840,-0.0000000000000000,-0.7942419052124023,0.6076017022132874,1.4801877737045288,0.0000000000000000,0.0000000000000000,0.0000000000000000,1.0000000000000000
M 1.0000000000000000,0.0000000000000000,0.0000000000000000,0.0000000000000000,0.0000000000000000,0.5865495800971985,0.8099133372306824,1.4994685649871826,-0.0000000000000000,-0.8099133372306824,0.5865495800971985,1.4998276233673096,0.0000000000000000,0.0000000000000000,0.0000000000000000,1.0000000000000000
M 1.0000000000000000,0.0000000000000000,0.0000000000000000,0.0000000000000000,0.0000000000000000,0.5648339390754700,0.8252046108245850,1.5586407184600830,-0.0000000000000000,-0.8252046108245850,0.5648339390754700,1.5181469917297363,0.0000000000000000,0.0000000000000000,0.0000000000000000,1.0000000000000000
M 1.0000000000000000,0.0000000000000000,0.0000000000000000,0.0000000000000000,0.0000000000000000,0.5424577593803406,0.8400830626487732,1.6189818382263184,-0.0000000000000000,-0.8400830626487732,0.5424577593803406,1.5350756645202637,0.0000000000000000,0.0000000000000000,0.0000000000000000,1.0000000000000000
M 1.0000000000000000,0.0000000000000000,0.0000000000000000,0.0000000000000000,0.0000000000000000,0.5194249749183655,0.8545160889625549,1.6804594993591309,-0.0000000000000000,-0.8545160889625549,0.5194249749183655,1.5505441427230835,0.0000000000000000,0.0000000000000000,0.0000000000000000,1.0000000000000000
M 1.0000000000000000,0.0000000000000000,0.0000000000000000,0.0000000000000000,0.0000000000000000,0.4957414865493774,0.8684701323509216,1.7430367469787598,-0.0000000000000000,-0.8684701323509216,0.4957414865493774,1.5644822120666504,0.0000000000000000,0.0000000000000000,0.0000000000000000,1.0000000000000000
M 1.0000000000000000,0.0000000000000000,0.0000000000000000,0.0000000000000000,0.0000000000000000,0.4714144468307495,0.8819117546081543,1.8066735267639160,-0.0000000000000000,-0.8819117546081543,0.4714144468307495,1.5768207311630249,0.0000000000000000,0.0000000000000000,0.0000000000000000,1.0000000000000000
M 1.0000000000000000,0.0000000000000000,0.0000000000000000,0.0000000000000000,0.0000000000000000,0.4464524090290070,0.8948073387145996,1.8713266849517822,-0.0000000000000000,-0.8948073387145996,0.4464524090290070,1.5874913930892944,0.0000000000000000,0.0000000000000000,0.0000000000000000,1.0000000000000000
M 1.0000000000000000,0.0000000000000000,0.0000000000000000,0.0000000000000000,0.0000000000000000,0.4208657145500183,0.9071229100227356,1.9369490146636963,-0.0000000000000000,-0.9071229100227356,0.4208657145500183,1.5964261293411255,0.0000000000000000,0.0000000000000000,0.0000000000000000,1.0000000000000000
M 1.0000000000000000,0.0000000000000000,0.0000000000000000,0.0000000000000000,0.0000000000000000,0.3946657776832581,0.9188247919082642,2.0034909248352051,-0.0000000000000000,-0.9188247919082642,0.3946657776832581,1.6035581827163696,0.0000000000000000,0.0000000000000000,0.0000000000000000,1.0000000000000000
M 1.0000000000000000,0.0000000000000000,0.0000000000000000,0.0000000000000000,0.0000000000000000,0.3678659498691559,0.9298788905143738,2.0708980560302734,-0.0000000000000000,-0.9298788905143738,0.3678659498691559,1.6088221073150635,0.0000000000000000,0.0000000000000000,0.0000000000000000,1.0000000000000000
M 1.0000000000000000,0.0000000000000000,0.0000000000000000,0.0000000000000000,0.0000000000000000,0.3404815495014191,0.9402512311935425,2.1391124725341797,-0.0000000000000000,-0.9402512311935425,0.3404815495014191,1.6121532917022705,0.0000000000000000,0.0000000000000000,0.0000000000000000,1.0000000000000000
M 1.0000000000000000,0.0000000000000000,0.0000000000000000,0.0000000000000000,0.0000000000000000,0.3125288784503937,0.9499082565307617,2.2080731391906738,-0.0000000000000000,-0.9499082565307617,0.3125288784503937,1.6134889125823975,0.0000000000000000,0.0000000000000000,0.0000000000000000,1.0000000000000000
M 1.0000000000000000,0.0000000000000000,0.0000000000000000,0.0000000000000000,0.0000000000000000,0.2840262055397034,0.9588165283203125,2.2777163982391357,-0.0000000000000000,-0.9588165283203125,0.2840262055397034,1.6127678155899048,0.0000000000000000,0.0000000000000000,0.0000000000000000,1.0000000000000000
M 1.0000000000000000,0.0000000000000000,0.0000000000000000,0.0000000000000000,0.0000000000000000,0.2549937963485718,0.9669427275657654,2.3479728698730469,-0.0000000000000000,-0.9669427275657654,0.2549937963485718,1.6099306344985962,0.0000000000000000,0.0000000000000000,0.0000000000000000,1.0000000000000000
M 1.0000000000000000,0.0000000000000000,0.0000000000000000,0.0000000000000000,0.0000000000000000,0.2254531979560852,0.9742540121078491,2.4187710285186768,-0.0000000000000000,-0.9742540121078491,0.2254531979560852,1.6049203872680664,0.0000000000000000,0.0000000000000000,0.0000000000000000,1.0000000000000000
M 1.0000000000000000,0.0000000000000000,0.0000000000000000,0.0000000000000000,0.0000000000000000,0.1954278796911240,0.9807180762290955,2.4900357723236084,-0.0000000000000000,-0.9807180762290955,0.1954278796911240,1.5976817607879639,0.0000000000000000,0.0000000000000000,0.0000000000000000,1.0000000000000000
M 1.0000000000000000,0.0000000000000000,0.0000000000000000,0.0000000000000000,0.0000000000000000,0.1649432778358459,0.9863030910491943,2.5616877079010010,-0.0000000000000000,-0.9863030910491943,0.1649432778358459,1.5881626605987549,0.0000000000000000,0.0000000000000000,0.0000000000000000,1.0000000000000000
M 1.0000000000000000,0.0000000000000000,0.0000000000000000,0.0000000000000000,0.0000000000000000,0.1340258866548538,0.9909778237342834,2.6336455345153809,-0.0000000000000000,-0.9909778237342834,0.1340258866548538,1.5763130187988281,0.0000000000000000,0.0000000000000000,0.0000000000000000,1.0000000000000000
M 1.0000000000000000,0.0000000000000000,0.0000000000000000,0.0000000000000000,0.0000000000000000,0.1027048975229263,0.9947118759155273,2.7058229446411133,-0.0000000000000000,-0.9947118759155273,0.1027048975229263,1.5620858669281006,0.0000000000000000,0.0000000000000000,0.0000000000000000,1.0000000000000000
M 1.0000000000000000,0.0000000000000000,0.0000000000000000,0.0000000000000000,0.0000000000000000,0.0710106492042542,0.9974755644798279,2.7781310081481934,-0.0000000000000000,-0.9974755644798279,0.0710106492042542,1.5454374551773071,0.0000000000000000,0.0000000000000000,0.0000000000000000,1.0000000000000000
M 1.0000000000000000,0.0000000000000000,0.0000000000000000,0.0000000000000000,0.0000000000000000,0.0389751978218555,0.9992401599884033,2.8504779338836670,-0.0000000000000000,-0.9992401599884033,0.0389751978218555,1.5263272523880005,0.0000000000000000,0.0000000000000000,0.0000000000000000,1.0000000000000000
M 1.0000000000000000,0.0000000000000000,0.0000000000000000,0.0000000000000000,0.0000000000000000,0.0066326372325420,0.9999780058860779,2.9227683544158936,-0.0000000000000000,-0.9999780058860779,0.0066326372325420,1.5047180652618408,0.0000000000000000,0.0000000000000000,0.0000000000000000,1.0000000000000000
M 1.0000000000000000,0.0000000000000000,0.0000000000000000,0.0000000000000000,0.0000000000000000,-0.0259816609323025,0.9996623992919922,2.9949045181274414,-0.0000000000000000,-0.9996623992919922,-0.0259816609323025,1.4805762767791748,0.0000000000000000,0.0000000000000000,0.0000000000000000,1.0000000000000000
M 1.0000000000000000,0.0000000000000000,0.0000000000000000,0.0000000000000000,0.0000000000000000,-0.0588300973176956,0.9982680082321167,3.0667846202850342,-0.0000000000000000,-0.9982680082321167,-0.0588300973176956,1.4538727998733521,0.0000000000000000,0.0000000000000000,0.0000000000000000,1.0000000000000000
M 1.0000000000000000,0.0000000000000000,0.0000000000000000,0.0000000000000000,0.0000000000000000,-0.0918735116720200,0.9957706928253174,3.1383047103881836,-0.0000000000000000,-0.9957706928253174,-0.0918735116720200,1.4245820045471191,0.0000000000000000,0.0000000000000000,0.0000000000000000,1.0000000000000000
M 1.0000000000000000,0.0000000000000000,0.0000000000000000,0.0000000000000000,0.0000000000000000,-0.1250720173120499,0.9921476244926453,3.2093598842620850,-0.0000000000000000,-0.9921476244926453,-0.1250720173120499,1.3926818370819092,0.0000000000000000,0.0000000000000000,0.0000000000000000,1.0000000000000000
M 1.0000000000000000,0.0000000000000000,0.0000000000000000,0.0000000000000000,0.0000000000000000,-0.1583829075098038,0.9873777627944946,3.2798399925231934,-0.0000000000000000,-0.9873777627944946,-0.1583829075098038,1.3581564426422119,0.0000000000000000,0.0000000000000000,0.0000000000000000,1.0000000000000000
M 1.0000000000000000,0.0000000000000000,0.0000000000000000,0.0000000000000000,0.0000000000000000,-0.1917623281478882,0.9814413785934448,3.3496339321136475,-0.0000000000000000,-0.9814413785934448,-0.1917623281478882,1.3209935426712036,0.0000000000000000,0.0000000000000000,0.0000000000000000,1.0000000000000000
M 1.0000000000000000,0.0000000000000000,0.0000000000000000,0.0000000000000000,0.0000000000000000,-0.2251656353473663,0.9743204712867737,3.4186294078826904,-0.0000000000000000,-0.9743204712867737,-0.2251656353473663,1.2811853885650635,0.0000000000000000,0.0000000000000000,0.0000000000000000,1.0000000000000000
M 1.0000000000000000,0.0000000000000000,0.0000000000000000,0.0000000000000000,0.0000000000000000,-0.2585459351539612,0.9659989476203918,3.4867107868194580,-0.0000000000000000,-0.9659989476203918,-0.2585459351539612,1.2387299537658691,0.0000000000000000,0.0000000000000000,0.0000000000000000,1.0000000000000000
M 1.0000000000000000,0.0000000000000000,0.0000000000000000,0.0000000000000000,0.0000000000000000,-0.2918551266193390,0.9564625024795532,3.5537612438201904,-0.0000000000000000,-0.9564625024795532,-0.2918551266193390,1.1936299800872803,0.0000000000000000,0.0000000000000000,0.0000000000000000,1.0000000000000000
M 1.0000000000000000,0.0000000000000000,0.0000000000000000,0.0000000000000000,0.0000000000000000,-0.3250441849231720,0.9456987977027893,3.6196630001068115,-0.0000000000000000,-0.9456987977027893,-0.3250441849231720,1.1458934545516968,0.0000000000000000,0.0000000000000000,0.0000000000000000,1.0000000000000000
M 1.0000000000000000,0.0000000000000000,0.0000000000000000,0.0000000000000000,0.0000000000000000,-0.3580626547336578,0.9336975216865540,3.6842968463897705,-0.0000000000000000,-0.9336975216865540,-0.3580626547336578,1.0955336093902588,0.0000000000000000,0.0000000000000000,0.0000000000000000,1.0000000000000000
M 1.0000000000000000,0.0000000000000000,0.0000000000000000,0.0000000000000000,0.0000000000000000,-0.3908585011959076,0.9204507470130920,3.7475414276123047,-0.0000000000000000,-0.9204507470130920,-0.3908585011959076,1.0425703525543213,0.0000000000000000,0.0000000000000000,0.0000000000000000,1.0000000000000000
M 1.0000000000000000,0.0000000000000000,0.0000000000000000,0.0000000000000000,0.0000000000000000,-0.4233793914318085,0.9059525132179260,3.8092765808105469,-0.0000000000000000,-0.9059525132179260,-0.4233793914318085,0.9870278239250183,0.0000000000000000,0.0000000000000000,0.0000000000000000,1.0000000000000000
M 1.0000000000000000,0.0000000000000000,0.0000000000000000,0.0000000000000000,0.0000000000000000,-0.4555720388889313,0.8901989459991455,3.8693809509277344,-0.0000000000000000,-0.8901989459991455,-0.4555720388889313,0.9289361238479614,0.0000000000000000,0.0000000000000000,0.0000000000000000,1.0000000000000000
M 1.0000000000000000,0.0000000000000000,0.0000000000000000,0.0000000000000000,0.0000000000000000,-0.4873811900615692,0.8731893301010132,3.9277319908142090,-0.0000000000000000,-0.8731893301010132,-0.4873811900615692,0.8683332204818726,0.0000000000000000,0.0000000000000000,0.0000000000000000,1.0000000000000000
M 1.0000000000000000,0.0000000000000000,0.0000000000000000,0.0000000000000000,0.0000000000000000,-0.5187521576881409,0.8549246788024902,3.9842088222503662,-0.0000000000000000,-0.8549246788024902,-0.5187521576881409,0.8052606582641602,0.0000000000000000,0.0000000000000000,0.0000000000000000,1.0000000000000000
M 1.0000000000000000,0.0000000000000000,0.0000000000000000,0.0000000000000000,0.0000000000000000,-0.5496292114257812,0.8354086875915527,4.0386900901794434,-0.0000000000000000,-0.8354086875915527,-0.5496292114257812,0.7397667169570923,0.0000000000000000,0.0000000000000000,0.0000000000000000,1.0000000000000000
M 1.0000000000000000,0.0000000000000000,0.0000000000000000,0.0000000000000000,0.0000000000000000,-0.5799555778503418,0.8146480917930603,4.0910549163818359,-0.0000000000000000,-0.8146480917930603,-0.5799555778503418,0.6719070672988892,0.0000000000000000,0.0000000000000000,0.0000000000000000,1.0000000000000000
M 1.0000000000000000,0.0000000000000000,0.0000000000000000,0.0000000000000000,0.0000000000000000,-0.6096742749214172,0.7926520109176636,4.1411838531494141,-0.0000000000000000,-0.7926520109176636,-0.6096742749214172,0.6017428636550903,0.0000000000000000,0.0000000000000000,0.0000000000000000,1.0000000000000000
M 1.0000000000000000,0.0000000000000000,0.0000000000000000,0.0000000000000000,0.0000000000000000,-0.6387290358543396,0.7694317102432251,4.1889591217041016,-0.0000000000000000,-0.7694317102432251,-0.6387290358543396,0.5293396711349487,0.0000000000000000,0.0000000000000000,0.0000000000000000,1.0000000000000000
M 1.0000000000000000,0.0000000000000000,0.0000000000000000,0.0000000000000000,0.0000000000000000,-0.6670614480972290,0.7450026273727417,4.2342634201049805,-0.0000000000000000,-0.7450026273727417,-0.6670614480972290,0.4547738134860992,0.0000000000000000,0.0000000000000000,0.0000000000000000,1.0000000000000000
M 1.0000000000000000,0.0000000000000000,0.0000000000000000,0.0000000000000000,0.0000000000000000,-0.6946151852607727,0.7193815112113953,4.2769832611083984,-0.0000000000000000,-0.7193815112113953,-0.6946151852607727,0.3781225681304932,0.0000000000000000,0.0000000000000000,0.0000000000000000,1.0000000000000000
M 1.0000000000000000,0.0000000000000000,0.0000000000000000,0.0000000000000000,0.0000000000000000,-0.7213329672813416,0.6925884485244751,4.3170056343078613,-0.0000000000000000,-0.6925884485244751,-0.7213329672813416,0.2994720339775085,0.0000000000000000,0.0000000000000000,0.0000000000000000,1.0000000000000000
M 1.0000000000000000,0.0000000000000000,0.0000000000000000,0.0000000000000000,0.0000000000000000,-0.7471573948860168,0.6646471619606018,4.3542208671569824,-0.0000000000000000,-0.6646471619606018,-0.7471573948860168,0.2189160585403442,0.0000000000000000,0.0000000000000000,0.0000000000000000,1.0000000000000000
M 1.0000000000000000,0.0000000000000000,0.0000000000000000,0.0000000000000000,0.0000000000000000,-0.7720322608947754,0.6355834007263184,4.3885221481323242,-0.0000000000000000,-0.6355834007263184,-0.7720322608947754,0.1365519762039185,0.0000000000000000,0.0000000000000000,0.0000000000000000,1.0000000000000000
M 1.0000000000000000,0.0000000000000000,0.0000000000000000,0.0000000000000000,0.0000000000000000,-0.7959017753601074,0.6054257750511169,4.4198069572448730,-0.0000000000000000,-0.6054257750511169,-0.7959017753601074,0.0524835586547852,0.0000000000000000,0.0000000000000000,0.0000000000000000,1.0000000000000000
M 1.0000000000000000,0.0000000000000000,0.0000000000000000,0.0000000000000000,0.0000000000000000,-0.8187103867530823,0.5742067098617554,4.4479746818542480,-0.0000000000000000,-0.5742067098617554,-0.8187103867530823,-0.0331773757934570,0.0000000000000000,0.0000000000000000,0.0000000000000000,1.0000000000000000
M 1.0000000000000000,0.0000000000000000,0.0000000000000000,0.0000000000000000,0.0000000000000000,-0.8404037952423096,0.5419608354568481,4.4729304313659668,-0.0000000000000000,-0.5419608354568481,-0.8404037952423096,-0.1203151345252991,0.0000000000000000,0.0000000000000000,0.0000000000000000,1.0000000000000000
M 1.0000000000000000,0.0000000000000000,0.0000000000000000,0.0000000000000000,0.0000000000000000,-0.8609290122985840,0.5087251067161560,4.4945826530456543,-0.0000000000000000,-0.5087251067161560,-0.8609290122985840,-0.2088094353675842,0.0000000000000000,0.0000000000000000,0.0000000000000000,1.0000000000000000
M 1.0000000000000000,0.0000000000000000,0.0000000000000000,0.0000000000000000,0.0000000000000000,-0.8802332878112793,0.4745412170886993,4.5128440856933594,-0.0000000000000000,-0.4745412170886993,-0.8802332878112793,-0.2985297441482544,0.0000000000000000,0.0000000000000000,0.0000000000000000,1.0000000000000000
M 1.0000000000000000,0.0000000000000000,0.0000000000000000,0.0000000000000000,0.0000000000000000,-0.8982659578323364,0.4394522309303284,4.5276336669921875,-0.0000000000000000,-0.4394522309303284,-0.8982659578323364,-0.3893444538116455,0.0000000000000000,0.0000000000000000,0.0000000000000000,1.0000000000000000
M 1.0000000000000000,0.0000000000000000,0.0000000000000000,0.0000000000000000,0.0000000000000000,-0.9149776697158813,0.4035044312477112,4.5388755798339844,-0.0000000000000000,-0.4035044312477112,-0.9149776697158813,-0.4811151623725891,0.0000000000000000,0.0000000000000000,0.0000000000000000,1.0000000000000000
M 1.0000000000000000,0.0000000000000000,0.0000000000000000,0.0000000000000000,0.0000000000000000,-0.9303209185600281,0.3667465150356293,4.5464987754821777,-0.0000000000000000,-0.3667465150356293,-0.9303209185600281,-0.5736997127532959,0.0000000000000000,0.0000000000000000,0.0000000000000000,1.0000000000000000
M 1.0000000000000000,0.0000000000000000,0.0000000000000000,0.0000000000000000,0.0000000000000000,-0.9442493915557861,0.3292311429977417,4.5504384040832520,-0.0000000000000000,-0.3292311429977417,-0.9442493915557861,-0.6669480204582214,0.0000000000000000,0.0000000000000000,0.0000000000000000,1.0000000000000000
M 1.0000000000000000,0.0000000000000000,0.0000000000000000,0.0000000000000000,0.0000000000000000,-0.9567192196846008,0.2910126745700836,4.5506358146667480,-0.0000000000000000,-0.2910126745700836,-0.9567192196846008,-0.7607079148292542,0.0000000000000000,0.0000000000000000,0.0000000000000000,1.0000000000000000
M 1.0000000000000000,0.0000000000000000,0.0000000000000000,0.0000000000000000,0.0000000000000000,-0.9676887989044189,0.2521476149559021,4.5470404624938965,-0.0000000000000000,-0.2521476149559021,-0.9676887989044189,-0.8548241853713989,0.0000000000000000,0.0000000000000000,0.0000000000000000,1.0000000000000000
M 1.0000000000000000,0.0000000000000000,0.0000000000000000,0.0000000000000000,0.0000000000000000,-0.9771183133125305,0.2126966863870621,4.5396070480346680,-0.0000000000000000,-0.2126966863870621,-0.9771183133125305,-0.9491333961486816,0.0000000000000000,0.0000000000000000,0.0000000000000000,1.0000000000000000
M 1.0000000000000000,0.0000000000000000,0.0000000000000000,0.0000000000000000,0.0000000000000000,-0.9849706888198853,0.1727216392755508,4.5282974243164062,-0.0000000000000000,-0.1727216392755508,-0.9849706888198853,-1.0434720516204834,0.0000000000000000,0.0000000000000000,0.0000000000000000,1.0000000000000000
M 1.0000000000000000,0.0000000000000000,0.0000000000000000,0.0000000000000000,0.0000000000000000,-0.9912115335464478,0.1322864741086960,4.5130815505981445,-0.0000000000000000,-0.1322864741086960,-0.9912115335464478,-1.1376731395721436,0.0000000000000000,0.0000000000000000,0.0000000000000000,1.0000000000000000
M 1.0000000000000000,0.0000000000000000,0.0000000000000000,0.0000000000000000,0.0000000000000000,-0.9958088994026184,0.0914587974548340,4.4939370155334473,-0.0000000000000000,-0.0914587974548340,-0.9958088994026184,-1.2315639257431030,0.0000000000000000,0.0000000000000000,0.0000000000000000,1.0000000000000000
