O INDEPENDENT_BRAKE_1_CG_hb10_LABEL_Hand^Brake
A INDEPENDENT_BRAKE_1_CG_hb10_LABEL_Hand^Brake_INDEPENDENT_BRAKE_1_CG_hb10_LABEL_Hand^Brake
M 1.0000000000000000,0.0000000000000000,0.0000000000000000,0.0000000000000000,0.0000000000000000,1.0000000000000000,-0.0000000437113883,-0.0000000542641168,-0.0000000000000000,0.0000000437113883,1.0000000000000000,-0.0000000113029728,0.0000000000000000,0.0000000000000000,0.0000000000000000,1.0000000000000000
M 1.0000000000000000,0.0000000000000000,0.0000000000000000,0.0000000000000000,0.0000000000000000,1.0000000000000000,-0.0002364357351325,0.0001698525011307,-0.0000000000000000,0.0002364357351325,1.0000000000000000,-0.0005245060892776,0.0000000000000000,0.0000000000000000,0.0000000000000000,1.0000000000000000
M 1.0000000000000000,0.0000000000000000,0.0000000000000000,0.0000000000000000,0.0000000000000000,0.9999995827674866,-0.0009440619614907,0.0006794125074521,-0.0000000000000000,0.0009440619614907,0.9999995827674866,-0.0020942536648363,0.0000000000000000,0.0000000000000000,0.0000000000000000,1.0000000000000000
M 1.0000000000000000,0.0000000000000000,0.0000000000000000,0.0000000000000000,0.0000000000000000,0.9999977350234985,-0.0021205369848758,0.0015290570445359,-0.0000000000000000,0.0021205369848758,0.9999977350234985,-0.0047032465226948,0.0000000000000000,0.0000000000000000,0.0000000000000000,1.0000000000000000
M 1.0000000000000000,0.0000000000000000,0.0000000000000000,0.0000000000000000,0.0000000000000000,0.9999929070472717,-0.0037635914050043,0.0027207313105464,-0.0000000000000000,0.0037635914050043,0.9999929070472717,-0.0083452565595508,0.0000000000000000,0.0000000000000000,0.0000000000000000,1.0000000000000000
M 1.0000000000000000,0.0000000000000000,0.0000000000000000,0.0000000000000000,0.0000000000000000,0.9999827742576599,-0.0058705904521048,0.0042575481347740,-0.0000000000000000,0.0058705904521048,0.9999827742576599,-0.0130128888413310,0.0000000000000000,0.0000000000000000,0.0000000000000000,1.0000000000000000
M 1.0000000000000000,0.0000000000000000,0.0000000000000000,0.0000000000000000,0.0000000000000000,0.9999644160270691,-0.0084393648430705,0.0061446242034435,-0.0000000000000000,0.0084393648430705,0.9999644160270691,-0.0186991840600967,0.0000000000000000,0.0000000000000000,0.0000000000000000,1.0000000000000000
M 1.0000000000000000,0.0000000000000000,0.0000000000000000,0.0000000000000000,0.0000000000000000,0.9999342560768127,-0.0114674875512719,0.0083880834281445,-0.0000000000000000,0.0114674875512719,0.9999342560768127,-0.0253961365669966,0.0000000000000000,0.0000000000000000,0.0000000000000000,1.0000000000000000
M 1.0000000000000000,0.0000000000000000,0.0000000000000000,0.0000000000000000,0.0000000000000000,0.9998881816864014,-0.0149522656574845,0.0109950490295887,-0.0000000000000000,0.0149522656574845,0.9998881816864014,-0.0330949053168297,0.0000000000000000,0.0000000000000000,0.0000000000000000,1.0000000000000000
M 1.0000000000000000,0.0000000000000000,0.0000000000000000,0.0000000000000000,0.0000000000000000,0.9998215436935425,-0.0188914462924004,0.0139741543680429,-0.0000000000000000,0.0188914462924004,0.9998215436935425,-0.0417870432138443,0.0000000000000000,0.0000000000000000,0.0000000000000000,1.0000000000000000
M 1.0000000000000000,0.0000000000000000,0.0000000000000000,0.0000000000000000,0.0000000000000000,0.9997289180755615,-0.0232824943959713,0.0173357371240854,-0.0000000000000000,0.0232824943959713,0.9997289180755615,-0.0514631010591984,0.0000000000000000,0.0000000000000000,0.0000000000000000,1.0000000000000000
M 1.0000000000000000,0.0000000000000000,0.0000000000000000,0.0000000000000000,0.0000000000000000,0.9996044635772705,-0.0281226951628923,0.0210907198488712,-0.0000000000000000,0.0281226951628923,0.9996044635772705,-0.0621128305792809,0.0000000000000000,0.0000000000000000,0.0000000000000000,1.0000000000000000
M 1.0000000000000000,0.0000000000000000,0.0000000000000000,0.0000000000000000,0.0000000000000000,0.9994417428970337,-0.0334096215665340,0.0252516642212868,-0.0000000000000000,0.0334096215665340,0.9994417428970337,-0.0737262517213821,0.0000000000000000,0.0000000000000000,0.0000000000000000,1.0000000000000000
M 1.0000000000000000,0.0000000000000000,0.0000000000000000,0.0000000000000000,0.0000000000000000,0.9992337226867676,-0.0391402803361416,0.0298321545124054,-0.0000000000000000,0.0391402803361416,0.9992337226867676,-0.0862916633486748,0.0000000000000000,0.0000000000000000,0.0000000000000000,1.0000000000000000
M 1.0000000000000000,0.0000000000000000,0.0000000000000000,0.0000000000000000,0.0000000000000000,0.9989728927612305,-0.0453120693564415,0.0348467677831650,-0.0000000000000000,0.0453120693564415,0.9989728927612305,-0.0997978076338768,0.0000000000000000,0.0000000000000000,0.0000000000000000,1.0000000000000000
M 1.0000000000000000,0.0000000000000000,0.0000000000000000,0.0000000000000000,0.0000000000000000,0.9986511468887329,-0.0519217774271965,0.0403115600347519,-0.0000000000000000,0.0519217774271965,0.9986511468887329,-0.1142318919301033,0.0000000000000000,0.0000000000000000,0.0000000000000000,1.0000000000000000
M 1.0000000000000000,0.0000000000000000,0.0000000000000000,0.0000000000000000,0.0000000000000000,0.9982599616050720,-0.0589664317667484,0.0462427474558353,-0.0000000000000000,0.0589664317667484,0.9982599616050720,-0.1295810639858246,0.0000000000000000,0.0000000000000000,0.0000000000000000,1.0000000000000000
M 1.0000000000000000,0.0000000000000000,0.0000000000000000,0.0000000000000000,0.0000000000000000,0.9977902173995972,-0.0664430186152458,0.0526586733758450,-0.0000000000000000,0.0664430186152458,0.9977902173995972,-0.1458320766687393,0.0000000000000000,0.0000000000000000,0.0000000000000000,1.0000000000000000
M 1.0000000000000000,0.0000000000000000,0.0000000000000000,0.0000000000000000,0.0000000000000000,0.9972323775291443,-0.0743476599454880,0.0595780052244663,-0.0000000000000000,0.0743476599454880,0.9972323775291443,-0.1629695445299149,0.0000000000000000,0.0000000000000000,0.0000000000000000,1.0000000000000000
M 1.0000000000000000,0.0000000000000000,0.0000000000000000,0.0000000000000000,0.0000000000000000,0.9965763688087463,-0.0826772227883339,0.0670204237103462,-0.0000000000000000,0.0826772227883339,0.9965763688087463,-0.1809792816638947,0.0000000000000000,0.0000000000000000,0.0000000000000000,1.0000000000000000
M 1.0000000000000000,0.0000000000000000,0.0000000000000000,0.0000000000000000,0.0000000000000000,0.9958117008209229,-0.0914277806878090,0.0750064700841904,-0.0000000000000000,0.0914277806878090,0.9958117008209229,-0.1998449712991714,0.0000000000000000,0.0000000000000000,0.0000000000000000,1.0000000000000000
M 1.0000000000000000,0.0000000000000000,0.0000000000000000,0.0000000000000000,0.0000000000000000,0.9949274659156799,-0.1005950719118118,0.0835574120283127,-0.0000000000000000,0.1005950719118118,0.9949274659156799,-0.2195493280887604,0.0000000000000000,0.0000000000000000,0.0000000000000000,1.0000000000000000
M 1.0000000000000000,0.0000000000000000,0.0000000000000000,0.0000000000000000,0.0000000000000000,0.9939122200012207,-0.1101750507950783,0.0926956012845039,-0.0000000000000000,0.1101750507950783,0.9939122200012207,-0.2400752305984497,0.0000000000000000,0.0000000000000000,0.0000000000000000,1.0000000000000000
M 1.0000000000000000,0.0000000000000000,0.0000000000000000,0.0000000000000000,0.0000000000000000,0.9927541613578796,-0.1201631650328636,0.1024439930915833,-0.0000000000000000,0.1201631650328636,0.9927541613578796,-0.2614039778709412,0.0000000000000000,0.0000000000000000,0.0000000000000000,1.0000000000000000
M 1.0000000000000000,0.0000000000000000,0.0000000000000000,0.0000000000000000,0.0000000000000000,0.9914411306381226,-0.1305546909570694,0.1128261387348175,-0.0000000000000000,0.1305546909570694,0.9914411306381226,-0.2835164666175842,0.0000000000000000,0.0000000000000000,0.0000000000000000,1.0000000000000000
M 1.0000000000000000,0.0000000000000000,0.0000000000000000,0.0000000000000000,0.0000000000000000,0.9899605512619019,-0.1413441300392151,0.1238659769296646,-0.0000000000000000,0.1413441300392151,0.9899605512619019,-0.3063913583755493,0.0000000000000000,0.0000000000000000,0.0000000000000000,1.0000000000000000
M 1.0000000000000000,0.0000000000000000,0.0000000000000000,0.0000000000000000,0.0000000000000000,0.9882994294166565,-0.1525264531373978,0.1355889886617661,-0.0000000000000000,0.1525264531373978,0.9882994294166565,-0.3300081789493561,0.0000000000000000,0.0000000000000000,0.0000000000000000,1.0000000000000000
M 1.0000000000000000,0.0000000000000000,0.0000000000000000,0.0000000000000000,0.0000000000000000,0.9864444732666016,-0.1640954762697220,0.1480198055505753,-0.0000000000000000,0.1640954762697220,0.9864444732666016,-0.3543437123298645,0.0000000000000000,0.0000000000000000,0.0000000000000000,1.0000000000000000
M 1.0000000000000000,0.0000000000000000,0.0000000000000000,0.0000000000000000,0.0000000000000000,0.9843821525573730,-0.1760450601577759,0.1611842960119247,-0.0000000000000000,0.1760450601577759,0.9843821525573730,-0.3793745636940002,0.0000000000000000,0.0000000000000000,0.0000000000000000,1.0000000000000000
M 1.0000000000000000,0.0000000000000000,0.0000000000000000,0.0000000000000000,0.0000000000000000,0.9820984005928040,-0.1883685886859894,0.1751089394092560,-0.0000000000000000,0.1883685886859894,0.9820984005928040,-0.4050759375095367,0.0000000000000000,0.0000000000000000,0.0000000000000000,1.0000000000000000
M 1.0000000000000000,0.0000000000000000,0.0000000000000000,0.0000000000000000,0.0000000000000000,0.9795791506767273,-0.2010591179132462,0.1898199766874313,-0.0000000000000000,0.2010591179132462,0.9795791506767273,-0.4314223527908325,0.0000000000000000,0.0000000000000000,0.0000000000000000,1.0000000000000000
M 1.0000000000000000,0.0000000000000000,0.0000000000000000,0.0000000000000000,0.0000000000000000,0.9768097996711731,-0.2141091227531433,0.2053442001342773,-0.0000000000000000,0.2141091227531433,0.9768097996711731,-0.4583865702152252,0.0000000000000000,0.0000000000000000,0.0000000000000000,1.0000000000000000
M 1.0000000000000000,0.0000000000000000,0.0000000000000000,0.0000000000000000,0.0000000000000000,0.9737756848335266,-0.2275104969739914,0.2217081785202026,-0.0000000000000000,0.2275104969739914,0.9737756848335266,-0.4859400987625122,0.0000000000000000,0.0000000000000000,0.0000000000000000,1.0000000000000000
M 1.0000000000000000,0.0000000000000000,0.0000000000000000,0.0000000000000000,0.0000000000000000,0.9704618453979492,-0.2412547618150711,0.2389394640922546,-0.0000000000000000,0.2412547618150711,0.9704618453979492,-0.5140533447265625,0.0000000000000000,0.0000000000000000,0.0000000000000000,1.0000000000000000
M 1.0000000000000000,0.0000000000000000,0.0000000000000000,0.0000000000000000,0.0000000000000000,0.9668532013893127,-0.2553330957889557,0.2570651173591614,-0.0000000000000000,0.2553330957889557,0.9668532013893127,-0.5426959991455078,0.0000000000000000,0.0000000000000000,0.0000000000000000,1.0000000000000000
M 1.0000000000000000,0.0000000000000000,0.0000000000000000,0.0000000000000000,0.0000000000000000,0.9629343748092651,-0.2697357833385468,0.2761119008064270,-0.0000000000000000,0.2697357833385468,0.9629343748092651,-0.5718353390693665,0.0000000000000000,0.0000000000000000,0.0000000000000000,1.0000000000000000
M 1.0000000000000000,0.0000000000000000,0.0000000000000000,0.0000000000000000,0.0000000000000000,0.9586901068687439,-0.2844526767730713,0.2961065173149109,-0.0000000000000000,0.2844526767730713,0.9586901068687439,-0.6014379262924194,0.0000000000000000,0.0000000000000000,0.0000000000000000,1.0000000000000000
M 1.0000000000000000,0.0000000000000000,0.0000000000000000,0.0000000000000000,0.0000000000000000,0.9541047215461731,-0.2994733154773712,0.3170766234397888,-0.0000000000000000,0.2994733154773712,0.9541047215461731,-0.6314691901206970,0.0000000000000000,0.0000000000000000,0.0000000000000000,1.0000000000000000
M 1.0000000000000000,0.0000000000000000,0.0000000000000000,0.0000000000000000,0.0000000000000000,0.9491626024246216,-0.3147862553596497,0.3390481472015381,-0.0000000000000000,0.3147862553596497,0.9491626024246216,-0.6618925929069519,0.0000000000000000,0.0000000000000000,0.0000000000000000,1.0000000000000000
M 1.0000000000000000,0.0000000000000000,0.0000000000000000,0.0000000000000000,0.0000000000000000,0.9438481330871582,-0.3303796947002411,0.3620474040508270,-0.0000000000000000,0.3303796947002411,0.9438481330871582,-0.6926707625389099,0.0000000000000000,0.0000000000000000,0.0000000000000000,1.0000000000000000
M 1.0000000000000000,0.0000000000000000,0.0000000000000000,0.0000000000000000,0.0000000000000000,0.9381457567214966,-0.3462406694889069,0.3860996365547180,-0.0000000000000000,0.3462406694889069,0.9381457567214966,-0.7237637042999268,0.0000000000000000,0.0000000000000000,0.0000000000000000,1.0000000000000000
M 1.0000000000000000,0.0000000000000000,0.0000000000000000,0.0000000000000000,0.0000000000000000,0.9320396184921265,-0.3623564243316650,0.4112307429313660,-0.0000000000000000,0.3623564243316650,0.9320396184921265,-0.7551317811012268,0.0000000000000000,0.0000000000000000,0.0000000000000000,1.0000000000000000
M 1.0000000000000000,0.0000000000000000,0.0000000000000000,0.0000000000000000,0.0000000000000000,0.9255142807960510,-0.3787128031253815,0.4374648332595825,-0.0000000000000000,0.3787128031253815,0.9255142807960510,-0.7867324352264404,0.0000000000000000,0.0000000000000000,0.0000000000000000,1.0000000000000000
M 1.0000000000000000,0.0000000000000000,0.0000000000000000,0.0000000000000000,0.0000000000000000,0.9185540676116943,-0.3952952623367310,0.4648263454437256,-0.0000000000000000,0.3952952623367310,0.9185540676116943,-0.8185221552848816,0.0000000000000000,0.0000000000000000,0.0000000000000000,1.0000000000000000
M 1.0000000000000000,0.0000000000000000,0.0000000000000000,0.0000000000000000,0.0000000000000000,0.9111438989639282,-0.4120883345603943,0.4933376908302307,-0.0000000000000000,0.4120883345603943,0.9111438989639282,-0.8504556417465210,0.0000000000000000,0.0000000000000000,0.0000000000000000,1.0000000000000000
M 1.0000000000000000,0.0000000000000000,0.0000000000000000,0.0000000000000000,0.0000000000000000,0.9032682776451111,-0.4290761947631836,0.5230219364166260,-0.0000000000000000,0.4290761947631836,0.9032682776451111,-0.8824868798255920,0.0000000000000000,0.0000000000000000,0.0000000000000000,1.0000000000000000
M 1.0000000000000000,0.0000000000000000,0.0000000000000000,0.0000000000000000,0.0000000000000000,0.8949124217033386,-0.4462417960166931,0.5538991093635559,-0.0000000000000000,0.4462417960166931,0.8949124217033386,-0.9145672917366028,0.0000000000000000,0.0000000000000000,0.0000000000000000,1.0000000000000000
M 1.0000000000000000,0.0000000000000000,0.0000000000000000,0.0000000000000000,0.0000000000000000,0.8860616683959961,-0.4635673761367798,0.5859895944595337,-0.0000000000000000,0.4635673761367798,0.8860616683959961,-0.9466469287872314,0.0000000000000000,0.0000000000000000,0.0000000000000000,1.0000000000000000
M 1.0000000000000000,0.0000000000000000,0.0000000000000000,0.0000000000000000,0.0000000000000000,0.8767012357711792,-0.4810352027416229,0.6193130016326904,-0.0000000000000000,0.4810352027416229,0.8767012357711792,-0.9786758422851562,0.0000000000000000,0.0000000000000000,0.0000000000000000,1.0000000000000000
M 1.0000000000000000,0.0000000000000000,0.0000000000000000,0.0000000000000000,0.0000000000000000,0.8668172955513000,-0.4986258149147034,0.6538861989974976,-0.0000000000000000,0.4986258149147034,0.8668172955513000,-1.0106010437011719,0.0000000000000000,0.0000000000000000,0.0000000000000000,1.0000000000000000
M 1.0000000000000000,0.0000000000000000,0.0000000000000000,0.0000000000000000,0.0000000000000000,0.8563960194587708,-0.5163195729255676,0.6897257566452026,-0.0000000000000000,0.5163195729255676,0.8563960194587708,-1.0423686504364014,0.0000000000000000,0.0000000000000000,0.0000000000000000,1.0000000000000000
M 1.0000000000000000,0.0000000000000000,0.0000000000000000,0.0000000000000000,0.0000000000000000,0.8454241752624512,-0.5340955257415771,0.7268460988998413,-0.0000000000000000,0.5340955257415771,0.8454241752624512,-1.0739229917526245,0.0000000000000000,0.0000000000000000,0.0000000000000000,1.0000000000000000
M 1.0000000000000000,0.0000000000000000,0.0000000000000000,0.0000000000000000,0.0000000000000000,0.8338889479637146,-0.5519322752952576,0.7652599811553955,-0.0000000000000000,0.5519322752952576,0.8338889479637146,-1.1052074432373047,0.0000000000000000,0.0000000000000000,0.0000000000000000,1.0000000000000000
M 1.0000000000000000,0.0000000000000000,0.0000000000000000,0.0000000000000000,0.0000000000000000,0.8217779397964478,-0.5698078870773315,0.8049794435501099,-0.0000000000000000,0.5698078870773315,0.8217779397964478,-1.1361641883850098,0.0000000000000000,0.0000000000000000,0.0000000000000000,1.0000000000000000
M 1.0000000000000000,0.0000000000000000,0.0000000000000000,0.0000000000000000,0.0000000000000000,0.8090791702270508,-0.5876996517181396,0.8460144996643066,-0.0000000000000000,0.5876996517181396,0.8090791702270508,-1.1667342185974121,0.0000000000000000,0.0000000000000000,0.0000000000000000,1.0000000000000000
M 1.0000000000000000,0.0000000000000000,0.0000000000000000,0.0000000000000000,0.0000000000000000,0.7957822084426880,-0.6055829524993896,0.8883707523345947,-0.0000000000000000,0.6055829524993896,0.7957822084426880,-1.1968555450439453,0.0000000000000000,0.0000000000000000,0.0000000000000000,1.0000000000000000
M 1.0000000000000000,0.0000000000000000,0.0000000000000000,0.0000000000000000,0.0000000000000000,0.7818760275840759,-0.6234339475631714,0.9320554733276367,-0.0000000000000000,0.6234339475631714,0.7818760275840759,-1.2264673709869385,0.0000000000000000,0.0000000000000000,0.0000000000000000,1.0000000000000000
M 1.0000000000000000,0.0000000000000000,0.0000000000000000,0.0000000000000000,0.0000000000000000,0.7673512697219849,-0.6412270665168762,0.9770710468292236,-0.0000000000000000,0.6412270665168762,0.7673512697219849,-1.2555062770843506,0.0000000000000000,0.0000000000000000,0.0000000000000000,1.0000000000000000
M 1.0000000000000000,0.0000000000000000,0.0000000000000000,0.0000000000000000,0.0000000000000000,0.7521985769271851,-0.6589365005493164,1.0234197378158569,-0.0000000000000000,0.6589365005493164,0.7521985769271851,-1.2839081287384033,0.0000000000000000,0.0000000000000000,0.0000000000000000,1.0000000000000000
M 1.0000000000000000,0.0000000000000000,0.0000000000000000,0.0000000000000000,0.0000000000000000,0.7364100813865662,-0.6765354871749878,1.0710998773574829,-0.0000000000000000,0.6765354871749878,0.7364100813865662,-1.3116078376770020,0.0000000000000000,0.0000000000000000,0.0000000000000000,1.0000000000000000
M 1.0000000000000000,0.0000000000000000,0.0000000000000000,0.0000000000000000,0.0000000000000000,0.7199785709381104,-0.6939962506294250,1.1201069355010986,-0.0000000000000000,0.6939962506294250,0.7199785709381104,-1.3385386466979980,0.0000000000000000,0.0000000000000000,0.0000000000000000,1.0000000000000000
M 1.0000000000000000,0.0000000000000000,0.0000000000000000,0.0000000000000000,0.0000000000000000,0.7028976082801819,-0.7112910747528076,1.1704360246658325,-0.0000000000000000,0.7112910747528076,0.7028976082801819,-1.3646347522735596,0.0000000000000000,0.0000000000000000,0.0000000000000000,1.0000000000000000
M 1.0000000000000000,0.0000000000000000,0.0000000000000000,0.0000000000000000,0.0000000000000000,0.6851620078086853,-0.7283907532691956,1.2220773696899414,-0.0000000000000000,0.7283907532691956,0.6851620078086853,-1.3898272514343262,0.0000000000000000,0.0000000000000000,0.0000000000000000,1.0000000000000000
M 1.0000000000000000,0.0000000000000000,0.0000000000000000,0.0000000000000000,0.0000000000000000,0.6667672991752625,-0.7452659010887146,1.2750196456909180,-0.0000000000000000,0.7452659010887146,0.6667672991752625,-1.4140478372573853,0.0000000000000000,0.0000000000000000,0.0000000000000000,1.0000000000000000
M 1.0000000000000000,0.0000000000000000,0.0000000000000000,0.0000000000000000,0.0000000000000000,0.6477101445198059,-0.7618868350982666,1.3292489051818848,-0.0000000000000000,0.7618868350982666,0.6477101445198059,-1.4372282028198242,0.0000000000000000,0.0000000000000000,0.0000000000000000,1.0000000000000000
M 1.0000000000000000,0.0000000000000000,0.0000000000000000,0.0000000000000000,0.0000000000000000,0.6279883384704590,-0.7782227396965027,1.3847482204437256,-0.0000000000000000,0.7782227396965027,0.6279883384704590,-1.4592984914779663,0.0000000000000000,0.0000000000000000,0.0000000000000000,1.0000000000000000
M 1.0000000000000000,0.0000000000000000,0.0000000000000000,0.0000000000000000,0.0000000000000000,0.6076015830039978,-0.7942419648170471,1.4414950609207153,-0.0000000000000000,0.7942419648170471,0.6076015830039978,-1.4801881313323975,0.0000000000000000,0.0000000000000000,0.0000000000000000,1.0000000000000000
M 1.0000000000000000,0.0000000000000000,0.0000000000000000,0.0000000000000000,0.0000000000000000,0.5865493416786194,-0.8099134564399719,1.4994685649871826,-0.0000000000000000,0.8099134564399719,0.5865493416786194,-1.4998279809951782,0.0000000000000000,0.0000000000000000,0.0000000000000000,1.0000000000000000
M 1.0000000000000000,0.0000000000000000,0.0000000000000000,0.0000000000000000,0.0000000000000000,0.5648338198661804,-0.8252046108245850,1.5586404800415039,-0.0000000000000000,0.8252046108245850,0.5648338198661804,-1.5181472301483154,0.0000000000000000,0.0000000000000000,0.0000000000000000,1.0000000000000000
M 1.0000000000000000,0.0000000000000000,0.0000000000000000,0.0000000000000000,0.0000000000000000,0.5424575805664062,-0.8400831818580627,1.6189817190170288,-0.0000000000000000,0.8400831818580627,0.5424575805664062,-1.5350760221481323,0.0000000000000000,0.0000000000000000,0.0000000000000000,1.0000000000000000
M 1.0000000000000000,0.0000000000000000,0.0000000000000000,0.0000000000000000,0.0000000000000000,0.5194249749183655,-0.8545160293579102,1.6804590225219727,-0.0000000000000000,0.8545160293579102,0.5194249749183655,-1.5505442619323730,0.0000000000000000,0.0000000000000000,0.0000000000000000,1.0000000000000000
M 1.0000000000000000,0.0000000000000000,0.0000000000000000,0.0000000000000000,0.0000000000000000,0.4957415461540222,-0.8684701323509216,1.7430361509323120,-0.0000000000000000,0.8684701323509216,0.4957415461540222,-1.5644824504852295,0.0000000000000000,0.0000000000000000,0.0000000000000000,1.0000000000000000
M 1.0000000000000000,0.0000000000000000,0.0000000000000000,0.0000000000000000,0.0000000000000000,0.4714142084121704,-0.8819119334220886,1.8066736459732056,-0.0000000000000000,0.8819119334220886,0.4714142084121704,-1.5768210887908936,0.0000000000000000,0.0000000000000000,0.0000000000000000,1.0000000000000000
M 1.0000000000000000,0.0000000000000000,0.0000000000000000,0.0000000000000000,0.0000000000000000,0.4464521706104279,-0.8948075175285339,1.8713269233703613,-0.0000000000000000,0.8948075175285339,0.4464521706104279,-1.5874917507171631,0.0000000000000000,0.0000000000000000,0.0000000000000000,1.0000000000000000
M 1.0000000000000000,0.0000000000000000,0.0000000000000000,0.0000000000000000,0.0000000000000000,0.4208656847476959,-0.9071229696273804,1.9369486570358276,-0.0000000000000000,0.9071229696273804,0.4208656847476959,-1.5964262485504150,0.0000000000000000,0.0000000000000000,0.0000000000000000,1.0000000000000000
M 1.0000000000000000,0.0000000000000000,0.0000000000000000,0.0000000000000000,0.0000000000000000,0.3946657776832581,-0.9188247323036194,2.0034904479980469,-0.0000000000000000,0.9188247323036194,0.3946657776832581,-1.6035586595535278,0.0000000000000000,0.0000000000000000,0.0000000000000000,1.0000000000000000
M 1.0000000000000000,0.0000000000000000,0.0000000000000000,0.0000000000000000,0.0000000000000000,0.3678658008575439,-0.9298788309097290,2.0708980560302734,-0.0000000000000000,0.9298788309097290,0.3678658008575439,-1.6088225841522217,0.0000000000000000,0.0000000000000000,0.0000000000000000,1.0000000000000000
M 1.0000000000000000,0.0000000000000000,0.0000000000000000,0.0000000000000000,0.0000000000000000,0.3404814004898071,-0.9402512311935425,2.1391122341156006,-0.0000000000000000,0.9402512311935425,0.3404814004898071,-1.6121536493301392,0.0000000000000000,0.0000000000000000,0.0000000000000000,1.0000000000000000
M 1.0000000000000000,0.0000000000000000,0.0000000000000000,0.0000000000000000,0.0000000000000000,0.3125287592411041,-0.9499082565307617,2.2080731391906738,-0.0000000000000000,0.9499082565307617,0.3125287592411041,-1.6134893894195557,0.0000000000000000,0.0000000000000000,0.0000000000000000,1.0000000000000000
M 1.0000000000000000,0.0000000000000000,0.0000000000000000,0.0000000000000000,0.0000000000000000,0.2840259373188019,-0.9588165879249573,2.2777166366577148,-0.0000000000000000,0.9588165879249573,0.2840259373188019,-1.6127682924270630,0.0000000000000000,0.0000000000000000,0.0000000000000000,1.0000000000000000
M 1.0000000000000000,0.0000000000000000,0.0000000000000000,0.0000000000000000,0.0000000000000000,0.2549934387207031,-0.9669427275657654,2.3479733467102051,-0.0000000000000000,0.9669427275657654,0.2549934387207031,-1.6099308729171753,0.0000000000000000,0.0000000000000000,0.0000000000000000,1.0000000000000000
M 1.0000000000000000,0.0000000000000000,0.0000000000000000,0.0000000000000000,0.0000000000000000,0.2254529744386673,-0.9742540121078491,2.4187710285186768,-0.0000000000000000,0.9742540121078491,0.2254529744386673,-1.6049206256866455,0.0000000000000000,0.0000000000000000,0.0000000000000000,1.0000000000000000
M 1.0000000000000000,0.0000000000000000,0.0000000000000000,0.0000000000000000,0.0000000000000000,0.1954273730516434,-0.9807181358337402,2.4900364875793457,-0.0000000000000000,0.9807181358337402,0.1954273730516434,-1.5976821184158325,0.0000000000000000,0.0000000000000000,0.0000000000000000,1.0000000000000000
M 1.0000000000000000,0.0000000000000000,0.0000000000000000,0.0000000000000000,0.0000000000000000,0.1649430096149445,-0.9863030910491943,2.5616877079010010,-0.0000000000000000,0.9863030910491943,0.1649430096149445,-1.5881630182266235,0.0000000000000000,0.0000000000000000,0.0000000000000000,1.0000000000000000
M 1.0000000000000000,0.0000000000000000,0.0000000000000000,0.0000000000000000,0.0000000000000000,0.1340256780385971,-0.9909778237342834,2.6336455345153809,-0.0000000000000000,0.9909778237342834,0.1340256780385971,-1.5763133764266968,0.0000000000000000,0.0000000000000000,0.0000000000000000,1.0000000000000000
M 1.0000000000000000,0.0000000000000000,0.0000000000000000,0.0000000000000000,0.0000000000000000,0.1027048081159592,-0.9947118759155273,2.7058224678039551,-0.0000000000000000,0.9947118759155273,0.1027048081159592,-1.5620863437652588,0.0000000000000000,0.0000000000000000,0.0000000000000000,1.0000000000000000
M 1.0000000000000000,0.0000000000000000,0.0000000000000000,0.0000000000000000,0.0000000000000000,0.0710104107856750,-0.9974755644798279,2.7781310081481934,-0.0000000000000000,0.9974755644798279,0.0710104107856750,-1.5454378128051758,0.0000000000000000,0.0000000000000000,0.0000000000000000,1.0000000000000000
M 1.0000000000000000,0.0000000000000000,0.0000000000000000,0.0000000000000000,0.0000000000000000,0.0389746949076653,-0.9992402195930481,2.8504786491394043,-0.0000000000000000,0.9992402195930481,0.0389746949076653,-1.5263274908065796,0.0000000000000000,0.0000000000000000,0.0000000000000000,1.0000000000000000
M 1.0000000000000000,0.0000000000000000,0.0000000000000000,0.0000000000000000,0.0000000000000000,0.0066323112696409,-0.9999780058860779,2.9227685928344727,-0.0000000000000000,0.9999780058860779,0.0066323112696409,-1.5047183036804199,0.0000000000000000,0.0000000000000000,0.0000000000000000,1.0000000000000000
M 1.0000000000000000,0.0000000000000000,0.0000000000000000,0.0000000000000000,0.0000000000000000,-0.0259818080812693,-0.9996623992919922,2.9949042797088623,-0.0000000000000000,0.9996623992919922,-0.0259818080812693,-1.4805767536163330,0.0000000000000000,0.0000000000000000,0.0000000000000000,1.0000000000000000
M 1.0000000000000000,0.0000000000000000,0.0000000000000000,0.0000000000000000,0.0000000000000000,-0.0588305741548538,-0.9982680082321167,3.0667853355407715,-0.0000000000000000,0.9982680082321167,-0.0588305741548538,-1.4538729190826416,0.0000000000000000,0.0000000000000000,0.0000000000000000,1.0000000000000000
M 1.0000000000000000,0.0000000000000000,0.0000000000000000,0.0000000000000000,0.0000000000000000,-0.0918738096952438,-0.9957706928253174,3.1383049488067627,-0.0000000000000000,0.9957706928253174,-0.0918738096952438,-1.4245822429656982,0.0000000000000000,0.0000000000000000,0.0000000000000000,1.0000000000000000
M 1.0000000000000000,0.0000000000000000,0.0000000000000000,0.0000000000000000,0.0000000000000000,-0.1250723451375961,-0.9921476244926453,3.2093601226806641,-0.0000000000000000,0.9921476244926453,-0.1250723451375961,-1.3926820755004883,0.0000000000000000,0.0000000000000000,0.0000000000000000,1.0000000000000000
M 1.0000000000000000,0.0000000000000000,0.0000000000000000,0.0000000000000000,0.0000000000000000,-0.1583832800388336,-0.9873777031898499,3.2798402309417725,-0.0000000000000000,0.9873777031898499,-0.1583832800388336,-1.3581564426422119,0.0000000000000000,0.0000000000000000,0.0000000000000000,1.0000000000000000
M 1.0000000000000000,0.0000000000000000,0.0000000000000000,0.0000000000000000,0.0000000000000000,-0.1917626857757568,-0.9814413189888000,3.3496341705322266,-0.0000000000000000,0.9814413189888000,-0.1917626857757568,-1.3209937810897827,0.0000000000000000,0.0000000000000000,0.0000000000000000,1.0000000000000000
M 1.0000000000000000,0.0000000000000000,0.0000000000000000,0.0000000000000000,0.0000000000000000,-0.2251660525798798,-0.9743204116821289,3.4186296463012695,-0.0000000000000000,0.9743204116821289,-0.2251660525798798,-1.2811856269836426,0.0000000000000000,0.0000000000000000,0.0000000000000000,1.0000000000000000
M 1.0000000000000000,0.0000000000000000,0.0000000000000000,0.0000000000000000,0.0000000000000000,-0.2585462629795074,-0.9659988880157471,3.4867110252380371,-0.0000000000000000,0.9659988880157471,-0.2585462629795074,-1.2387301921844482,0.0000000000000000,0.0000000000000000,0.0000000000000000,1.0000000000000000
M 1.0000000000000000,0.0000000000000000,0.0000000000000000,0.0000000000000000,0.0000000000000000,-0.2918553948402405,-0.9564625024795532,3.5537614822387695,-0.0000000000000000,0.9564625024795532,-0.2918553948402405,-1.1936303377151489,0.0000000000000000,0.0000000000000000,0.0000000000000000,1.0000000000000000
M 1.0000000000000000,0.0000000000000000,0.0000000000000000,0.0000000000000000,0.0000000000000000,-0.3250443935394287,-0.9456987977027893,3.6196630001068115,-0.0000000000000000,0.9456987977027893,-0.3250443935394287,-1.1458938121795654,0.0000000000000000,0.0000000000000000,0.0000000000000000,1.0000000000000000
M 1.0000000000000000,0.0000000000000000,0.0000000000000000,0.0000000000000000,0.0000000000000000,-0.3580630123615265,-0.9336974620819092,3.6842970848083496,-0.0000000000000000,0.9336974620819092,-0.3580630123615265,-1.0955336093902588,0.0000000000000000,0.0000000000000000,0.0000000000000000,1.0000000000000000
M 1.0000000000000000,0.0000000000000000,0.0000000000000000,0.0000000000000000,0.0000000000000000,-0.3908586800098419,-0.9204507470130920,3.7475414276123047,-0.0000000000000000,0.9204507470130920,-0.3908586800098419,-1.0425707101821899,0.0000000000000000,0.0000000000000000,0.0000000000000000,1.0000000000000000
M 1.0000000000000000,0.0000000000000000,0.0000000000000000,0.0000000000000000,0.0000000000000000,-0.4233796596527100,-0.9059523344039917,3.8092765808105469,-0.0000000000000000,0.9059523344039917,-0.4233796596527100,-0.9870278835296631,0.0000000000000000,0.0000000000000000,0.0000000000000000,1.0000000000000000
M 1.0000000000000000,0.0000000000000000,0.0000000000000000,0.0000000000000000,0.0000000000000000,-0.4555720984935760,-0.8901988863945007,3.8693809509277344,-0.0000000000000000,0.8901988863945007,-0.4555720984935760,-0.9289367198944092,0.0000000000000000,0.0000000000000000,0.0000000000000000,1.0000000000000000
M 1.0000000000000000,0.0000000000000000,0.0000000000000000,0.0000000000000000,0.0000000000000000,-0.4873819351196289,-0.8731889128684998,3.9277329444885254,-0.0000000000000000,0.8731889128684998,-0.4873819351196289,-0.8683325052261353,0.0000000000000000,0.0000000000000000,0.0000000000000000,1.0000000000000000
M 1.0000000000000000,0.0000000000000000,0.0000000000000000,0.0000000000000000,0.0000000000000000,-0.5187524557113647,-0.8549244999885559,3.9842088222503662,-0.0000000000000000,0.8549244999885559,-0.5187524557113647,-0.8052607774734497,0.0000000000000000,0.0000000000000000,0.0000000000000000,1.0000000000000000
M 1.0000000000000000,0.0000000000000000,0.0000000000000000,0.0000000000000000,0.0000000000000000,-0.5496294498443604,-0.8354085683822632,4.0386900901794434,-0.0000000000000000,0.8354085683822632,-0.5496294498443604,-0.7397670745849609,0.0000000000000000,0.0000000000000000,0.0000000000000000,1.0000000000000000
M 1.0000000000000000,0.0000000000000000,0.0000000000000000,0.0000000000000000,0.0000000000000000,-0.5799560546875000,-0.8146477937698364,4.0910553932189941,-0.0000000000000000,0.8146477937698364,-0.5799560546875000,-0.6719067096710205,0.0000000000000000,0.0000000000000000,0.0000000000000000,1.0000000000000000
M 1.0000000000000000,0.0000000000000000,0.0000000000000000,0.0000000000000000,0.0000000000000000,-0.6096746921539307,-0.7926517724990845,4.1411838531494141,-0.0000000000000000,0.7926517724990845,-0.6096746921539307,-0.6017427444458008,0.0000000000000000,0.0000000000000000,0.0000000000000000,1.0000000000000000
M 1.0000000000000000,0.0000000000000000,0.0000000000000000,0.0000000000000000,0.0000000000000000,-0.6387296319007874,-0.7694312930107117,4.1889600753784180,-0.0000000000000000,0.7694312930107117,-0.6387296319007874,-0.5293391942977905,0.0000000000000000,0.0000000000000000,0.0000000000000000,1.0000000000000000
M 1.0000000000000000,0.0000000000000000,0.0000000000000000,0.0000000000000000,0.0000000000000000,-0.6670618653297424,-0.7450023889541626,4.2342638969421387,-0.0000000000000000,0.7450023889541626,-0.6670618653297424,-0.4547736644744873,0.0000000000000000,0.0000000000000000,0.0000000000000000,1.0000000000000000
M 1.0000000000000000,0.0000000000000000,0.0000000000000000,0.0000000000000000,0.0000000000000000,-0.6946154832839966,-0.7193812131881714,4.2769832611083984,-0.0000000000000000,0.7193812131881714,-0.6946154832839966,-0.3781226575374603,0.0000000000000000,0.0000000000000000,0.0000000000000000,1.0000000000000000
M 1.0000000000000000,0.0000000000000000,0.0000000000000000,0.0000000000000000,0.0000000000000000,-0.7213333845138550,-0.6925880312919617,4.3170061111450195,-0.0000000000000000,0.6925880312919617,-0.7213333845138550,-0.2994718551635742,0.0000000000000000,0.0000000000000000,0.0000000000000000,1.0000000000000000
M 1.0000000000000000,0.0000000000000000,0.0000000000000000,0.0000000000000000,0.0000000000000000,-0.7471576333045959,-0.6646468639373779,4.3542208671569824,-0.0000000000000000,0.6646468639373779,-0.7471576333045959,-0.2189162373542786,0.0000000000000000,0.0000000000000000,0.0000000000000000,1.0000000000000000
M 1.0000000000000000,0.0000000000000000,0.0000000000000000,0.0000000000000000,0.0000000000000000,-0.7720324993133545,-0.6355829834938049,4.3885221481323242,-0.0000000000000000,0.6355829834938049,-0.7720324993133545,-0.1365518569946289,0.0000000000000000,0.0000000000000000,0.0000000000000000,1.0000000000000000
M 1.0000000000000000,0.0000000000000000,0.0000000000000000,0.0000000000000000,0.0000000000000000,-0.7959019541740417,-0.6054254770278931,4.4198069572448730,-0.0000000000000000,0.6054254770278931,-0.7959019541740417,-0.0524837374687195,0.0000000000000000,0.0000000000000000,0.0000000000000000,1.0000000000000000
M 1.0000000000000000,0.0000000000000000,0.0000000000000000,0.0000000000000000,0.0000000000000000,-0.8187105059623718,-0.5742064714431763,4.4479746818542480,-0.0000000000000000,0.5742064714431763,-0.8187105059623718,0.0331770181655884,0.0000000000000000,0.0000000000000000,0.0000000000000000,1.0000000000000000
M 1.0000000000000000,0.0000000000000000,0.0000000000000000,0.0000000000000000,0.0000000000000000,-0.8404037356376648,-0.5419608354568481,4.4729299545288086,-0.0000000000000000,0.5419608354568481,-0.8404037356376648,0.1203140616416931,0.0000000000000000,0.0000000000000000,0.0000000000000000,1.0000000000000000
M 1.0000000000000000,0.0000000000000000,0.0000000000000000,0.0000000000000000,0.0000000000000000,-0.8609293103218079,-0.5087245702743530,4.4945826530456543,-0.0000000000000000,0.5087245702743530,-0.8609293103218079,0.2088097929954529,0.0000000000000000,0.0000000000000000,0.0000000000000000,1.0000000000000000
M 1.0000000000000000,0.0000000000000000,0.0000000000000000,0.0000000000000000,0.0000000000000000,-0.8802332878112793,-0.4745412766933441,4.5128440856933594,-0.0000000000000000,0.4745412766933441,-0.8802332878112793,0.2985288500785828,0.0000000000000000,0.0000000000000000,0.0000000000000000,1.0000000000000000
M 1.0000000000000000,0.0000000000000000,0.0000000000000000,0.0000000000000000,0.0000000000000000,-0.8982659578323364,-0.4394522905349731,4.5276336669921875,-0.0000000000000000,0.4394522905349731,-0.8982659578323364,0.3893435001373291,0.0000000000000000,0.0000000000000000,0.0000000000000000,1.0000000000000000
M 1.0000000000000000,0.0000000000000000,0.0000000000000000,0.0000000000000000,0.0000000000000000,-0.9149779081344604,-0.4035039544105530,4.5388755798339844,-0.0000000000000000,0.4035039544105530,-0.9149779081344604,0.4811155796051025,0.0000000000000000,0.0000000000000000,0.0000000000000000,1.0000000000000000
M 1.0000000000000000,0.0000000000000000,0.0000000000000000,0.0000000000000000,0.0000000000000000,-0.9303209781646729,-0.3667462468147278,4.5464982986450195,-0.0000000000000000,0.3667462468147278,-0.9303209781646729,0.5736995935440063,0.0000000000000000,0.0000000000000000,0.0000000000000000,1.0000000000000000
M 1.0000000000000000,0.0000000000000000,0.0000000000000000,0.0000000000000000,0.0000000000000000,-0.9442495107650757,-0.3292306661605835,4.5504384040832520,-0.0000000000000000,0.3292306661605835,-0.9442495107650757,0.6669484376907349,0.0000000000000000,0.0000000000000000,0.0000000000000000,1.0000000000000000
M 1.0000000000000000,0.0000000000000000,0.0000000000000000,0.0000000000000000,0.0000000000000000,-0.9567191600799561,-0.2910126447677612,4.5506362915039062,-0.0000000000000000,0.2910126447677612,-0.9567191600799561,0.7607072591781616,0.0000000000000000,0.0000000000000000,0.0000000000000000,1.0000000000000000
M 1.0000000000000000,0.0000000000000000,0.0000000000000000,0.0000000000000000,0.0000000000000000,-0.9676888585090637,-0.2521471381187439,4.5470404624938965,-0.0000000000000000,0.2521471381187439,-0.9676888585090637,0.8548245429992676,0.0000000000000000,0.0000000000000000,0.0000000000000000,1.0000000000000000
M 1.0000000000000000,0.0000000000000000,0.0000000000000000,0.0000000000000000,0.0000000000000000,-0.9771183729171753,-0.2126961350440979,4.5396070480346680,-0.0000000000000000,0.2126961350440979,-0.9771183729171753,0.9491338729858398,0.0000000000000000,0.0000000000000000,0.0000000000000000,1.0000000000000000
M 1.0000000000000000,0.0000000000000000,0.0000000000000000,0.0000000000000000,0.0000000000000000,-0.9849707484245300,-0.1727209538221359,4.5282969474792480,-0.0000000000000000,0.1727209538221359,-0.9849707484245300,1.0434726476669312,0.0000000000000000,0.0000000000000000,0.0000000000000000,1.0000000000000000
M 1.0000000000000000,0.0000000000000000,0.0000000000000000,0.0000000000000000,0.0000000000000000,-0.9912115931510925,-0.1322856694459915,4.5130810737609863,-0.0000000000000000,0.1322856694459915,-0.9912115931510925,1.1376740932464600,0.0000000000000000,0.0000000000000000,0.0000000000000000,1.0000000000000000
