O WIDGET_Handbremse_1_CG_hb
A WIDGET_Handbremse_1_CG_hb_WIDGET_Handbremse_1_CG_hb
M 1.0000000000000000,0.0000000000000000,0.0000000000000000,0.0000000000000000,0.0000000000000000,1.0000000000000000,-0.0000000437113883,-0.0000000034708840,-0.0000000000000000,0.0000000437113883,1.0000000000000000,-0.0000000007109371,0.0000000000000000,0.0000000000000000,0.0000000000000000,1.0000000000000000
M 1.0000000000000000,0.0002364063257119,-0.0000000000103336,-0.0001844136568252,-0.0002364063257119,1.0000000000000000,-0.0000000437113954,-0.0015588076785207,-0.0000000000000000,0.0000000437113883,1.0000000000000000,-0.0000000007109371,0.0000000000000000,0.0000000000000000,0.0000000000000000,1.0000000000000000
M 0.9999995827674866,0.0009440425201319,-0.0000000000412654,-0.0007392809493467,-0.0009440425201319,0.9999995827674866,-0.0000000437113776,-0.0062244855798781,-0.0000000000000000,0.0000000437113883,1.0000000000000000,-0.0000000007109371,0.0000000000000000,0.0000000000000000,0.0000000000000000,1.0000000000000000
M 0.9999977350234985,0.0021205334924161,-0.0000000000926915,-0.0016689480980858,-0.0021205334924161,0.9999977350234985,-0.0000000437112888,-0.0139804836362600,-0.0000000000000000,0.0000000437113883,1.0000000000000000,-0.0000000007109371,0.0000000000000000,0.0000000000000000,0.0000000000000000,1.0000000000000000
M 0.9999929070472717,0.0037635006010532,-0.0000000001645079,-0.0029825265519321,-0.0037635006010532,0.9999929070472717,-0.0000000437110792,-0.0248100422322750,-0.0000000000000000,0.0000000437113883,1.0000000000000000,-0.0000000007109371,0.0000000000000000,0.0000000000000000,0.0000000000000000,1.0000000000000000
M 0.9999827742576599,0.0058705583214760,-0.0000000002566103,-0.0046929377131164,-0.0058705583214760,0.9999827742576599,-0.0000000437106351,-0.0386955849826336,-0.0000000000000000,0.0000000437113883,1.0000000000000000,-0.0000000007109371,0.0000000000000000,0.0000000000000000,0.0000000000000000,1.0000000000000000
M 0.9999644160270691,0.0084393080323935,-0.0000000003688939,-0.0068178609944880,-0.0084393080323935,0.9999644160270691,-0.0000000437098393,-0.0556189157068729,-0.0000000000000000,0.0000000437113883,1.0000000000000000,-0.0000000007109371,0.0000000000000000,0.0000000000000000,0.0000000000000000,1.0000000000000000
M 0.9999342560768127,0.0114673338830471,-0.0000000005012531,-0.0093787759542465,-0.0114673338830471,0.9999342560768127,-0.0000000437085141,-0.0755614712834358,-0.0000000000000000,0.0000000437113883,1.0000000000000000,-0.0000000007109371,0.0000000000000000,0.0000000000000000,0.0000000000000000,1.0000000000000000
M 0.9998881816864014,0.0149521920830011,-0.0000000006535811,-0.0124009577557445,-0.0149521920830011,0.9998881816864014,-0.0000000437064998,-0.0985038131475449,-0.0000000000000000,0.0000000437113883,1.0000000000000000,-0.0000000007109371,0.0000000000000000,0.0000000000000000,0.0000000000000000,1.0000000000000000
M 0.9998215436935425,0.0188914015889168,-0.0000000008257695,-0.0159134622663260,-0.0188914015889168,0.9998215436935425,-0.0000000437035865,-0.1244259402155876,-0.0000000000000000,0.0000000437113883,1.0000000000000000,-0.0000000007109371,0.0000000000000000,0.0000000000000000,0.0000000000000000,1.0000000000000000
M 0.9997289180755615,0.0232824329286814,-0.0000000010177075,-0.0199496056884527,-0.0232824329286814,0.9997289180755615,-0.0000000436995400,-0.1533070653676987,-0.0000000000000000,0.0000000437113883,1.0000000000000000,-0.0000000007109371,0.0000000000000000,0.0000000000000000,0.0000000000000000,1.0000000000000000
M 0.9996044635772705,0.0281227063387632,-0.0000000012292828,-0.0245459992438555,-0.0281227063387632,0.9996044635772705,-0.0000000436940972,-0.1851255148649216,-0.0000000000000000,0.0000000437113883,1.0000000000000000,-0.0000000007109371,0.0000000000000000,0.0000000000000000,0.0000000000000000,1.0000000000000000
M 0.9994417428970337,0.0334095694124699,-0.0000000014603787,-0.0297430101782084,-0.0334095694124699,0.9994417428970337,-0.0000000436869847,-0.2198588699102402,-0.0000000000000000,0.0000000437113883,1.0000000000000000,-0.0000000007109371,0.0000000000000000,0.0000000000000000,0.0000000000000000,1.0000000000000000
M 0.9992337226867676,0.0391402691602707,-0.0000000017108758,-0.0355847440660000,-0.0391402691602707,0.9992337226867676,-0.0000000436778933,-0.2574833631515503,-0.0000000000000000,0.0000000437113883,1.0000000000000000,-0.0000000007109371,0.0000000000000000,0.0000000000000000,0.0000000000000000,1.0000000000000000
M 0.9989728927612305,0.0453119799494743,-0.0000000019806496,-0.0421190671622753,-0.0453119799494743,0.9989728927612305,-0.0000000436664997,-0.2979746758937836,-0.0000000000000000,0.0000000437113883,1.0000000000000000,-0.0000000007109371,0.0000000000000000,0.0000000000000000,0.0000000000000000,1.0000000000000000
M 0.9986511468887329,0.0519217364490032,-0.0000000022695712,-0.0493965931236744,-0.0519217364490032,0.9986511468887329,-0.0000000436524275,-0.3413067460060120,-0.0000000000000000,0.0000000437113883,1.0000000000000000,-0.0000000007109371,0.0000000000000000,0.0000000000000000,0.0000000000000000,1.0000000000000000
M 0.9982599616050720,0.0589664615690708,-0.0000000025775064,-0.0574711896479130,-0.0589664615690708,0.9982599616050720,-0.0000000436353282,-0.3874527215957642,-0.0000000000000000,0.0000000437113883,1.0000000000000000,-0.0000000007109371,0.0000000000000000,0.0000000000000000,0.0000000000000000,1.0000000000000000
M 0.9977902173995972,0.0664429143071175,-0.0000000029043121,-0.0664008855819702,-0.0664429143071175,0.9977902173995972,-0.0000000436147971,-0.4363842010498047,-0.0000000000000000,0.0000000437113883,1.0000000000000000,-0.0000000007109371,0.0000000000000000,0.0000000000000000,0.0000000000000000,1.0000000000000000
M 0.9972323775291443,0.0743476971983910,-0.0000000032498415,-0.0762454941868782,-0.0743476971983910,0.9972323775291443,-0.0000000435904113,-0.4880712032318115,-0.0000000000000000,0.0000000437113883,1.0000000000000000,-0.0000000007109371,0.0000000000000000,0.0000000000000000,0.0000000000000000,1.0000000000000000
M 0.9965763688087463,0.0826772078871727,-0.0000000036139360,-0.0870684906840324,-0.0826772078871727,0.9965763688087463,-0.0000000435617444,-0.5424821972846985,-0.0000000000000000,0.0000000437113883,1.0000000000000000,-0.0000000007109371,0.0000000000000000,0.0000000000000000,0.0000000000000000,1.0000000000000000
M 0.9958117008209229,0.0914276540279388,-0.0000000039964294,-0.0989365354180336,-0.0914276540279388,0.9958117008209229,-0.0000000435283134,-0.5995839238166809,-0.0000000000000000,0.0000000437113883,1.0000000000000000,-0.0000000007109371,0.0000000000000000,0.0000000000000000,0.0000000000000000,1.0000000000000000
M 0.9949274659156799,0.1005950421094894,-0.0000000043971489,-0.1119180321693420,-0.1005950421094894,0.9949274659156799,-0.0000000434896599,-0.6593416333198547,-0.0000000000000000,0.0000000437113883,1.0000000000000000,-0.0000000007109371,0.0000000000000000,0.0000000000000000,0.0000000000000000,1.0000000000000000
M 0.9939122200012207,0.1101750507950783,-0.0000000048159055,-0.1260854452848434,-0.1101750507950783,0.9939122200012207,-0.0000000434452829,-0.7217178344726562,-0.0000000000000000,0.0000000437113883,1.0000000000000000,-0.0000000007109371,0.0000000000000000,0.0000000000000000,0.0000000000000000,1.0000000000000000
M 0.9927541613578796,0.1201631948351860,-0.0000000052525011,-0.1415129750967026,-0.1201631948351860,0.9927541613578796,-0.0000000433946639,-0.7866738438606262,-0.0000000000000000,0.0000000437113883,1.0000000000000000,-0.0000000007109371,0.0000000000000000,0.0000000000000000,0.0000000000000000,1.0000000000000000
M 0.9914411306381226,0.1305546015501022,-0.0000000057067231,-0.1582769304513931,-0.1305546015501022,0.9914411306381226,-0.0000000433372769,-0.8541679382324219,-0.0000000000000000,0.0000000437113883,1.0000000000000000,-0.0000000007109371,0.0000000000000000,0.0000000000000000,0.0000000000000000,1.0000000000000000
M 0.9899604916572571,0.1413441449403763,-0.0000000061783498,-0.1764563024044037,-0.1413441449403763,0.9899604916572571,-0.0000000432725464,-0.9241564273834229,-0.0000000000000000,0.0000000437113883,1.0000000000000000,-0.0000000007109371,0.0000000000000000,0.0000000000000000,0.0000000000000000,1.0000000000000000
M 0.9882994294166565,0.1525263339281082,-0.0000000066671380,-0.1961321532726288,-0.1525263339281082,0.9882994294166565,-0.0000000431999467,-0.9965932369232178,-0.0000000000000000,0.0000000437113883,1.0000000000000000,-0.0000000007109371,0.0000000000000000,0.0000000000000000,0.0000000000000000,1.0000000000000000
M 0.9864444732666016,0.1640954017639160,-0.0000000071728388,-0.2173877060413361,-0.1640954017639160,0.9864444732666016,-0.0000000431188560,-1.0714298486709595,-0.0000000000000000,0.0000000437113883,1.0000000000000000,-0.0000000007109371,0.0000000000000000,0.0000000000000000,0.0000000000000000,1.0000000000000000
M 0.9843820929527283,0.1760449856519699,-0.0000000076951707,-0.2403081506490707,-0.1760449856519699,0.9843820929527283,-0.0000000430287095,-1.1486135721206665,-0.0000000000000000,0.0000000437113883,1.0000000000000000,-0.0000000007109371,0.0000000000000000,0.0000000000000000,0.0000000000000000,1.0000000000000000
M 0.9820984005928040,0.1883685737848282,-0.0000000082338518,-0.2649794816970825,-0.1883685737848282,0.9820984005928040,-0.0000000429288924,-1.2280907630920410,-0.0000000000000000,0.0000000437113883,1.0000000000000000,-0.0000000007109371,0.0000000000000000,0.0000000000000000,0.0000000000000000,1.0000000000000000
M 0.9795790910720825,0.2010591030120850,-0.0000000087885743,-0.2914905548095703,-0.2010591030120850,0.9795790910720825,-0.0000000428187619,-1.3098037242889404,-0.0000000000000000,0.0000000437113883,1.0000000000000000,-0.0000000007109371,0.0000000000000000,0.0000000000000000,0.0000000000000000,1.0000000000000000
M 0.9768097400665283,0.2141090333461761,-0.0000000093590051,-0.3199309110641479,-0.2141090333461761,0.9768097400665283,-0.0000000426977103,-1.3936914205551147,-0.0000000000000000,0.0000000437113883,1.0000000000000000,-0.0000000007109371,0.0000000000000000,0.0000000000000000,0.0000000000000000,1.0000000000000000
M 0.9737756252288818,0.2275103926658630,-0.0000000099447952,-0.3503910899162292,-0.2275103926658630,0.9737756252288818,-0.0000000425650839,-1.4796898365020752,-0.0000000000000000,0.0000000437113883,1.0000000000000000,-0.0000000007109371,0.0000000000000000,0.0000000000000000,0.0000000000000000,1.0000000000000000
M 0.9704618453979492,0.2412547022104263,-0.0000000105455777,-0.3829627335071564,-0.2412547022104263,0.9704618453979492,-0.0000000424202433,-1.5677313804626465,-0.0000000000000000,0.0000000437113883,1.0000000000000000,-0.0000000007109371,0.0000000000000000,0.0000000000000000,0.0000000000000000,1.0000000000000000
M 0.9668532013893127,0.2553329765796661,-0.0000000111609593,-0.4177394509315491,-0.2553329765796661,0.9668532013893127,-0.0000000422625028,-1.6577450037002563,-0.0000000000000000,0.0000000437113883,1.0000000000000000,-0.0000000007109371,0.0000000000000000,0.0000000000000000,0.0000000000000000,1.0000000000000000
M 0.9629343748092651,0.2697356939315796,-0.0000000117905197,-0.4548143744468689,-0.2697356939315796,0.9629343748092651,-0.0000000420911981,-1.7496559619903564,-0.0000000000000000,0.0000000437113883,1.0000000000000000,-0.0000000007109371,0.0000000000000000,0.0000000000000000,0.0000000000000000,1.0000000000000000
M 0.9586900472640991,0.2844527065753937,-0.0000000124338229,-0.4942807257175446,-0.2844527065753937,0.9586900472640991,-0.0000000419056718,-1.8433853387832642,-0.0000000000000000,0.0000000437113883,1.0000000000000000,-0.0000000007109371,0.0000000000000000,0.0000000000000000,0.0000000000000000,1.0000000000000000
M 0.9541046619415283,0.2994732856750488,-0.0000000130903928,-0.5362326502799988,-0.2994732856750488,0.9541046619415283,-0.0000000417052384,-1.9388504028320312,-0.0000000000000000,0.0000000437113883,1.0000000000000000,-0.0000000007109371,0.0000000000000000,0.0000000000000000,0.0000000000000000,1.0000000000000000
M 0.9491626024246216,0.3147862553596497,-0.0000000137597445,-0.5807644128799438,-0.3147862553596497,0.9491626024246216,-0.0000000414892156,-2.0359652042388916,-0.0000000000000000,0.0000000437113883,1.0000000000000000,-0.0000000007109371,0.0000000000000000,0.0000000000000000,0.0000000000000000,1.0000000000000000
M 0.9438481330871582,0.3303795456886292,-0.0000000144413468,-0.6279705762863159,-0.3303795456886292,0.9438481330871582,-0.0000000412569108,-2.1346375942230225,-0.0000000000000000,0.0000000437113883,1.0000000000000000,-0.0000000007109371,0.0000000000000000,0.0000000000000000,0.0000000000000000,1.0000000000000000
M 0.9381456971168518,0.3462407290935516,-0.0000000151346651,-0.6779439449310303,-0.3462407290935516,0.9381456971168518,-0.0000000410076524,-2.2347741127014160,-0.0000000000000000,0.0000000437113883,1.0000000000000000,-0.0000000007109371,0.0000000000000000,0.0000000000000000,0.0000000000000000,1.0000000000000000
M 0.9320395588874817,0.3623564839363098,-0.0000000158391060,-0.7307780981063843,-0.3623564839363098,0.9320395588874817,-0.0000000407407441,-2.3362739086151123,-0.0000000000000000,0.0000000437113883,1.0000000000000000,-0.0000000007109371,0.0000000000000000,0.0000000000000000,0.0000000000000000,1.0000000000000000
M 0.9255142211914062,0.3787128031253815,-0.0000000165540630,-0.7865631580352783,-0.3787128031253815,0.9255142211914062,-0.0000000404555109,-2.4390335083007812,-0.0000000000000000,0.0000000437113883,1.0000000000000000,-0.0000000007109371,0.0000000000000000,0.0000000000000000,0.0000000000000000,1.0000000000000000
M 0.9185541272163391,0.3952951729297638,-0.0000000172789001,-0.8453917503356934,-0.3952951729297638,0.9185541272163391,-0.0000000401512779,-2.5429439544677734,-0.0000000000000000,0.0000000437113883,1.0000000000000000,-0.0000000007109371,0.0000000000000000,0.0000000000000000,0.0000000000000000,1.0000000000000000
M 0.9111439585685730,0.4120882451534271,-0.0000000180129494,-0.9073525667190552,-0.4120882451534271,0.9111439585685730,-0.0000000398273663,-2.6478929519653320,-0.0000000000000000,0.0000000437113883,1.0000000000000000,-0.0000000007109371,0.0000000000000000,0.0000000000000000,0.0000000000000000,1.0000000000000000
M 0.9032683968544006,0.4290760457515717,-0.0000000187555091,-0.9725337028503418,-0.4290760457515717,0.9032683968544006,-0.0000000394831154,-2.7537627220153809,-0.0000000000000000,0.0000000437113883,1.0000000000000000,-0.0000000007109371,0.0000000000000000,0.0000000000000000,0.0000000000000000,1.0000000000000000
M 0.8949125409126282,0.4462415575981140,-0.0000000195058423,-1.0410201549530029,-0.4462415575981140,0.8949125409126282,-0.0000000391178681,-2.8604295253753662,-0.0000000000000000,0.0000000437113883,1.0000000000000000,-0.0000000007109371,0.0000000000000000,0.0000000000000000,0.0000000000000000,1.0000000000000000
M 0.8860616683959961,0.4635673463344574,-0.0000000202631725,-1.1128960847854614,-0.4635673463344574,0.8860616683959961,-0.0000000387309846,-2.9677674770355225,-0.0000000000000000,0.0000000437113883,1.0000000000000000,-0.0000000007109371,0.0000000000000000,0.0000000000000000,0.0000000000000000,1.0000000000000000
M 0.8767012953758240,0.4810351431369781,-0.0000000210267146,-1.1882420778274536,-0.4810351431369781,0.8767012953758240,-0.0000000383218293,-3.0756437778472900,-0.0000000000000000,0.0000000437113883,1.0000000000000000,-0.0000000007109371,0.0000000000000000,0.0000000000000000,0.0000000000000000,1.0000000000000000
M 0.8668173551559448,0.4986257553100586,-0.0000000217956249,-1.2671362161636353,-0.4986257553100586,0.8668173551559448,-0.0000000378897909,-3.1839218139648438,-0.0000000000000000,0.0000000437113883,1.0000000000000000,-0.0000000007109371,0.0000000000000000,0.0000000000000000,0.0000000000000000,1.0000000000000000
M 0.8563960790634155,0.5163193941116333,-0.0000000225690382,-1.3496540784835815,-0.5163193941116333,0.8563960790634155,-0.0000000374342619,-3.2924597263336182,-0.0000000000000000,0.0000000437113883,1.0000000000000000,-0.0000000007109371,0.0000000000000000,0.0000000000000000,0.0000000000000000,1.0000000000000000
M 0.8454242348670959,0.5340954065322876,-0.0000000233460558,-1.4358663558959961,-0.5340954065322876,0.8454242348670959,-0.0000000369546740,-3.4011116027832031,-0.0000000000000000,0.0000000437113883,1.0000000000000000,-0.0000000007109371,0.0000000000000000,0.0000000000000000,0.0000000000000000,1.0000000000000000
M 0.8338889479637146,0.5519322752952576,-0.0000000241257254,-1.5258411169052124,-0.5519322752952576,0.8338889479637146,-0.0000000364504444,-3.5097250938415527,-0.0000000000000000,0.0000000437113883,1.0000000000000000,-0.0000000007109371,0.0000000000000000,0.0000000000000000,0.0000000000000000,1.0000000000000000
M 0.8217778205871582,0.5698080062866211,-0.0000000249070986,-1.6196428537368774,-0.5698080062866211,0.8217778205871582,-0.0000000359210510,-3.6181457042694092,-0.0000000000000000,0.0000000437113883,1.0000000000000000,-0.0000000007109371,0.0000000000000000,0.0000000000000000,0.0000000000000000,1.0000000000000000
M 0.8090792298316956,0.5876995921134949,-0.0000000256891681,-1.7173311710357666,-0.5876995921134949,0.8090792298316956,-0.0000000353659750,-3.7262125015258789,-0.0000000000000000,0.0000000437113883,1.0000000000000000,-0.0000000007109371,0.0000000000000000,0.0000000000000000,0.0000000000000000,1.0000000000000000
M 0.7957822084426880,0.6055828928947449,-0.0000000264708682,-1.8189584016799927,-0.6055828928947449,0.7957822084426880,-0.0000000347847440,-3.8337578773498535,-0.0000000000000000,0.0000000437113883,1.0000000000000000,-0.0000000007109371,0.0000000000000000,0.0000000000000000,0.0000000000000000,1.0000000000000000
M 0.7818760275840759,0.6234338879585266,-0.0000000272511613,-1.9245773553848267,-0.6234338879585266,0.7818760275840759,-0.0000000341768853,-3.9406151771545410,-0.0000000000000000,0.0000000437113883,1.0000000000000000,-0.0000000007109371,0.0000000000000000,0.0000000000000000,0.0000000000000000,1.0000000000000000
M 0.7673511505126953,0.6412271261215210,-0.0000000280289285,-2.0342309474945068,-0.6412271261215210,0.7673511505126953,-0.0000000335419870,-4.0466089248657227,-0.0000000000000000,0.0000000437113883,1.0000000000000000,-0.0000000007109371,0.0000000000000000,0.0000000000000000,0.0000000000000000,1.0000000000000000
M 0.7521986365318298,0.6589364409446716,-0.0000000288030293,-2.1479573249816895,-0.6589364409446716,0.7521986365318298,-0.0000000328796474,-4.1515593528747559,-0.0000000000000000,0.0000000437113883,1.0000000000000000,-0.0000000007109371,0.0000000000000000,0.0000000000000000,0.0000000000000000,1.0000000000000000
M 0.7364102005958557,0.6765353083610535,-0.0000000295722984,-2.2657907009124756,-0.6765353083610535,0.7364102005958557,-0.0000000321895151,-4.2552857398986816,-0.0000000000000000,0.0000000437113883,1.0000000000000000,-0.0000000007109371,0.0000000000000000,0.0000000000000000,0.0000000000000000,1.0000000000000000
M 0.7199786901473999,0.6939961910247803,-0.0000000303355385,-2.3877568244934082,-0.6939961910247803,0.7199786901473999,-0.0000000314712700,-4.3576011657714844,-0.0000000000000000,0.0000000437113883,1.0000000000000000,-0.0000000007109371,0.0000000000000000,0.0000000000000000,0.0000000000000000,1.0000000000000000
M 0.7028977274894714,0.7112908959388733,-0.0000000310915134,-2.5138754844665527,-0.7112908959388733,0.7028977274894714,-0.0000000307246353,-4.4583134651184082,-0.0000000000000000,0.0000000437113883,1.0000000000000000,-0.0000000007109371,0.0000000000000000,0.0000000000000000,0.0000000000000000,1.0000000000000000
M 0.6851620674133301,0.7283906936645508,-0.0000000318389723,-2.6441588401794434,-0.7283906936645508,0.6851620674133301,-0.0000000299493870,-4.5572299957275391,-0.0000000000000000,0.0000000437113883,1.0000000000000000,-0.0000000007109371,0.0000000000000000,0.0000000000000000,0.0000000000000000,1.0000000000000000
M 0.6667672991752625,0.7452659606933594,-0.0000000325766116,-2.7786133289337158,-0.7452659606933594,0.6667672991752625,-0.0000000291453244,-4.6541523933410645,-0.0000000000000000,0.0000000437113883,1.0000000000000000,-0.0000000007109371,0.0000000000000000,0.0000000000000000,0.0000000000000000,1.0000000000000000
M 0.6477101445198059,0.7618868350982666,-0.0000000333031309,-2.9172368049621582,-0.7618868350982666,0.6477101445198059,-0.0000000283123089,-4.7488803863525391,-0.0000000000000000,0.0000000437113883,1.0000000000000000,-0.0000000007109371,0.0000000000000000,0.0000000000000000,0.0000000000000000,1.0000000000000000
M 0.6279885172843933,0.7782225608825684,-0.0000000340171873,-3.0600190162658691,-0.7782225608825684,0.6279885172843933,-0.0000000274502501,-4.8412094116210938,-0.0000000000000000,0.0000000437113883,1.0000000000000000,-0.0000000007109371,0.0000000000000000,0.0000000000000000,0.0000000000000000,1.0000000000000000
M 0.6076015830039978,0.7942419648170471,-0.0000000347174200,-3.2069420814514160,-0.7942419648170471,0.6076015830039978,-0.0000000265591087,-4.9309344291687012,-0.0000000000000000,0.0000000437113883,1.0000000000000000,-0.0000000007109371,0.0000000000000000,0.0000000000000000,0.0000000000000000,1.0000000000000000
M 0.5865494012832642,0.8099134564399719,-0.0000000354024401,-3.3579795360565186,-0.8099134564399719,0.5865494012832642,-0.0000000256388883,-5.0178461074829102,-0.0000000000000000,0.0000000437113883,1.0000000000000000,-0.0000000007109371,0.0000000000000000,0.0000000000000000,0.0000000000000000,1.0000000000000000
M 0.5648338198661804,0.8252046704292297,-0.0000000360708405,-3.5130949020385742,-0.8252046704292297,0.5648338198661804,-0.0000000246896743,-5.1017327308654785,-0.0000000000000000,0.0000000437113883,1.0000000000000000,-0.0000000007109371,0.0000000000000000,0.0000000000000000,0.0000000000000000,1.0000000000000000
M 0.5424576401710510,0.8400831818580627,-0.0000000367212039,-3.6722440719604492,-0.8400831818580627,0.5424576401710510,-0.0000000237115803,-5.1823830604553223,-0.0000000000000000,0.0000000437113883,1.0000000000000000,-0.0000000007109371,0.0000000000000000,0.0000000000000000,0.0000000000000000,1.0000000000000000
M 0.5194247961044312,0.8545161485671997,-0.0000000373520876,-3.8353757858276367,-0.8545161485671997,0.5194247961044312,-0.0000000227047785,-5.2595829963684082,-0.0000000000000000,0.0000000437113883,1.0000000000000000,-0.0000000007109371,0.0000000000000000,0.0000000000000000,0.0000000000000000,1.0000000000000000
M 0.4957413673400879,0.8684701919555664,-0.0000000379620388,-4.0024237632751465,-0.8684701919555664,0.4957413673400879,-0.0000000216695426,-5.3331179618835449,-0.0000000000000000,0.0000000437113883,1.0000000000000000,-0.0000000007109371,0.0000000000000000,0.0000000000000000,0.0000000000000000,1.0000000000000000
M 0.4714143276214600,0.8819118738174438,-0.0000000385495937,-4.1733155250549316,-0.8819118738174438,0.4714143276214600,-0.0000000206061745,-5.4027724266052246,-0.0000000000000000,0.0000000437113883,1.0000000000000000,-0.0000000007109371,0.0000000000000000,0.0000000000000000,0.0000000000000000,1.0000000000000000
M 0.4464523196220398,0.8948074579238892,-0.0000000391132851,-4.3479681015014648,-0.8948074579238892,0.4464523196220398,-0.0000000195150545,-5.4683299064636230,-0.0000000000000000,0.0000000437113883,1.0000000000000000,-0.0000000007109371,0.0000000000000000,0.0000000000000000,0.0000000000000000,1.0000000000000000
M 0.4208655953407288,0.9071230292320251,-0.0000000396516064,-4.5262875556945801,-0.9071230292320251,0.4208655953407288,-0.0000000183966193,-5.5295763015747070,-0.0000000000000000,0.0000000437113883,1.0000000000000000,-0.0000000007109371,0.0000000000000000,0.0000000000000000,0.0000000000000000,1.0000000000000000
M 0.3946655690670013,0.9188248515129089,-0.0000000401631155,-4.7081723213195801,-0.9188248515129089,0.3946655690670013,-0.0000000172513790,-5.5862975120544434,-0.0000000000000000,0.0000000437113883,1.0000000000000000,-0.0000000007109371,0.0000000000000000,0.0000000000000000,0.0000000000000000,1.0000000000000000
M 0.3678658306598663,0.9298788905143738,-0.0000000406462988,-4.8935060501098633,-0.9298788905143738,0.3678658306598663,-0.0000000160799267,-5.6382799148559570,-0.0000000000000000,0.0000000437113883,1.0000000000000000,-0.0000000007109371,0.0000000000000000,0.0000000000000000,0.0000000000000000,1.0000000000000000
M 0.3404814302921295,0.9402512311935425,-0.0000000410996854,-5.0821628570556641,-0.9402512311935425,0.3404814302921295,-0.0000000148829162,-5.6853103637695312,-0.0000000000000000,0.0000000437113883,1.0000000000000000,-0.0000000007109371,0.0000000000000000,0.0000000000000000,0.0000000000000000,1.0000000000000000
M 0.3125287890434265,0.9499083161354065,-0.0000000415218189,-5.2740092277526855,-0.9499083161354065,0.3125287890434265,-0.0000000136610687,-5.7271814346313477,-0.0000000000000000,0.0000000437113883,1.0000000000000000,-0.0000000007109371,0.0000000000000000,0.0000000000000000,0.0000000000000000,1.0000000000000000
M 0.2840260863304138,0.9588165283203125,-0.0000000419111998,-5.4688978195190430,-0.9588165283203125,0.2840260863304138,-0.0000000124151747,-5.7636861801147461,-0.0000000000000000,0.0000000437113883,1.0000000000000000,-0.0000000007109371,0.0000000000000000,0.0000000000000000,0.0000000000000000,1.0000000000000000
M 0.2549937069416046,0.9669427275657654,-0.0000000422664144,-5.6666688919067383,-0.9669427275657654,0.2549937069416046,-0.0000000111461294,-5.7946209907531738,-0.0000000000000000,0.0000000437113883,1.0000000000000000,-0.0000000007109371,0.0000000000000000,0.0000000000000000,0.0000000000000000,1.0000000000000000
M 0.2254530191421509,0.9742540121078491,-0.0000000425859952,-5.8671560287475586,-0.9742540121078491,0.2254530191421509,-0.0000000098548645,-5.8197860717773438,-0.0000000000000000,0.0000000437113883,1.0000000000000000,-0.0000000007109371,0.0000000000000000,0.0000000000000000,0.0000000000000000,1.0000000000000000
M 0.1954276561737061,0.9807181358337402,-0.0000000428685567,-6.0701785087585449,-0.9807181358337402,0.1954276561737061,-0.0000000085424148,-5.8389868736267090,-0.0000000000000000,0.0000000437113883,1.0000000000000000,-0.0000000007109371,0.0000000000000000,0.0000000000000000,0.0000000000000000,1.0000000000000000
M 0.1649430543184280,0.9863030910491943,-0.0000000431126779,-6.2755427360534668,-0.9863030910491943,0.1649430543184280,-0.0000000072098909,-5.8520326614379883,-0.0000000000000000,0.0000000437113883,1.0000000000000000,-0.0000000007109371,0.0000000000000000,0.0000000000000000,0.0000000000000000,1.0000000000000000
M 0.1340257227420807,0.9909778833389282,-0.0000000433170264,-6.4830508232116699,-0.9909778833389282,0.1340257227420807,-0.0000000058584506,-5.8587388992309570,-0.0000000000000000,0.0000000437113883,1.0000000000000000,-0.0000000007109371,0.0000000000000000,0.0000000000000000,0.0000000000000000,1.0000000000000000
M 0.1027047336101532,0.9947118759155273,-0.0000000434802381,-6.6924862861633301,-0.9947118759155273,0.1027047336101532,-0.0000000044893667,-5.8589277267456055,-0.0000000000000000,0.0000000437113883,1.0000000000000000,-0.0000000007109371,0.0000000000000000,0.0000000000000000,0.0000000000000000,1.0000000000000000
M 0.0710104554891586,0.9974755644798279,-0.0000000436010410,-6.9036264419555664,-0.9974755644798279,0.0710104554891586,-0.0000000031039655,-5.8524270057678223,-0.0000000000000000,0.0000000437113883,1.0000000000000000,-0.0000000007109371,0.0000000000000000,0.0000000000000000,0.0000000000000000,1.0000000000000000
M 0.0389749780297279,0.9992401599884033,-0.0000000436781740,-7.1162366867065430,-0.9992401599884033,0.0389749780297279,-0.0000000017036507,-5.8390722274780273,-0.0000000000000000,0.0000000437113883,1.0000000000000000,-0.0000000007109371,0.0000000000000000,0.0000000000000000,0.0000000000000000,1.0000000000000000
M 0.0066324742510915,0.9999780058860779,-0.0000000437104255,-7.3300704956054688,-0.9999780058860779,0.0066324742510915,-0.0000000002899147,-5.8187079429626465,-0.0000000000000000,0.0000000437113883,1.0000000000000000,-0.0000000007109371,0.0000000000000000,0.0000000000000000,0.0000000000000000,1.0000000000000000
M -0.0259817652404308,0.9996623992919922,-0.0000000436966303,-7.5448746681213379,-0.9996623992919922,-0.0259817652404308,0.0000000011356990,-5.7911858558654785,-0.0000000000000000,0.0000000437113883,1.0000000000000000,-0.0000000007109371,0.0000000000000000,0.0000000000000000,0.0000000000000000,1.0000000000000000
M -0.0588304102420807,0.9982680082321167,-0.0000000436356800,-7.7603826522827148,-0.9982680082321167,-0.0588304102420807,0.0000000025715590,-5.7563672065734863,-0.0000000000000000,0.0000000437113883,1.0000000000000000,-0.0000000007109371,0.0000000000000000,0.0000000000000000,0.0000000000000000,1.0000000000000000
M -0.0918737649917603,0.9957706332206726,-0.0000000435265157,-7.9763140678405762,-0.9957706332206726,-0.0918737649917603,0.0000000040159298,-5.7141237258911133,-0.0000000000000000,0.0000000437113883,1.0000000000000000,-0.0000000007109371,0.0000000000000000,0.0000000000000000,0.0000000000000000,1.0000000000000000
M -0.1250723004341125,0.9921476244926453,-0.0000000433681500,-8.1923904418945312,-0.9921476244926453,-0.1250723004341125,0.0000000054670837,-5.6643376350402832,-0.0000000000000000,0.0000000437113883,1.0000000000000000,-0.0000000007109371,0.0000000000000000,0.0000000000000000,0.0000000000000000,1.0000000000000000
M -0.1583832353353500,0.9873777031898499,-0.0000000431596519,-8.4083137512207031,-0.9873777031898499,-0.1583832353353500,0.0000000069231509,-5.6069011688232422,-0.0000000000000000,0.0000000437113883,1.0000000000000000,-0.0000000007109371,0.0000000000000000,0.0000000000000000,0.0000000000000000,1.0000000000000000
M -0.1917626410722733,0.9814413189888000,-0.0000000429001616,-8.6237783432006836,-0.9814413189888000,-0.1917626410722733,0.0000000083822114,-5.5417194366455078,-0.0000000000000000,0.0000000437113883,1.0000000000000000,-0.0000000007109371,0.0000000000000000,0.0000000000000000,0.0000000000000000,1.0000000000000000
M -0.2251658886671066,0.9743204712867737,-0.0000000425889013,-8.8384761810302734,-0.9743204712867737,-0.2251658886671066,0.0000000098423136,-5.4687094688415527,-0.0000000000000000,0.0000000437113883,1.0000000000000000,-0.0000000007109371,0.0000000000000000,0.0000000000000000,0.0000000000000000,1.0000000000000000
M -0.2585462331771851,0.9659988880157471,-0.0000000422251532,-9.0520868301391602,-0.9659988880157471,-0.2585462331771851,0.0000000113014149,-5.3877997398376465,-0.0000000000000000,0.0000000437113883,1.0000000000000000,-0.0000000007109371,0.0000000000000000,0.0000000000000000,0.0000000000000000,1.0000000000000000
M -0.2918553948402405,0.9564624428749084,-0.0000000418083026,-9.2642803192138672,-0.9564624428749084,-0.2918553948402405,0.0000000127574067,-5.2989354133605957,-0.0000000000000000,0.0000000437113883,1.0000000000000000,-0.0000000007109371,0.0000000000000000,0.0000000000000000,0.0000000000000000,1.0000000000000000
M -0.3250443935394287,0.9456987380981445,-0.0000000413378061,-9.4747238159179688,-0.9456987380981445,-0.3250443935394287,0.0000000142081413,-5.2020726203918457,-0.0000000000000000,0.0000000437113883,1.0000000000000000,-0.0000000007109371,0.0000000000000000,0.0000000000000000,0.0000000000000000,1.0000000000000000
M -0.3580628633499146,0.9336974620819092,-0.0000000408132124,-9.6830768585205078,-0.9336974620819092,-0.3580628633499146,0.0000000156514250,-5.0971822738647461,-0.0000000000000000,0.0000000437113883,1.0000000000000000,-0.0000000007109371,0.0000000000000000,0.0000000000000000,0.0000000000000000,1.0000000000000000
M -0.3908587694168091,0.9204506874084473,-0.0000000402341840,-9.8889913558959961,-0.9204506874084473,-0.3908587694168091,0.0000000170849788,-4.9842534065246582,-0.0000000000000000,0.0000000437113883,1.0000000000000000,-0.0000000007109371,0.0000000000000000,0.0000000000000000,0.0000000000000000,1.0000000000000000
M -0.4233796596527100,0.9059523344039917,-0.0000000396004332,-10.0921163558959961,-0.9059523344039917,-0.4233796596527100,0.0000000185065154,-4.8632864952087402,-0.0000000000000000,0.0000000437113883,1.0000000000000000,-0.0000000007109371,0.0000000000000000,0.0000000000000000,0.0000000000000000,1.0000000000000000
M -0.4555723071098328,0.8901987671852112,-0.0000000389118249,-10.2920980453491211,-0.8901987671852112,-0.4555723071098328,0.0000000199136974,-4.7342987060546875,-0.0000000000000000,0.0000000437113883,1.0000000000000000,-0.0000000007109371,0.0000000000000000,0.0000000000000000,0.0000000000000000,1.0000000000000000
M -0.4873816967010498,0.8731890320777893,-0.0000000381683130,-10.4885721206665039,-0.8731890320777893,-0.4873816967010498,0.0000000213041300,-4.5973272323608398,-0.0000000000000000,0.0000000437113883,1.0000000000000000,-0.0000000007109371,0.0000000000000000,0.0000000000000000,0.0000000000000000,1.0000000000000000
M -0.5187523961067200,0.8549244999885559,-0.0000000373699365,-10.6811752319335938,-0.8549244999885559,-0.5187523961067200,0.0000000226753869,-4.4524240493774414,-0.0000000000000000,0.0000000437113883,1.0000000000000000,-0.0000000007109371,0.0000000000000000,0.0000000000000000,0.0000000000000000,1.0000000000000000
M -0.5496293902397156,0.8354086279869080,-0.0000000365168695,-10.8695468902587891,-0.8354086279869080,-0.5496293902397156,0.0000000240250628,-4.2996554374694824,-0.0000000000000000,0.0000000437113883,1.0000000000000000,-0.0000000007109371,0.0000000000000000,0.0000000000000000,0.0000000000000000,1.0000000000000000
M -0.5799558162689209,0.8146479129791260,-0.0000000356093928,-11.0533161163330078,-0.8146479129791260,-0.5799558162689209,0.0000000253506780,-4.1391077041625977,-0.0000000000000000,0.0000000437113883,1.0000000000000000,-0.0000000007109371,0.0000000000000000,0.0000000000000000,0.0000000000000000,1.0000000000000000
M -0.6096744537353516,0.7926518917083740,-0.0000000346479148,-11.2321157455444336,-0.7926518917083740,-0.6096744537353516,0.0000000266497207,-3.9708883762359619,-0.0000000000000000,0.0000000437113883,1.0000000000000000,-0.0000000007109371,0.0000000000000000,0.0000000000000000,0.0000000000000000,1.0000000000000000
M -0.6387293934822083,0.7694314718246460,-0.0000000336329187,-11.4055824279785156,-0.7694314718246460,-0.6387293934822083,0.0000000279197483,-3.7951138019561768,-0.0000000000000000,0.0000000437113883,1.0000000000000000,-0.0000000007109371,0.0000000000000000,0.0000000000000000,0.0000000000000000,1.0000000000000000
M -0.6670619845390320,0.7450022101402283,-0.0000000325650795,-11.5733442306518555,-0.7450022101402283,-0.6670619845390320,0.0000000291582083,-3.6119320392608643,-0.0000000000000000,0.0000000437113883,1.0000000000000000,-0.0000000007109371,0.0000000000000000,0.0000000000000000,0.0000000000000000,1.0000000000000000
M -0.6946154236793518,0.7193812727928162,-0.0000000314451540,-11.7350387573242188,-0.7193812727928162,-0.6946154236793518,0.0000000303626067,-3.4215002059936523,-0.0000000000000000,0.0000000437113883,1.0000000000000000,-0.0000000007109371,0.0000000000000000,0.0000000000000000,0.0000000000000000,1.0000000000000000
M -0.7213331460952759,0.6925882697105408,-0.0000000302739949,-11.8903083801269531,-0.6925882697105408,-0.7213331460952759,0.0000000315304760,-3.2239923477172852,-0.0000000000000000,0.0000000437113883,1.0000000000000000,-0.0000000007109371,0.0000000000000000,0.0000000000000000,0.0000000000000000,1.0000000000000000
M -0.7471576333045959,0.6646469235420227,-0.0000000290526430,-12.0387916564941406,-0.6646469235420227,-0.7471576333045959,0.0000000326593010,-3.0196089744567871,-0.0000000000000000,0.0000000437113883,1.0000000000000000,-0.0000000007109371,0.0000000000000000,0.0000000000000000,0.0000000000000000,1.0000000000000000
M -0.7720326185226440,0.6355828642845154,-0.0000000277822050,-12.1801395416259766,-0.6355828642845154,-0.7720326185226440,0.0000000337466162,-2.8085637092590332,-0.0000000000000000,0.0000000437113883,1.0000000000000000,-0.0000000007109371,0.0000000000000000,0.0000000000000000,0.0000000000000000,1.0000000000000000
M -0.7959019541740417,0.6054255366325378,-0.0000000264639937,-12.3140029907226562,-0.6054255366325378,-0.7959019541740417,0.0000000347899807,-2.5910940170288086,-0.0000000000000000,0.0000000437113883,1.0000000000000000,-0.0000000007109371,0.0000000000000000,0.0000000000000000,0.0000000000000000,1.0000000000000000
M -0.8187106251716614,0.5742063522338867,-0.0000000250993608,-12.4400444030761719,-0.5742063522338867,-0.8187106251716614,0.0000000357869858,-2.3674502372741699,-0.0000000000000000,0.0000000437113883,1.0000000000000000,-0.0000000007109371,0.0000000000000000,0.0000000000000000,0.0000000000000000,1.0000000000000000
M -0.8404038548469543,0.5419606566429138,-0.0000000236898519,-12.5579299926757812,-0.5419606566429138,-0.8404038548469543,0.0000000367352264,-2.1379079818725586,-0.0000000000000000,0.0000000437113883,1.0000000000000000,-0.0000000007109371,0.0000000000000000,0.0000000000000000,0.0000000000000000,1.0000000000000000
M -0.8609291911125183,0.5087248682975769,-0.0000000222370744,-12.6673431396484375,-0.5087248682975769,-0.8609291911125183,0.0000000376324110,-1.9027483463287354,-0.0000000000000000,0.0000000437113883,1.0000000000000000,-0.0000000007109371,0.0000000000000000,0.0000000000000000,0.0000000000000000,1.0000000000000000
M -0.8802333474159241,0.4745410978794098,-0.0000000207428545,-12.7679643630981445,-0.4745410978794098,-0.8802333474159241,0.0000000384762231,-1.6622904539108276,-0.0000000000000000,0.0000000437113883,1.0000000000000000,-0.0000000007109371,0.0000000000000000,0.0000000000000000,0.0000000000000000,1.0000000000000000
M -0.8982660174369812,0.4394521117210388,-0.0000000192090646,-12.8594951629638672,-0.4394521117210388,-0.8982660174369812,0.0000000392644530,-1.4168555736541748,-0.0000000000000000,0.0000000437113883,1.0000000000000000,-0.0000000007109371,0.0000000000000000,0.0000000000000000,0.0000000000000000,1.0000000000000000
M -0.9149779081344604,0.4035039842128754,-0.0000000176377188,-12.9416475296020508,-0.4035039842128754,-0.9149779081344604,0.0000000399949620,-1.1667861938476562,-0.0000000000000000,0.0000000437113883,1.0000000000000000,-0.0000000007109371,0.0000000000000000,0.0000000000000000,0.0000000000000000,1.0000000000000000
M -0.9303210973739624,0.3667460381984711,-0.0000000160309774,-13.0141420364379883,-0.3667460381984711,-0.9303210973739624,0.0000000406656255,-0.9124447703361511,-0.0000000000000000,0.0000000437113883,1.0000000000000000,-0.0000000007109371,0.0000000000000000,0.0000000000000000,0.0000000000000000,1.0000000000000000
M -0.9442495107650757,0.3292306661605835,-0.0000000143911292,-13.0767183303833008,-0.3292306661605835,-0.9442495107650757,0.0000000412744576,-0.6542127132415771,-0.0000000000000000,0.0000000437113883,1.0000000000000000,-0.0000000007109371,0.0000000000000000,0.0000000000000000,0.0000000000000000,1.0000000000000000
M -0.9567193388938904,0.2910121977329254,-0.0000000127205491,-13.1291284561157227,-0.2910121977329254,-0.9567193388938904,0.0000000418195292,-0.3924821615219116,-0.0000000000000000,0.0000000437113883,1.0000000000000000,-0.0000000007109371,0.0000000000000000,0.0000000000000000,0.0000000000000000,1.0000000000000000
M -0.9676889181137085,0.2521471381187439,-0.0000000110217018,-13.1711416244506836,-0.2521471381187439,-0.9676889181137085,0.0000000422990247,-0.1276586651802063,-0.0000000000000000,0.0000000437113883,1.0000000000000000,-0.0000000007109371,0.0000000000000000,0.0000000000000000,0.0000000000000000,1.0000000000000000
M -0.9771183729171753,0.2126961797475815,-0.0000000092972456,-13.2025423049926758,-0.2126961797475815,-0.9771183729171753,0.0000000427111999,0.1398267149925232,-0.0000000000000000,0.0000000437113883,1.0000000000000000,-0.0000000007109371,0.0000000000000000,0.0000000000000000,0.0000000000000000,1.0000000000000000
M -0.9849707484245300,0.1727212369441986,-0.0000000075498852,-13.2231359481811523,-0.1727212369441986,-0.9849707484245300,0.0000000430544382,0.4095369577407837,-0.0000000000000000,0.0000000437113883,1.0000000000000000,-0.0000000007109371,0.0000000000000000,0.0000000000000000,0.0000000000000000,1.0000000000000000
