O DOOR_11_INTERIOR_LCG_il_LINVERT_CG_dfl
A DOOR_11_INTERIOR_LCG_il_LINVERT_CG_dfl_DOOR_11_INTERIOR_LCG_il_LINVERT_CG_dfl
M 1.0000000000000000,0.0000000000000000,0.0000000000000000,0.0000000000000000,0.0000000000000000,1.0000000000000000,-0.0000000437113883,0.0000000225014460,-0.0000000000000000,0.0000000437113883,1.0000000000000000,-0.0000000578658614,0.0000000000000000,0.0000000000000000,0.0000000000000000,1.0000000000000000
M 0.9999952912330627,0.0000000001339318,0.0030640019103885,-0.0039648390375078,0.0000000000000000,1.0000000000000000,-0.0000000437113883,0.0000000225014460,-0.0030640019103885,0.0000000437111822,0.9999952912330627,-0.0261363945901394,0.0000000000000000,0.0000000000000000,0.0000000000000000,1.0000000000000000
M 0.9999278783798218,0.0000000005250008,0.0120106181129813,-0.0159999318420887,0.0000000000000000,1.0000000000000000,-0.0000000437113883,0.0000000225014460,-0.0120106181129813,0.0000000437082441,0.9999278783798218,-0.1023836508393288,0.0000000000000000,0.0000000000000000,0.0000000000000000,1.0000000000000000
M 0.9996495842933655,0.0000000011570372,0.0264699272811413,-0.0368960052728653,0.0000000000000000,1.0000000000000000,-0.0000000437113883,0.0000000225014460,-0.0264699272811413,0.0000000436960725,0.9996495842933655,-0.2253956943750381,0.0000000000000000,0.0000000000000000,0.0000000000000000,1.0000000000000000
M 0.9989383816719055,0.0000000020136242,0.0460663512349129,-0.0680659636855125,0.0000000000000000,1.0000000000000000,-0.0000000437113883,0.0000000225014460,-0.0460663512349129,0.0000000436649827,0.9989383816719055,-0.3916836380958557,0.0000000000000000,0.0000000000000000,0.0000000000000000,1.0000000000000000
M 0.9975178837776184,0.0000000030778862,0.0704138278961182,-0.1113727688789368,0.0000000000000000,1.0000000000000000,-0.0000000437113883,0.0000000225014460,-0.0704138278961182,0.0000000436028991,0.9975178837776184,-0.5975995063781738,0.0000000000000000,0.0000000000000000,0.0000000000000000,1.0000000000000000
M 0.9950764179229736,0.0000000043322714,0.0991108193993568,-0.1689628362655640,0.0000000000000000,1.0000000000000000,-0.0000000437113883,0.0000000225014460,-0.0991108193993568,0.0000000434961720,0.9950764179229736,-0.8393182158470154,0.0000000000000000,0.0000000000000000,0.0000000000000000,1.0000000000000000
M 0.9912848472595215,0.0000000057583609,0.1317359209060669,-0.2431039810180664,0.0000000000000000,1.0000000000000000,-0.0000000437113883,0.0000000225014460,-0.1317359209060669,0.0000000433304379,0.9912848472595215,-1.1128224134445190,0.0000000000000000,0.0000000000000000,0.0000000000000000,1.0000000000000000
M 0.9858134388923645,0.0000000073367246,0.1678446680307388,-0.3360392749309540,0.0000000000000000,1.0000000000000000,-0.0000000437113883,0.0000000225014460,-0.1678446680307388,0.0000000430912728,0.9858134388923645,-1.4138979911804199,0.0000000000000000,0.0000000000000000,0.0000000000000000,1.0000000000000000
M 0.9783476591110229,0.0000000090468655,0.2069681584835052,-0.4498526751995087,0.0000000000000000,1.0000000000000000,-0.0000000437113883,0.0000000225014460,-0.2069681584835052,0.0000000427649347,0.9783476591110229,-1.7381409406661987,0.0000000000000000,0.0000000000000000,0.0000000000000000,1.0000000000000000
M 0.9686027765274048,0.0000000108672396,0.2486134618520737,-0.5863417387008667,0.0000000000000000,1.0000000000000000,-0.0000000437113883,0.0000000225014460,-0.2486134618520737,0.0000000423389714,0.9686027765274048,-2.0809810161590576,0.0000000000000000,0.0000000000000000,0.0000000000000000,1.0000000000000000
M 0.9563369750976562,0.0000000127753701,0.2922663688659668,-0.7469115853309631,0.0000000000000000,1.0000000000000000,-0.0000000437113883,0.0000000225014460,-0.2922663688659668,0.0000000418028243,0.9563369750976562,-2.4377207756042480,0.0000000000000000,0.0000000000000000,0.0000000000000000,1.0000000000000000
M 0.9413628578186035,0.0000000147480437,0.3373958766460419,-0.9324803948402405,0.0000000000000000,1.0000000000000000,-0.0000000437113883,0.0000000225014460,-0.3373958766460419,0.0000000411482759,0.9413628578186035,-2.8035902976989746,0.0000000000000000,0.0000000000000000,0.0000000000000000,1.0000000000000000
M 0.9235570430755615,0.0000000167616214,0.3834611475467682,-1.1434087753295898,0.0000000000000000,1.0000000000000000,-0.0000000437113883,0.0000000225014460,-0.3834611475467682,0.0000000403699616,0.9235570430755615,-3.1738164424896240,0.0000000000000000,0.0000000000000000,0.0000000000000000,1.0000000000000000
M 0.9028672575950623,0.0000000187923721,0.4299193620681763,-1.3794461488723755,0.0000000000000000,1.0000000000000000,-0.0000000437113883,0.0000000225014460,-0.4299193620681763,0.0000000394655828,0.9028672575950623,-3.5437006950378418,0.0000000000000000,0.0000000000000000,0.0000000000000000,1.0000000000000000
M 0.8793175220489502,0.0000000208169340,0.4762359261512756,-1.6397037506103516,0.0000000000000000,1.0000000000000000,-0.0000000437113883,0.0000000225014460,-0.4762359261512756,0.0000000384361911,0.8793175220489502,-3.9087133407592773,0.0000000000000000,0.0000000000000000,0.0000000000000000,1.0000000000000000
M 0.8530102968215942,0.0000000228127135,0.5218940377235413,-1.9226450920104980,0.0000000000000000,1.0000000000000000,-0.0000000437113883,0.0000000225014460,-0.5218940377235413,0.0000000372862630,0.8530102968215942,-4.2645759582519531,0.0000000000000000,0.0000000000000000,0.0000000000000000,1.0000000000000000
M 0.8241262435913086,0.0000000247584051,0.5664061903953552,-2.2261040210723877,0.0000000000000000,1.0000000000000000,-0.0000000437113883,0.0000000225014460,-0.5664061903953552,0.0000000360237102,0.8241262435913086,-4.6073598861694336,0.0000000000000000,0.0000000000000000,0.0000000000000000,1.0000000000000000
M 0.7929217815399170,0.0000000266343694,0.6093234419822693,-2.5473184585571289,0.0000000000000000,1.0000000000000000,-0.0000000437113883,0.0000000225014460,-0.6093234419822693,0.0000000346597133,0.7929217815399170,-4.9335641860961914,0.0000000000000000,0.0000000000000000,0.0000000000000000,1.0000000000000000
M 0.7597237825393677,0.0000000284231518,0.6502459049224854,-2.8829863071441650,0.0000000000000000,1.0000000000000000,-0.0000000437113883,0.0000000225014460,-0.6502459049224854,0.0000000332085826,0.7597237825393677,-5.2401947975158691,0.0000000000000000,0.0000000000000000,0.0000000000000000,1.0000000000000000
M 0.7249231338500977,0.0000000301097103,0.6888297796249390,-3.2293329238891602,0.0000000000000000,1.0000000000000000,-0.0000000437113883,0.0000000225014460,-0.6888297796249390,0.0000000316873958,0.7249231338500977,-5.5248193740844727,0.0000000000000000,0.0000000000000000,0.0000000000000000,1.0000000000000000
M 0.6889651417732239,0.0000000316817719,0.7247944474220276,-3.5821990966796875,0.0000000000000000,1.0000000000000000,-0.0000000437113883,0.0000000225014460,-0.7247944474220276,0.0000000301156220,0.6889651417732239,-5.7856144905090332,0.0000000000000000,0.0000000000000000,0.0000000000000000,1.0000000000000000
M 0.6523405313491821,0.0000000331300001,0.7579259872436523,-3.9371237754821777,0.0000000000000000,1.0000000000000000,-0.0000000437113883,0.0000000225014460,-0.7579259872436523,0.0000000285147106,0.6523405313491821,-6.0213828086853027,0.0000000000000000,0.0000000000000000,0.0000000000000000,1.0000000000000000
M 0.6155747771263123,0.0000000344480071,0.7880784869194031,-4.2894368171691895,0.0000000000000000,1.0000000000000000,-0.0000000437113883,0.0000000225014460,-0.7880784869194031,0.0000000269076281,0.6155747771263123,-6.2315526008605957,0.0000000000000000,0.0000000000000000,0.0000000000000000,1.0000000000000000
M 0.5792170166969299,0.0000000356323611,0.8151733875274658,-4.6343522071838379,0.0000000000000000,1.0000000000000000,-0.0000000437113883,0.0000000225014460,-0.8151733875274658,0.0000000253183838,0.5792170166969299,-6.4161577224731445,0.0000000000000000,0.0000000000000000,0.0000000000000000,1.0000000000000000
M 0.5438299775123596,0.0000000366824047,0.8391954302787781,-4.9670491218566895,0.0000000000000000,1.0000000000000000,-0.0000000437113883,0.0000000225014460,-0.8391954302787781,0.0000000237715625,0.5438299775123596,-6.5757880210876465,0.0000000000000000,0.0000000000000000,0.0000000000000000,1.0000000000000000
M 0.5099804401397705,0.0000000375999250,0.8601859807968140,-5.2827448844909668,0.0000000000000000,1.0000000000000000,-0.0000000437113883,0.0000000225014460,-0.8601859807968140,0.0000000222919532,0.5099804401397705,-6.7115230560302734,0.0000000000000000,0.0000000000000000,0.0000000000000000,1.0000000000000000
M 0.4782310724258423,0.0000000383888299,0.8782340288162231,-5.5767526626586914,0.0000000000000000,1.0000000000000000,-0.0000000437113883,0.0000000225014460,-0.8782340288162231,0.0000000209041477,0.4782310724258423,-6.8248419761657715,0.0000000000000000,0.0000000000000000,0.0000000000000000,1.0000000000000000
M 0.4491315484046936,0.0000000390546226,0.8934656381607056,-5.8445434570312500,0.0000000000000000,1.0000000000000000,-0.0000000437113883,0.0000000225014460,-0.8934656381607056,0.0000000196321643,0.4491315484046936,-6.9175257682800293,0.0000000000000000,0.0000000000000000,0.0000000000000000,1.0000000000000000
M 0.4232155084609985,0.0000000396037869,0.9060290455818176,-6.0817551612854004,0.0000000000000000,1.0000000000000000,-0.0000000437113883,0.0000000225014460,-0.9060290455818176,0.0000000184993372,0.4232155084609985,-6.9915208816528320,0.0000000000000000,0.0000000000000000,0.0000000000000000,1.0000000000000000
M 0.4009942412376404,0.0000000400431546,0.9160805940628052,-6.2842249870300293,0.0000000000000000,1.0000000000000000,-0.0000000437113883,0.0000000225014460,-0.9160805940628052,0.0000000175280146,0.4009942412376404,-7.0488181114196777,0.0000000000000000,0.0000000000000000,0.0000000000000000,1.0000000000000000
M 0.3829543590545654,0.0000000403791489,0.9237672686576843,-6.4479894638061523,0.0000000000000000,1.0000000000000000,-0.0000000437113883,0.0000000225014460,-0.9237672686576843,0.0000000167394685,0.3829543590545654,-7.0912938117980957,0.0000000000000000,0.0000000000000000,0.0000000000000000,1.0000000000000000
M 0.3695552349090576,0.0000000406170031,0.9292087554931641,-6.5692825317382812,0.0000000000000000,1.0000000000000000,-0.0000000437113883,0.0000000225014460,-0.9292087554931641,0.0000000161537717,0.3695552349090576,-7.1205577850341797,0.0000000000000000,0.0000000000000000,0.0000000000000000,1.0000000000000000
M 0.3612270355224609,0.0000000407599110,0.9324778914451599,-6.6445274353027344,0.0000000000000000,1.0000000000000000,-0.0000000437113883,0.0000000225014460,-0.9324778914451599,0.0000000157897357,0.3612270355224609,-7.1377825736999512,0.0000000000000000,0.0000000000000000,0.0000000000000000,1.0000000000000000
M 0.3583679795265198,0.0000000408080965,0.9335803985595703,-6.6703333854675293,0.0000000000000000,1.0000000000000000,-0.0000000437113883,0.0000000225014460,-0.9335803985595703,0.0000000156647637,0.3583679795265198,-7.1435270309448242,0.0000000000000000,0.0000000000000000,0.0000000000000000,1.0000000000000000
M 0.3583679795265198,0.0000000408080965,0.9335803985595703,-6.6703333854675293,0.0000000000000000,1.0000000000000000,-0.0000000437113883,0.0000000225014460,-0.9335803985595703,0.0000000156647637,0.3583679795265198,-7.1435270309448242,0.0000000000000000,0.0000000000000000,0.0000000000000000,1.0000000000000000
M 0.3583679795265198,0.0000000408080965,0.9335803985595703,-6.6703333854675293,0.0000000000000000,1.0000000000000000,-0.0000000437113883,0.0000000225014460,-0.9335803985595703,0.0000000156647637,0.3583679795265198,-7.1435270309448242,0.0000000000000000,0.0000000000000000,0.0000000000000000,1.0000000000000000
M 0.3583679795265198,0.0000000408080965,0.9335803985595703,-6.6703333854675293,0.0000000000000000,1.0000000000000000,-0.0000000437113883,0.0000000225014460,-0.9335803985595703,0.0000000156647637,0.3583679795265198,-7.1435270309448242,0.0000000000000000,0.0000000000000000,0.0000000000000000,1.0000000000000000
M 0.3583679795265198,0.0000000408080965,0.9335803985595703,-6.6703333854675293,0.0000000000000000,1.0000000000000000,-0.0000000437113883,0.0000000225014460,-0.9335803985595703,0.0000000156647637,0.3583679795265198,-7.1435270309448242,0.0000000000000000,0.0000000000000000,0.0000000000000000,1.0000000000000000
M 0.3583679795265198,0.0000000408080965,0.9335803985595703,-6.6703333854675293,0.0000000000000000,1.0000000000000000,-0.0000000437113883,0.0000000225014460,-0.9335803985595703,0.0000000156647637,0.3583679795265198,-7.1435270309448242,0.0000000000000000,0.0000000000000000,0.0000000000000000,1.0000000000000000
M 0.3583679795265198,0.0000000408080965,0.9335803985595703,-6.6703333854675293,0.0000000000000000,1.0000000000000000,-0.0000000437113883,0.0000000225014460,-0.9335803985595703,0.0000000156647637,0.3583679795265198,-7.1435270309448242,0.0000000000000000,0.0000000000000000,0.0000000000000000,1.0000000000000000
M 0.3583679795265198,0.0000000408080965,0.9335803985595703,-6.6703333854675293,0.0000000000000000,1.0000000000000000,-0.0000000437113883,0.0000000225014460,-0.9335803985595703,0.0000000156647637,0.3583679795265198,-7.1435270309448242,0.0000000000000000,0.0000000000000000,0.0000000000000000,1.0000000000000000
M 0.3583679795265198,0.0000000408080965,0.9335803985595703,-6.6703333854675293,0.0000000000000000,1.0000000000000000,-0.0000000437113883,0.0000000225014460,-0.9335803985595703,0.0000000156647637,0.3583679795265198,-7.1435270309448242,0.0000000000000000,0.0000000000000000,0.0000000000000000,1.0000000000000000
M 0.3583679795265198,0.0000000408080965,0.9335803985595703,-6.6703333854675293,0.0000000000000000,1.0000000000000000,-0.0000000437113883,0.0000000225014460,-0.9335803985595703,0.0000000156647637,0.3583679795265198,-7.1435270309448242,0.0000000000000000,0.0000000000000000,0.0000000000000000,1.0000000000000000
M 0.3583679795265198,0.0000000408080965,0.9335803985595703,-6.6703333854675293,0.0000000000000000,1.0000000000000000,-0.0000000437113883,0.0000000225014460,-0.9335803985595703,0.0000000156647637,0.3583679795265198,-7.1435270309448242,0.0000000000000000,0.0000000000000000,0.0000000000000000,1.0000000000000000
M 0.3583679795265198,0.0000000408080965,0.9335803985595703,-6.6703333854675293,0.0000000000000000,1.0000000000000000,-0.0000000437113883,0.0000000225014460,-0.9335803985595703,0.0000000156647637,0.3583679795265198,-7.1435270309448242,0.0000000000000000,0.0000000000000000,0.0000000000000000,1.0000000000000000
M 0.3583679795265198,0.0000000408080965,0.9335803985595703,-6.6703333854675293,0.0000000000000000,1.0000000000000000,-0.0000000437113883,0.0000000225014460,-0.9335803985595703,0.0000000156647637,0.3583679795265198,-7.1435270309448242,0.0000000000000000,0.0000000000000000,0.0000000000000000,1.0000000000000000
M 0.3583679795265198,0.0000000408080965,0.9335803985595703,-6.6703333854675293,0.0000000000000000,1.0000000000000000,-0.0000000437113883,0.0000000225014460,-0.9335803985595703,0.0000000156647637,0.3583679795265198,-7.1435270309448242,0.0000000000000000,0.0000000000000000,0.0000000000000000,1.0000000000000000
M 0.3583679795265198,0.0000000408080965,0.9335803985595703,-6.6703333854675293,0.0000000000000000,1.0000000000000000,-0.0000000437113883,0.0000000225014460,-0.9335803985595703,0.0000000156647637,0.3583679795265198,-7.1435270309448242,0.0000000000000000,0.0000000000000000,0.0000000000000000,1.0000000000000000
M 0.3583679795265198,0.0000000408080965,0.9335803985595703,-6.6703333854675293,0.0000000000000000,1.0000000000000000,-0.0000000437113883,0.0000000225014460,-0.9335803985595703,0.0000000156647637,0.3583679795265198,-7.1435270309448242,0.0000000000000000,0.0000000000000000,0.0000000000000000,1.0000000000000000
M 0.3583679795265198,0.0000000408080965,0.9335803985595703,-6.6703333854675293,0.0000000000000000,1.0000000000000000,-0.0000000437113883,0.0000000225014460,-0.9335803985595703,0.0000000156647637,0.3583679795265198,-7.1435270309448242,0.0000000000000000,0.0000000000000000,0.0000000000000000,1.0000000000000000
M 0.3583679795265198,0.0000000408080965,0.9335803985595703,-6.6703333854675293,0.0000000000000000,1.0000000000000000,-0.0000000437113883,0.0000000225014460,-0.9335803985595703,0.0000000156647637,0.3583679795265198,-7.1435270309448242,0.0000000000000000,0.0000000000000000,0.0000000000000000,1.0000000000000000
M 0.3583679795265198,0.0000000408080965,0.9335803985595703,-6.6703333854675293,0.0000000000000000,1.0000000000000000,-0.0000000437113883,0.0000000225014460,-0.9335803985595703,0.0000000156647637,0.3583679795265198,-7.1435270309448242,0.0000000000000000,0.0000000000000000,0.0000000000000000,1.0000000000000000
M 0.3583679795265198,0.0000000408080965,0.9335803985595703,-6.6703333854675293,0.0000000000000000,1.0000000000000000,-0.0000000437113883,0.0000000225014460,-0.9335803985595703,0.0000000156647637,0.3583679795265198,-7.1435270309448242,0.0000000000000000,0.0000000000000000,0.0000000000000000,1.0000000000000000
M 0.3583679795265198,0.0000000408080965,0.9335803985595703,-6.6703333854675293,0.0000000000000000,1.0000000000000000,-0.0000000437113883,0.0000000225014460,-0.9335803985595703,0.0000000156647637,0.3583679795265198,-7.1435270309448242,0.0000000000000000,0.0000000000000000,0.0000000000000000,1.0000000000000000
M 0.3583679795265198,0.0000000408080965,0.9335803985595703,-6.6703333854675293,0.0000000000000000,1.0000000000000000,-0.0000000437113883,0.0000000225014460,-0.9335803985595703,0.0000000156647637,0.3583679795265198,-7.1435270309448242,0.0000000000000000,0.0000000000000000,0.0000000000000000,1.0000000000000000
M 0.3583679795265198,0.0000000408080965,0.9335803985595703,-6.6703333854675293,0.0000000000000000,1.0000000000000000,-0.0000000437113883,0.0000000225014460,-0.9335803985595703,0.0000000156647637,0.3583679795265198,-7.1435270309448242,0.0000000000000000,0.0000000000000000,0.0000000000000000,1.0000000000000000
M 0.3583679795265198,0.0000000408080965,0.9335803985595703,-6.6703333854675293,0.0000000000000000,1.0000000000000000,-0.0000000437113883,0.0000000225014460,-0.9335803985595703,0.0000000156647637,0.3583679795265198,-7.1435270309448242,0.0000000000000000,0.0000000000000000,0.0000000000000000,1.0000000000000000
M 0.3583679795265198,0.0000000408080965,0.9335803985595703,-6.6703333854675293,0.0000000000000000,1.0000000000000000,-0.0000000437113883,0.0000000225014460,-0.9335803985595703,0.0000000156647637,0.3583679795265198,-7.1435270309448242,0.0000000000000000,0.0000000000000000,0.0000000000000000,1.0000000000000000
M 0.3583679795265198,0.0000000408080965,0.9335803985595703,-6.6703333854675293,0.0000000000000000,1.0000000000000000,-0.0000000437113883,0.0000000225014460,-0.9335803985595703,0.0000000156647637,0.3583679795265198,-7.1435270309448242,0.0000000000000000,0.0000000000000000,0.0000000000000000,1.0000000000000000
M 0.3583679795265198,0.0000000408080965,0.9335803985595703,-6.6703333854675293,0.0000000000000000,1.0000000000000000,-0.0000000437113883,0.0000000225014460,-0.9335803985595703,0.0000000156647637,0.3583679795265198,-7.1435270309448242,0.0000000000000000,0.0000000000000000,0.0000000000000000,1.0000000000000000
M 0.3583679795265198,0.0000000408080965,0.9335803985595703,-6.6703333854675293,0.0000000000000000,1.0000000000000000,-0.0000000437113883,0.0000000225014460,-0.9335803985595703,0.0000000156647637,0.3583679795265198,-7.1435270309448242,0.0000000000000000,0.0000000000000000,0.0000000000000000,1.0000000000000000
M 0.3583679795265198,0.0000000408080965,0.9335803985595703,-6.6703333854675293,0.0000000000000000,1.0000000000000000,-0.0000000437113883,0.0000000225014460,-0.9335803985595703,0.0000000156647637,0.3583679795265198,-7.1435270309448242,0.0000000000000000,0.0000000000000000,0.0000000000000000,1.0000000000000000
M 0.3583679795265198,0.0000000408080965,0.9335803985595703,-6.6703333854675293,0.0000000000000000,1.0000000000000000,-0.0000000437113883,0.0000000225014460,-0.9335803985595703,0.0000000156647637,0.3583679795265198,-7.1435270309448242,0.0000000000000000,0.0000000000000000,0.0000000000000000,1.0000000000000000
M 0.3583679795265198,0.0000000408080965,0.9335803985595703,-6.6703333854675293,0.0000000000000000,1.0000000000000000,-0.0000000437113883,0.0000000225014460,-0.9335803985595703,0.0000000156647637,0.3583679795265198,-7.1435270309448242,0.0000000000000000,0.0000000000000000,0.0000000000000000,1.0000000000000000
M 0.3583679795265198,0.0000000408080965,0.9335803985595703,-6.6703333854675293,0.0000000000000000,1.0000000000000000,-0.0000000437113883,0.0000000225014460,-0.9335803985595703,0.0000000156647637,0.3583679795265198,-7.1435270309448242,0.0000000000000000,0.0000000000000000,0.0000000000000000,1.0000000000000000
M 0.3583679795265198,0.0000000408080965,0.9335803985595703,-6.6703333854675293,0.0000000000000000,1.0000000000000000,-0.0000000437113883,0.0000000225014460,-0.9335803985595703,0.0000000156647637,0.3583679795265198,-7.1435270309448242,0.0000000000000000,0.0000000000000000,0.0000000000000000,1.0000000000000000
M 0.3583679795265198,0.0000000408080965,0.9335803985595703,-6.6703333854675293,0.0000000000000000,1.0000000000000000,-0.0000000437113883,0.0000000225014460,-0.9335803985595703,0.0000000156647637,0.3583679795265198,-7.1435270309448242,0.0000000000000000,0.0000000000000000,0.0000000000000000,1.0000000000000000
M 0.3583679795265198,0.0000000408080965,0.9335803985595703,-6.6703333854675293,0.0000000000000000,1.0000000000000000,-0.0000000437113883,0.0000000225014460,-0.9335803985595703,0.0000000156647637,0.3583679795265198,-7.1435270309448242,0.0000000000000000,0.0000000000000000,0.0000000000000000,1.0000000000000000
M 0.3583679795265198,0.0000000408080965,0.9335803985595703,-6.6703333854675293,0.0000000000000000,1.0000000000000000,-0.0000000437113883,0.0000000225014460,-0.9335803985595703,0.0000000156647637,0.3583679795265198,-7.1435270309448242,0.0000000000000000,0.0000000000000000,0.0000000000000000,1.0000000000000000
M 0.3583679795265198,0.0000000408080965,0.9335803985595703,-6.6703333854675293,0.0000000000000000,1.0000000000000000,-0.0000000437113883,0.0000000225014460,-0.9335803985595703,0.0000000156647637,0.3583679795265198,-7.1435270309448242,0.0000000000000000,0.0000000000000000,0.0000000000000000,1.0000000000000000
M 0.3583679795265198,0.0000000408080965,0.9335803985595703,-6.6703333854675293,0.0000000000000000,1.0000000000000000,-0.0000000437113883,0.0000000225014460,-0.9335803985595703,0.0000000156647637,0.3583679795265198,-7.1435270309448242,0.0000000000000000,0.0000000000000000,0.0000000000000000,1.0000000000000000
M 0.3583679795265198,0.0000000408080965,0.9335803985595703,-6.6703333854675293,0.0000000000000000,1.0000000000000000,-0.0000000437113883,0.0000000225014460,-0.9335803985595703,0.0000000156647637,0.3583679795265198,-7.1435270309448242,0.0000000000000000,0.0000000000000000,0.0000000000000000,1.0000000000000000
M 0.3583679795265198,0.0000000408080965,0.9335803985595703,-6.6703333854675293,0.0000000000000000,1.0000000000000000,-0.0000000437113883,0.0000000225014460,-0.9335803985595703,0.0000000156647637,0.3583679795265198,-7.1435270309448242,0.0000000000000000,0.0000000000000000,0.0000000000000000,1.0000000000000000
M 0.3583679795265198,0.0000000408080965,0.9335803985595703,-6.6703333854675293,0.0000000000000000,1.0000000000000000,-0.0000000437113883,0.0000000225014460,-0.9335803985595703,0.0000000156647637,0.3583679795265198,-7.1435270309448242,0.0000000000000000,0.0000000000000000,0.0000000000000000,1.0000000000000000
M 0.3583679795265198,0.0000000408080965,0.9335803985595703,-6.6703333854675293,0.0000000000000000,1.0000000000000000,-0.0000000437113883,0.0000000225014460,-0.9335803985595703,0.0000000156647637,0.3583679795265198,-7.1435270309448242,0.0000000000000000,0.0000000000000000,0.0000000000000000,1.0000000000000000
M 0.3583679795265198,0.0000000408080965,0.9335803985595703,-6.6703333854675293,0.0000000000000000,1.0000000000000000,-0.0000000437113883,0.0000000225014460,-0.9335803985595703,0.0000000156647637,0.3583679795265198,-7.1435270309448242,0.0000000000000000,0.0000000000000000,0.0000000000000000,1.0000000000000000
M 0.3583679795265198,0.0000000408080965,0.9335803985595703,-6.6703333854675293,0.0000000000000000,1.0000000000000000,-0.0000000437113883,0.0000000225014460,-0.9335803985595703,0.0000000156647637,0.3583679795265198,-7.1435270309448242,0.0000000000000000,0.0000000000000000,0.0000000000000000,1.0000000000000000
M 0.3583679795265198,0.0000000408080965,0.9335803985595703,-6.6703333854675293,0.0000000000000000,1.0000000000000000,-0.0000000437113883,0.0000000225014460,-0.9335803985595703,0.0000000156647637,0.3583679795265198,-7.1435270309448242,0.0000000000000000,0.0000000000000000,0.0000000000000000,1.0000000000000000
M 0.3583679795265198,0.0000000408080965,0.9335803985595703,-6.6703333854675293,0.0000000000000000,1.0000000000000000,-0.0000000437113883,0.0000000225014460,-0.9335803985595703,0.0000000156647637,0.3583679795265198,-7.1435270309448242,0.0000000000000000,0.0000000000000000,0.0000000000000000,1.0000000000000000
M 0.3583679795265198,0.0000000408080965,0.9335803985595703,-6.6703333854675293,0.0000000000000000,1.0000000000000000,-0.0000000437113883,0.0000000225014460,-0.9335803985595703,0.0000000156647637,0.3583679795265198,-7.1435270309448242,0.0000000000000000,0.0000000000000000,0.0000000000000000,1.0000000000000000
M 0.3583679795265198,0.0000000408080965,0.9335803985595703,-6.6703333854675293,0.0000000000000000,1.0000000000000000,-0.0000000437113883,0.0000000225014460,-0.9335803985595703,0.0000000156647637,0.3583679795265198,-7.1435270309448242,0.0000000000000000,0.0000000000000000,0.0000000000000000,1.0000000000000000
M 0.3583679795265198,0.0000000408080965,0.9335803985595703,-6.6703333854675293,0.0000000000000000,1.0000000000000000,-0.0000000437113883,0.0000000225014460,-0.9335803985595703,0.0000000156647637,0.3583679795265198,-7.1435270309448242,0.0000000000000000,0.0000000000000000,0.0000000000000000,1.0000000000000000
M 0.3583679795265198,0.0000000408080965,0.9335803985595703,-6.6703333854675293,0.0000000000000000,1.0000000000000000,-0.0000000437113883,0.0000000225014460,-0.9335803985595703,0.0000000156647637,0.3583679795265198,-7.1435270309448242,0.0000000000000000,0.0000000000000000,0.0000000000000000,1.0000000000000000
M 0.3583679795265198,0.0000000408080965,0.9335803985595703,-6.6703333854675293,0.0000000000000000,1.0000000000000000,-0.0000000437113883,0.0000000225014460,-0.9335803985595703,0.0000000156647637,0.3583679795265198,-7.1435270309448242,0.0000000000000000,0.0000000000000000,0.0000000000000000,1.0000000000000000
M 0.3583679795265198,0.0000000408080965,0.9335803985595703,-6.6703333854675293,0.0000000000000000,1.0000000000000000,-0.0000000437113883,0.0000000225014460,-0.9335803985595703,0.0000000156647637,0.3583679795265198,-7.1435270309448242,0.0000000000000000,0.0000000000000000,0.0000000000000000,1.0000000000000000
M 0.3583679795265198,0.0000000408080965,0.9335803985595703,-6.6703333854675293,0.0000000000000000,1.0000000000000000,-0.0000000437113883,0.0000000225014460,-0.9335803985595703,0.0000000156647637,0.3583679795265198,-7.1435270309448242,0.0000000000000000,0.0000000000000000,0.0000000000000000,1.0000000000000000
M 0.3583679795265198,0.0000000408080965,0.9335803985595703,-6.6703333854675293,0.0000000000000000,1.0000000000000000,-0.0000000437113883,0.0000000225014460,-0.9335803985595703,0.0000000156647637,0.3583679795265198,-7.1435270309448242,0.0000000000000000,0.0000000000000000,0.0000000000000000,1.0000000000000000
M 0.3583679795265198,0.0000000408080965,0.9335803985595703,-6.6703333854675293,0.0000000000000000,1.0000000000000000,-0.0000000437113883,0.0000000225014460,-0.9335803985595703,0.0000000156647637,0.3583679795265198,-7.1435270309448242,0.0000000000000000,0.0000000000000000,0.0000000000000000,1.0000000000000000
M 0.3583679795265198,0.0000000408080965,0.9335803985595703,-6.6703333854675293,0.0000000000000000,1.0000000000000000,-0.0000000437113883,0.0000000225014460,-0.9335803985595703,0.0000000156647637,0.3583679795265198,-7.1435270309448242,0.0000000000000000,0.0000000000000000,0.0000000000000000,1.0000000000000000
M 0.3583679795265198,0.0000000408080965,0.9335803985595703,-6.6703333854675293,0.0000000000000000,1.0000000000000000,-0.0000000437113883,0.0000000225014460,-0.9335803985595703,0.0000000156647637,0.3583679795265198,-7.1435270309448242,0.0000000000000000,0.0000000000000000,0.0000000000000000,1.0000000000000000
M 0.3583679795265198,0.0000000408080965,0.9335803985595703,-6.6703333854675293,0.0000000000000000,1.0000000000000000,-0.0000000437113883,0.0000000225014460,-0.9335803985595703,0.0000000156647637,0.3583679795265198,-7.1435270309448242,0.0000000000000000,0.0000000000000000,0.0000000000000000,1.0000000000000000
M 0.3583679795265198,0.0000000408080965,0.9335803985595703,-6.6703333854675293,0.0000000000000000,1.0000000000000000,-0.0000000437113883,0.0000000225014460,-0.9335803985595703,0.0000000156647637,0.3583679795265198,-7.1435270309448242,0.0000000000000000,0.0000000000000000,0.0000000000000000,1.0000000000000000
M 0.3583679795265198,0.0000000408080965,0.9335803985595703,-6.6703333854675293,0.0000000000000000,1.0000000000000000,-0.0000000437113883,0.0000000225014460,-0.9335803985595703,0.0000000156647637,0.3583679795265198,-7.1435270309448242,0.0000000000000000,0.0000000000000000,0.0000000000000000,1.0000000000000000
M 0.3583679795265198,0.0000000408080965,0.9335803985595703,-6.6703333854675293,0.0000000000000000,1.0000000000000000,-0.0000000437113883,0.0000000225014460,-0.9335803985595703,0.0000000156647637,0.3583679795265198,-7.1435270309448242,0.0000000000000000,0.0000000000000000,0.0000000000000000,1.0000000000000000
M 0.3583679795265198,0.0000000408080965,0.9335803985595703,-6.6703333854675293,0.0000000000000000,1.0000000000000000,-0.0000000437113883,0.0000000225014460,-0.9335803985595703,0.0000000156647637,0.3583679795265198,-7.1435270309448242,0.0000000000000000,0.0000000000000000,0.0000000000000000,1.0000000000000000
M 0.3583679795265198,0.0000000408080965,0.9335803985595703,-6.6703333854675293,0.0000000000000000,1.0000000000000000,-0.0000000437113883,0.0000000225014460,-0.9335803985595703,0.0000000156647637,0.3583679795265198,-7.1435270309448242,0.0000000000000000,0.0000000000000000,0.0000000000000000,1.0000000000000000
M 0.3583679795265198,0.0000000408080965,0.9335803985595703,-6.6703333854675293,0.0000000000000000,1.0000000000000000,-0.0000000437113883,0.0000000225014460,-0.9335803985595703,0.0000000156647637,0.3583679795265198,-7.1435270309448242,0.0000000000000000,0.0000000000000000,0.0000000000000000,1.0000000000000000
M 0.3583679795265198,0.0000000408080965,0.9335803985595703,-6.6703333854675293,0.0000000000000000,1.0000000000000000,-0.0000000437113883,0.0000000225014460,-0.9335803985595703,0.0000000156647637,0.3583679795265198,-7.1435270309448242,0.0000000000000000,0.0000000000000000,0.0000000000000000,1.0000000000000000
M 0.3583679795265198,0.0000000408080965,0.9335803985595703,-6.6703333854675293,0.0000000000000000,1.0000000000000000,-0.0000000437113883,0.0000000225014460,-0.9335803985595703,0.0000000156647637,0.3583679795265198,-7.1435270309448242,0.0000000000000000,0.0000000000000000,0.0000000000000000,1.0000000000000000
M 0.3583679795265198,0.0000000408080965,0.9335803985595703,-6.6703333854675293,0.0000000000000000,1.0000000000000000,-0.0000000437113883,0.0000000225014460,-0.9335803985595703,0.0000000156647637,0.3583679795265198,-7.1435270309448242,0.0000000000000000,0.0000000000000000,0.0000000000000000,1.0000000000000000
M 0.3583679795265198,0.0000000408080965,0.9335803985595703,-6.6703333854675293,0.0000000000000000,1.0000000000000000,-0.0000000437113883,0.0000000225014460,-0.9335803985595703,0.0000000156647637,0.3583679795265198,-7.1435270309448242,0.0000000000000000,0.0000000000000000,0.0000000000000000,1.0000000000000000
M 0.3583679795265198,0.0000000408080965,0.9335803985595703,-6.6703333854675293,0.0000000000000000,1.0000000000000000,-0.0000000437113883,0.0000000225014460,-0.9335803985595703,0.0000000156647637,0.3583679795265198,-7.1435270309448242,0.0000000000000000,0.0000000000000000,0.0000000000000000,1.0000000000000000
M 0.3583679795265198,0.0000000408080965,0.9335803985595703,-6.6703333854675293,0.0000000000000000,1.0000000000000000,-0.0000000437113883,0.0000000225014460,-0.9335803985595703,0.0000000156647637,0.3583679795265198,-7.1435270309448242,0.0000000000000000,0.0000000000000000,0.0000000000000000,1.0000000000000000
M 0.3583679795265198,0.0000000408080965,0.9335803985595703,-6.6703333854675293,0.0000000000000000,1.0000000000000000,-0.0000000437113883,0.0000000225014460,-0.9335803985595703,0.0000000156647637,0.3583679795265198,-7.1435270309448242,0.0000000000000000,0.0000000000000000,0.0000000000000000,1.0000000000000000
M 0.3583679795265198,0.0000000408080965,0.9335803985595703,-6.6703333854675293,0.0000000000000000,1.0000000000000000,-0.0000000437113883,0.0000000225014460,-0.9335803985595703,0.0000000156647637,0.3583679795265198,-7.1435270309448242,0.0000000000000000,0.0000000000000000,0.0000000000000000,1.0000000000000000
M 0.3583679795265198,0.0000000408080965,0.9335803985595703,-6.6703333854675293,0.0000000000000000,1.0000000000000000,-0.0000000437113883,0.0000000225014460,-0.9335803985595703,0.0000000156647637,0.3583679795265198,-7.1435270309448242,0.0000000000000000,0.0000000000000000,0.0000000000000000,1.0000000000000000
M 0.3583679795265198,0.0000000408080965,0.9335803985595703,-6.6703333854675293,0.0000000000000000,1.0000000000000000,-0.0000000437113883,0.0000000225014460,-0.9335803985595703,0.0000000156647637,0.3583679795265198,-7.1435270309448242,0.0000000000000000,0.0000000000000000,0.0000000000000000,1.0000000000000000
M 0.3583679795265198,0.0000000408080965,0.9335803985595703,-6.6703333854675293,0.0000000000000000,1.0000000000000000,-0.0000000437113883,0.0000000225014460,-0.9335803985595703,0.0000000156647637,0.3583679795265198,-7.1435270309448242,0.0000000000000000,0.0000000000000000,0.0000000000000000,1.0000000000000000
M 0.3583679795265198,0.0000000408080965,0.9335803985595703,-6.6703333854675293,0.0000000000000000,1.0000000000000000,-0.0000000437113883,0.0000000225014460,-0.9335803985595703,0.0000000156647637,0.3583679795265198,-7.1435270309448242,0.0000000000000000,0.0000000000000000,0.0000000000000000,1.0000000000000000
M 0.3583679795265198,0.0000000408080965,0.9335803985595703,-6.6703333854675293,0.0000000000000000,1.0000000000000000,-0.0000000437113883,0.0000000225014460,-0.9335803985595703,0.0000000156647637,0.3583679795265198,-7.1435270309448242,0.0000000000000000,0.0000000000000000,0.0000000000000000,1.0000000000000000
M 0.3583679795265198,0.0000000408080965,0.9335803985595703,-6.6703333854675293,0.0000000000000000,1.0000000000000000,-0.0000000437113883,0.0000000225014460,-0.9335803985595703,0.0000000156647637,0.3583679795265198,-7.1435270309448242,0.0000000000000000,0.0000000000000000,0.0000000000000000,1.0000000000000000
M 0.3583679795265198,0.0000000408080965,0.9335803985595703,-6.6703333854675293,0.0000000000000000,1.0000000000000000,-0.0000000437113883,0.0000000225014460,-0.9335803985595703,0.0000000156647637,0.3583679795265198,-7.1435270309448242,0.0000000000000000,0.0000000000000000,0.0000000000000000,1.0000000000000000
M 0.3583679795265198,0.0000000408080965,0.9335803985595703,-6.6703333854675293,0.0000000000000000,1.0000000000000000,-0.0000000437113883,0.0000000225014460,-0.9335803985595703,0.0000000156647637,0.3583679795265198,-7.1435270309448242,0.0000000000000000,0.0000000000000000,0.0000000000000000,1.0000000000000000
M 0.3583679795265198,0.0000000408080965,0.9335803985595703,-6.6703333854675293,0.0000000000000000,1.0000000000000000,-0.0000000437113883,0.0000000225014460,-0.9335803985595703,0.0000000156647637,0.3583679795265198,-7.1435270309448242,0.0000000000000000,0.0000000000000000,0.0000000000000000,1.0000000000000000
M 0.3583679795265198,0.0000000408080965,0.9335803985595703,-6.6703333854675293,0.0000000000000000,1.0000000000000000,-0.0000000437113883,0.0000000225014460,-0.9335803985595703,0.0000000156647637,0.3583679795265198,-7.1435270309448242,0.0000000000000000,0.0000000000000000,0.0000000000000000,1.0000000000000000
M 0.3583679795265198,0.0000000408080965,0.9335803985595703,-6.6703333854675293,0.0000000000000000,1.0000000000000000,-0.0000000437113883,0.0000000225014460,-0.9335803985595703,0.0000000156647637,0.3583679795265198,-7.1435270309448242,0.0000000000000000,0.0000000000000000,0.0000000000000000,1.0000000000000000
M 0.3583679795265198,0.0000000408080965,0.9335803985595703,-6.6703333854675293,0.0000000000000000,1.0000000000000000,-0.0000000437113883,0.0000000225014460,-0.9335803985595703,0.0000000156647637,0.3583679795265198,-7.1435270309448242,0.0000000000000000,0.0000000000000000,0.0000000000000000,1.0000000000000000
M 0.3583679795265198,0.0000000408080965,0.9335803985595703,-6.6703333854675293,0.0000000000000000,1.0000000000000000,-0.0000000437113883,0.0000000225014460,-0.9335803985595703,0.0000000156647637,0.3583679795265198,-7.1435270309448242,0.0000000000000000,0.0000000000000000,0.0000000000000000,1.0000000000000000
M 0.3583679795265198,0.0000000408080965,0.9335803985595703,-6.6703333854675293,0.0000000000000000,1.0000000000000000,-0.0000000437113883,0.0000000225014460,-0.9335803985595703,0.0000000156647637,0.3583679795265198,-7.1435270309448242,0.0000000000000000,0.0000000000000000,0.0000000000000000,1.0000000000000000
O DOOR_1_EXTERNAL_CG_dfl
A DOOR_1_EXTERNAL_CG_dfl_DOOR_1_EXTERNAL_CG_dfl
M 1.0000000000000000,0.0000000000000000,0.0000000000000000,0.0000000000000000,0.0000000000000000,1.0000000000000000,-0.0000000437113883,0.0000000000000000,-0.0000000000000000,0.0000000437113883,1.0000000000000000,-0.0000000000000000,0.0000000000000000,0.0000000000000000,0.0000000000000000,1.0000000000000000
M 1.0000000000000000,0.0000000000000000,0.0000000000000000,0.0000293054563372,0.0000000000000000,1.0000000000000000,-0.0000000437113883,0.0000000000000000,-0.0000000000000000,0.0000000437113883,1.0000000000000000,0.0003180337953381,0.0000000000000000,0.0000000000000000,0.0000000000000000,1.0000000000000000
M 1.0000000000000000,0.0000000000000000,0.0000000000000000,0.0001241551217390,0.0000000000000000,1.0000000000000000,-0.0000000437113883,0.0000000000000000,-0.0000000000000000,0.0000000437113883,1.0000000000000000,0.0012466924963519,0.0000000000000000,0.0000000000000000,0.0000000000000000,1.0000000000000000
M 1.0000000000000000,0.0000000000000000,0.0000000000000000,0.0002949489571620,0.0000000000000000,1.0000000000000000,-0.0000000437113883,0.0000000000000000,-0.0000000000000000,0.0000000437113883,1.0000000000000000,0.0027478120755404,0.0000000000000000,0.0000000000000000,0.0000000000000000,1.0000000000000000
M 1.0000000000000000,0.0000000000000000,0.0000000000000000,0.0005520869162865,0.0000000000000000,1.0000000000000000,-0.0000000437113883,0.0000000000000000,-0.0000000000000000,0.0000000437113883,1.0000000000000000,0.0047832280397415,0.0000000000000000,0.0000000000000000,0.0000000000000000,1.0000000000000000
M 1.0000000000000000,0.0000000000000000,0.0000000000000000,0.0009059688309208,0.0000000000000000,1.0000000000000000,-0.0000000437113883,0.0000000000000000,-0.0000000000000000,0.0000000437113883,1.0000000000000000,0.0073147765360773,0.0000000000000000,0.0000000000000000,0.0000000000000000,1.0000000000000000
M 1.0000000000000000,0.0000000000000000,0.0000000000000000,0.0013669946929440,0.0000000000000000,1.0000000000000000,-0.0000000437113883,0.0000000000000000,-0.0000000000000000,0.0000000437113883,1.0000000000000000,0.0103042935952544,0.0000000000000000,0.0000000000000000,0.0000000000000000,1.0000000000000000
M 1.0000000000000000,0.0000000000000000,0.0000000000000000,0.0019455646397546,0.0000000000000000,1.0000000000000000,-0.0000000437113883,0.0000000000000000,-0.0000000000000000,0.0000000437113883,1.0000000000000000,0.0137136140838265,0.0000000000000000,0.0000000000000000,0.0000000000000000,1.0000000000000000
