O DOOR_11_INTERIOR_LCG_il_LINVERT_CG_dfl
A DOOR_11_INTERIOR_LCG_il_LINVERT_CG_dfl_DOOR_11_INTERIOR_LCG_il_LINVERT_CG_dfl
M 1.0000000000000000,0.0000000000000000,0.0000000000000000,0.0000000000000000,0.0000000000000000,1.0000000000000000,-0.0000000437113883,0.0000000226754509,-0.0000000000000000,0.0000000437113883,1.0000000000000000,-0.0000000578651864,0.0000000000000000,0.0000000000000000,0.0000000000000000,1.0000000000000000
M 0.9999971985816956,0.0000000001035318,0.0023685307241976,-0.0030523147433996,0.0000000000000000,1.0000000000000000,-0.0000000437113883,0.0000000226754509,-0.0023685307241976,0.0000000437112675,0.9999971985816956,-0.0202008541673422,0.0000000000000000,0.0000000000000000,0.0000000000000000,1.0000000000000000
M 0.9999566674232483,0.0000000004069194,0.0093092303723097,-0.0122730806469917,0.0000000000000000,1.0000000000000000,-0.0000000437113883,0.0000000226754509,-0.0093092303723097,0.0000000437095018,0.9999566674232483,-0.0793555304408073,0.0000000000000000,0.0000000000000000,0.0000000000000000,1.0000000000000000
M 0.9997883439064026,0.0000000008993136,0.0205738935619593,-0.0281116887927055,0.0000000000000000,1.0000000000000000,-0.0000000437113883,0.0000000226754509,-0.0205738935619593,0.0000000437021370,0.9997883439064026,-0.1752317696809769,0.0000000000000000,0.0000000000000000,0.0000000000000000,1.0000000000000000
M 0.9993549585342407,0.0000000015697460,0.0359115973114967,-0.0514203235507011,0.0000000000000000,1.0000000000000000,-0.0000000437113883,0.0000000226754509,-0.0359115973114967,0.0000000436831940,0.9993549585342407,-0.3055133819580078,0.0000000000000000,0.0000000000000000,0.0000000000000000,1.0000000000000000
M 0.9984827041625977,0.0000000024070232,0.0550662726163864,-0.0833526253700256,0.0000000000000000,1.0000000000000000,-0.0000000437113883,0.0000000226754509,-0.0550662726163864,0.0000000436450662,0.9984827041625977,-0.4677940905094147,0.0000000000000000,0.0000000000000000,0.0000000000000000,1.0000000000000000
M 0.9969710111618042,0.0000000033996115,0.0777740329504013,-0.1252820640802383,0.0000000000000000,1.0000000000000000,-0.0000000437113883,0.0000000226754509,-0.0777740329504013,0.0000000435789858,0.9969710111618042,-0.6595660448074341,0.0000000000000000,0.0000000000000000,0.0000000000000000,1.0000000000000000
M 0.9946023225784302,0.0000000045355204,0.1037606075406075,-0.1787157207727432,0.0000000000000000,1.0000000000000000,-0.0000000437113883,0.0000000226754509,-0.1037606075406075,0.0000000434754561,0.9946023225784302,-0.8782117366790771,0.0000000000000000,0.0000000000000000,0.0000000000000000,1.0000000000000000
M 0.9911509752273560,0.0000000058022160,0.1327392309904099,-0.2452095001935959,0.0000000000000000,1.0000000000000000,-0.0000000437113883,0.0000000226754509,-0.1327392309904099,0.0000000433245866,0.9911509752273560,-1.1209961175918579,0.0000000000000000,0.0000000000000000,0.0000000000000000,1.0000000000000000
M 0.9863922595977783,0.0000000071865456,0.1644089967012405,-0.3262965381145477,0.0000000000000000,1.0000000000000000,-0.0000000437113883,0.0000000226754509,-0.1644089967012405,0.0000000431165823,0.9863922595977783,-1.3850653171539307,0.0000000000000000,0.0000000000000000,0.0000000000000000,1.0000000000000000
M 0.9801101684570312,0.0000000086747134,0.1984543055295944,-0.4234167635440826,0.0000000000000000,1.0000000000000000,-0.0000000437113883,0.0000000226754509,-0.1984543055295944,0.0000000428419824,0.9801101684570312,-1.6674510240554810,0.0000000000000000,0.0000000000000000,0.0000000000000000,1.0000000000000000
M 0.9721053242683411,0.0000000102522817,0.2345448732376099,-0.5378472208976746,0.0000000000000000,1.0000000000000000,-0.0000000437113883,0.0000000226754509,-0.2345448732376099,0.0000000424920721,0.9721053242683411,-1.9650804996490479,0.0000000000000000,0.0000000000000000,0.0000000000000000,1.0000000000000000
M 0.9622019529342651,0.0000000119042198,0.2723368108272552,-0.6706484556198120,0.0000000000000000,1.0000000000000000,-0.0000000437113883,0.0000000226754509,-0.2723368108272552,0.0000000420591846,0.9622019529342651,-2.2747960090637207,0.0000000000000000,0.0000000000000000,0.0000000000000000,1.0000000000000000
M 0.9502543210983276,0.0000000136150087,0.3114750981330872,-0.8226090669631958,0.0000000000000000,1.0000000000000000,-0.0000000437113883,0.0000000226754509,-0.3114750981330872,0.0000000415369357,0.9502543210983276,-2.5933823585510254,0.0000000000000000,0.0000000000000000,0.0000000000000000,1.0000000000000000
M 0.9361518025398254,0.0000000153687569,0.3515961170196533,-0.9942078590393066,0.0000000000000000,1.0000000000000000,-0.0000000437113883,0.0000000226754509,-0.3515961170196533,0.0000000409204937,0.9361518025398254,-2.9175963401794434,0.0000000000000000,0.0000000000000000,0.0000000000000000,1.0000000000000000
M 0.9198236465454102,0.0000000171493770,0.3923320174217224,-1.1855785846710205,0.0000000000000000,1.0000000000000000,-0.0000000437113883,0.0000000226754509,-0.3923320174217224,0.0000000402067677,0.9198236465454102,-3.2442097663879395,0.0000000000000000,0.0000000000000000,0.0000000000000000,1.0000000000000000
M 0.9012426137924194,0.0000000189407938,0.4333148598670959,-1.3964830636978149,0.0000000000000000,1.0000000000000000,-0.0000000437113883,0.0000000226754509,-0.4333148598670959,0.0000000393945747,0.9012426137924194,-3.5700490474700928,0.0000000000000000,0.0000000000000000,0.0000000000000000,1.0000000000000000
M 0.8804268240928650,0.0000000207271569,0.4741820693016052,-1.6263030767440796,0.0000000000000000,1.0000000000000000,-0.0000000437113883,0.0000000226754509,-0.4741820693016052,0.0000000384846786,0.8804268240928650,-3.8920445442199707,0.0000000000000000,0.0000000000000000,0.0000000000000000,1.0000000000000000
M 0.8574413061141968,0.0000000224930830,0.5145817399024963,-1.8740333318710327,0.0000000000000000,1.0000000000000000,-0.0000000437113883,0.0000000226754509,-0.5145817399024963,0.0000000374799498,0.8574413061141968,-4.2072777748107910,0.0000000000000000,0.0000000000000000,0.0000000000000000,1.0000000000000000
M 0.8323979377746582,0.0000000242239047,0.5541783571243286,-2.1382915973663330,0.0000000000000000,1.0000000000000000,-0.0000000437113883,0.0000000226754509,-0.5541783571243286,0.0000000363852770,0.8323979377746582,-4.5130290985107422,0.0000000000000000,0.0000000000000000,0.0000000000000000,1.0000000000000000
M 0.8054541349411011,0.0000000259059121,0.5926581025123596,-2.4173326492309570,0.0000000000000000,1.0000000000000000,-0.0000000437113883,0.0000000226754509,-0.5926581025123596,0.0000000352075169,0.8054541349411011,-4.8068232536315918,0.0000000000000000,0.0000000000000000,0.0000000000000000,1.0000000000000000
M 0.7768108844757080,0.0000000275265482,0.6297339200973511,-2.7090754508972168,0.0000000000000000,1.0000000000000000,-0.0000000437113883,0.0000000226754509,-0.6297339200973511,0.0000000339554802,0.7768108844757080,-5.0864686965942383,0.0000000000000000,0.0000000000000000,0.0000000000000000,1.0000000000000000
M 0.7467089891433716,0.0000000290746716,0.6651508808135986,-3.0111398696899414,0.0000000000000000,1.0000000000000000,-0.0000000437113883,0.0000000226754509,-0.6651508808135986,0.0000000326396865,0.7467089891433716,-5.3500976562500000,0.0000000000000000,0.0000000000000000,0.0000000000000000,1.0000000000000000
M 0.7154259085655212,0.0000000305406509,0.6986886262893677,-3.3208773136138916,0.0000000000000000,1.0000000000000000,-0.0000000437113883,0.0000000226754509,-0.6986886262893677,0.0000000312722612,0.7154259085655212,-5.5961866378784180,0.0000000000000000,0.0000000000000000,0.0000000000000000,1.0000000000000000
M 0.6832696795463562,0.0000000319165743,0.7301660776138306,-3.6354293823242188,0.0000000000000000,1.0000000000000000,-0.0000000437113883,0.0000000226754509,-0.7301660776138306,0.0000000298666656,0.6832696795463562,-5.8235845565795898,0.0000000000000000,0.0000000000000000,0.0000000000000000,1.0000000000000000
M 0.6505750417709351,0.0000000331962653,0.7594419717788696,-3.9517586231231689,0.0000000000000000,1.0000000000000000,-0.0000000437113883,0.0000000226754509,-0.7594419717788696,0.0000000284375421,0.6505750417709351,-6.0315132141113281,0.0000000000000000,0.0000000000000000,0.0000000000000000,1.0000000000000000
M 0.6176969408988953,0.0000000343753470,0.7864162325859070,-4.2667098045349121,0.0000000000000000,1.0000000000000000,-0.0000000437113883,0.0000000226754509,-0.7864162325859070,0.0000000270003948,0.6176969408988953,-6.2195739746093750,0.0000000000000000,0.0000000000000000,0.0000000000000000,1.0000000000000000
M 0.5850052237510681,0.0000000354512260,0.8110294938087463,-4.5770525932312012,0.0000000000000000,1.0000000000000000,-0.0000000437113883,0.0000000226754509,-0.8110294938087463,0.0000000255713868,0.5850052237510681,-6.3877329826354980,0.0000000000000000,0.0000000000000000,0.0000000000000000,1.0000000000000000
M 0.5528797507286072,0.0000000364230068,0.8332610726356506,-4.8795199394226074,0.0000000000000000,1.0000000000000000,-0.0000000437113883,0.0000000226754509,-0.8332610726356506,0.0000000241671412,0.5528797507286072,-6.5362992286682129,0.0000000000000000,0.0000000000000000,0.0000000000000000,1.0000000000000000
M 0.5217033624649048,0.0000000372913647,0.8531269431114197,-5.1708660125732422,0.0000000000000000,1.0000000000000000,-0.0000000437113883,0.0000000226754509,-0.8531269431114197,0.0000000228043824,0.5217033624649048,-6.6658987998962402,0.0000000000000000,0.0000000000000000,0.0000000000000000,1.0000000000000000
M 0.4918598830699921,0.0000000380583849,0.8706743717193604,-5.4478778839111328,0.0000000000000000,1.0000000000000000,-0.0000000437113883,0.0000000226754509,-0.8706743717193604,0.0000000214998792,0.4918598830699921,-6.7774257659912109,0.0000000000000000,0.0000000000000000,0.0000000000000000,1.0000000000000000
M 0.4637277424335480,0.0000000387273182,0.8859777450561523,-5.7074217796325684,0.0000000000000000,1.0000000000000000,-0.0000000437113883,0.0000000226754509,-0.8859777450561523,0.0000000202701873,0.4637277424335480,-6.8719983100891113,0.0000000000000000,0.0000000000000000,0.0000000000000000,1.0000000000000000
M 0.4376770555973053,0.0000000393023178,0.8991322517395020,-5.9464631080627441,0.0000000000000000,1.0000000000000000,-0.0000000437113883,0.0000000226754509,-0.8991322517395020,0.0000000191314715,0.4376770555973053,-6.9509010314941406,0.0000000000000000,0.0000000000000000,0.0000000000000000,1.0000000000000000
M 0.4140678048133850,0.0000000397881159,0.9102460145950317,-6.1620683670043945,0.0000000000000000,1.0000000000000000,-0.0000000437113883,0.0000000226754509,-0.9102460145950317,0.0000000180994792,0.4140678048133850,-7.0155181884765625,0.0000000000000000,0.0000000000000000,0.0000000000000000,1.0000000000000000
M 0.3932465612888336,0.0000000401896969,0.9194330573081970,-6.3514270782470703,0.0000000000000000,1.0000000000000000,-0.0000000437113883,0.0000000226754509,-0.9194330573081970,0.0000000171893539,0.3932465612888336,-7.0672640800476074,0.0000000000000000,0.0000000000000000,0.0000000000000000,1.0000000000000000
M 0.3755453824996948,0.0000000405118890,0.9268040060997009,-6.5118494033813477,0.0000000000000000,1.0000000000000000,-0.0000000437113883,0.0000000226754509,-0.9268040060997009,0.0000000164156102,0.3755453824996948,-7.1075072288513184,0.0000000000000000,0.0000000000000000,0.0000000000000000,1.0000000000000000
M 0.3612810671329498,0.0000000407589873,0.9324569702148438,-6.6407566070556641,0.0000000000000000,1.0000000000000000,-0.0000000437113883,0.0000000226754509,-0.9324569702148438,0.0000000157920983,0.3612810671329498,-7.1374902725219727,0.0000000000000000,0.0000000000000000,0.0000000000000000,1.0000000000000000
M 0.3507528603076935,0.0000000409343208,0.9364680647850037,-6.7356944084167480,0.0000000000000000,1.0000000000000000,-0.0000000437113883,0.0000000226754509,-0.9364680647850037,0.0000000153318958,0.3507528603076935,-7.1582450866699219,0.0000000000000000,0.0000000000000000,0.0000000000000000,1.0000000000000000
M 0.3442448079586029,0.0000000410397440,0.9388799071311951,-6.7942943572998047,0.0000000000000000,1.0000000000000000,-0.0000000437113883,0.0000000226754509,-0.9388799071311951,0.0000000150474193,0.3442448079586029,-7.1704969406127930,0.0000000000000000,0.0000000000000000,0.0000000000000000,1.0000000000000000
M 0.3420201539993286,0.0000000410752676,0.9396926164627075,-6.8143105506896973,0.0000000000000000,1.0000000000000000,-0.0000000437113883,0.0000000226754509,-0.9396926164627075,0.0000000149501762,0.3420201539993286,-7.1745853424072266,0.0000000000000000,0.0000000000000000,0.0000000000000000,1.0000000000000000
M 0.3420201539993286,0.0000000410752676,0.9396926164627075,-6.8143105506896973,0.0000000000000000,1.0000000000000000,-0.0000000437113883,0.0000000226754509,-0.9396926164627075,0.0000000149501762,0.3420201539993286,-7.1745853424072266,0.0000000000000000,0.0000000000000000,0.0000000000000000,1.0000000000000000
M 0.3420201539993286,0.0000000410752676,0.9396926164627075,-6.8143105506896973,0.0000000000000000,1.0000000000000000,-0.0000000437113883,0.0000000226754509,-0.9396926164627075,0.0000000149501762,0.3420201539993286,-7.1745853424072266,0.0000000000000000,0.0000000000000000,0.0000000000000000,1.0000000000000000
M 0.3420201539993286,0.0000000410752676,0.9396926164627075,-6.8143105506896973,0.0000000000000000,1.0000000000000000,-0.0000000437113883,0.0000000226754509,-0.9396926164627075,0.0000000149501762,0.3420201539993286,-7.1745853424072266,0.0000000000000000,0.0000000000000000,0.0000000000000000,1.0000000000000000
M 0.3420201539993286,0.0000000410752676,0.9396926164627075,-6.8143105506896973,0.0000000000000000,1.0000000000000000,-0.0000000437113883,0.0000000226754509,-0.9396926164627075,0.0000000149501762,0.3420201539993286,-7.1745853424072266,0.0000000000000000,0.0000000000000000,0.0000000000000000,1.0000000000000000
M 0.3420201539993286,0.0000000410752676,0.9396926164627075,-6.8143105506896973,0.0000000000000000,1.0000000000000000,-0.0000000437113883,0.0000000226754509,-0.9396926164627075,0.0000000149501762,0.3420201539993286,-7.1745853424072266,0.0000000000000000,0.0000000000000000,0.0000000000000000,1.0000000000000000
M 0.3420201539993286,0.0000000410752676,0.9396926164627075,-6.8143105506896973,0.0000000000000000,1.0000000000000000,-0.0000000437113883,0.0000000226754509,-0.9396926164627075,0.0000000149501762,0.3420201539993286,-7.1745853424072266,0.0000000000000000,0.0000000000000000,0.0000000000000000,1.0000000000000000
M 0.3420201539993286,0.0000000410752676,0.9396926164627075,-6.8143105506896973,0.0000000000000000,1.0000000000000000,-0.0000000437113883,0.0000000226754509,-0.9396926164627075,0.0000000149501762,0.3420201539993286,-7.1745853424072266,0.0000000000000000,0.0000000000000000,0.0000000000000000,1.0000000000000000
M 0.3420201539993286,0.0000000410752676,0.9396926164627075,-6.8143105506896973,0.0000000000000000,1.0000000000000000,-0.0000000437113883,0.0000000226754509,-0.9396926164627075,0.0000000149501762,0.3420201539993286,-7.1745853424072266,0.0000000000000000,0.0000000000000000,0.0000000000000000,1.0000000000000000
M 0.3420201539993286,0.0000000410752676,0.9396926164627075,-6.8143105506896973,0.0000000000000000,1.0000000000000000,-0.0000000437113883,0.0000000226754509,-0.9396926164627075,0.0000000149501762,0.3420201539993286,-7.1745853424072266,0.0000000000000000,0.0000000000000000,0.0000000000000000,1.0000000000000000
M 0.3420201539993286,0.0000000410752676,0.9396926164627075,-6.8143105506896973,0.0000000000000000,1.0000000000000000,-0.0000000437113883,0.0000000226754509,-0.9396926164627075,0.0000000149501762,0.3420201539993286,-7.1745853424072266,0.0000000000000000,0.0000000000000000,0.0000000000000000,1.0000000000000000
M 0.3420201539993286,0.0000000410752676,0.9396926164627075,-6.8143105506896973,0.0000000000000000,1.0000000000000000,-0.0000000437113883,0.0000000226754509,-0.9396926164627075,0.0000000149501762,0.3420201539993286,-7.1745853424072266,0.0000000000000000,0.0000000000000000,0.0000000000000000,1.0000000000000000
M 0.3420201539993286,0.0000000410752676,0.9396926164627075,-6.8143105506896973,0.0000000000000000,1.0000000000000000,-0.0000000437113883,0.0000000226754509,-0.9396926164627075,0.0000000149501762,0.3420201539993286,-7.1745853424072266,0.0000000000000000,0.0000000000000000,0.0000000000000000,1.0000000000000000
M 0.3420201539993286,0.0000000410752676,0.9396926164627075,-6.8143105506896973,0.0000000000000000,1.0000000000000000,-0.0000000437113883,0.0000000226754509,-0.9396926164627075,0.0000000149501762,0.3420201539993286,-7.1745853424072266,0.0000000000000000,0.0000000000000000,0.0000000000000000,1.0000000000000000
M 0.3420201539993286,0.0000000410752676,0.9396926164627075,-6.8143105506896973,0.0000000000000000,1.0000000000000000,-0.0000000437113883,0.0000000226754509,-0.9396926164627075,0.0000000149501762,0.3420201539993286,-7.1745853424072266,0.0000000000000000,0.0000000000000000,0.0000000000000000,1.0000000000000000
M 0.3420201539993286,0.0000000410752676,0.9396926164627075,-6.8143105506896973,0.0000000000000000,1.0000000000000000,-0.0000000437113883,0.0000000226754509,-0.9396926164627075,0.0000000149501762,0.3420201539993286,-7.1745853424072266,0.0000000000000000,0.0000000000000000,0.0000000000000000,1.0000000000000000
M 0.3420201539993286,0.0000000410752676,0.9396926164627075,-6.8143105506896973,0.0000000000000000,1.0000000000000000,-0.0000000437113883,0.0000000226754509,-0.9396926164627075,0.0000000149501762,0.3420201539993286,-7.1745853424072266,0.0000000000000000,0.0000000000000000,0.0000000000000000,1.0000000000000000
M 0.3420201539993286,0.0000000410752676,0.9396926164627075,-6.8143105506896973,0.0000000000000000,1.0000000000000000,-0.0000000437113883,0.0000000226754509,-0.9396926164627075,0.0000000149501762,0.3420201539993286,-7.1745853424072266,0.0000000000000000,0.0000000000000000,0.0000000000000000,1.0000000000000000
M 0.3420201539993286,0.0000000410752676,0.9396926164627075,-6.8143105506896973,0.0000000000000000,1.0000000000000000,-0.0000000437113883,0.0000000226754509,-0.9396926164627075,0.0000000149501762,0.3420201539993286,-7.1745853424072266,0.0000000000000000,0.0000000000000000,0.0000000000000000,1.0000000000000000
M 0.3420201539993286,0.0000000410752676,0.9396926164627075,-6.8143105506896973,0.0000000000000000,1.0000000000000000,-0.0000000437113883,0.0000000226754509,-0.9396926164627075,0.0000000149501762,0.3420201539993286,-7.1745853424072266,0.0000000000000000,0.0000000000000000,0.0000000000000000,1.0000000000000000
M 0.3420201539993286,0.0000000410752676,0.9396926164627075,-6.8143105506896973,0.0000000000000000,1.0000000000000000,-0.0000000437113883,0.0000000226754509,-0.9396926164627075,0.0000000149501762,0.3420201539993286,-7.1745853424072266,0.0000000000000000,0.0000000000000000,0.0000000000000000,1.0000000000000000
M 0.3420201539993286,0.0000000410752676,0.9396926164627075,-6.8143105506896973,0.0000000000000000,1.0000000000000000,-0.0000000437113883,0.0000000226754509,-0.9396926164627075,0.0000000149501762,0.3420201539993286,-7.1745853424072266,0.0000000000000000,0.0000000000000000,0.0000000000000000,1.0000000000000000
M 0.3420201539993286,0.0000000410752676,0.9396926164627075,-6.8143105506896973,0.0000000000000000,1.0000000000000000,-0.0000000437113883,0.0000000226754509,-0.9396926164627075,0.0000000149501762,0.3420201539993286,-7.1745853424072266,0.0000000000000000,0.0000000000000000,0.0000000000000000,1.0000000000000000
M 0.3420201539993286,0.0000000410752676,0.9396926164627075,-6.8143105506896973,0.0000000000000000,1.0000000000000000,-0.0000000437113883,0.0000000226754509,-0.9396926164627075,0.0000000149501762,0.3420201539993286,-7.1745853424072266,0.0000000000000000,0.0000000000000000,0.0000000000000000,1.0000000000000000
M 0.3420201539993286,0.0000000410752676,0.9396926164627075,-6.8143105506896973,0.0000000000000000,1.0000000000000000,-0.0000000437113883,0.0000000226754509,-0.9396926164627075,0.0000000149501762,0.3420201539993286,-7.1745853424072266,0.0000000000000000,0.0000000000000000,0.0000000000000000,1.0000000000000000
M 0.3420201539993286,0.0000000410752676,0.9396926164627075,-6.8143105506896973,0.0000000000000000,1.0000000000000000,-0.0000000437113883,0.0000000226754509,-0.9396926164627075,0.0000000149501762,0.3420201539993286,-7.1745853424072266,0.0000000000000000,0.0000000000000000,0.0000000000000000,1.0000000000000000
M 0.3420201539993286,0.0000000410752676,0.9396926164627075,-6.8143105506896973,0.0000000000000000,1.0000000000000000,-0.0000000437113883,0.0000000226754509,-0.9396926164627075,0.0000000149501762,0.3420201539993286,-7.1745853424072266,0.0000000000000000,0.0000000000000000,0.0000000000000000,1.0000000000000000
M 0.3420201539993286,0.0000000410752676,0.9396926164627075,-6.8143105506896973,0.0000000000000000,1.0000000000000000,-0.0000000437113883,0.0000000226754509,-0.9396926164627075,0.0000000149501762,0.3420201539993286,-7.1745853424072266,0.0000000000000000,0.0000000000000000,0.0000000000000000,1.0000000000000000
M 0.3420201539993286,0.0000000410752676,0.9396926164627075,-6.8143105506896973,0.0000000000000000,1.0000000000000000,-0.0000000437113883,0.0000000226754509,-0.9396926164627075,0.0000000149501762,0.3420201539993286,-7.1745853424072266,0.0000000000000000,0.0000000000000000,0.0000000000000000,1.0000000000000000
M 0.3420201539993286,0.0000000410752676,0.9396926164627075,-6.8143105506896973,0.0000000000000000,1.0000000000000000,-0.0000000437113883,0.0000000226754509,-0.9396926164627075,0.0000000149501762,0.3420201539993286,-7.1745853424072266,0.0000000000000000,0.0000000000000000,0.0000000000000000,1.0000000000000000
M 0.3420201539993286,0.0000000410752676,0.9396926164627075,-6.8143105506896973,0.0000000000000000,1.0000000000000000,-0.0000000437113883,0.0000000226754509,-0.9396926164627075,0.0000000149501762,0.3420201539993286,-7.1745853424072266,0.0000000000000000,0.0000000000000000,0.0000000000000000,1.0000000000000000
M 0.3420201539993286,0.0000000410752676,0.9396926164627075,-6.8143105506896973,0.0000000000000000,1.0000000000000000,-0.0000000437113883,0.0000000226754509,-0.9396926164627075,0.0000000149501762,0.3420201539993286,-7.1745853424072266,0.0000000000000000,0.0000000000000000,0.0000000000000000,1.0000000000000000
M 0.3420201539993286,0.0000000410752676,0.9396926164627075,-6.8143105506896973,0.0000000000000000,1.0000000000000000,-0.0000000437113883,0.0000000226754509,-0.9396926164627075,0.0000000149501762,0.3420201539993286,-7.1745853424072266,0.0000000000000000,0.0000000000000000,0.0000000000000000,1.0000000000000000
M 0.3420201539993286,0.0000000410752676,0.9396926164627075,-6.8143105506896973,0.0000000000000000,1.0000000000000000,-0.0000000437113883,0.0000000226754509,-0.9396926164627075,0.0000000149501762,0.3420201539993286,-7.1745853424072266,0.0000000000000000,0.0000000000000000,0.0000000000000000,1.0000000000000000
M 0.3420201539993286,0.0000000410752676,0.9396926164627075,-6.8143105506896973,0.0000000000000000,1.0000000000000000,-0.0000000437113883,0.0000000226754509,-0.9396926164627075,0.0000000149501762,0.3420201539993286,-7.1745853424072266,0.0000000000000000,0.0000000000000000,0.0000000000000000,1.0000000000000000
M 0.3420201539993286,0.0000000410752676,0.9396926164627075,-6.8143105506896973,0.0000000000000000,1.0000000000000000,-0.0000000437113883,0.0000000226754509,-0.9396926164627075,0.0000000149501762,0.3420201539993286,-7.1745853424072266,0.0000000000000000,0.0000000000000000,0.0000000000000000,1.0000000000000000
M 0.3420201539993286,0.0000000410752676,0.9396926164627075,-6.8143105506896973,0.0000000000000000,1.0000000000000000,-0.0000000437113883,0.0000000226754509,-0.9396926164627075,0.0000000149501762,0.3420201539993286,-7.1745853424072266,0.0000000000000000,0.0000000000000000,0.0000000000000000,1.0000000000000000
M 0.3420201539993286,0.0000000410752676,0.9396926164627075,-6.8143105506896973,0.0000000000000000,1.0000000000000000,-0.0000000437113883,0.0000000226754509,-0.9396926164627075,0.0000000149501762,0.3420201539993286,-7.1745853424072266,0.0000000000000000,0.0000000000000000,0.0000000000000000,1.0000000000000000
M 0.3420201539993286,0.0000000410752676,0.9396926164627075,-6.8143105506896973,0.0000000000000000,1.0000000000000000,-0.0000000437113883,0.0000000226754509,-0.9396926164627075,0.0000000149501762,0.3420201539993286,-7.1745853424072266,0.0000000000000000,0.0000000000000000,0.0000000000000000,1.0000000000000000
M 0.3420201539993286,0.0000000410752676,0.9396926164627075,-6.8143105506896973,0.0000000000000000,1.0000000000000000,-0.0000000437113883,0.0000000226754509,-0.9396926164627075,0.0000000149501762,0.3420201539993286,-7.1745853424072266,0.0000000000000000,0.0000000000000000,0.0000000000000000,1.0000000000000000
M 0.3420201539993286,0.0000000410752676,0.9396926164627075,-6.8143105506896973,0.0000000000000000,1.0000000000000000,-0.0000000437113883,0.0000000226754509,-0.9396926164627075,0.0000000149501762,0.3420201539993286,-7.1745853424072266,0.0000000000000000,0.0000000000000000,0.0000000000000000,1.0000000000000000
M 0.3420201539993286,0.0000000410752676,0.9396926164627075,-6.8143105506896973,0.0000000000000000,1.0000000000000000,-0.0000000437113883,0.0000000226754509,-0.9396926164627075,0.0000000149501762,0.3420201539993286,-7.1745853424072266,0.0000000000000000,0.0000000000000000,0.0000000000000000,1.0000000000000000
M 0.3420201539993286,0.0000000410752676,0.9396926164627075,-6.8143105506896973,0.0000000000000000,1.0000000000000000,-0.0000000437113883,0.0000000226754509,-0.9396926164627075,0.0000000149501762,0.3420201539993286,-7.1745853424072266,0.0000000000000000,0.0000000000000000,0.0000000000000000,1.0000000000000000
M 0.3420201539993286,0.0000000410752676,0.9396926164627075,-6.8143105506896973,0.0000000000000000,1.0000000000000000,-0.0000000437113883,0.0000000226754509,-0.9396926164627075,0.0000000149501762,0.3420201539993286,-7.1745853424072266,0.0000000000000000,0.0000000000000000,0.0000000000000000,1.0000000000000000
M 0.3420201539993286,0.0000000410752676,0.9396926164627075,-6.8143105506896973,0.0000000000000000,1.0000000000000000,-0.0000000437113883,0.0000000226754509,-0.9396926164627075,0.0000000149501762,0.3420201539993286,-7.1745853424072266,0.0000000000000000,0.0000000000000000,0.0000000000000000,1.0000000000000000
M 0.3420201539993286,0.0000000410752676,0.9396926164627075,-6.8143105506896973,0.0000000000000000,1.0000000000000000,-0.0000000437113883,0.0000000226754509,-0.9396926164627075,0.0000000149501762,0.3420201539993286,-7.1745853424072266,0.0000000000000000,0.0000000000000000,0.0000000000000000,1.0000000000000000
M 0.3420201539993286,0.0000000410752676,0.9396926164627075,-6.8143105506896973,0.0000000000000000,1.0000000000000000,-0.0000000437113883,0.0000000226754509,-0.9396926164627075,0.0000000149501762,0.3420201539993286,-7.1745853424072266,0.0000000000000000,0.0000000000000000,0.0000000000000000,1.0000000000000000
M 0.3420201539993286,0.0000000410752676,0.9396926164627075,-6.8143105506896973,0.0000000000000000,1.0000000000000000,-0.0000000437113883,0.0000000226754509,-0.9396926164627075,0.0000000149501762,0.3420201539993286,-7.1745853424072266,0.0000000000000000,0.0000000000000000,0.0000000000000000,1.0000000000000000
M 0.3420201539993286,0.0000000410752676,0.9396926164627075,-6.8143105506896973,0.0000000000000000,1.0000000000000000,-0.0000000437113883,0.0000000226754509,-0.9396926164627075,0.0000000149501762,0.3420201539993286,-7.1745853424072266,0.0000000000000000,0.0000000000000000,0.0000000000000000,1.0000000000000000
M 0.3420201539993286,0.0000000410752676,0.9396926164627075,-6.8143105506896973,0.0000000000000000,1.0000000000000000,-0.0000000437113883,0.0000000226754509,-0.9396926164627075,0.0000000149501762,0.3420201539993286,-7.1745853424072266,0.0000000000000000,0.0000000000000000,0.0000000000000000,1.0000000000000000
M 0.3420201539993286,0.0000000410752676,0.9396926164627075,-6.8143105506896973,0.0000000000000000,1.0000000000000000,-0.0000000437113883,0.0000000226754509,-0.9396926164627075,0.0000000149501762,0.3420201539993286,-7.1745853424072266,0.0000000000000000,0.0000000000000000,0.0000000000000000,1.0000000000000000
M 0.3420201539993286,0.0000000410752676,0.9396926164627075,-6.8143105506896973,0.0000000000000000,1.0000000000000000,-0.0000000437113883,0.0000000226754509,-0.9396926164627075,0.0000000149501762,0.3420201539993286,-7.1745853424072266,0.0000000000000000,0.0000000000000000,0.0000000000000000,1.0000000000000000
M 0.3420201539993286,0.0000000410752676,0.9396926164627075,-6.8143105506896973,0.0000000000000000,1.0000000000000000,-0.0000000437113883,0.0000000226754509,-0.9396926164627075,0.0000000149501762,0.3420201539993286,-7.1745853424072266,0.0000000000000000,0.0000000000000000,0.0000000000000000,1.0000000000000000
M 0.3420201539993286,0.0000000410752676,0.9396926164627075,-6.8143105506896973,0.0000000000000000,1.0000000000000000,-0.0000000437113883,0.0000000226754509,-0.9396926164627075,0.0000000149501762,0.3420201539993286,-7.1745853424072266,0.0000000000000000,0.0000000000000000,0.0000000000000000,1.0000000000000000
M 0.3420201539993286,0.0000000410752676,0.9396926164627075,-6.8143105506896973,0.0000000000000000,1.0000000000000000,-0.0000000437113883,0.0000000226754509,-0.9396926164627075,0.0000000149501762,0.3420201539993286,-7.1745853424072266,0.0000000000000000,0.0000000000000000,0.0000000000000000,1.0000000000000000
M 0.3420201539993286,0.0000000410752676,0.9396926164627075,-6.8143105506896973,0.0000000000000000,1.0000000000000000,-0.0000000437113883,0.0000000226754509,-0.9396926164627075,0.0000000149501762,0.3420201539993286,-7.1745853424072266,0.0000000000000000,0.0000000000000000,0.0000000000000000,1.0000000000000000
M 0.3420201539993286,0.0000000410752676,0.9396926164627075,-6.8143105506896973,0.0000000000000000,1.0000000000000000,-0.0000000437113883,0.0000000226754509,-0.9396926164627075,0.0000000149501762,0.3420201539993286,-7.1745853424072266,0.0000000000000000,0.0000000000000000,0.0000000000000000,1.0000000000000000
M 0.3420201539993286,0.0000000410752676,0.9396926164627075,-6.8143105506896973,0.0000000000000000,1.0000000000000000,-0.0000000437113883,0.0000000226754509,-0.9396926164627075,0.0000000149501762,0.3420201539993286,-7.1745853424072266,0.0000000000000000,0.0000000000000000,0.0000000000000000,1.0000000000000000
M 0.3420201539993286,0.0000000410752676,0.9396926164627075,-6.8143105506896973,0.0000000000000000,1.0000000000000000,-0.0000000437113883,0.0000000226754509,-0.9396926164627075,0.0000000149501762,0.3420201539993286,-7.1745853424072266,0.0000000000000000,0.0000000000000000,0.0000000000000000,1.0000000000000000
M 0.3420201539993286,0.0000000410752676,0.9396926164627075,-6.8143105506896973,0.0000000000000000,1.0000000000000000,-0.0000000437113883,0.0000000226754509,-0.9396926164627075,0.0000000149501762,0.3420201539993286,-7.1745853424072266,0.0000000000000000,0.0000000000000000,0.0000000000000000,1.0000000000000000
M 0.3420201539993286,0.0000000410752676,0.9396926164627075,-6.8143105506896973,0.0000000000000000,1.0000000000000000,-0.0000000437113883,0.0000000226754509,-0.9396926164627075,0.0000000149501762,0.3420201539993286,-7.1745853424072266,0.0000000000000000,0.0000000000000000,0.0000000000000000,1.0000000000000000
M 0.3420201539993286,0.0000000410752676,0.9396926164627075,-6.8143105506896973,0.0000000000000000,1.0000000000000000,-0.0000000437113883,0.0000000226754509,-0.9396926164627075,0.0000000149501762,0.3420201539993286,-7.1745853424072266,0.0000000000000000,0.0000000000000000,0.0000000000000000,1.0000000000000000
M 0.3420201539993286,0.0000000410752676,0.9396926164627075,-6.8143105506896973,0.0000000000000000,1.0000000000000000,-0.0000000437113883,0.0000000226754509,-0.9396926164627075,0.0000000149501762,0.3420201539993286,-7.1745853424072266,0.0000000000000000,0.0000000000000000,0.0000000000000000,1.0000000000000000
M 0.3420201539993286,0.0000000410752676,0.9396926164627075,-6.8143105506896973,0.0000000000000000,1.0000000000000000,-0.0000000437113883,0.0000000226754509,-0.9396926164627075,0.0000000149501762,0.3420201539993286,-7.1745853424072266,0.0000000000000000,0.0000000000000000,0.0000000000000000,1.0000000000000000
M 0.3420201539993286,0.0000000410752676,0.9396926164627075,-6.8143105506896973,0.0000000000000000,1.0000000000000000,-0.0000000437113883,0.0000000226754509,-0.9396926164627075,0.0000000149501762,0.3420201539993286,-7.1745853424072266,0.0000000000000000,0.0000000000000000,0.0000000000000000,1.0000000000000000
M 0.3420201539993286,0.0000000410752676,0.9396926164627075,-6.8143105506896973,0.0000000000000000,1.0000000000000000,-0.0000000437113883,0.0000000226754509,-0.9396926164627075,0.0000000149501762,0.3420201539993286,-7.1745853424072266,0.0000000000000000,0.0000000000000000,0.0000000000000000,1.0000000000000000
M 0.3420201539993286,0.0000000410752676,0.9396926164627075,-6.8143105506896973,0.0000000000000000,1.0000000000000000,-0.0000000437113883,0.0000000226754509,-0.9396926164627075,0.0000000149501762,0.3420201539993286,-7.1745853424072266,0.0000000000000000,0.0000000000000000,0.0000000000000000,1.0000000000000000
M 0.3420201539993286,0.0000000410752676,0.9396926164627075,-6.8143105506896973,0.0000000000000000,1.0000000000000000,-0.0000000437113883,0.0000000226754509,-0.9396926164627075,0.0000000149501762,0.3420201539993286,-7.1745853424072266,0.0000000000000000,0.0000000000000000,0.0000000000000000,1.0000000000000000
M 0.3420201539993286,0.0000000410752676,0.9396926164627075,-6.8143105506896973,0.0000000000000000,1.0000000000000000,-0.0000000437113883,0.0000000226754509,-0.9396926164627075,0.0000000149501762,0.3420201539993286,-7.1745853424072266,0.0000000000000000,0.0000000000000000,0.0000000000000000,1.0000000000000000
M 0.3420201539993286,0.0000000410752676,0.9396926164627075,-6.8143105506896973,0.0000000000000000,1.0000000000000000,-0.0000000437113883,0.0000000226754509,-0.9396926164627075,0.0000000149501762,0.3420201539993286,-7.1745853424072266,0.0000000000000000,0.0000000000000000,0.0000000000000000,1.0000000000000000
M 0.3420201539993286,0.0000000410752676,0.9396926164627075,-6.8143105506896973,0.0000000000000000,1.0000000000000000,-0.0000000437113883,0.0000000226754509,-0.9396926164627075,0.0000000149501762,0.3420201539993286,-7.1745853424072266,0.0000000000000000,0.0000000000000000,0.0000000000000000,1.0000000000000000
M 0.3420201539993286,0.0000000410752676,0.9396926164627075,-6.8143105506896973,0.0000000000000000,1.0000000000000000,-0.0000000437113883,0.0000000226754509,-0.9396926164627075,0.0000000149501762,0.3420201539993286,-7.1745853424072266,0.0000000000000000,0.0000000000000000,0.0000000000000000,1.0000000000000000
M 0.3420201539993286,0.0000000410752676,0.9396926164627075,-6.8143105506896973,0.0000000000000000,1.0000000000000000,-0.0000000437113883,0.0000000226754509,-0.9396926164627075,0.0000000149501762,0.3420201539993286,-7.1745853424072266,0.0000000000000000,0.0000000000000000,0.0000000000000000,1.0000000000000000
M 0.3420201539993286,0.0000000410752676,0.9396926164627075,-6.8143105506896973,0.0000000000000000,1.0000000000000000,-0.0000000437113883,0.0000000226754509,-0.9396926164627075,0.0000000149501762,0.3420201539993286,-7.1745853424072266,0.0000000000000000,0.0000000000000000,0.0000000000000000,1.0000000000000000
M 0.3420201539993286,0.0000000410752676,0.9396926164627075,-6.8143105506896973,0.0000000000000000,1.0000000000000000,-0.0000000437113883,0.0000000226754509,-0.9396926164627075,0.0000000149501762,0.3420201539993286,-7.1745853424072266,0.0000000000000000,0.0000000000000000,0.0000000000000000,1.0000000000000000
M 0.3420201539993286,0.0000000410752676,0.9396926164627075,-6.8143105506896973,0.0000000000000000,1.0000000000000000,-0.0000000437113883,0.0000000226754509,-0.9396926164627075,0.0000000149501762,0.3420201539993286,-7.1745853424072266,0.0000000000000000,0.0000000000000000,0.0000000000000000,1.0000000000000000
M 0.3420201539993286,0.0000000410752676,0.9396926164627075,-6.8143105506896973,0.0000000000000000,1.0000000000000000,-0.0000000437113883,0.0000000226754509,-0.9396926164627075,0.0000000149501762,0.3420201539993286,-7.1745853424072266,0.0000000000000000,0.0000000000000000,0.0000000000000000,1.0000000000000000
M 0.3420201539993286,0.0000000410752676,0.9396926164627075,-6.8143105506896973,0.0000000000000000,1.0000000000000000,-0.0000000437113883,0.0000000226754509,-0.9396926164627075,0.0000000149501762,0.3420201539993286,-7.1745853424072266,0.0000000000000000,0.0000000000000000,0.0000000000000000,1.0000000000000000
M 0.3420201539993286,0.0000000410752676,0.9396926164627075,-6.8143105506896973,0.0000000000000000,1.0000000000000000,-0.0000000437113883,0.0000000226754509,-0.9396926164627075,0.0000000149501762,0.3420201539993286,-7.1745853424072266,0.0000000000000000,0.0000000000000000,0.0000000000000000,1.0000000000000000
M 0.3420201539993286,0.0000000410752676,0.9396926164627075,-6.8143105506896973,0.0000000000000000,1.0000000000000000,-0.0000000437113883,0.0000000226754509,-0.9396926164627075,0.0000000149501762,0.3420201539993286,-7.1745853424072266,0.0000000000000000,0.0000000000000000,0.0000000000000000,1.0000000000000000
M 0.3420201539993286,0.0000000410752676,0.9396926164627075,-6.8143105506896973,0.0000000000000000,1.0000000000000000,-0.0000000437113883,0.0000000226754509,-0.9396926164627075,0.0000000149501762,0.3420201539993286,-7.1745853424072266,0.0000000000000000,0.0000000000000000,0.0000000000000000,1.0000000000000000
O DOOR_1_EXTERNAL_CG_dfl
A DOOR_1_EXTERNAL_CG_dfl_DOOR_1_EXTERNAL_CG_dfl
M 1.0000000000000000,0.0000000000000000,0.0000000000000000,0.0000000000000000,0.0000000000000000,1.0000000000000000,-0.0000000437113883,0.0000000000000000,-0.0000000000000000,0.0000000437113883,1.0000000000000000,-0.0000000000000000,0.0000000000000000,0.0000000000000000,0.0000000000000000,1.0000000000000000
M 1.0000000000000000,0.0000000000000000,0.0000000000000000,0.0000593613367528,0.0000000000000000,1.0000000000000000,-0.0000000437113883,0.0000000000000000,-0.0000000000000000,0.0000000437113883,1.0000000000000000,0.0002423338301014,0.0000000000000000,0.0000000000000000,0.0000000000000000,1.0000000000000000
M 1.0000000000000000,0.0000000000000000,0.0000000000000000,0.0002415777707938,0.0000000000000000,1.0000000000000000,-0.0000000437113883,0.0000000000000000,-0.0000000000000000,0.0000000437113883,1.0000000000000000,0.0009524772758596,0.0000000000000000,0.0000000000000000,0.0000000000000000,1.0000000000000000
M 1.0000000000000000,0.0000000000000000,0.0000000000000000,0.0005528479814529,0.0000000000000000,1.0000000000000000,-0.0000000437113883,0.0000000000000000,-0.0000000000000000,0.0000000437113883,1.0000000000000000,0.0021051436197013,0.0000000000000000,0.0000000000000000,0.0000000000000000,1.0000000000000000
M 1.0000000000000000,0.0000000000000000,0.0000000000000000,0.0009993704734370,0.0000000000000000,1.0000000000000000,-0.0000000437113883,0.0000000000000000,-0.0000000000000000,0.0000000437113883,1.0000000000000000,0.0036750452127308,0.0000000000000000,0.0000000000000000,0.0000000000000000,1.0000000000000000
M 1.0000000000000000,0.0000000000000000,0.0000000000000000,0.0015873441006988,0.0000000000000000,1.0000000000000000,-0.0000000437113883,0.0000000000000000,-0.0000000000000000,0.0000000437113883,1.0000000000000000,0.0056368960067630,0.0000000000000000,0.0000000000000000,0.0000000000000000,1.0000000000000000
M 1.0000000000000000,0.0000000000000000,0.0000000000000000,0.0023229671642184,0.0000000000000000,1.0000000000000000,-0.0000000437113883,0.0000000000000000,-0.0000000000000000,0.0000000437113883,1.0000000000000000,0.0079654082655907,0.0000000000000000,0.0000000000000000,0.0000000000000000,1.0000000000000000
M 1.0000000000000000,0.0000000000000000,0.0000000000000000,0.0032124384306371,0.0000000000000000,1.0000000000000000,-0.0000000437113883,0.0000000000000000,-0.0000000000000000,0.0000000437113883,1.0000000000000000,0.0106352940201759,0.0000000000000000,0.0000000000000000,0.0000000000000000,1.0000000000000000
