O DOOR_12_INTERIOR_LCG_il_LINVERT_CG_dfr
A DOOR_12_INTERIOR_LCG_il_LINVERT_CG_dfr_DOOR_12_INTERIOR_LCG_il_LINVERT_CG_dfr
M 1.0000000000000000,0.0000000000000000,0.0000000000000000,0.0000000000000000,0.0000000000000000,1.0000000000000000,-0.0000000437113883,-0.0000000228001369,-0.0000000000000000,0.0000000437113883,1.0000000000000000,-0.0000000578678936,0.0000000000000000,0.0000000000000000,0.0000000000000000,1.0000000000000000
M 0.9999971985816956,-0.0000000001035318,-0.0023685307241976,-0.0030484034214169,0.0000000000000000,1.0000000000000000,-0.0000000437113883,-0.0000000228001369,0.0023685307241976,0.0000000437112675,0.9999971985816956,0.0202031955122948,0.0000000000000000,0.0000000000000000,0.0000000000000000,1.0000000000000000
M 0.9999566674232483,-0.0000000004069194,-0.0093092303723097,-0.0122577082365751,0.0000000000000000,1.0000000000000000,-0.0000000437113883,-0.0000000228001369,0.0093092303723097,0.0000000437095018,0.9999566674232483,0.0793651863932610,0.0000000000000000,0.0000000000000000,0.0000000000000000,1.0000000000000000
M 0.9997883439064026,-0.0000000008993136,-0.0205738935619593,-0.0280777141451836,0.0000000000000000,1.0000000000000000,-0.0000000437113883,-0.0000000228001369,0.0205738935619593,0.0000000437021370,0.9997883439064026,0.1752533465623856,0.0000000000000000,0.0000000000000000,0.0000000000000000,1.0000000000000000
M 0.9993549585342407,-0.0000000015697460,-0.0359115973114967,-0.0513610206544399,0.0000000000000000,1.0000000000000000,-0.0000000437113883,-0.0000000228001369,0.0359115973114967,0.0000000436831940,0.9993549585342407,0.3055516183376312,0.0000000000000000,0.0000000000000000,0.0000000000000000,1.0000000000000000
M 0.9984827041625977,-0.0000000024070232,-0.0550662726163864,-0.0832626372575760,0.0000000000000000,1.0000000000000000,-0.0000000437113883,-0.0000000228001369,0.0550662726163864,0.0000000436450662,0.9984827041625977,0.4678536057472229,0.0000000000000000,0.0000000000000000,0.0000000000000000,1.0000000000000000
M 0.9969710111618042,-0.0000000033996115,-0.0777740329504013,-0.1251574307680130,0.0000000000000000,1.0000000000000000,-0.0000000437113883,-0.0000000228001369,0.0777740329504013,0.0000000435789858,0.9969710111618042,0.6596516370773315,0.0000000000000000,0.0000000000000000,0.0000000000000000,1.0000000000000000
M 0.9946023225784302,-0.0000000045355204,-0.1037606075406075,-0.1785500794649124,0.0000000000000000,1.0000000000000000,-0.0000000437113883,-0.0000000228001369,0.1037606075406075,0.0000000434754561,0.9946023225784302,0.8783282041549683,0.0000000000000000,0.0000000000000000,0.0000000000000000,1.0000000000000000
M 0.9911509752273560,-0.0000000058022160,-0.1327392309904099,-0.2449998408555984,0.0000000000000000,1.0000000000000000,-0.0000000437113883,-0.0000000228001369,0.1327392309904099,0.0000000433245866,0.9911509752273560,1.1211485862731934,0.0000000000000000,0.0000000000000000,0.0000000000000000,1.0000000000000000
M 0.9863922595977783,-0.0000000071865456,-0.1644089967012405,-0.3260393440723419,0.0000000000000000,1.0000000000000000,-0.0000000437113883,-0.0000000228001369,0.1644089967012405,0.0000000431165823,0.9863922595977783,1.3852584362030029,0.0000000000000000,0.0000000000000000,0.0000000000000000,1.0000000000000000
M 0.9801101684570312,-0.0000000086747134,-0.1984543055295944,-0.4231090247631073,0.0000000000000000,1.0000000000000000,-0.0000000437113883,-0.0000000228001369,0.1984543055295944,0.0000000428419824,0.9801101684570312,1.6676898002624512,0.0000000000000000,0.0000000000000000,0.0000000000000000,1.0000000000000000
M 0.9721053242683411,-0.0000000102522817,-0.2345448732376099,-0.5374885201454163,0.0000000000000000,1.0000000000000000,-0.0000000437113883,-0.0000000228001369,0.2345448732376099,0.0000000424920721,0.9721053242683411,1.9653699398040771,0.0000000000000000,0.0000000000000000,0.0000000000000000,1.0000000000000000
M 0.9622019529342651,-0.0000000119042198,-0.2723368108272552,-0.6702378392219543,0.0000000000000000,1.0000000000000000,-0.0000000437113883,-0.0000000228001369,0.2723368108272552,0.0000000420591846,0.9622019529342651,2.2751407623291016,0.0000000000000000,0.0000000000000000,0.0000000000000000,1.0000000000000000
M 0.9502543210983276,-0.0000000136150087,-0.3114750981330872,-0.8221461772918701,0.0000000000000000,1.0000000000000000,-0.0000000437113883,-0.0000000228001369,0.3114750981330872,0.0000000415369357,0.9502543210983276,2.5937874317169189,0.0000000000000000,0.0000000000000000,0.0000000000000000,1.0000000000000000
M 0.9361518025398254,-0.0000000153687569,-0.3515961170196533,-0.9936935305595398,0.0000000000000000,1.0000000000000000,-0.0000000437113883,-0.0000000228001369,0.3515961170196533,0.0000000409204937,0.9361518025398254,2.9180665016174316,0.0000000000000000,0.0000000000000000,0.0000000000000000,1.0000000000000000
M 0.9198236465454102,-0.0000000171493770,-0.3923320174217224,-1.1850141286849976,0.0000000000000000,1.0000000000000000,-0.0000000437113883,-0.0000000228001369,0.3923320174217224,0.0000000402067677,0.9198236465454102,3.2447493076324463,0.0000000000000000,0.0000000000000000,0.0000000000000000,1.0000000000000000
M 0.9012426137924194,-0.0000000189407938,-0.4333148598670959,-1.3958699703216553,0.0000000000000000,1.0000000000000000,-0.0000000437113883,-0.0000000228001369,0.4333148598670959,0.0000000393945747,0.9012426137924194,3.5706617832183838,0.0000000000000000,0.0000000000000000,0.0000000000000000,1.0000000000000000
M 0.8804268240928650,-0.0000000207271569,-0.4741820693016052,-1.6256439685821533,0.0000000000000000,1.0000000000000000,-0.0000000437113883,-0.0000000228001369,0.4741820693016052,0.0000000384846786,0.8804268240928650,3.8927340507507324,0.0000000000000000,0.0000000000000000,0.0000000000000000,1.0000000000000000
M 0.8574413061141968,-0.0000000224930830,-0.5145817399024963,-1.8733317852020264,0.0000000000000000,1.0000000000000000,-0.0000000437113883,-0.0000000228001369,0.5145817399024963,0.0000000374799498,0.8574413061141968,4.2080469131469727,0.0000000000000000,0.0000000000000000,0.0000000000000000,1.0000000000000000
M 0.8323979377746582,-0.0000000242239047,-0.5541783571243286,-2.1375498771667480,0.0000000000000000,1.0000000000000000,-0.0000000437113883,-0.0000000228001369,0.5541783571243286,0.0000000363852770,0.8323979377746582,4.5138807296752930,0.0000000000000000,0.0000000000000000,0.0000000000000000,1.0000000000000000
M 0.8054541349411011,-0.0000000259059121,-0.5926581025123596,-2.4165556430816650,0.0000000000000000,1.0000000000000000,-0.0000000437113883,-0.0000000228001369,0.5926581025123596,0.0000000352075169,0.8054541349411011,4.8077592849731445,0.0000000000000000,0.0000000000000000,0.0000000000000000,1.0000000000000000
M 0.7768108844757080,-0.0000000275265482,-0.6297339200973511,-2.7082667350769043,0.0000000000000000,1.0000000000000000,-0.0000000437113883,-0.0000000228001369,0.6297339200973511,0.0000000339554802,0.7768108844757080,5.0874905586242676,0.0000000000000000,0.0000000000000000,0.0000000000000000,1.0000000000000000
M 0.7467089891433716,-0.0000000290746716,-0.6651508808135986,-3.0103042125701904,0.0000000000000000,1.0000000000000000,-0.0000000437113883,-0.0000000228001369,0.6651508808135986,0.0000000326396865,0.7467089891433716,5.3512063026428223,0.0000000000000000,0.0000000000000000,0.0000000000000000,1.0000000000000000
M 0.7154259085655212,-0.0000000305406509,-0.6986886262893677,-3.3200192451477051,0.0000000000000000,1.0000000000000000,-0.0000000437113883,-0.0000000228001369,0.6986886262893677,0.0000000312722612,0.7154259085655212,5.5973820686340332,0.0000000000000000,0.0000000000000000,0.0000000000000000,1.0000000000000000
M 0.6832696795463562,-0.0000000319165743,-0.7301660776138306,-3.6345520019531250,0.0000000000000000,1.0000000000000000,-0.0000000437113883,-0.0000000228001369,0.7301660776138306,0.0000000298666656,0.6832696795463562,5.8248648643493652,0.0000000000000000,0.0000000000000000,0.0000000000000000,1.0000000000000000
M 0.6505750417709351,-0.0000000331962653,-0.7594419717788696,-3.9508669376373291,0.0000000000000000,1.0000000000000000,-0.0000000437113883,-0.0000000228001369,0.7594419717788696,0.0000000284375421,0.6505750417709351,6.0328783988952637,0.0000000000000000,0.0000000000000000,0.0000000000000000,1.0000000000000000
M 0.6176969408988953,-0.0000000343753470,-0.7864162325859070,-4.2658081054687500,0.0000000000000000,1.0000000000000000,-0.0000000437113883,-0.0000000228001369,0.7864162325859070,0.0000000270003948,0.6176969408988953,6.2210216522216797,0.0000000000000000,0.0000000000000000,0.0000000000000000,1.0000000000000000
M 0.5850052237510681,-0.0000000354512260,-0.8110294938087463,-4.5761442184448242,0.0000000000000000,1.0000000000000000,-0.0000000437113883,-0.0000000228001369,0.8110294938087463,0.0000000255713868,0.5850052237510681,6.3892598152160645,0.0000000000000000,0.0000000000000000,0.0000000000000000,1.0000000000000000
M 0.5528797507286072,-0.0000000364230068,-0.8332610726356506,-4.8786077499389648,0.0000000000000000,1.0000000000000000,-0.0000000437113883,-0.0000000228001369,0.8332610726356506,0.0000000241671412,0.5528797507286072,6.5379018783569336,0.0000000000000000,0.0000000000000000,0.0000000000000000,1.0000000000000000
M 0.5217033624649048,-0.0000000372913647,-0.8531269431114197,-5.1699533462524414,0.0000000000000000,1.0000000000000000,-0.0000000437113883,-0.0000000228001369,0.8531269431114197,0.0000000228043824,0.5217033624649048,6.6675739288330078,0.0000000000000000,0.0000000000000000,0.0000000000000000,1.0000000000000000
M 0.4918598830699921,-0.0000000380583849,-0.8706743717193604,-5.4469676017761230,0.0000000000000000,1.0000000000000000,-0.0000000437113883,-0.0000000228001369,0.8706743717193604,0.0000000214998792,0.4918598830699921,6.7791681289672852,0.0000000000000000,0.0000000000000000,0.0000000000000000,1.0000000000000000
M 0.4637277424335480,-0.0000000387273182,-0.8859777450561523,-5.7065153121948242,0.0000000000000000,1.0000000000000000,-0.0000000437113883,-0.0000000228001369,0.8859777450561523,0.0000000202701873,0.4637277424335480,6.8738031387329102,0.0000000000000000,0.0000000000000000,0.0000000000000000,1.0000000000000000
M 0.4376770555973053,-0.0000000393023178,-0.8991322517395020,-5.9455614089965820,0.0000000000000000,1.0000000000000000,-0.0000000437113883,-0.0000000228001369,0.8991322517395020,0.0000000191314715,0.4376770555973053,6.9527630805969238,0.0000000000000000,0.0000000000000000,0.0000000000000000,1.0000000000000000
M 0.4140678048133850,-0.0000000397881159,-0.9102460145950317,-6.1611728668212891,0.0000000000000000,1.0000000000000000,-0.0000000437113883,-0.0000000228001369,0.9102460145950317,0.0000000180994792,0.4140678048133850,7.0174303054809570,0.0000000000000000,0.0000000000000000,0.0000000000000000,1.0000000000000000
M 0.3932465612888336,-0.0000000401896969,-0.9194330573081970,-6.3505387306213379,0.0000000000000000,1.0000000000000000,-0.0000000437113883,-0.0000000228001369,0.9194330573081970,0.0000000171893539,0.3932465612888336,7.0692200660705566,0.0000000000000000,0.0000000000000000,0.0000000000000000,1.0000000000000000
M 0.3755453824996948,-0.0000000405118890,-0.9268040060997009,-6.5109663009643555,0.0000000000000000,1.0000000000000000,-0.0000000437113883,-0.0000000228001369,0.9268040060997009,0.0000000164156102,0.3755453824996948,7.1095004081726074,0.0000000000000000,0.0000000000000000,0.0000000000000000,1.0000000000000000
M 0.3612810671329498,-0.0000000407589873,-0.9324569702148438,-6.6398797035217285,0.0000000000000000,1.0000000000000000,-0.0000000437113883,-0.0000000228001369,0.9324569702148438,0.0000000157920983,0.3612810671329498,7.1395125389099121,0.0000000000000000,0.0000000000000000,0.0000000000000000,1.0000000000000000
M 0.3507528603076935,-0.0000000409343208,-0.9364680647850037,-6.7348217964172363,0.0000000000000000,1.0000000000000000,-0.0000000437113883,-0.0000000228001369,0.9364680647850037,0.0000000153318958,0.3507528603076935,7.1602883338928223,0.0000000000000000,0.0000000000000000,0.0000000000000000,1.0000000000000000
M 0.3442448079586029,-0.0000000410397440,-0.9388799071311951,-6.7934241294860840,0.0000000000000000,1.0000000000000000,-0.0000000437113883,-0.0000000228001369,0.9388799071311951,0.0000000150474193,0.3442448079586029,7.1725540161132812,0.0000000000000000,0.0000000000000000,0.0000000000000000,1.0000000000000000
M 0.3420201539993286,-0.0000000410752676,-0.9396926164627075,-6.8134412765502930,0.0000000000000000,1.0000000000000000,-0.0000000437113883,-0.0000000228001369,0.9396926164627075,0.0000000149501762,0.3420201539993286,7.1766467094421387,0.0000000000000000,0.0000000000000000,0.0000000000000000,1.0000000000000000
M 0.3420201539993286,-0.0000000410752676,-0.9396926164627075,-6.8134412765502930,0.0000000000000000,1.0000000000000000,-0.0000000437113883,-0.0000000228001369,0.9396926164627075,0.0000000149501762,0.3420201539993286,7.1766467094421387,0.0000000000000000,0.0000000000000000,0.0000000000000000,1.0000000000000000
M 0.3420201539993286,-0.0000000410752676,-0.9396926164627075,-6.8134412765502930,0.0000000000000000,1.0000000000000000,-0.0000000437113883,-0.0000000228001369,0.9396926164627075,0.0000000149501762,0.3420201539993286,7.1766467094421387,0.0000000000000000,0.0000000000000000,0.0000000000000000,1.0000000000000000
M 0.3420201539993286,-0.0000000410752676,-0.9396926164627075,-6.8134412765502930,0.0000000000000000,1.0000000000000000,-0.0000000437113883,-0.0000000228001369,0.9396926164627075,0.0000000149501762,0.3420201539993286,7.1766467094421387,0.0000000000000000,0.0000000000000000,0.0000000000000000,1.0000000000000000
M 0.3420201539993286,-0.0000000410752676,-0.9396926164627075,-6.8134412765502930,0.0000000000000000,1.0000000000000000,-0.0000000437113883,-0.0000000228001369,0.9396926164627075,0.0000000149501762,0.3420201539993286,7.1766467094421387,0.0000000000000000,0.0000000000000000,0.0000000000000000,1.0000000000000000
M 0.3420201539993286,-0.0000000410752676,-0.9396926164627075,-6.8134412765502930,0.0000000000000000,1.0000000000000000,-0.0000000437113883,-0.0000000228001369,0.9396926164627075,0.0000000149501762,0.3420201539993286,7.1766467094421387,0.0000000000000000,0.0000000000000000,0.0000000000000000,1.0000000000000000
M 0.3420201539993286,-0.0000000410752676,-0.9396926164627075,-6.8134412765502930,0.0000000000000000,1.0000000000000000,-0.0000000437113883,-0.0000000228001369,0.9396926164627075,0.0000000149501762,0.3420201539993286,7.1766467094421387,0.0000000000000000,0.0000000000000000,0.0000000000000000,1.0000000000000000
M 0.3420201539993286,-0.0000000410752676,-0.9396926164627075,-6.8134412765502930,0.0000000000000000,1.0000000000000000,-0.0000000437113883,-0.0000000228001369,0.9396926164627075,0.0000000149501762,0.3420201539993286,7.1766467094421387,0.0000000000000000,0.0000000000000000,0.0000000000000000,1.0000000000000000
M 0.3420201539993286,-0.0000000410752676,-0.9396926164627075,-6.8134412765502930,0.0000000000000000,1.0000000000000000,-0.0000000437113883,-0.0000000228001369,0.9396926164627075,0.0000000149501762,0.3420201539993286,7.1766467094421387,0.0000000000000000,0.0000000000000000,0.0000000000000000,1.0000000000000000
M 0.3420201539993286,-0.0000000410752676,-0.9396926164627075,-6.8134412765502930,0.0000000000000000,1.0000000000000000,-0.0000000437113883,-0.0000000228001369,0.9396926164627075,0.0000000149501762,0.3420201539993286,7.1766467094421387,0.0000000000000000,0.0000000000000000,0.0000000000000000,1.0000000000000000
M 0.3420201539993286,-0.0000000410752676,-0.9396926164627075,-6.8134412765502930,0.0000000000000000,1.0000000000000000,-0.0000000437113883,-0.0000000228001369,0.9396926164627075,0.0000000149501762,0.3420201539993286,7.1766467094421387,0.0000000000000000,0.0000000000000000,0.0000000000000000,1.0000000000000000
M 0.3420201539993286,-0.0000000410752676,-0.9396926164627075,-6.8134412765502930,0.0000000000000000,1.0000000000000000,-0.0000000437113883,-0.0000000228001369,0.9396926164627075,0.0000000149501762,0.3420201539993286,7.1766467094421387,0.0000000000000000,0.0000000000000000,0.0000000000000000,1.0000000000000000
M 0.3420201539993286,-0.0000000410752676,-0.9396926164627075,-6.8134412765502930,0.0000000000000000,1.0000000000000000,-0.0000000437113883,-0.0000000228001369,0.9396926164627075,0.0000000149501762,0.3420201539993286,7.1766467094421387,0.0000000000000000,0.0000000000000000,0.0000000000000000,1.0000000000000000
M 0.3420201539993286,-0.0000000410752676,-0.9396926164627075,-6.8134412765502930,0.0000000000000000,1.0000000000000000,-0.0000000437113883,-0.0000000228001369,0.9396926164627075,0.0000000149501762,0.3420201539993286,7.1766467094421387,0.0000000000000000,0.0000000000000000,0.0000000000000000,1.0000000000000000
M 0.3420201539993286,-0.0000000410752676,-0.9396926164627075,-6.8134412765502930,0.0000000000000000,1.0000000000000000,-0.0000000437113883,-0.0000000228001369,0.9396926164627075,0.0000000149501762,0.3420201539993286,7.1766467094421387,0.0000000000000000,0.0000000000000000,0.0000000000000000,1.0000000000000000
M 0.3420201539993286,-0.0000000410752676,-0.9396926164627075,-6.8134412765502930,0.0000000000000000,1.0000000000000000,-0.0000000437113883,-0.0000000228001369,0.9396926164627075,0.0000000149501762,0.3420201539993286,7.1766467094421387,0.0000000000000000,0.0000000000000000,0.0000000000000000,1.0000000000000000
M 0.3420201539993286,-0.0000000410752676,-0.9396926164627075,-6.8134412765502930,0.0000000000000000,1.0000000000000000,-0.0000000437113883,-0.0000000228001369,0.9396926164627075,0.0000000149501762,0.3420201539993286,7.1766467094421387,0.0000000000000000,0.0000000000000000,0.0000000000000000,1.0000000000000000
M 0.3420201539993286,-0.0000000410752676,-0.9396926164627075,-6.8134412765502930,0.0000000000000000,1.0000000000000000,-0.0000000437113883,-0.0000000228001369,0.9396926164627075,0.0000000149501762,0.3420201539993286,7.1766467094421387,0.0000000000000000,0.0000000000000000,0.0000000000000000,1.0000000000000000
M 0.3420201539993286,-0.0000000410752676,-0.9396926164627075,-6.8134412765502930,0.0000000000000000,1.0000000000000000,-0.0000000437113883,-0.0000000228001369,0.9396926164627075,0.0000000149501762,0.3420201539993286,7.1766467094421387,0.0000000000000000,0.0000000000000000,0.0000000000000000,1.0000000000000000
M 0.3420201539993286,-0.0000000410752676,-0.9396926164627075,-6.8134412765502930,0.0000000000000000,1.0000000000000000,-0.0000000437113883,-0.0000000228001369,0.9396926164627075,0.0000000149501762,0.3420201539993286,7.1766467094421387,0.0000000000000000,0.0000000000000000,0.0000000000000000,1.0000000000000000
M 0.3420201539993286,-0.0000000410752676,-0.9396926164627075,-6.8134412765502930,0.0000000000000000,1.0000000000000000,-0.0000000437113883,-0.0000000228001369,0.9396926164627075,0.0000000149501762,0.3420201539993286,7.1766467094421387,0.0000000000000000,0.0000000000000000,0.0000000000000000,1.0000000000000000
M 0.3420201539993286,-0.0000000410752676,-0.9396926164627075,-6.8134412765502930,0.0000000000000000,1.0000000000000000,-0.0000000437113883,-0.0000000228001369,0.9396926164627075,0.0000000149501762,0.3420201539993286,7.1766467094421387,0.0000000000000000,0.0000000000000000,0.0000000000000000,1.0000000000000000
M 0.3420201539993286,-0.0000000410752676,-0.9396926164627075,-6.8134412765502930,0.0000000000000000,1.0000000000000000,-0.0000000437113883,-0.0000000228001369,0.9396926164627075,0.0000000149501762,0.3420201539993286,7.1766467094421387,0.0000000000000000,0.0000000000000000,0.0000000000000000,1.0000000000000000
M 0.3420201539993286,-0.0000000410752676,-0.9396926164627075,-6.8134412765502930,0.0000000000000000,1.0000000000000000,-0.0000000437113883,-0.0000000228001369,0.9396926164627075,0.0000000149501762,0.3420201539993286,7.1766467094421387,0.0000000000000000,0.0000000000000000,0.0000000000000000,1.0000000000000000
M 0.3420201539993286,-0.0000000410752676,-0.9396926164627075,-6.8134412765502930,0.0000000000000000,1.0000000000000000,-0.0000000437113883,-0.0000000228001369,0.9396926164627075,0.0000000149501762,0.3420201539993286,7.1766467094421387,0.0000000000000000,0.0000000000000000,0.0000000000000000,1.0000000000000000
M 0.3420201539993286,-0.0000000410752676,-0.9396926164627075,-6.8134412765502930,0.0000000000000000,1.0000000000000000,-0.0000000437113883,-0.0000000228001369,0.9396926164627075,0.0000000149501762,0.3420201539993286,7.1766467094421387,0.0000000000000000,0.0000000000000000,0.0000000000000000,1.0000000000000000
M 0.3420201539993286,-0.0000000410752676,-0.9396926164627075,-6.8134412765502930,0.0000000000000000,1.0000000000000000,-0.0000000437113883,-0.0000000228001369,0.9396926164627075,0.0000000149501762,0.3420201539993286,7.1766467094421387,0.0000000000000000,0.0000000000000000,0.0000000000000000,1.0000000000000000
M 0.3420201539993286,-0.0000000410752676,-0.9396926164627075,-6.8134412765502930,0.0000000000000000,1.0000000000000000,-0.0000000437113883,-0.0000000228001369,0.9396926164627075,0.0000000149501762,0.3420201539993286,7.1766467094421387,0.0000000000000000,0.0000000000000000,0.0000000000000000,1.0000000000000000
M 0.3420201539993286,-0.0000000410752676,-0.9396926164627075,-6.8134412765502930,0.0000000000000000,1.0000000000000000,-0.0000000437113883,-0.0000000228001369,0.9396926164627075,0.0000000149501762,0.3420201539993286,7.1766467094421387,0.0000000000000000,0.0000000000000000,0.0000000000000000,1.0000000000000000
M 0.3420201539993286,-0.0000000410752676,-0.9396926164627075,-6.8134412765502930,0.0000000000000000,1.0000000000000000,-0.0000000437113883,-0.0000000228001369,0.9396926164627075,0.0000000149501762,0.3420201539993286,7.1766467094421387,0.0000000000000000,0.0000000000000000,0.0000000000000000,1.0000000000000000
M 0.3420201539993286,-0.0000000410752676,-0.9396926164627075,-6.8134412765502930,0.0000000000000000,1.0000000000000000,-0.0000000437113883,-0.0000000228001369,0.9396926164627075,0.0000000149501762,0.3420201539993286,7.1766467094421387,0.0000000000000000,0.0000000000000000,0.0000000000000000,1.0000000000000000
M 0.3420201539993286,-0.0000000410752676,-0.9396926164627075,-6.8134412765502930,0.0000000000000000,1.0000000000000000,-0.0000000437113883,-0.0000000228001369,0.9396926164627075,0.0000000149501762,0.3420201539993286,7.1766467094421387,0.0000000000000000,0.0000000000000000,0.0000000000000000,1.0000000000000000
M 0.3420201539993286,-0.0000000410752676,-0.9396926164627075,-6.8134412765502930,0.0000000000000000,1.0000000000000000,-0.0000000437113883,-0.0000000228001369,0.9396926164627075,0.0000000149501762,0.3420201539993286,7.1766467094421387,0.0000000000000000,0.0000000000000000,0.0000000000000000,1.0000000000000000
M 0.3420201539993286,-0.0000000410752676,-0.9396926164627075,-6.8134412765502930,0.0000000000000000,1.0000000000000000,-0.0000000437113883,-0.0000000228001369,0.9396926164627075,0.0000000149501762,0.3420201539993286,7.1766467094421387,0.0000000000000000,0.0000000000000000,0.0000000000000000,1.0000000000000000
M 0.3420201539993286,-0.0000000410752676,-0.9396926164627075,-6.8134412765502930,0.0000000000000000,1.0000000000000000,-0.0000000437113883,-0.0000000228001369,0.9396926164627075,0.0000000149501762,0.3420201539993286,7.1766467094421387,0.0000000000000000,0.0000000000000000,0.0000000000000000,1.0000000000000000
M 0.3420201539993286,-0.0000000410752676,-0.9396926164627075,-6.8134412765502930,0.0000000000000000,1.0000000000000000,-0.0000000437113883,-0.0000000228001369,0.9396926164627075,0.0000000149501762,0.3420201539993286,7.1766467094421387,0.0000000000000000,0.0000000000000000,0.0000000000000000,1.0000000000000000
M 0.3420201539993286,-0.0000000410752676,-0.9396926164627075,-6.8134412765502930,0.0000000000000000,1.0000000000000000,-0.0000000437113883,-0.0000000228001369,0.9396926164627075,0.0000000149501762,0.3420201539993286,7.1766467094421387,0.0000000000000000,0.0000000000000000,0.0000000000000000,1.0000000000000000
M 0.3420201539993286,-0.0000000410752676,-0.9396926164627075,-6.8134412765502930,0.0000000000000000,1.0000000000000000,-0.0000000437113883,-0.0000000228001369,0.9396926164627075,0.0000000149501762,0.3420201539993286,7.1766467094421387,0.0000000000000000,0.0000000000000000,0.0000000000000000,1.0000000000000000
M 0.3420201539993286,-0.0000000410752676,-0.9396926164627075,-6.8134412765502930,0.0000000000000000,1.0000000000000000,-0.0000000437113883,-0.0000000228001369,0.9396926164627075,0.0000000149501762,0.3420201539993286,7.1766467094421387,0.0000000000000000,0.0000000000000000,0.0000000000000000,1.0000000000000000
M 0.3420201539993286,-0.0000000410752676,-0.9396926164627075,-6.8134412765502930,0.0000000000000000,1.0000000000000000,-0.0000000437113883,-0.0000000228001369,0.9396926164627075,0.0000000149501762,0.3420201539993286,7.1766467094421387,0.0000000000000000,0.0000000000000000,0.0000000000000000,1.0000000000000000
M 0.3420201539993286,-0.0000000410752676,-0.9396926164627075,-6.8134412765502930,0.0000000000000000,1.0000000000000000,-0.0000000437113883,-0.0000000228001369,0.9396926164627075,0.0000000149501762,0.3420201539993286,7.1766467094421387,0.0000000000000000,0.0000000000000000,0.0000000000000000,1.0000000000000000
M 0.3420201539993286,-0.0000000410752676,-0.9396926164627075,-6.8134412765502930,0.0000000000000000,1.0000000000000000,-0.0000000437113883,-0.0000000228001369,0.9396926164627075,0.0000000149501762,0.3420201539993286,7.1766467094421387,0.0000000000000000,0.0000000000000000,0.0000000000000000,1.0000000000000000
M 0.3420201539993286,-0.0000000410752676,-0.9396926164627075,-6.8134412765502930,0.0000000000000000,1.0000000000000000,-0.0000000437113883,-0.0000000228001369,0.9396926164627075,0.0000000149501762,0.3420201539993286,7.1766467094421387,0.0000000000000000,0.0000000000000000,0.0000000000000000,1.0000000000000000
M 0.3420201539993286,-0.0000000410752676,-0.9396926164627075,-6.8134412765502930,0.0000000000000000,1.0000000000000000,-0.0000000437113883,-0.0000000228001369,0.9396926164627075,0.0000000149501762,0.3420201539993286,7.1766467094421387,0.0000000000000000,0.0000000000000000,0.0000000000000000,1.0000000000000000
M 0.3420201539993286,-0.0000000410752676,-0.9396926164627075,-6.8134412765502930,0.0000000000000000,1.0000000000000000,-0.0000000437113883,-0.0000000228001369,0.9396926164627075,0.0000000149501762,0.3420201539993286,7.1766467094421387,0.0000000000000000,0.0000000000000000,0.0000000000000000,1.0000000000000000
M 0.3420201539993286,-0.0000000410752676,-0.9396926164627075,-6.8134412765502930,0.0000000000000000,1.0000000000000000,-0.0000000437113883,-0.0000000228001369,0.9396926164627075,0.0000000149501762,0.3420201539993286,7.1766467094421387,0.0000000000000000,0.0000000000000000,0.0000000000000000,1.0000000000000000
M 0.3420201539993286,-0.0000000410752676,-0.9396926164627075,-6.8134412765502930,0.0000000000000000,1.0000000000000000,-0.0000000437113883,-0.0000000228001369,0.9396926164627075,0.0000000149501762,0.3420201539993286,7.1766467094421387,0.0000000000000000,0.0000000000000000,0.0000000000000000,1.0000000000000000
M 0.3420201539993286,-0.0000000410752676,-0.9396926164627075,-6.8134412765502930,0.0000000000000000,1.0000000000000000,-0.0000000437113883,-0.0000000228001369,0.9396926164627075,0.0000000149501762,0.3420201539993286,7.1766467094421387,0.0000000000000000,0.0000000000000000,0.0000000000000000,1.0000000000000000
M 0.3420201539993286,-0.0000000410752676,-0.9396926164627075,-6.8134412765502930,0.0000000000000000,1.0000000000000000,-0.0000000437113883,-0.0000000228001369,0.9396926164627075,0.0000000149501762,0.3420201539993286,7.1766467094421387,0.0000000000000000,0.0000000000000000,0.0000000000000000,1.0000000000000000
M 0.3420201539993286,-0.0000000410752676,-0.9396926164627075,-6.8134412765502930,0.0000000000000000,1.0000000000000000,-0.0000000437113883,-0.0000000228001369,0.9396926164627075,0.0000000149501762,0.3420201539993286,7.1766467094421387,0.0000000000000000,0.0000000000000000,0.0000000000000000,1.0000000000000000
M 0.3420201539993286,-0.0000000410752676,-0.9396926164627075,-6.8134412765502930,0.0000000000000000,1.0000000000000000,-0.0000000437113883,-0.0000000228001369,0.9396926164627075,0.0000000149501762,0.3420201539993286,7.1766467094421387,0.0000000000000000,0.0000000000000000,0.0000000000000000,1.0000000000000000
M 0.3420201539993286,-0.0000000410752676,-0.9396926164627075,-6.8134412765502930,0.0000000000000000,1.0000000000000000,-0.0000000437113883,-0.0000000228001369,0.9396926164627075,0.0000000149501762,0.3420201539993286,7.1766467094421387,0.0000000000000000,0.0000000000000000,0.0000000000000000,1.0000000000000000
M 0.3420201539993286,-0.0000000410752676,-0.9396926164627075,-6.8134412765502930,0.0000000000000000,1.0000000000000000,-0.0000000437113883,-0.0000000228001369,0.9396926164627075,0.0000000149501762,0.3420201539993286,7.1766467094421387,0.0000000000000000,0.0000000000000000,0.0000000000000000,1.0000000000000000
M 0.3420201539993286,-0.0000000410752676,-0.9396926164627075,-6.8134412765502930,0.0000000000000000,1.0000000000000000,-0.0000000437113883,-0.0000000228001369,0.9396926164627075,0.0000000149501762,0.3420201539993286,7.1766467094421387,0.0000000000000000,0.0000000000000000,0.0000000000000000,1.0000000000000000
M 0.3420201539993286,-0.0000000410752676,-0.9396926164627075,-6.8134412765502930,0.0000000000000000,1.0000000000000000,-0.0000000437113883,-0.0000000228001369,0.9396926164627075,0.0000000149501762,0.3420201539993286,7.1766467094421387,0.0000000000000000,0.0000000000000000,0.0000000000000000,1.0000000000000000
M 0.3420201539993286,-0.0000000410752676,-0.9396926164627075,-6.8134412765502930,0.0000000000000000,1.0000000000000000,-0.0000000437113883,-0.0000000228001369,0.9396926164627075,0.0000000149501762,0.3420201539993286,7.1766467094421387,0.0000000000000000,0.0000000000000000,0.0000000000000000,1.0000000000000000
M 0.3420201539993286,-0.0000000410752676,-0.9396926164627075,-6.8134412765502930,0.0000000000000000,1.0000000000000000,-0.0000000437113883,-0.0000000228001369,0.9396926164627075,0.0000000149501762,0.3420201539993286,7.1766467094421387,0.0000000000000000,0.0000000000000000,0.0000000000000000,1.0000000000000000
M 0.3420201539993286,-0.0000000410752676,-0.9396926164627075,-6.8134412765502930,0.0000000000000000,1.0000000000000000,-0.0000000437113883,-0.0000000228001369,0.9396926164627075,0.0000000149501762,0.3420201539993286,7.1766467094421387,0.0000000000000000,0.0000000000000000,0.0000000000000000,1.0000000000000000
M 0.3420201539993286,-0.0000000410752676,-0.9396926164627075,-6.8134412765502930,0.0000000000000000,1.0000000000000000,-0.0000000437113883,-0.0000000228001369,0.9396926164627075,0.0000000149501762,0.3420201539993286,7.1766467094421387,0.0000000000000000,0.0000000000000000,0.0000000000000000,1.0000000000000000
M 0.3420201539993286,-0.0000000410752676,-0.9396926164627075,-6.8134412765502930,0.0000000000000000,1.0000000000000000,-0.0000000437113883,-0.0000000228001369,0.9396926164627075,0.0000000149501762,0.3420201539993286,7.1766467094421387,0.0000000000000000,0.0000000000000000,0.0000000000000000,1.0000000000000000
M 0.3420201539993286,-0.0000000410752676,-0.9396926164627075,-6.8134412765502930,0.0000000000000000,1.0000000000000000,-0.0000000437113883,-0.0000000228001369,0.9396926164627075,0.0000000149501762,0.3420201539993286,7.1766467094421387,0.0000000000000000,0.0000000000000000,0.0000000000000000,1.0000000000000000
M 0.3420201539993286,-0.0000000410752676,-0.9396926164627075,-6.8134412765502930,0.0000000000000000,1.0000000000000000,-0.0000000437113883,-0.0000000228001369,0.9396926164627075,0.0000000149501762,0.3420201539993286,7.1766467094421387,0.0000000000000000,0.0000000000000000,0.0000000000000000,1.0000000000000000
M 0.3420201539993286,-0.0000000410752676,-0.9396926164627075,-6.8134412765502930,0.0000000000000000,1.0000000000000000,-0.0000000437113883,-0.0000000228001369,0.9396926164627075,0.0000000149501762,0.3420201539993286,7.1766467094421387,0.0000000000000000,0.0000000000000000,0.0000000000000000,1.0000000000000000
M 0.3420201539993286,-0.0000000410752676,-0.9396926164627075,-6.8134412765502930,0.0000000000000000,1.0000000000000000,-0.0000000437113883,-0.0000000228001369,0.9396926164627075,0.0000000149501762,0.3420201539993286,7.1766467094421387,0.0000000000000000,0.0000000000000000,0.0000000000000000,1.0000000000000000
M 0.3420201539993286,-0.0000000410752676,-0.9396926164627075,-6.8134412765502930,0.0000000000000000,1.0000000000000000,-0.0000000437113883,-0.0000000228001369,0.9396926164627075,0.0000000149501762,0.3420201539993286,7.1766467094421387,0.0000000000000000,0.0000000000000000,0.0000000000000000,1.0000000000000000
M 0.3420201539993286,-0.0000000410752676,-0.9396926164627075,-6.8134412765502930,0.0000000000000000,1.0000000000000000,-0.0000000437113883,-0.0000000228001369,0.9396926164627075,0.0000000149501762,0.3420201539993286,7.1766467094421387,0.0000000000000000,0.0000000000000000,0.0000000000000000,1.0000000000000000
M 0.3420201539993286,-0.0000000410752676,-0.9396926164627075,-6.8134412765502930,0.0000000000000000,1.0000000000000000,-0.0000000437113883,-0.0000000228001369,0.9396926164627075,0.0000000149501762,0.3420201539993286,7.1766467094421387,0.0000000000000000,0.0000000000000000,0.0000000000000000,1.0000000000000000
M 0.3420201539993286,-0.0000000410752676,-0.9396926164627075,-6.8134412765502930,0.0000000000000000,1.0000000000000000,-0.0000000437113883,-0.0000000228001369,0.9396926164627075,0.0000000149501762,0.3420201539993286,7.1766467094421387,0.0000000000000000,0.0000000000000000,0.0000000000000000,1.0000000000000000
M 0.3420201539993286,-0.0000000410752676,-0.9396926164627075,-6.8134412765502930,0.0000000000000000,1.0000000000000000,-0.0000000437113883,-0.0000000228001369,0.9396926164627075,0.0000000149501762,0.3420201539993286,7.1766467094421387,0.0000000000000000,0.0000000000000000,0.0000000000000000,1.0000000000000000
M 0.3420201539993286,-0.0000000410752676,-0.9396926164627075,-6.8134412765502930,0.0000000000000000,1.0000000000000000,-0.0000000437113883,-0.0000000228001369,0.9396926164627075,0.0000000149501762,0.3420201539993286,7.1766467094421387,0.0000000000000000,0.0000000000000000,0.0000000000000000,1.0000000000000000
M 0.3420201539993286,-0.0000000410752676,-0.9396926164627075,-6.8134412765502930,0.0000000000000000,1.0000000000000000,-0.0000000437113883,-0.0000000228001369,0.9396926164627075,0.0000000149501762,0.3420201539993286,7.1766467094421387,0.0000000000000000,0.0000000000000000,0.0000000000000000,1.0000000000000000
M 0.3420201539993286,-0.0000000410752676,-0.9396926164627075,-6.8134412765502930,0.0000000000000000,1.0000000000000000,-0.0000000437113883,-0.0000000228001369,0.9396926164627075,0.0000000149501762,0.3420201539993286,7.1766467094421387,0.0000000000000000,0.0000000000000000,0.0000000000000000,1.0000000000000000
M 0.3420201539993286,-0.0000000410752676,-0.9396926164627075,-6.8134412765502930,0.0000000000000000,1.0000000000000000,-0.0000000437113883,-0.0000000228001369,0.9396926164627075,0.0000000149501762,0.3420201539993286,7.1766467094421387,0.0000000000000000,0.0000000000000000,0.0000000000000000,1.0000000000000000
M 0.3420201539993286,-0.0000000410752676,-0.9396926164627075,-6.8134412765502930,0.0000000000000000,1.0000000000000000,-0.0000000437113883,-0.0000000228001369,0.9396926164627075,0.0000000149501762,0.3420201539993286,7.1766467094421387,0.0000000000000000,0.0000000000000000,0.0000000000000000,1.0000000000000000
M 0.3420201539993286,-0.0000000410752676,-0.9396926164627075,-6.8134412765502930,0.0000000000000000,1.0000000000000000,-0.0000000437113883,-0.0000000228001369,0.9396926164627075,0.0000000149501762,0.3420201539993286,7.1766467094421387,0.0000000000000000,0.0000000000000000,0.0000000000000000,1.0000000000000000
M 0.3420201539993286,-0.0000000410752676,-0.9396926164627075,-6.8134412765502930,0.0000000000000000,1.0000000000000000,-0.0000000437113883,-0.0000000228001369,0.9396926164627075,0.0000000149501762,0.3420201539993286,7.1766467094421387,0.0000000000000000,0.0000000000000000,0.0000000000000000,1.0000000000000000
M 0.3420201539993286,-0.0000000410752676,-0.9396926164627075,-6.8134412765502930,0.0000000000000000,1.0000000000000000,-0.0000000437113883,-0.0000000228001369,0.9396926164627075,0.0000000149501762,0.3420201539993286,7.1766467094421387,0.0000000000000000,0.0000000000000000,0.0000000000000000,1.0000000000000000
M 0.3420201539993286,-0.0000000410752676,-0.9396926164627075,-6.8134412765502930,0.0000000000000000,1.0000000000000000,-0.0000000437113883,-0.0000000228001369,0.9396926164627075,0.0000000149501762,0.3420201539993286,7.1766467094421387,0.0000000000000000,0.0000000000000000,0.0000000000000000,1.0000000000000000
M 0.3420201539993286,-0.0000000410752676,-0.9396926164627075,-6.8134412765502930,0.0000000000000000,1.0000000000000000,-0.0000000437113883,-0.0000000228001369,0.9396926164627075,0.0000000149501762,0.3420201539993286,7.1766467094421387,0.0000000000000000,0.0000000000000000,0.0000000000000000,1.0000000000000000
M 0.3420201539993286,-0.0000000410752676,-0.9396926164627075,-6.8134412765502930,0.0000000000000000,1.0000000000000000,-0.0000000437113883,-0.0000000228001369,0.9396926164627075,0.0000000149501762,0.3420201539993286,7.1766467094421387,0.0000000000000000,0.0000000000000000,0.0000000000000000,1.0000000000000000
M 0.3420201539993286,-0.0000000410752676,-0.9396926164627075,-6.8134412765502930,0.0000000000000000,1.0000000000000000,-0.0000000437113883,-0.0000000228001369,0.9396926164627075,0.0000000149501762,0.3420201539993286,7.1766467094421387,0.0000000000000000,0.0000000000000000,0.0000000000000000,1.0000000000000000
O DOOR_2_EXTERNAL_TL_dfr
A DOOR_2_EXTERNAL_TL_dfr_DOOR_2_EXTERNAL_TL_dfr
M 1.0000000000000000,0.0000000000000000,0.0000000000000000,0.0000000000000000,0.0000000000000000,1.0000000000000000,-0.0000000437113883,0.0000000000000000,-0.0000000000000000,0.0000000437113883,1.0000000000000000,-0.0000000000000000,0.0000000000000000,0.0000000000000000,0.0000000000000000,1.0000000000000000
M 1.0000000000000000,0.0000000000000000,0.0000000000000000,0.0000016858006120,0.0000000000000000,1.0000000000000000,-0.0000000437113883,0.0000000000000000,-0.0000000000000000,0.0000000437113883,1.0000000000000000,-0.0002423338301014,0.0000000000000000,0.0000000000000000,0.0000000000000000,1.0000000000000000
M 1.0000000000000000,0.0000000000000000,0.0000000000000000,0.0000134864048960,0.0000000000000000,1.0000000000000000,-0.0000000437113883,0.0000000000000000,-0.0000000000000000,0.0000000437113883,1.0000000000000000,-0.0009524772758596,0.0000000000000000,0.0000000000000000,0.0000000000000000,1.0000000000000000
M 1.0000000000000000,0.0000000000000000,0.0000000000000000,0.0000455166191387,0.0000000000000000,1.0000000000000000,-0.0000000437113883,0.0000000000000000,-0.0000000000000000,0.0000000437113883,1.0000000000000000,-0.0021051436197013,0.0000000000000000,0.0000000000000000,0.0000000000000000,1.0000000000000000
M 1.0000000000000000,0.0000000000000000,0.0000000000000000,0.0001078912391677,0.0000000000000000,1.0000000000000000,-0.0000000437113883,0.0000000000000000,-0.0000000000000000,0.0000000437113883,1.0000000000000000,-0.0036750452127308,0.0000000000000000,0.0000000000000000,0.0000000000000000,1.0000000000000000
M 1.0000000000000000,0.0000000000000000,0.0000000000000000,0.0002107251057168,0.0000000000000000,1.0000000000000000,-0.0000000437113883,0.0000000000000000,-0.0000000000000000,0.0000000437113883,1.0000000000000000,-0.0056368960067630,0.0000000000000000,0.0000000000000000,0.0000000000000000,1.0000000000000000
M 1.0000000000000000,0.0000000000000000,0.0000000000000000,0.0003641329531092,0.0000000000000000,1.0000000000000000,-0.0000000437113883,0.0000000000000000,-0.0000000000000000,0.0000000437113883,1.0000000000000000,-0.0079654082655907,0.0000000000000000,0.0000000000000000,0.0000000000000000,1.0000000000000000
M 1.0000000000000000,0.0000000000000000,0.0000000000000000,0.0005782296066172,0.0000000000000000,1.0000000000000000,-0.0000000437113883,0.0000000000000000,-0.0000000000000000,0.0000000437113883,1.0000000000000000,-0.0106352940201759,0.0000000000000000,0.0000000000000000,0.0000000000000000,1.0000000000000000
