O DOOR_13_INTERIOR_LCG_il_LINVERT_CG_drl
A DOOR_13_INTERIOR_LCG_il_LINVERT_CG_drl_DOOR_13_INTERIOR_LCG_il_LINVERT_CG_drl
M 1.0000000000000000,0.0000000000000000,0.0000000000000000,0.0000000000000000,0.0000000000000000,1.0000000000000000,-0.0000000437113883,0.0000000273213985,-0.0000000000000000,0.0000000437113883,1.0000000000000000,-0.0000000578663091,0.0000000000000000,0.0000000000000000,0.0000000000000000,1.0000000000000000
M 0.9999952912330627,0.0000000001339318,0.0030640019103885,-0.0036776736378670,0.0000000000000000,1.0000000000000000,-0.0000000437113883,0.0000000273213985,-0.0030640019103885,0.0000000437111822,0.9999952912330627,0.0332302302122116,0.0000000000000000,0.0000000000000000,0.0000000000000000,1.0000000000000000
M 0.9999278783798218,0.0000000005250008,0.0120106181129813,-0.0138360140845180,0.0000000000000000,1.0000000000000000,-0.0000000437113883,0.0000000273213985,-0.0120106181129813,0.0000000437082441,0.9999278783798218,0.1303250640630722,0.0000000000000000,0.0000000000000000,0.0000000000000000,1.0000000000000000
M 0.9996495842933655,0.0000000011570372,0.0264699272811413,-0.0284168962389231,0.0000000000000000,1.0000000000000000,-0.0000000437113883,0.0000000273213985,-0.0264699272811413,0.0000000436960725,0.9996495842933655,0.2874536514282227,0.0000000000000000,0.0000000000000000,0.0000000000000000,1.0000000000000000
M 0.9989383816719055,0.0000000020136242,0.0460663512349129,-0.0445551835000515,0.0000000000000000,1.0000000000000000,-0.0000000437113883,0.0000000273213985,-0.0460663512349129,0.0000000436649827,0.9989383816719055,0.5008134841918945,0.0000000000000000,0.0000000000000000,0.0000000000000000,1.0000000000000000
M 0.9975178837776184,0.0000000030778862,0.0704138278961182,-0.0587855093181133,0.0000000000000000,1.0000000000000000,-0.0000000437113883,0.0000000273213985,-0.0704138278961182,0.0000000436028991,0.9975178837776184,0.7665547132492065,0.0000000000000000,0.0000000000000000,0.0000000000000000,1.0000000000000000
M 0.9950764179229736,0.0000000043322714,0.0991108193993568,-0.0672383829951286,0.0000000000000000,1.0000000000000000,-0.0000000437113883,0.0000000273213985,-0.0991108193993568,0.0000000434961720,0.9950764179229736,1.0807025432586670,0.0000000000000000,0.0000000000000000,0.0000000000000000,1.0000000000000000
M 0.9912848472595215,0.0000000057583609,0.1317359209060669,-0.0658313259482384,0.0000000000000000,1.0000000000000000,-0.0000000437113883,0.0000000273213985,-0.1317359209060669,0.0000000433304379,0.9912848472595215,1.4390882253646851,0.0000000000000000,0.0000000000000000,0.0000000000000000,1.0000000000000000
M 0.9858134388923645,0.0000000073367246,0.1678446680307388,-0.0504499562084675,0.0000000000000000,1.0000000000000000,-0.0000000437113883,0.0000000273213985,-0.1678446680307388,0.0000000430912728,0.9858134388923645,1.8372933864593506,0.0000000000000000,0.0000000000000000,0.0000000000000000,1.0000000000000000
M 0.9783476591110229,0.0000000090468655,0.2069681584835052,-0.0171113479882479,0.0000000000000000,1.0000000000000000,-0.0000000437113883,0.0000000273213985,-0.2069681584835052,0.0000000427649347,0.9783476591110229,2.2706162929534912,0.0000000000000000,0.0000000000000000,0.0000000000000000,1.0000000000000000
M 0.9686027765274048,0.0000000108672396,0.2486134618520737,0.0378705710172653,0.0000000000000000,1.0000000000000000,-0.0000000437113883,0.0000000273213985,-0.2486134618520737,0.0000000423389714,0.9686027765274048,2.7340583801269531,0.0000000000000000,0.0000000000000000,0.0000000000000000,1.0000000000000000
M 0.9563369750976562,0.0000000127753701,0.2922663688659668,0.1177460998296738,0.0000000000000000,1.0000000000000000,-0.0000000437113883,0.0000000273213985,-0.2922663688659668,0.0000000418028243,0.9563369750976562,3.2223381996154785,0.0000000000000000,0.0000000000000000,0.0000000000000000,1.0000000000000000
M 0.9413628578186035,0.0000000147480437,0.3373958766460419,0.2251909524202347,0.0000000000000000,1.0000000000000000,-0.0000000437113883,0.0000000273213985,-0.3373958766460419,0.0000000411482759,0.9413628578186035,3.7299258708953857,0.0000000000000000,0.0000000000000000,0.0000000000000000,1.0000000000000000
M 0.9235570430755615,0.0000000167616214,0.3834611475467682,0.3622033596038818,0.0000000000000000,1.0000000000000000,-0.0000000437113883,0.0000000273213985,-0.3834611475467682,0.0000000403699616,0.9235570430755615,4.2511067390441895,0.0000000000000000,0.0000000000000000,0.0000000000000000,1.0000000000000000
M 0.9028672575950623,0.0000000187923721,0.4299193620681763,0.5300093889236450,0.0000000000000000,1.0000000000000000,-0.0000000437113883,0.0000000273213985,-0.4299193620681763,0.0000000394655828,0.9028672575950623,4.7800588607788086,0.0000000000000000,0.0000000000000000,0.0000000000000000,1.0000000000000000
M 0.8793175220489502,0.0000000208169340,0.4762359261512756,0.7290003895759583,0.0000000000000000,1.0000000000000000,-0.0000000437113883,0.0000000273213985,-0.4762359261512756,0.0000000384361911,0.8793175220489502,5.3109555244445801,0.0000000000000000,0.0000000000000000,0.0000000000000000,1.0000000000000000
M 0.8530102968215942,0.0000000228127135,0.5218940377235413,0.9586924314498901,0.0000000000000000,1.0000000000000000,-0.0000000437113883,0.0000000273213985,-0.5218940377235413,0.0000000372862630,0.8530102968215942,5.8380684852600098,0.0000000000000000,0.0000000000000000,0.0000000000000000,1.0000000000000000
M 0.8241262435913086,0.0000000247584051,0.5664061903953552,1.2177217006683350,0.0000000000000000,1.0000000000000000,-0.0000000437113883,0.0000000273213985,-0.5664061903953552,0.0000000360237102,0.8241262435913086,6.3558917045593262,0.0000000000000000,0.0000000000000000,0.0000000000000000,1.0000000000000000
M 0.7929217815399170,0.0000000266343694,0.6093234419822693,1.5038540363311768,0.0000000000000000,1.0000000000000000,-0.0000000437113883,0.0000000273213985,-0.6093234419822693,0.0000000346597133,0.7929217815399170,6.8592443466186523,0.0000000000000000,0.0000000000000000,0.0000000000000000,1.0000000000000000
M 0.7597237825393677,0.0000000284231518,0.6502459049224854,1.8140310049057007,0.0000000000000000,1.0000000000000000,-0.0000000437113883,0.0000000273213985,-0.6502459049224854,0.0000000332085826,0.7597237825393677,7.3433928489685059,0.0000000000000000,0.0000000000000000,0.0000000000000000,1.0000000000000000
M 0.7249231338500977,0.0000000301097103,0.6888297796249390,2.1444323062896729,0.0000000000000000,1.0000000000000000,-0.0000000437113883,0.0000000273213985,-0.6888297796249390,0.0000000316873958,0.7249231338500977,7.8041329383850098,0.0000000000000000,0.0000000000000000,0.0000000000000000,1.0000000000000000
M 0.6889651417732239,0.0000000316817719,0.7247944474220276,2.4905710220336914,0.0000000000000000,1.0000000000000000,-0.0000000437113883,0.0000000273213985,-0.7247944474220276,0.0000000301156220,0.6889651417732239,8.2378807067871094,0.0000000000000000,0.0000000000000000,0.0000000000000000,1.0000000000000000
M 0.6523405313491821,0.0000000331300001,0.7579259872436523,2.8473870754241943,0.0000000000000000,1.0000000000000000,-0.0000000437113883,0.0000000273213985,-0.7579259872436523,0.0000000285147106,0.6523405313491821,8.6417198181152344,0.0000000000000000,0.0000000000000000,0.0000000000000000,1.0000000000000000
M 0.6155747771263123,0.0000000344480071,0.7880784869194031,3.2093589305877686,0.0000000000000000,1.0000000000000000,-0.0000000437113883,0.0000000273213985,-0.7880784869194031,0.0000000269076281,0.6155747771263123,9.0134258270263672,0.0000000000000000,0.0000000000000000,0.0000000000000000,1.0000000000000000
M 0.5792170166969299,0.0000000356323611,0.8151733875274658,3.5706279277801514,0.0000000000000000,1.0000000000000000,-0.0000000437113883,0.0000000273213985,-0.8151733875274658,0.0000000253183838,0.5792170166969299,9.3514804840087891,0.0000000000000000,0.0000000000000000,0.0000000000000000,1.0000000000000000
M 0.5438299775123596,0.0000000366824047,0.8391954302787781,3.9251108169555664,0.0000000000000000,1.0000000000000000,-0.0000000437113883,0.0000000273213985,-0.8391954302787781,0.0000000237715625,0.5438299775123596,9.6550331115722656,0.0000000000000000,0.0000000000000000,0.0000000000000000,1.0000000000000000
M 0.5099804401397705,0.0000000375999250,0.8601859807968140,4.2666115760803223,0.0000000000000000,1.0000000000000000,-0.0000000437113883,0.0000000273213985,-0.8601859807968140,0.0000000222919532,0.5099804401397705,9.9238424301147461,0.0000000000000000,0.0000000000000000,0.0000000000000000,1.0000000000000000
M 0.4782310724258423,0.0000000383888299,0.8782340288162231,4.5889205932617188,0.0000000000000000,1.0000000000000000,-0.0000000437113883,0.0000000273213985,-0.8782340288162231,0.0000000209041477,0.4782310724258423,10.1581888198852539,0.0000000000000000,0.0000000000000000,0.0000000000000000,1.0000000000000000
M 0.4491315484046936,0.0000000390546226,0.8934656381607056,4.8859233856201172,0.0000000000000000,1.0000000000000000,-0.0000000437113883,0.0000000273213985,-0.8934656381607056,0.0000000196321643,0.4491315484046936,10.3587703704833984,0.0000000000000000,0.0000000000000000,0.0000000000000000,1.0000000000000000
M 0.4232155084609985,0.0000000396037869,0.9060290455818176,5.1516532897949219,0.0000000000000000,1.0000000000000000,-0.0000000437113883,0.0000000273213985,-0.9060290455818176,0.0000000184993372,0.4232155084609985,10.5265436172485352,0.0000000000000000,0.0000000000000000,0.0000000000000000,1.0000000000000000
M 0.4009942412376404,0.0000000400431546,0.9160805940628052,5.3803763389587402,0.0000000000000000,1.0000000000000000,-0.0000000437113883,0.0000000273213985,-0.9160805940628052,0.0000000175280146,0.4009942412376404,10.6625833511352539,0.0000000000000000,0.0000000000000000,0.0000000000000000,1.0000000000000000
M 0.3829543590545654,0.0000000403791489,0.9237672686576843,5.5666375160217285,0.0000000000000000,1.0000000000000000,-0.0000000437113883,0.0000000273213985,-0.9237672686576843,0.0000000167394685,0.3829543590545654,10.7678899765014648,0.0000000000000000,0.0000000000000000,0.0000000000000000,1.0000000000000000
M 0.3695552349090576,0.0000000406170031,0.9292087554931641,5.7053079605102539,0.0000000000000000,1.0000000000000000,-0.0000000437113883,0.0000000273213985,-0.9292087554931641,0.0000000161537717,0.3695552349090576,10.8432025909423828,0.0000000000000000,0.0000000000000000,0.0000000000000000,1.0000000000000000
M 0.3612270355224609,0.0000000407599110,0.9324778914451599,5.7916359901428223,0.0000000000000000,1.0000000000000000,-0.0000000437113883,0.0000000273213985,-0.9324778914451599,0.0000000157897357,0.3612270355224609,10.8887882232666016,0.0000000000000000,0.0000000000000000,0.0000000000000000,1.0000000000000000
M 0.3583679795265198,0.0000000408080965,0.9335803985595703,5.8212966918945312,0.0000000000000000,1.0000000000000000,-0.0000000437113883,0.0000000273213985,-0.9335803985595703,0.0000000156647637,0.3583679795265198,10.9042224884033203,0.0000000000000000,0.0000000000000000,0.0000000000000000,1.0000000000000000
M 0.3583679795265198,0.0000000408080965,0.9335803985595703,5.8212966918945312,0.0000000000000000,1.0000000000000000,-0.0000000437113883,0.0000000273213985,-0.9335803985595703,0.0000000156647637,0.3583679795265198,10.9042224884033203,0.0000000000000000,0.0000000000000000,0.0000000000000000,1.0000000000000000
M 0.3583679795265198,0.0000000408080965,0.9335803985595703,5.8212966918945312,0.0000000000000000,1.0000000000000000,-0.0000000437113883,0.0000000273213985,-0.9335803985595703,0.0000000156647637,0.3583679795265198,10.9042224884033203,0.0000000000000000,0.0000000000000000,0.0000000000000000,1.0000000000000000
M 0.3583679795265198,0.0000000408080965,0.9335803985595703,5.8212966918945312,0.0000000000000000,1.0000000000000000,-0.0000000437113883,0.0000000273213985,-0.9335803985595703,0.0000000156647637,0.3583679795265198,10.9042224884033203,0.0000000000000000,0.0000000000000000,0.0000000000000000,1.0000000000000000
M 0.3583679795265198,0.0000000408080965,0.9335803985595703,5.8212966918945312,0.0000000000000000,1.0000000000000000,-0.0000000437113883,0.0000000273213985,-0.9335803985595703,0.0000000156647637,0.3583679795265198,10.9042224884033203,0.0000000000000000,0.0000000000000000,0.0000000000000000,1.0000000000000000
M 0.3583679795265198,0.0000000408080965,0.9335803985595703,5.8212966918945312,0.0000000000000000,1.0000000000000000,-0.0000000437113883,0.0000000273213985,-0.9335803985595703,0.0000000156647637,0.3583679795265198,10.9042224884033203,0.0000000000000000,0.0000000000000000,0.0000000000000000,1.0000000000000000
M 0.3583679795265198,0.0000000408080965,0.9335803985595703,5.8212966918945312,0.0000000000000000,1.0000000000000000,-0.0000000437113883,0.0000000273213985,-0.9335803985595703,0.0000000156647637,0.3583679795265198,10.9042224884033203,0.0000000000000000,0.0000000000000000,0.0000000000000000,1.0000000000000000
M 0.3583679795265198,0.0000000408080965,0.9335803985595703,5.8212966918945312,0.0000000000000000,1.0000000000000000,-0.0000000437113883,0.0000000273213985,-0.9335803985595703,0.0000000156647637,0.3583679795265198,10.9042224884033203,0.0000000000000000,0.0000000000000000,0.0000000000000000,1.0000000000000000
M 0.3583679795265198,0.0000000408080965,0.9335803985595703,5.8212966918945312,0.0000000000000000,1.0000000000000000,-0.0000000437113883,0.0000000273213985,-0.9335803985595703,0.0000000156647637,0.3583679795265198,10.9042224884033203,0.0000000000000000,0.0000000000000000,0.0000000000000000,1.0000000000000000
M 0.3583679795265198,0.0000000408080965,0.9335803985595703,5.8212966918945312,0.0000000000000000,1.0000000000000000,-0.0000000437113883,0.0000000273213985,-0.9335803985595703,0.0000000156647637,0.3583679795265198,10.9042224884033203,0.0000000000000000,0.0000000000000000,0.0000000000000000,1.0000000000000000
M 0.3583679795265198,0.0000000408080965,0.9335803985595703,5.8212966918945312,0.0000000000000000,1.0000000000000000,-0.0000000437113883,0.0000000273213985,-0.9335803985595703,0.0000000156647637,0.3583679795265198,10.9042224884033203,0.0000000000000000,0.0000000000000000,0.0000000000000000,1.0000000000000000
M 0.3583679795265198,0.0000000408080965,0.9335803985595703,5.8212966918945312,0.0000000000000000,1.0000000000000000,-0.0000000437113883,0.0000000273213985,-0.9335803985595703,0.0000000156647637,0.3583679795265198,10.9042224884033203,0.0000000000000000,0.0000000000000000,0.0000000000000000,1.0000000000000000
M 0.3583679795265198,0.0000000408080965,0.9335803985595703,5.8212966918945312,0.0000000000000000,1.0000000000000000,-0.0000000437113883,0.0000000273213985,-0.9335803985595703,0.0000000156647637,0.3583679795265198,10.9042224884033203,0.0000000000000000,0.0000000000000000,0.0000000000000000,1.0000000000000000
M 0.3583679795265198,0.0000000408080965,0.9335803985595703,5.8212966918945312,0.0000000000000000,1.0000000000000000,-0.0000000437113883,0.0000000273213985,-0.9335803985595703,0.0000000156647637,0.3583679795265198,10.9042224884033203,0.0000000000000000,0.0000000000000000,0.0000000000000000,1.0000000000000000
M 0.3583679795265198,0.0000000408080965,0.9335803985595703,5.8212966918945312,0.0000000000000000,1.0000000000000000,-0.0000000437113883,0.0000000273213985,-0.9335803985595703,0.0000000156647637,0.3583679795265198,10.9042224884033203,0.0000000000000000,0.0000000000000000,0.0000000000000000,1.0000000000000000
M 0.3583679795265198,0.0000000408080965,0.9335803985595703,5.8212966918945312,0.0000000000000000,1.0000000000000000,-0.0000000437113883,0.0000000273213985,-0.9335803985595703,0.0000000156647637,0.3583679795265198,10.9042224884033203,0.0000000000000000,0.0000000000000000,0.0000000000000000,1.0000000000000000
M 0.3583679795265198,0.0000000408080965,0.9335803985595703,5.8212966918945312,0.0000000000000000,1.0000000000000000,-0.0000000437113883,0.0000000273213985,-0.9335803985595703,0.0000000156647637,0.3583679795265198,10.9042224884033203,0.0000000000000000,0.0000000000000000,0.0000000000000000,1.0000000000000000
M 0.3583679795265198,0.0000000408080965,0.9335803985595703,5.8212966918945312,0.0000000000000000,1.0000000000000000,-0.0000000437113883,0.0000000273213985,-0.9335803985595703,0.0000000156647637,0.3583679795265198,10.9042224884033203,0.0000000000000000,0.0000000000000000,0.0000000000000000,1.0000000000000000
M 0.3583679795265198,0.0000000408080965,0.9335803985595703,5.8212966918945312,0.0000000000000000,1.0000000000000000,-0.0000000437113883,0.0000000273213985,-0.9335803985595703,0.0000000156647637,0.3583679795265198,10.9042224884033203,0.0000000000000000,0.0000000000000000,0.0000000000000000,1.0000000000000000
M 0.3583679795265198,0.0000000408080965,0.9335803985595703,5.8212966918945312,0.0000000000000000,1.0000000000000000,-0.0000000437113883,0.0000000273213985,-0.9335803985595703,0.0000000156647637,0.3583679795265198,10.9042224884033203,0.0000000000000000,0.0000000000000000,0.0000000000000000,1.0000000000000000
M 0.3583679795265198,0.0000000408080965,0.9335803985595703,5.8212966918945312,0.0000000000000000,1.0000000000000000,-0.0000000437113883,0.0000000273213985,-0.9335803985595703,0.0000000156647637,0.3583679795265198,10.9042224884033203,0.0000000000000000,0.0000000000000000,0.0000000000000000,1.0000000000000000
M 0.3583679795265198,0.0000000408080965,0.9335803985595703,5.8212966918945312,0.0000000000000000,1.0000000000000000,-0.0000000437113883,0.0000000273213985,-0.9335803985595703,0.0000000156647637,0.3583679795265198,10.9042224884033203,0.0000000000000000,0.0000000000000000,0.0000000000000000,1.0000000000000000
M 0.3583679795265198,0.0000000408080965,0.9335803985595703,5.8212966918945312,0.0000000000000000,1.0000000000000000,-0.0000000437113883,0.0000000273213985,-0.9335803985595703,0.0000000156647637,0.3583679795265198,10.9042224884033203,0.0000000000000000,0.0000000000000000,0.0000000000000000,1.0000000000000000
M 0.3583679795265198,0.0000000408080965,0.9335803985595703,5.8212966918945312,0.0000000000000000,1.0000000000000000,-0.0000000437113883,0.0000000273213985,-0.9335803985595703,0.0000000156647637,0.3583679795265198,10.9042224884033203,0.0000000000000000,0.0000000000000000,0.0000000000000000,1.0000000000000000
M 0.3583679795265198,0.0000000408080965,0.9335803985595703,5.8212966918945312,0.0000000000000000,1.0000000000000000,-0.0000000437113883,0.0000000273213985,-0.9335803985595703,0.0000000156647637,0.3583679795265198,10.9042224884033203,0.0000000000000000,0.0000000000000000,0.0000000000000000,1.0000000000000000
M 0.3583679795265198,0.0000000408080965,0.9335803985595703,5.8212966918945312,0.0000000000000000,1.0000000000000000,-0.0000000437113883,0.0000000273213985,-0.9335803985595703,0.0000000156647637,0.3583679795265198,10.9042224884033203,0.0000000000000000,0.0000000000000000,0.0000000000000000,1.0000000000000000
M 0.3583679795265198,0.0000000408080965,0.9335803985595703,5.8212966918945312,0.0000000000000000,1.0000000000000000,-0.0000000437113883,0.0000000273213985,-0.9335803985595703,0.0000000156647637,0.3583679795265198,10.9042224884033203,0.0000000000000000,0.0000000000000000,0.0000000000000000,1.0000000000000000
M 0.3583679795265198,0.0000000408080965,0.9335803985595703,5.8212966918945312,0.0000000000000000,1.0000000000000000,-0.0000000437113883,0.0000000273213985,-0.9335803985595703,0.0000000156647637,0.3583679795265198,10.9042224884033203,0.0000000000000000,0.0000000000000000,0.0000000000000000,1.0000000000000000
M 0.3583679795265198,0.0000000408080965,0.9335803985595703,5.8212966918945312,0.0000000000000000,1.0000000000000000,-0.0000000437113883,0.0000000273213985,-0.9335803985595703,0.0000000156647637,0.3583679795265198,10.9042224884033203,0.0000000000000000,0.0000000000000000,0.0000000000000000,1.0000000000000000
M 0.3583679795265198,0.0000000408080965,0.9335803985595703,5.8212966918945312,0.0000000000000000,1.0000000000000000,-0.0000000437113883,0.0000000273213985,-0.9335803985595703,0.0000000156647637,0.3583679795265198,10.9042224884033203,0.0000000000000000,0.0000000000000000,0.0000000000000000,1.0000000000000000
M 0.3583679795265198,0.0000000408080965,0.9335803985595703,5.8212966918945312,0.0000000000000000,1.0000000000000000,-0.0000000437113883,0.0000000273213985,-0.9335803985595703,0.0000000156647637,0.3583679795265198,10.9042224884033203,0.0000000000000000,0.0000000000000000,0.0000000000000000,1.0000000000000000
M 0.3583679795265198,0.0000000408080965,0.9335803985595703,5.8212966918945312,0.0000000000000000,1.0000000000000000,-0.0000000437113883,0.0000000273213985,-0.9335803985595703,0.0000000156647637,0.3583679795265198,10.9042224884033203,0.0000000000000000,0.0000000000000000,0.0000000000000000,1.0000000000000000
M 0.3583679795265198,0.0000000408080965,0.9335803985595703,5.8212966918945312,0.0000000000000000,1.0000000000000000,-0.0000000437113883,0.0000000273213985,-0.9335803985595703,0.0000000156647637,0.3583679795265198,10.9042224884033203,0.0000000000000000,0.0000000000000000,0.0000000000000000,1.0000000000000000
M 0.3583679795265198,0.0000000408080965,0.9335803985595703,5.8212966918945312,0.0000000000000000,1.0000000000000000,-0.0000000437113883,0.0000000273213985,-0.9335803985595703,0.0000000156647637,0.3583679795265198,10.9042224884033203,0.0000000000000000,0.0000000000000000,0.0000000000000000,1.0000000000000000
M 0.3583679795265198,0.0000000408080965,0.9335803985595703,5.8212966918945312,0.0000000000000000,1.0000000000000000,-0.0000000437113883,0.0000000273213985,-0.9335803985595703,0.0000000156647637,0.3583679795265198,10.9042224884033203,0.0000000000000000,0.0000000000000000,0.0000000000000000,1.0000000000000000
M 0.3583679795265198,0.0000000408080965,0.9335803985595703,5.8212966918945312,0.0000000000000000,1.0000000000000000,-0.0000000437113883,0.0000000273213985,-0.9335803985595703,0.0000000156647637,0.3583679795265198,10.9042224884033203,0.0000000000000000,0.0000000000000000,0.0000000000000000,1.0000000000000000
M 0.3583679795265198,0.0000000408080965,0.9335803985595703,5.8212966918945312,0.0000000000000000,1.0000000000000000,-0.0000000437113883,0.0000000273213985,-0.9335803985595703,0.0000000156647637,0.3583679795265198,10.9042224884033203,0.0000000000000000,0.0000000000000000,0.0000000000000000,1.0000000000000000
M 0.3583679795265198,0.0000000408080965,0.9335803985595703,5.8212966918945312,0.0000000000000000,1.0000000000000000,-0.0000000437113883,0.0000000273213985,-0.9335803985595703,0.0000000156647637,0.3583679795265198,10.9042224884033203,0.0000000000000000,0.0000000000000000,0.0000000000000000,1.0000000000000000
M 0.3583679795265198,0.0000000408080965,0.9335803985595703,5.8212966918945312,0.0000000000000000,1.0000000000000000,-0.0000000437113883,0.0000000273213985,-0.9335803985595703,0.0000000156647637,0.3583679795265198,10.9042224884033203,0.0000000000000000,0.0000000000000000,0.0000000000000000,1.0000000000000000
M 0.3583679795265198,0.0000000408080965,0.9335803985595703,5.8212966918945312,0.0000000000000000,1.0000000000000000,-0.0000000437113883,0.0000000273213985,-0.9335803985595703,0.0000000156647637,0.3583679795265198,10.9042224884033203,0.0000000000000000,0.0000000000000000,0.0000000000000000,1.0000000000000000
M 0.3583679795265198,0.0000000408080965,0.9335803985595703,5.8212966918945312,0.0000000000000000,1.0000000000000000,-0.0000000437113883,0.0000000273213985,-0.9335803985595703,0.0000000156647637,0.3583679795265198,10.9042224884033203,0.0000000000000000,0.0000000000000000,0.0000000000000000,1.0000000000000000
M 0.3583679795265198,0.0000000408080965,0.9335803985595703,5.8212966918945312,0.0000000000000000,1.0000000000000000,-0.0000000437113883,0.0000000273213985,-0.9335803985595703,0.0000000156647637,0.3583679795265198,10.9042224884033203,0.0000000000000000,0.0000000000000000,0.0000000000000000,1.0000000000000000
M 0.3583679795265198,0.0000000408080965,0.9335803985595703,5.8212966918945312,0.0000000000000000,1.0000000000000000,-0.0000000437113883,0.0000000273213985,-0.9335803985595703,0.0000000156647637,0.3583679795265198,10.9042224884033203,0.0000000000000000,0.0000000000000000,0.0000000000000000,1.0000000000000000
M 0.3583679795265198,0.0000000408080965,0.9335803985595703,5.8212966918945312,0.0000000000000000,1.0000000000000000,-0.0000000437113883,0.0000000273213985,-0.9335803985595703,0.0000000156647637,0.3583679795265198,10.9042224884033203,0.0000000000000000,0.0000000000000000,0.0000000000000000,1.0000000000000000
M 0.3583679795265198,0.0000000408080965,0.9335803985595703,5.8212966918945312,0.0000000000000000,1.0000000000000000,-0.0000000437113883,0.0000000273213985,-0.9335803985595703,0.0000000156647637,0.3583679795265198,10.9042224884033203,0.0000000000000000,0.0000000000000000,0.0000000000000000,1.0000000000000000
M 0.3583679795265198,0.0000000408080965,0.9335803985595703,5.8212966918945312,0.0000000000000000,1.0000000000000000,-0.0000000437113883,0.0000000273213985,-0.9335803985595703,0.0000000156647637,0.3583679795265198,10.9042224884033203,0.0000000000000000,0.0000000000000000,0.0000000000000000,1.0000000000000000
M 0.3583679795265198,0.0000000408080965,0.9335803985595703,5.8212966918945312,0.0000000000000000,1.0000000000000000,-0.0000000437113883,0.0000000273213985,-0.9335803985595703,0.0000000156647637,0.3583679795265198,10.9042224884033203,0.0000000000000000,0.0000000000000000,0.0000000000000000,1.0000000000000000
M 0.3583679795265198,0.0000000408080965,0.9335803985595703,5.8212966918945312,0.0000000000000000,1.0000000000000000,-0.0000000437113883,0.0000000273213985,-0.9335803985595703,0.0000000156647637,0.3583679795265198,10.9042224884033203,0.0000000000000000,0.0000000000000000,0.0000000000000000,1.0000000000000000
M 0.3583679795265198,0.0000000408080965,0.9335803985595703,5.8212966918945312,0.0000000000000000,1.0000000000000000,-0.0000000437113883,0.0000000273213985,-0.9335803985595703,0.0000000156647637,0.3583679795265198,10.9042224884033203,0.0000000000000000,0.0000000000000000,0.0000000000000000,1.0000000000000000
M 0.3583679795265198,0.0000000408080965,0.9335803985595703,5.8212966918945312,0.0000000000000000,1.0000000000000000,-0.0000000437113883,0.0000000273213985,-0.9335803985595703,0.0000000156647637,0.3583679795265198,10.9042224884033203,0.0000000000000000,0.0000000000000000,0.0000000000000000,1.0000000000000000
M 0.3583679795265198,0.0000000408080965,0.9335803985595703,5.8212966918945312,0.0000000000000000,1.0000000000000000,-0.0000000437113883,0.0000000273213985,-0.9335803985595703,0.0000000156647637,0.3583679795265198,10.9042224884033203,0.0000000000000000,0.0000000000000000,0.0000000000000000,1.0000000000000000
M 0.3583679795265198,0.0000000408080965,0.9335803985595703,5.8212966918945312,0.0000000000000000,1.0000000000000000,-0.0000000437113883,0.0000000273213985,-0.9335803985595703,0.0000000156647637,0.3583679795265198,10.9042224884033203,0.0000000000000000,0.0000000000000000,0.0000000000000000,1.0000000000000000
M 0.3583679795265198,0.0000000408080965,0.9335803985595703,5.8212966918945312,0.0000000000000000,1.0000000000000000,-0.0000000437113883,0.0000000273213985,-0.9335803985595703,0.0000000156647637,0.3583679795265198,10.9042224884033203,0.0000000000000000,0.0000000000000000,0.0000000000000000,1.0000000000000000
M 0.3583679795265198,0.0000000408080965,0.9335803985595703,5.8212966918945312,0.0000000000000000,1.0000000000000000,-0.0000000437113883,0.0000000273213985,-0.9335803985595703,0.0000000156647637,0.3583679795265198,10.9042224884033203,0.0000000000000000,0.0000000000000000,0.0000000000000000,1.0000000000000000
M 0.3583679795265198,0.0000000408080965,0.9335803985595703,5.8212966918945312,0.0000000000000000,1.0000000000000000,-0.0000000437113883,0.0000000273213985,-0.9335803985595703,0.0000000156647637,0.3583679795265198,10.9042224884033203,0.0000000000000000,0.0000000000000000,0.0000000000000000,1.0000000000000000
M 0.3583679795265198,0.0000000408080965,0.9335803985595703,5.8212966918945312,0.0000000000000000,1.0000000000000000,-0.0000000437113883,0.0000000273213985,-0.9335803985595703,0.0000000156647637,0.3583679795265198,10.9042224884033203,0.0000000000000000,0.0000000000000000,0.0000000000000000,1.0000000000000000
M 0.3583679795265198,0.0000000408080965,0.9335803985595703,5.8212966918945312,0.0000000000000000,1.0000000000000000,-0.0000000437113883,0.0000000273213985,-0.9335803985595703,0.0000000156647637,0.3583679795265198,10.9042224884033203,0.0000000000000000,0.0000000000000000,0.0000000000000000,1.0000000000000000
M 0.3583679795265198,0.0000000408080965,0.9335803985595703,5.8212966918945312,0.0000000000000000,1.0000000000000000,-0.0000000437113883,0.0000000273213985,-0.9335803985595703,0.0000000156647637,0.3583679795265198,10.9042224884033203,0.0000000000000000,0.0000000000000000,0.0000000000000000,1.0000000000000000
M 0.3583679795265198,0.0000000408080965,0.9335803985595703,5.8212966918945312,0.0000000000000000,1.0000000000000000,-0.0000000437113883,0.0000000273213985,-0.9335803985595703,0.0000000156647637,0.3583679795265198,10.9042224884033203,0.0000000000000000,0.0000000000000000,0.0000000000000000,1.0000000000000000
M 0.3583679795265198,0.0000000408080965,0.9335803985595703,5.8212966918945312,0.0000000000000000,1.0000000000000000,-0.0000000437113883,0.0000000273213985,-0.9335803985595703,0.0000000156647637,0.3583679795265198,10.9042224884033203,0.0000000000000000,0.0000000000000000,0.0000000000000000,1.0000000000000000
M 0.3583679795265198,0.0000000408080965,0.9335803985595703,5.8212966918945312,0.0000000000000000,1.0000000000000000,-0.0000000437113883,0.0000000273213985,-0.9335803985595703,0.0000000156647637,0.3583679795265198,10.9042224884033203,0.0000000000000000,0.0000000000000000,0.0000000000000000,1.0000000000000000
M 0.3583679795265198,0.0000000408080965,0.9335803985595703,5.8212966918945312,0.0000000000000000,1.0000000000000000,-0.0000000437113883,0.0000000273213985,-0.9335803985595703,0.0000000156647637,0.3583679795265198,10.9042224884033203,0.0000000000000000,0.0000000000000000,0.0000000000000000,1.0000000000000000
M 0.3583679795265198,0.0000000408080965,0.9335803985595703,5.8212966918945312,0.0000000000000000,1.0000000000000000,-0.0000000437113883,0.0000000273213985,-0.9335803985595703,0.0000000156647637,0.3583679795265198,10.9042224884033203,0.0000000000000000,0.0000000000000000,0.0000000000000000,1.0000000000000000
M 0.3583679795265198,0.0000000408080965,0.9335803985595703,5.8212966918945312,0.0000000000000000,1.0000000000000000,-0.0000000437113883,0.0000000273213985,-0.9335803985595703,0.0000000156647637,0.3583679795265198,10.9042224884033203,0.0000000000000000,0.0000000000000000,0.0000000000000000,1.0000000000000000
M 0.3583679795265198,0.0000000408080965,0.9335803985595703,5.8212966918945312,0.0000000000000000,1.0000000000000000,-0.0000000437113883,0.0000000273213985,-0.9335803985595703,0.0000000156647637,0.3583679795265198,10.9042224884033203,0.0000000000000000,0.0000000000000000,0.0000000000000000,1.0000000000000000
M 0.3583679795265198,0.0000000408080965,0.9335803985595703,5.8212966918945312,0.0000000000000000,1.0000000000000000,-0.0000000437113883,0.0000000273213985,-0.9335803985595703,0.0000000156647637,0.3583679795265198,10.9042224884033203,0.0000000000000000,0.0000000000000000,0.0000000000000000,1.0000000000000000
M 0.3583679795265198,0.0000000408080965,0.9335803985595703,5.8212966918945312,0.0000000000000000,1.0000000000000000,-0.0000000437113883,0.0000000273213985,-0.9335803985595703,0.0000000156647637,0.3583679795265198,10.9042224884033203,0.0000000000000000,0.0000000000000000,0.0000000000000000,1.0000000000000000
M 0.3583679795265198,0.0000000408080965,0.9335803985595703,5.8212966918945312,0.0000000000000000,1.0000000000000000,-0.0000000437113883,0.0000000273213985,-0.9335803985595703,0.0000000156647637,0.3583679795265198,10.9042224884033203,0.0000000000000000,0.0000000000000000,0.0000000000000000,1.0000000000000000
M 0.3583679795265198,0.0000000408080965,0.9335803985595703,5.8212966918945312,0.0000000000000000,1.0000000000000000,-0.0000000437113883,0.0000000273213985,-0.9335803985595703,0.0000000156647637,0.3583679795265198,10.9042224884033203,0.0000000000000000,0.0000000000000000,0.0000000000000000,1.0000000000000000
M 0.3583679795265198,0.0000000408080965,0.9335803985595703,5.8212966918945312,0.0000000000000000,1.0000000000000000,-0.0000000437113883,0.0000000273213985,-0.9335803985595703,0.0000000156647637,0.3583679795265198,10.9042224884033203,0.0000000000000000,0.0000000000000000,0.0000000000000000,1.0000000000000000
M 0.3583679795265198,0.0000000408080965,0.9335803985595703,5.8212966918945312,0.0000000000000000,1.0000000000000000,-0.0000000437113883,0.0000000273213985,-0.9335803985595703,0.0000000156647637,0.3583679795265198,10.9042224884033203,0.0000000000000000,0.0000000000000000,0.0000000000000000,1.0000000000000000
M 0.3583679795265198,0.0000000408080965,0.9335803985595703,5.8212966918945312,0.0000000000000000,1.0000000000000000,-0.0000000437113883,0.0000000273213985,-0.9335803985595703,0.0000000156647637,0.3583679795265198,10.9042224884033203,0.0000000000000000,0.0000000000000000,0.0000000000000000,1.0000000000000000
M 0.3583679795265198,0.0000000408080965,0.9335803985595703,5.8212966918945312,0.0000000000000000,1.0000000000000000,-0.0000000437113883,0.0000000273213985,-0.9335803985595703,0.0000000156647637,0.3583679795265198,10.9042224884033203,0.0000000000000000,0.0000000000000000,0.0000000000000000,1.0000000000000000
M 0.3583679795265198,0.0000000408080965,0.9335803985595703,5.8212966918945312,0.0000000000000000,1.0000000000000000,-0.0000000437113883,0.0000000273213985,-0.9335803985595703,0.0000000156647637,0.3583679795265198,10.9042224884033203,0.0000000000000000,0.0000000000000000,0.0000000000000000,1.0000000000000000
M 0.3583679795265198,0.0000000408080965,0.9335803985595703,5.8212966918945312,0.0000000000000000,1.0000000000000000,-0.0000000437113883,0.0000000273213985,-0.9335803985595703,0.0000000156647637,0.3583679795265198,10.9042224884033203,0.0000000000000000,0.0000000000000000,0.0000000000000000,1.0000000000000000
M 0.3583679795265198,0.0000000408080965,0.9335803985595703,5.8212966918945312,0.0000000000000000,1.0000000000000000,-0.0000000437113883,0.0000000273213985,-0.9335803985595703,0.0000000156647637,0.3583679795265198,10.9042224884033203,0.0000000000000000,0.0000000000000000,0.0000000000000000,1.0000000000000000
M 0.3583679795265198,0.0000000408080965,0.9335803985595703,5.8212966918945312,0.0000000000000000,1.0000000000000000,-0.0000000437113883,0.0000000273213985,-0.9335803985595703,0.0000000156647637,0.3583679795265198,10.9042224884033203,0.0000000000000000,0.0000000000000000,0.0000000000000000,1.0000000000000000
M 0.3583679795265198,0.0000000408080965,0.9335803985595703,5.8212966918945312,0.0000000000000000,1.0000000000000000,-0.0000000437113883,0.0000000273213985,-0.9335803985595703,0.0000000156647637,0.3583679795265198,10.9042224884033203,0.0000000000000000,0.0000000000000000,0.0000000000000000,1.0000000000000000
M 0.3583679795265198,0.0000000408080965,0.9335803985595703,5.8212966918945312,0.0000000000000000,1.0000000000000000,-0.0000000437113883,0.0000000273213985,-0.9335803985595703,0.0000000156647637,0.3583679795265198,10.9042224884033203,0.0000000000000000,0.0000000000000000,0.0000000000000000,1.0000000000000000
M 0.3583679795265198,0.0000000408080965,0.9335803985595703,5.8212966918945312,0.0000000000000000,1.0000000000000000,-0.0000000437113883,0.0000000273213985,-0.9335803985595703,0.0000000156647637,0.3583679795265198,10.9042224884033203,0.0000000000000000,0.0000000000000000,0.0000000000000000,1.0000000000000000
M 0.3583679795265198,0.0000000408080965,0.9335803985595703,5.8212966918945312,0.0000000000000000,1.0000000000000000,-0.0000000437113883,0.0000000273213985,-0.9335803985595703,0.0000000156647637,0.3583679795265198,10.9042224884033203,0.0000000000000000,0.0000000000000000,0.0000000000000000,1.0000000000000000
M 0.3583679795265198,0.0000000408080965,0.9335803985595703,5.8212966918945312,0.0000000000000000,1.0000000000000000,-0.0000000437113883,0.0000000273213985,-0.9335803985595703,0.0000000156647637,0.3583679795265198,10.9042224884033203,0.0000000000000000,0.0000000000000000,0.0000000000000000,1.0000000000000000
M 0.3583679795265198,0.0000000408080965,0.9335803985595703,5.8212966918945312,0.0000000000000000,1.0000000000000000,-0.0000000437113883,0.0000000273213985,-0.9335803985595703,0.0000000156647637,0.3583679795265198,10.9042224884033203,0.0000000000000000,0.0000000000000000,0.0000000000000000,1.0000000000000000
M 0.3583679795265198,0.0000000408080965,0.9335803985595703,5.8212966918945312,0.0000000000000000,1.0000000000000000,-0.0000000437113883,0.0000000273213985,-0.9335803985595703,0.0000000156647637,0.3583679795265198,10.9042224884033203,0.0000000000000000,0.0000000000000000,0.0000000000000000,1.0000000000000000
M 0.3583679795265198,0.0000000408080965,0.9335803985595703,5.8212966918945312,0.0000000000000000,1.0000000000000000,-0.0000000437113883,0.0000000273213985,-0.9335803985595703,0.0000000156647637,0.3583679795265198,10.9042224884033203,0.0000000000000000,0.0000000000000000,0.0000000000000000,1.0000000000000000
M 0.3583679795265198,0.0000000408080965,0.9335803985595703,5.8212966918945312,0.0000000000000000,1.0000000000000000,-0.0000000437113883,0.0000000273213985,-0.9335803985595703,0.0000000156647637,0.3583679795265198,10.9042224884033203,0.0000000000000000,0.0000000000000000,0.0000000000000000,1.0000000000000000
O DOOR_14_INTERIOR_LCG_il_LINVERT_CG_drl
A DOOR_14_INTERIOR_LCG_il_LINVERT_CG_drl_DOOR_14_INTERIOR_LCG_il_LINVERT_CG_drl
M 1.0000000000000000,0.0000000000000000,0.0000000000000000,0.0000000000000000,0.0000000000000000,1.0000000000000000,-0.0000000437113883,0.0000000225754633,-0.0000000000000000,0.0000000437113883,1.0000000000000000,-0.0000000578672186,0.0000000000000000,0.0000000000000000,0.0000000000000000,1.0000000000000000
M 0.9999952912330627,-0.0000000001339318,-0.0030640019103885,0.0039646965451539,0.0000000000000000,1.0000000000000000,-0.0000000437113883,0.0000000225754633,0.0030640019103885,0.0000000437111822,0.9999952912330627,-0.0278670042753220,0.0000000000000000,0.0000000000000000,0.0000000000000000,1.0000000000000000
M 0.9999278783798218,-0.0000000005250008,-0.0120106181129813,0.0160291641950607,0.0000000000000000,1.0000000000000000,-0.0000000437113883,0.0000000225754633,0.0120106181129813,0.0000000437082441,0.9999278783798218,-0.1091676056385040,0.0000000000000000,0.0000000000000000,0.0000000000000000,1.0000000000000000
M 0.9996495842933655,-0.0000000011570372,-0.0264699272811413,0.0370684191584587,0.0000000000000000,1.0000000000000000,-0.0000000437113883,0.0000000225754633,0.0264699272811413,0.0000000436960725,0.9996495842933655,-0.2403468042612076,0.0000000000000000,0.0000000000000000,0.0000000000000000,1.0000000000000000
M 0.9989383816719055,-0.0000000020136242,-0.0460663512349129,0.0686206594109535,0.0000000000000000,1.0000000000000000,-0.0000000437113883,0.0000000225754633,0.0460663512349129,0.0000000436649827,0.9989383816719055,-0.4177038073539734,0.0000000000000000,0.0000000000000000,0.0000000000000000,1.0000000000000000
M 0.9975178837776184,-0.0000000030778862,-0.0704138278961182,0.1127056330442429,0.0000000000000000,1.0000000000000000,-0.0000000437113883,0.0000000225754633,0.0704138278961182,0.0000000436028991,0.9975178837776184,-0.6373730301856995,0.0000000000000000,0.0000000000000000,0.0000000000000000,1.0000000000000000
M 0.9950764179229736,-0.0000000043322714,-0.0991108193993568,0.1716465950012207,0.0000000000000000,1.0000000000000000,-0.0000000437113883,0.0000000225754633,0.0991108193993568,0.0000000434961720,0.9950764179229736,-0.8953027725219727,0.0000000000000000,0.0000000000000000,0.0000000000000000,1.0000000000000000
M 0.9912848472595215,-0.0000000057583609,-0.1317359209060669,0.2478967308998108,0.0000000000000000,1.0000000000000000,-0.0000000437113883,0.0000000225754633,0.1317359209060669,0.0000000433304379,0.9912848472595215,-1.1872380971908569,0.0000000000000000,0.0000000000000000,0.0000000000000000,1.0000000000000000
