O INTERIOR_DOOR_19_1_LCG_il_LINVERT_CG_td
A INTERIOR_DOOR_19_1_LCG_il_LINVERT_CG_td_INTERIOR_DOOR_19_1_LCG_il_LINVERT_CG_td
M 1.0000000000000000,0.0000000000000000,0.0000000000000000,0.0000000000000000,0.0000000000000000,1.0000000000000000,-0.0000000437113883,0.0000000354511194,-0.0000000000000000,0.0000000437113883,1.0000000000000000,0.0000000101788373,0.0000000000000000,0.0000000000000000,0.0000000000000000,1.0000000000000000
M 0.9999958872795105,-0.0000000001257171,-0.0028760714922100,-0.0010968239512295,0.0000000000000000,1.0000000000000000,-0.0000000437113883,0.0000000354511194,0.0028760714922100,0.0000000437112071,0.9999958872795105,-0.0277953501790762,0.0000000000000000,0.0000000000000000,0.0000000000000000,1.0000000000000000
M 0.9999361038208008,-0.0000000004941129,-0.0113039864227176,-0.0038440614007413,0.0000000000000000,1.0000000000000000,-0.0000000437113883,0.0000000354511194,0.0113039864227176,0.0000000437085959,0.9999361038208008,-0.1092680245637894,0.0000000000000000,0.0000000000000000,0.0000000000000000,1.0000000000000000
M 0.9996879100799561,-0.0000000010919871,-0.0249817464500666,-0.0068238885141909,0.0000000000000000,1.0000000000000000,-0.0000000437113883,0.0000000354511194,0.0249817464500666,0.0000000436977459,0.9996879100799561,-0.2415616661310196,0.0000000000000000,0.0000000000000000,0.0000000000000000,1.0000000000000000
M 0.9990489482879639,-0.0000000019059250,-0.0436024814844131,-0.0079343160614371,0.0000000000000000,1.0000000000000000,-0.0000000437113883,0.0000000354511194,0.0436024814844131,0.0000000436698180,0.9990489482879639,-0.4218050837516785,0.0000000000000000,0.0000000000000000,0.0000000000000000,1.0000000000000000
M 0.9977630376815796,-0.0000000029221121,-0.0668501332402229,-0.0045407079160213,0.0000000000000000,1.0000000000000000,-0.0000000437113883,0.0000000354511194,0.0668501332402229,0.0000000436136069,0.9977630376815796,-0.6470622420310974,0.0000000000000000,0.0000000000000000,0.0000000000000000,1.0000000000000000
M 0.9955348372459412,-0.0000000041261194,-0.0943946093320847,0.0063767768442631,0.0000000000000000,1.0000000000000000,-0.0000000437113883,0.0000000354511194,0.0943946093320847,0.0000000435162093,0.9955348372459412,-0.9142783880233765,0.0000000000000000,0.0000000000000000,0.0000000000000000,1.0000000000000000
M 0.9920445680618286,-0.0000000055027098,-0.1258873045444489,0.0280908066779375,0.0000000000000000,1.0000000000000000,-0.0000000437113883,0.0000000354511194,0.1258873045444489,0.0000000433636451,0.9920445680618286,-1.2202287912368774,0.0000000000000000,0.0000000000000000,0.0000000000000000,1.0000000000000000
M 0.9869613647460938,-0.0000000070356641,-0.1609572321176529,0.0639904215931892,0.0000000000000000,1.0000000000000000,-0.0000000437113883,0.0000000354511194,0.1609572321176529,0.0000000431414513,0.9869613647460938,-1.5614755153656006,0.0000000000000000,0.0000000000000000,0.0000000000000000,1.0000000000000000
M 0.9799571633338928,-0.0000000087076728,-0.1992083340883255,0.1174487769603729,0.0000000000000000,1.0000000000000000,-0.0000000437113883,0.0000000354511194,0.1992083340883255,0.0000000428352891,0.9799571633338928,-1.9343330860137939,0.0000000000000000,0.0000000000000000,0.0000000000000000,1.0000000000000000
M 0.9707188606262207,-0.0000000105002762,-0.2402183115482330,0.1917063891887665,0.0000000000000000,1.0000000000000000,-0.0000000437113883,0.0000000354511194,0.2402183115482330,0.0000000424314699,0.9707188606262207,-2.3348531723022461,0.0000000000000000,0.0000000000000000,0.0000000000000000,1.0000000000000000
M 0.9589607119560242,-0.0000000123938815,-0.2835389673709869,0.2897460460662842,0.0000000000000000,1.0000000000000000,-0.0000000437113883,0.0000000354511194,0.2835389673709869,0.0000000419175024,0.9589607119560242,-2.7588205337524414,0.0000000000000000,0.0000000000000000,0.0000000000000000,1.0000000000000000
M 0.9444348812103271,-0.0000000143678722,-0.3286986052989960,0.4141944050788879,0.0000000000000000,1.0000000000000000,-0.0000000437113883,0.0000000354511194,0.3286986052989960,0.0000000412825614,0.9444348812103271,-3.2017719745635986,0.0000000000000000,0.0000000000000000,0.0000000000000000,1.0000000000000000
M 0.9269415140151978,-0.0000000164007705,-0.3752058446407318,0.5672143101692200,0.0000000000000000,1.0000000000000000,-0.0000000437113883,0.0000000354511194,0.3752058446407318,0.0000000405179001,0.9269415140151978,-3.6590306758880615,0.0000000000000000,0.0000000000000000,0.0000000000000000,1.0000000000000000
M 0.9063370227813721,-0.0000000184704909,-0.4225555658340454,0.7504239678382874,0.0000000000000000,1.0000000000000000,-0.0000000437113883,0.0000000354511194,0.4225555658340454,0.0000000396172481,0.9063370227813721,-4.1257567405700684,0.0000000000000000,0.0000000000000000,0.0000000000000000,1.0000000000000000
M 0.8825407624244690,-0.0000000205546655,-0.4702359437942505,0.9648342132568359,0.0000000000000000,1.0000000000000000,-0.0000000437113883,0.0000000354511194,0.4702359437942505,0.0000000385770811,0.8825407624244690,-4.5970172882080078,0.0000000000000000,0.0000000000000000,0.0000000000000000,1.0000000000000000
M 0.8555399179458618,-0.0000000226309993,-0.5177368521690369,1.2107846736907959,0.0000000000000000,1.0000000000000000,-0.0000000437113883,0.0000000354511194,0.5177368521690369,0.0000000373968376,0.8555399179458618,-5.0678625106811523,0.0000000000000000,0.0000000000000000,0.0000000000000000,1.0000000000000000
M 0.8253924250602722,-0.0000000246776750,-0.5645594000816345,1.4879202842712402,0.0000000000000000,1.0000000000000000,-0.0000000437113883,0.0000000354511194,0.5645594000816345,0.0000000360790473,0.8253924250602722,-5.5334200859069824,0.0000000000000000,0.0000000000000000,0.0000000000000000,1.0000000000000000
M 0.7922276258468628,-0.0000000266738152,-0.6102256774902344,1.7951804399490356,0.0000000000000000,1.0000000000000000,-0.0000000437113883,0.0000000354511194,0.6102256774902344,0.0000000346293767,0.7922276258468628,-5.9889888763427734,0.0000000000000000,0.0000000000000000,0.0000000000000000,1.0000000000000000
M 0.7562448382377625,-0.0000000285998674,-0.6542887091636658,2.1308009624481201,0.0000000000000000,1.0000000000000000,-0.0000000437113883,0.0000000354511194,0.6542887091636658,0.0000000330565122,0.7562448382377625,-6.4301390647888184,0.0000000000000000,0.0000000000000000,0.0000000000000000,1.0000000000000000
M 0.7177100777626038,-0.0000000304380805,-0.6963420510292053,2.4923479557037354,0.0000000000000000,1.0000000000000000,-0.0000000437113883,0.0000000354511194,0.6963420510292053,0.0000000313721067,0.7177100777626038,-6.8528041839599609,0.0000000000000000,0.0000000000000000,0.0000000000000000,1.0000000000000000
M 0.6769508123397827,-0.0000000321728173,-0.7360282540321350,2.8767611980438232,0.0000000000000000,1.0000000000000000,-0.0000000437113883,0.0000000354511194,0.7360282540321350,0.0000000295904599,0.6769508123397827,-7.2533693313598633,0.0000000000000000,0.0000000000000000,0.0000000000000000,1.0000000000000000
M 0.6343487501144409,-0.0000000337909576,-0.7730469703674316,3.2804248332977295,0.0000000000000000,1.0000000000000000,-0.0000000437113883,0.0000000354511194,0.7730469703674316,0.0000000277282606,0.6343487501144409,-7.6287536621093750,0.0000000000000000,0.0000000000000000,0.0000000000000000,1.0000000000000000
M 0.5903319120407104,-0.0000000352821097,-0.8071606159210205,3.6992406845092773,0.0000000000000000,1.0000000000000000,-0.0000000437113883,0.0000000354511194,0.8071606159210205,0.0000000258042316,0.5903319120407104,-7.9764666557312012,0.0000000000000000,0.0000000000000000,0.0000000000000000,1.0000000000000000
M 0.5453649759292603,-0.0000000366388271,-0.8381986618041992,4.1287198066711426,0.0000000000000000,1.0000000000000000,-0.0000000437113883,0.0000000354511194,0.8381986618041992,0.0000000238386608,0.5453649759292603,-8.2946586608886719,0.0000000000000000,0.0000000000000000,0.0000000000000000,1.0000000000000000
M 0.4999400973320007,-0.0000000378566760,-0.8660599589347839,4.5640721321105957,0.0000000000000000,1.0000000000000000,-0.0000000437113883,0.0000000354511194,0.8660599589347839,0.0000000218530758,0.4999400973320007,-8.5821456909179688,0.0000000000000000,0.0000000000000000,0.0000000000000000,1.0000000000000000
M 0.4545664489269257,-0.0000000389342958,-0.8907128572463989,5.0003075599670410,0.0000000000000000,1.0000000000000000,-0.0000000437113883,0.0000000354511194,0.8907128572463989,0.0000000198697307,0.4545664489269257,-8.8384141921997070,0.0000000000000000,0.0000000000000000,0.0000000000000000,1.0000000000000000
M 0.4097608029842377,-0.0000000398732212,-0.9121930003166199,5.4323301315307617,0.0000000000000000,1.0000000000000000,-0.0000000437113883,0.0000000354511194,0.9121930003166199,0.0000000179112174,0.4097608029842377,-9.0636072158813477,0.0000000000000000,0.0000000000000000,0.0000000000000000,1.0000000000000000
M 0.3660389780998230,-0.0000000406777971,-0.9305995106697083,5.8550219535827637,0.0000000000000000,1.0000000000000000,-0.0000000437113883,0.0000000354511194,0.9305995106697083,0.0000000160000724,0.3660389780998230,-9.2584896087646484,0.0000000000000000,0.0000000000000000,0.0000000000000000,1.0000000000000000
M 0.3239079117774963,-0.0000000413548484,-0.9460886120796204,6.2633299827575684,0.0000000000000000,1.0000000000000000,-0.0000000437113883,0.0000000354511194,0.9460886120796204,0.0000000141584646,0.3239079117774963,-9.4243860244750977,0.0000000000000000,0.0000000000000000,0.0000000000000000,1.0000000000000000
M 0.2838591933250427,-0.0000000419133634,-0.9588660001754761,6.6523246765136719,0.0000000000000000,1.0000000000000000,-0.0000000437113883,0.0000000354511194,0.9588660001754761,0.0000000124078792,0.2838591933250427,-9.5631179809570312,0.0000000000000000,0.0000000000000000,0.0000000000000000,1.0000000000000000
M 0.2463641315698624,-0.0000000423640962,-0.9691773653030396,7.0172562599182129,0.0000000000000000,1.0000000000000000,-0.0000000437113883,0.0000000354511194,0.9691773653030396,0.0000000107689182,0.2463641315698624,-9.6769027709960938,0.0000000000000000,0.0000000000000000,0.0000000000000000,1.0000000000000000
M 0.2118707597255707,-0.0000000427190479,-0.9772977232933044,7.3535885810852051,0.0000000000000000,1.0000000000000000,-0.0000000437113883,0.0000000354511194,0.9772977232933044,0.0000000092611669,0.2118707597255707,-9.7682571411132812,0.0000000000000000,0.0000000000000000,0.0000000000000000,1.0000000000000000
M 0.1808020472526550,-0.0000000429910010,-0.9835194945335388,7.6570243835449219,0.0000000000000000,1.0000000000000000,-0.0000000437113883,0.0000000354511194,0.9835194945335388,0.0000000079031093,0.1808020472526550,-9.8398818969726562,0.0000000000000000,0.0000000000000000,0.0000000000000000,1.0000000000000000
M 0.1535564512014389,-0.0000000431929728,-0.9881398677825928,7.9235014915466309,0.0000000000000000,1.0000000000000000,-0.0000000437113883,0.0000000354511194,0.9881398677825928,0.0000000067121655,0.1535564512014389,-9.8945322036743164,0.0000000000000000,0.0000000000000000,0.0000000000000000,1.0000000000000000
M 0.1305094510316849,-0.0000000433375291,-0.9914470911026001,8.1491909027099609,0.0000000000000000,1.0000000000000000,-0.0000000437113883,0.0000000354511194,0.9914470911026001,0.0000000057047482,0.1305094510316849,-9.9348897933959961,0.0000000000000000,0.0000000000000000,0.0000000000000000,1.0000000000000000
M 0.1120152994990349,-0.0000000434362875,-0.9937064647674561,8.3304767608642578,0.0000000000000000,1.0000000000000000,-0.0000000437113883,0.0000000354511194,0.9937064647674561,0.0000000048963442,0.1120152994990349,-9.9634218215942383,0.0000000000000000,0.0000000000000000,0.0000000000000000,1.0000000000000000
M 0.0984108820557594,-0.0000000434992060,-0.9951458573341370,8.4639339447021484,0.0000000000000000,1.0000000000000000,-0.0000000437113883,0.0000000354511194,0.9951458573341370,0.0000000043016768,0.0984108820557594,-9.9822349548339844,0.0000000000000000,0.0000000000000000,0.0000000000000000,1.0000000000000000
M 0.0900205373764038,-0.0000000435339160,-0.9959399104118347,8.5462856292724609,0.0000000000000000,1.0000000000000000,-0.0000000437113883,0.0000000354511194,0.9959399104118347,0.0000000039349231,0.0900205373764038,-9.9929218292236328,0.0000000000000000,0.0000000000000000,0.0000000000000000,1.0000000000000000
M 0.0871558040380478,-0.0000000435450538,-0.9961947202682495,8.5744113922119141,0.0000000000000000,1.0000000000000000,-0.0000000437113883,0.0000000354511194,0.9961947202682495,0.0000000038097014,0.0871558040380478,-9.9964113235473633,0.0000000000000000,0.0000000000000000,0.0000000000000000,1.0000000000000000
M 0.0871558040380478,-0.0000000435450538,-0.9961947202682495,8.5744113922119141,0.0000000000000000,1.0000000000000000,-0.0000000437113883,0.0000000354511194,0.9961947202682495,0.0000000038097014,0.0871558040380478,-9.9964113235473633,0.0000000000000000,0.0000000000000000,0.0000000000000000,1.0000000000000000
M 0.0871558040380478,-0.0000000435450538,-0.9961947202682495,8.5744113922119141,0.0000000000000000,1.0000000000000000,-0.0000000437113883,0.0000000354511194,0.9961947202682495,0.0000000038097014,0.0871558040380478,-9.9964113235473633,0.0000000000000000,0.0000000000000000,0.0000000000000000,1.0000000000000000
M 0.0871558040380478,-0.0000000435450538,-0.9961947202682495,8.5744113922119141,0.0000000000000000,1.0000000000000000,-0.0000000437113883,0.0000000354511194,0.9961947202682495,0.0000000038097014,0.0871558040380478,-9.9964113235473633,0.0000000000000000,0.0000000000000000,0.0000000000000000,1.0000000000000000
M 0.0871558040380478,-0.0000000435450538,-0.9961947202682495,8.5744113922119141,0.0000000000000000,1.0000000000000000,-0.0000000437113883,0.0000000354511194,0.9961947202682495,0.0000000038097014,0.0871558040380478,-9.9964113235473633,0.0000000000000000,0.0000000000000000,0.0000000000000000,1.0000000000000000
M 0.0871558040380478,-0.0000000435450538,-0.9961947202682495,8.5744113922119141,0.0000000000000000,1.0000000000000000,-0.0000000437113883,0.0000000354511194,0.9961947202682495,0.0000000038097014,0.0871558040380478,-9.9964113235473633,0.0000000000000000,0.0000000000000000,0.0000000000000000,1.0000000000000000
M 0.0871558040380478,-0.0000000435450538,-0.9961947202682495,8.5744113922119141,0.0000000000000000,1.0000000000000000,-0.0000000437113883,0.0000000354511194,0.9961947202682495,0.0000000038097014,0.0871558040380478,-9.9964113235473633,0.0000000000000000,0.0000000000000000,0.0000000000000000,1.0000000000000000
M 0.0871558040380478,-0.0000000435450538,-0.9961947202682495,8.5744113922119141,0.0000000000000000,1.0000000000000000,-0.0000000437113883,0.0000000354511194,0.9961947202682495,0.0000000038097014,0.0871558040380478,-9.9964113235473633,0.0000000000000000,0.0000000000000000,0.0000000000000000,1.0000000000000000
M 0.0871558040380478,-0.0000000435450538,-0.9961947202682495,8.5744113922119141,0.0000000000000000,1.0000000000000000,-0.0000000437113883,0.0000000354511194,0.9961947202682495,0.0000000038097014,0.0871558040380478,-9.9964113235473633,0.0000000000000000,0.0000000000000000,0.0000000000000000,1.0000000000000000
M 0.0871558040380478,-0.0000000435450538,-0.9961947202682495,8.5744113922119141,0.0000000000000000,1.0000000000000000,-0.0000000437113883,0.0000000354511194,0.9961947202682495,0.0000000038097014,0.0871558040380478,-9.9964113235473633,0.0000000000000000,0.0000000000000000,0.0000000000000000,1.0000000000000000
M 0.0871558040380478,-0.0000000435450538,-0.9961947202682495,8.5744113922119141,0.0000000000000000,1.0000000000000000,-0.0000000437113883,0.0000000354511194,0.9961947202682495,0.0000000038097014,0.0871558040380478,-9.9964113235473633,0.0000000000000000,0.0000000000000000,0.0000000000000000,1.0000000000000000
M 0.0871558040380478,-0.0000000435450538,-0.9961947202682495,8.5744113922119141,0.0000000000000000,1.0000000000000000,-0.0000000437113883,0.0000000354511194,0.9961947202682495,0.0000000038097014,0.0871558040380478,-9.9964113235473633,0.0000000000000000,0.0000000000000000,0.0000000000000000,1.0000000000000000
M 0.0871558040380478,-0.0000000435450538,-0.9961947202682495,8.5744113922119141,0.0000000000000000,1.0000000000000000,-0.0000000437113883,0.0000000354511194,0.9961947202682495,0.0000000038097014,0.0871558040380478,-9.9964113235473633,0.0000000000000000,0.0000000000000000,0.0000000000000000,1.0000000000000000
M 0.0871558040380478,-0.0000000435450538,-0.9961947202682495,8.5744113922119141,0.0000000000000000,1.0000000000000000,-0.0000000437113883,0.0000000354511194,0.9961947202682495,0.0000000038097014,0.0871558040380478,-9.9964113235473633,0.0000000000000000,0.0000000000000000,0.0000000000000000,1.0000000000000000
M 0.0871558040380478,-0.0000000435450538,-0.9961947202682495,8.5744113922119141,0.0000000000000000,1.0000000000000000,-0.0000000437113883,0.0000000354511194,0.9961947202682495,0.0000000038097014,0.0871558040380478,-9.9964113235473633,0.0000000000000000,0.0000000000000000,0.0000000000000000,1.0000000000000000
M 0.0871558040380478,-0.0000000435450538,-0.9961947202682495,8.5744113922119141,0.0000000000000000,1.0000000000000000,-0.0000000437113883,0.0000000354511194,0.9961947202682495,0.0000000038097014,0.0871558040380478,-9.9964113235473633,0.0000000000000000,0.0000000000000000,0.0000000000000000,1.0000000000000000
M 0.0871558040380478,-0.0000000435450538,-0.9961947202682495,8.5744113922119141,0.0000000000000000,1.0000000000000000,-0.0000000437113883,0.0000000354511194,0.9961947202682495,0.0000000038097014,0.0871558040380478,-9.9964113235473633,0.0000000000000000,0.0000000000000000,0.0000000000000000,1.0000000000000000
M 0.0871558040380478,-0.0000000435450538,-0.9961947202682495,8.5744113922119141,0.0000000000000000,1.0000000000000000,-0.0000000437113883,0.0000000354511194,0.9961947202682495,0.0000000038097014,0.0871558040380478,-9.9964113235473633,0.0000000000000000,0.0000000000000000,0.0000000000000000,1.0000000000000000
M 0.0871558040380478,-0.0000000435450538,-0.9961947202682495,8.5744113922119141,0.0000000000000000,1.0000000000000000,-0.0000000437113883,0.0000000354511194,0.9961947202682495,0.0000000038097014,0.0871558040380478,-9.9964113235473633,0.0000000000000000,0.0000000000000000,0.0000000000000000,1.0000000000000000
M 0.0871558040380478,-0.0000000435450538,-0.9961947202682495,8.5744113922119141,0.0000000000000000,1.0000000000000000,-0.0000000437113883,0.0000000354511194,0.9961947202682495,0.0000000038097014,0.0871558040380478,-9.9964113235473633,0.0000000000000000,0.0000000000000000,0.0000000000000000,1.0000000000000000
M 0.0871558040380478,-0.0000000435450538,-0.9961947202682495,8.5744113922119141,0.0000000000000000,1.0000000000000000,-0.0000000437113883,0.0000000354511194,0.9961947202682495,0.0000000038097014,0.0871558040380478,-9.9964113235473633,0.0000000000000000,0.0000000000000000,0.0000000000000000,1.0000000000000000
M 0.0871558040380478,-0.0000000435450538,-0.9961947202682495,8.5744113922119141,0.0000000000000000,1.0000000000000000,-0.0000000437113883,0.0000000354511194,0.9961947202682495,0.0000000038097014,0.0871558040380478,-9.9964113235473633,0.0000000000000000,0.0000000000000000,0.0000000000000000,1.0000000000000000
M 0.0871558040380478,-0.0000000435450538,-0.9961947202682495,8.5744113922119141,0.0000000000000000,1.0000000000000000,-0.0000000437113883,0.0000000354511194,0.9961947202682495,0.0000000038097014,0.0871558040380478,-9.9964113235473633,0.0000000000000000,0.0000000000000000,0.0000000000000000,1.0000000000000000
M 0.0871558040380478,-0.0000000435450538,-0.9961947202682495,8.5744113922119141,0.0000000000000000,1.0000000000000000,-0.0000000437113883,0.0000000354511194,0.9961947202682495,0.0000000038097014,0.0871558040380478,-9.9964113235473633,0.0000000000000000,0.0000000000000000,0.0000000000000000,1.0000000000000000
M 0.0871558040380478,-0.0000000435450538,-0.9961947202682495,8.5744113922119141,0.0000000000000000,1.0000000000000000,-0.0000000437113883,0.0000000354511194,0.9961947202682495,0.0000000038097014,0.0871558040380478,-9.9964113235473633,0.0000000000000000,0.0000000000000000,0.0000000000000000,1.0000000000000000
M 0.0871558040380478,-0.0000000435450538,-0.9961947202682495,8.5744113922119141,0.0000000000000000,1.0000000000000000,-0.0000000437113883,0.0000000354511194,0.9961947202682495,0.0000000038097014,0.0871558040380478,-9.9964113235473633,0.0000000000000000,0.0000000000000000,0.0000000000000000,1.0000000000000000
M 0.0871558040380478,-0.0000000435450538,-0.9961947202682495,8.5744113922119141,0.0000000000000000,1.0000000000000000,-0.0000000437113883,0.0000000354511194,0.9961947202682495,0.0000000038097014,0.0871558040380478,-9.9964113235473633,0.0000000000000000,0.0000000000000000,0.0000000000000000,1.0000000000000000
M 0.0871558040380478,-0.0000000435450538,-0.9961947202682495,8.5744113922119141,0.0000000000000000,1.0000000000000000,-0.0000000437113883,0.0000000354511194,0.9961947202682495,0.0000000038097014,0.0871558040380478,-9.9964113235473633,0.0000000000000000,0.0000000000000000,0.0000000000000000,1.0000000000000000
M 0.0871558040380478,-0.0000000435450538,-0.9961947202682495,8.5744113922119141,0.0000000000000000,1.0000000000000000,-0.0000000437113883,0.0000000354511194,0.9961947202682495,0.0000000038097014,0.0871558040380478,-9.9964113235473633,0.0000000000000000,0.0000000000000000,0.0000000000000000,1.0000000000000000
M 0.0871558040380478,-0.0000000435450538,-0.9961947202682495,8.5744113922119141,0.0000000000000000,1.0000000000000000,-0.0000000437113883,0.0000000354511194,0.9961947202682495,0.0000000038097014,0.0871558040380478,-9.9964113235473633,0.0000000000000000,0.0000000000000000,0.0000000000000000,1.0000000000000000
M 0.0871558040380478,-0.0000000435450538,-0.9961947202682495,8.5744113922119141,0.0000000000000000,1.0000000000000000,-0.0000000437113883,0.0000000354511194,0.9961947202682495,0.0000000038097014,0.0871558040380478,-9.9964113235473633,0.0000000000000000,0.0000000000000000,0.0000000000000000,1.0000000000000000
M 0.0871558040380478,-0.0000000435450538,-0.9961947202682495,8.5744113922119141,0.0000000000000000,1.0000000000000000,-0.0000000437113883,0.0000000354511194,0.9961947202682495,0.0000000038097014,0.0871558040380478,-9.9964113235473633,0.0000000000000000,0.0000000000000000,0.0000000000000000,1.0000000000000000
M 0.0871558040380478,-0.0000000435450538,-0.9961947202682495,8.5744113922119141,0.0000000000000000,1.0000000000000000,-0.0000000437113883,0.0000000354511194,0.9961947202682495,0.0000000038097014,0.0871558040380478,-9.9964113235473633,0.0000000000000000,0.0000000000000000,0.0000000000000000,1.0000000000000000
M 0.0871558040380478,-0.0000000435450538,-0.9961947202682495,8.5744113922119141,0.0000000000000000,1.0000000000000000,-0.0000000437113883,0.0000000354511194,0.9961947202682495,0.0000000038097014,0.0871558040380478,-9.9964113235473633,0.0000000000000000,0.0000000000000000,0.0000000000000000,1.0000000000000000
M 0.0871558040380478,-0.0000000435450538,-0.9961947202682495,8.5744113922119141,0.0000000000000000,1.0000000000000000,-0.0000000437113883,0.0000000354511194,0.9961947202682495,0.0000000038097014,0.0871558040380478,-9.9964113235473633,0.0000000000000000,0.0000000000000000,0.0000000000000000,1.0000000000000000
M 0.0871558040380478,-0.0000000435450538,-0.9961947202682495,8.5744113922119141,0.0000000000000000,1.0000000000000000,-0.0000000437113883,0.0000000354511194,0.9961947202682495,0.0000000038097014,0.0871558040380478,-9.9964113235473633,0.0000000000000000,0.0000000000000000,0.0000000000000000,1.0000000000000000
M 0.0871558040380478,-0.0000000435450538,-0.9961947202682495,8.5744113922119141,0.0000000000000000,1.0000000000000000,-0.0000000437113883,0.0000000354511194,0.9961947202682495,0.0000000038097014,0.0871558040380478,-9.9964113235473633,0.0000000000000000,0.0000000000000000,0.0000000000000000,1.0000000000000000
M 0.0871558040380478,-0.0000000435450538,-0.9961947202682495,8.5744113922119141,0.0000000000000000,1.0000000000000000,-0.0000000437113883,0.0000000354511194,0.9961947202682495,0.0000000038097014,0.0871558040380478,-9.9964113235473633,0.0000000000000000,0.0000000000000000,0.0000000000000000,1.0000000000000000
M 0.0871558040380478,-0.0000000435450538,-0.9961947202682495,8.5744113922119141,0.0000000000000000,1.0000000000000000,-0.0000000437113883,0.0000000354511194,0.9961947202682495,0.0000000038097014,0.0871558040380478,-9.9964113235473633,0.0000000000000000,0.0000000000000000,0.0000000000000000,1.0000000000000000
M 0.0871558040380478,-0.0000000435450538,-0.9961947202682495,8.5744113922119141,0.0000000000000000,1.0000000000000000,-0.0000000437113883,0.0000000354511194,0.9961947202682495,0.0000000038097014,0.0871558040380478,-9.9964113235473633,0.0000000000000000,0.0000000000000000,0.0000000000000000,1.0000000000000000
M 0.0871558040380478,-0.0000000435450538,-0.9961947202682495,8.5744113922119141,0.0000000000000000,1.0000000000000000,-0.0000000437113883,0.0000000354511194,0.9961947202682495,0.0000000038097014,0.0871558040380478,-9.9964113235473633,0.0000000000000000,0.0000000000000000,0.0000000000000000,1.0000000000000000
M 0.0871558040380478,-0.0000000435450538,-0.9961947202682495,8.5744113922119141,0.0000000000000000,1.0000000000000000,-0.0000000437113883,0.0000000354511194,0.9961947202682495,0.0000000038097014,0.0871558040380478,-9.9964113235473633,0.0000000000000000,0.0000000000000000,0.0000000000000000,1.0000000000000000
M 0.0871558040380478,-0.0000000435450538,-0.9961947202682495,8.5744113922119141,0.0000000000000000,1.0000000000000000,-0.0000000437113883,0.0000000354511194,0.9961947202682495,0.0000000038097014,0.0871558040380478,-9.9964113235473633,0.0000000000000000,0.0000000000000000,0.0000000000000000,1.0000000000000000
M 0.0871558040380478,-0.0000000435450538,-0.9961947202682495,8.5744113922119141,0.0000000000000000,1.0000000000000000,-0.0000000437113883,0.0000000354511194,0.9961947202682495,0.0000000038097014,0.0871558040380478,-9.9964113235473633,0.0000000000000000,0.0000000000000000,0.0000000000000000,1.0000000000000000
M 0.0871558040380478,-0.0000000435450538,-0.9961947202682495,8.5744113922119141,0.0000000000000000,1.0000000000000000,-0.0000000437113883,0.0000000354511194,0.9961947202682495,0.0000000038097014,0.0871558040380478,-9.9964113235473633,0.0000000000000000,0.0000000000000000,0.0000000000000000,1.0000000000000000
M 0.0871558040380478,-0.0000000435450538,-0.9961947202682495,8.5744113922119141,0.0000000000000000,1.0000000000000000,-0.0000000437113883,0.0000000354511194,0.9961947202682495,0.0000000038097014,0.0871558040380478,-9.9964113235473633,0.0000000000000000,0.0000000000000000,0.0000000000000000,1.0000000000000000
M 0.0871558040380478,-0.0000000435450538,-0.9961947202682495,8.5744113922119141,0.0000000000000000,1.0000000000000000,-0.0000000437113883,0.0000000354511194,0.9961947202682495,0.0000000038097014,0.0871558040380478,-9.9964113235473633,0.0000000000000000,0.0000000000000000,0.0000000000000000,1.0000000000000000
M 0.0871558040380478,-0.0000000435450538,-0.9961947202682495,8.5744113922119141,0.0000000000000000,1.0000000000000000,-0.0000000437113883,0.0000000354511194,0.9961947202682495,0.0000000038097014,0.0871558040380478,-9.9964113235473633,0.0000000000000000,0.0000000000000000,0.0000000000000000,1.0000000000000000
M 0.0871558040380478,-0.0000000435450538,-0.9961947202682495,8.5744113922119141,0.0000000000000000,1.0000000000000000,-0.0000000437113883,0.0000000354511194,0.9961947202682495,0.0000000038097014,0.0871558040380478,-9.9964113235473633,0.0000000000000000,0.0000000000000000,0.0000000000000000,1.0000000000000000
M 0.0871558040380478,-0.0000000435450538,-0.9961947202682495,8.5744113922119141,0.0000000000000000,1.0000000000000000,-0.0000000437113883,0.0000000354511194,0.9961947202682495,0.0000000038097014,0.0871558040380478,-9.9964113235473633,0.0000000000000000,0.0000000000000000,0.0000000000000000,1.0000000000000000
M 0.0871558040380478,-0.0000000435450538,-0.9961947202682495,8.5744113922119141,0.0000000000000000,1.0000000000000000,-0.0000000437113883,0.0000000354511194,0.9961947202682495,0.0000000038097014,0.0871558040380478,-9.9964113235473633,0.0000000000000000,0.0000000000000000,0.0000000000000000,1.0000000000000000
M 0.0871558040380478,-0.0000000435450538,-0.9961947202682495,8.5744113922119141,0.0000000000000000,1.0000000000000000,-0.0000000437113883,0.0000000354511194,0.9961947202682495,0.0000000038097014,0.0871558040380478,-9.9964113235473633,0.0000000000000000,0.0000000000000000,0.0000000000000000,1.0000000000000000
M 0.0871558040380478,-0.0000000435450538,-0.9961947202682495,8.5744113922119141,0.0000000000000000,1.0000000000000000,-0.0000000437113883,0.0000000354511194,0.9961947202682495,0.0000000038097014,0.0871558040380478,-9.9964113235473633,0.0000000000000000,0.0000000000000000,0.0000000000000000,1.0000000000000000
M 0.0871558040380478,-0.0000000435450538,-0.9961947202682495,8.5744113922119141,0.0000000000000000,1.0000000000000000,-0.0000000437113883,0.0000000354511194,0.9961947202682495,0.0000000038097014,0.0871558040380478,-9.9964113235473633,0.0000000000000000,0.0000000000000000,0.0000000000000000,1.0000000000000000
M 0.0871558040380478,-0.0000000435450538,-0.9961947202682495,8.5744113922119141,0.0000000000000000,1.0000000000000000,-0.0000000437113883,0.0000000354511194,0.9961947202682495,0.0000000038097014,0.0871558040380478,-9.9964113235473633,0.0000000000000000,0.0000000000000000,0.0000000000000000,1.0000000000000000
M 0.0871558040380478,-0.0000000435450538,-0.9961947202682495,8.5744113922119141,0.0000000000000000,1.0000000000000000,-0.0000000437113883,0.0000000354511194,0.9961947202682495,0.0000000038097014,0.0871558040380478,-9.9964113235473633,0.0000000000000000,0.0000000000000000,0.0000000000000000,1.0000000000000000
M 0.0871558040380478,-0.0000000435450538,-0.9961947202682495,8.5744113922119141,0.0000000000000000,1.0000000000000000,-0.0000000437113883,0.0000000354511194,0.9961947202682495,0.0000000038097014,0.0871558040380478,-9.9964113235473633,0.0000000000000000,0.0000000000000000,0.0000000000000000,1.0000000000000000
M 0.0871558040380478,-0.0000000435450538,-0.9961947202682495,8.5744113922119141,0.0000000000000000,1.0000000000000000,-0.0000000437113883,0.0000000354511194,0.9961947202682495,0.0000000038097014,0.0871558040380478,-9.9964113235473633,0.0000000000000000,0.0000000000000000,0.0000000000000000,1.0000000000000000
M 0.0871558040380478,-0.0000000435450538,-0.9961947202682495,8.5744113922119141,0.0000000000000000,1.0000000000000000,-0.0000000437113883,0.0000000354511194,0.9961947202682495,0.0000000038097014,0.0871558040380478,-9.9964113235473633,0.0000000000000000,0.0000000000000000,0.0000000000000000,1.0000000000000000
M 0.0871558040380478,-0.0000000435450538,-0.9961947202682495,8.5744113922119141,0.0000000000000000,1.0000000000000000,-0.0000000437113883,0.0000000354511194,0.9961947202682495,0.0000000038097014,0.0871558040380478,-9.9964113235473633,0.0000000000000000,0.0000000000000000,0.0000000000000000,1.0000000000000000
M 0.0871558040380478,-0.0000000435450538,-0.9961947202682495,8.5744113922119141,0.0000000000000000,1.0000000000000000,-0.0000000437113883,0.0000000354511194,0.9961947202682495,0.0000000038097014,0.0871558040380478,-9.9964113235473633,0.0000000000000000,0.0000000000000000,0.0000000000000000,1.0000000000000000
M 0.0871558040380478,-0.0000000435450538,-0.9961947202682495,8.5744113922119141,0.0000000000000000,1.0000000000000000,-0.0000000437113883,0.0000000354511194,0.9961947202682495,0.0000000038097014,0.0871558040380478,-9.9964113235473633,0.0000000000000000,0.0000000000000000,0.0000000000000000,1.0000000000000000
M 0.0871558040380478,-0.0000000435450538,-0.9961947202682495,8.5744113922119141,0.0000000000000000,1.0000000000000000,-0.0000000437113883,0.0000000354511194,0.9961947202682495,0.0000000038097014,0.0871558040380478,-9.9964113235473633,0.0000000000000000,0.0000000000000000,0.0000000000000000,1.0000000000000000
M 0.0871558040380478,-0.0000000435450538,-0.9961947202682495,8.5744113922119141,0.0000000000000000,1.0000000000000000,-0.0000000437113883,0.0000000354511194,0.9961947202682495,0.0000000038097014,0.0871558040380478,-9.9964113235473633,0.0000000000000000,0.0000000000000000,0.0000000000000000,1.0000000000000000
M 0.0871558040380478,-0.0000000435450538,-0.9961947202682495,8.5744113922119141,0.0000000000000000,1.0000000000000000,-0.0000000437113883,0.0000000354511194,0.9961947202682495,0.0000000038097014,0.0871558040380478,-9.9964113235473633,0.0000000000000000,0.0000000000000000,0.0000000000000000,1.0000000000000000
M 0.0871558040380478,-0.0000000435450538,-0.9961947202682495,8.5744113922119141,0.0000000000000000,1.0000000000000000,-0.0000000437113883,0.0000000354511194,0.9961947202682495,0.0000000038097014,0.0871558040380478,-9.9964113235473633,0.0000000000000000,0.0000000000000000,0.0000000000000000,1.0000000000000000
M 0.0871558040380478,-0.0000000435450538,-0.9961947202682495,8.5744113922119141,0.0000000000000000,1.0000000000000000,-0.0000000437113883,0.0000000354511194,0.9961947202682495,0.0000000038097014,0.0871558040380478,-9.9964113235473633,0.0000000000000000,0.0000000000000000,0.0000000000000000,1.0000000000000000
M 0.0871558040380478,-0.0000000435450538,-0.9961947202682495,8.5744113922119141,0.0000000000000000,1.0000000000000000,-0.0000000437113883,0.0000000354511194,0.9961947202682495,0.0000000038097014,0.0871558040380478,-9.9964113235473633,0.0000000000000000,0.0000000000000000,0.0000000000000000,1.0000000000000000
M 0.0871558040380478,-0.0000000435450538,-0.9961947202682495,8.5744113922119141,0.0000000000000000,1.0000000000000000,-0.0000000437113883,0.0000000354511194,0.9961947202682495,0.0000000038097014,0.0871558040380478,-9.9964113235473633,0.0000000000000000,0.0000000000000000,0.0000000000000000,1.0000000000000000
M 0.0871558040380478,-0.0000000435450538,-0.9961947202682495,8.5744113922119141,0.0000000000000000,1.0000000000000000,-0.0000000437113883,0.0000000354511194,0.9961947202682495,0.0000000038097014,0.0871558040380478,-9.9964113235473633,0.0000000000000000,0.0000000000000000,0.0000000000000000,1.0000000000000000
M 0.0871558040380478,-0.0000000435450538,-0.9961947202682495,8.5744113922119141,0.0000000000000000,1.0000000000000000,-0.0000000437113883,0.0000000354511194,0.9961947202682495,0.0000000038097014,0.0871558040380478,-9.9964113235473633,0.0000000000000000,0.0000000000000000,0.0000000000000000,1.0000000000000000
M 0.0871558040380478,-0.0000000435450538,-0.9961947202682495,8.5744113922119141,0.0000000000000000,1.0000000000000000,-0.0000000437113883,0.0000000354511194,0.9961947202682495,0.0000000038097014,0.0871558040380478,-9.9964113235473633,0.0000000000000000,0.0000000000000000,0.0000000000000000,1.0000000000000000
M 0.0871558040380478,-0.0000000435450538,-0.9961947202682495,8.5744113922119141,0.0000000000000000,1.0000000000000000,-0.0000000437113883,0.0000000354511194,0.9961947202682495,0.0000000038097014,0.0871558040380478,-9.9964113235473633,0.0000000000000000,0.0000000000000000,0.0000000000000000,1.0000000000000000
M 0.0871558040380478,-0.0000000435450538,-0.9961947202682495,8.5744113922119141,0.0000000000000000,1.0000000000000000,-0.0000000437113883,0.0000000354511194,0.9961947202682495,0.0000000038097014,0.0871558040380478,-9.9964113235473633,0.0000000000000000,0.0000000000000000,0.0000000000000000,1.0000000000000000
M 0.0871558040380478,-0.0000000435450538,-0.9961947202682495,8.5744113922119141,0.0000000000000000,1.0000000000000000,-0.0000000437113883,0.0000000354511194,0.9961947202682495,0.0000000038097014,0.0871558040380478,-9.9964113235473633,0.0000000000000000,0.0000000000000000,0.0000000000000000,1.0000000000000000
M 0.0871558040380478,-0.0000000435450538,-0.9961947202682495,8.5744113922119141,0.0000000000000000,1.0000000000000000,-0.0000000437113883,0.0000000354511194,0.9961947202682495,0.0000000038097014,0.0871558040380478,-9.9964113235473633,0.0000000000000000,0.0000000000000000,0.0000000000000000,1.0000000000000000
M 0.0871558040380478,-0.0000000435450538,-0.9961947202682495,8.5744113922119141,0.0000000000000000,1.0000000000000000,-0.0000000437113883,0.0000000354511194,0.9961947202682495,0.0000000038097014,0.0871558040380478,-9.9964113235473633,0.0000000000000000,0.0000000000000000,0.0000000000000000,1.0000000000000000
M 0.0871558040380478,-0.0000000435450538,-0.9961947202682495,8.5744113922119141,0.0000000000000000,1.0000000000000000,-0.0000000437113883,0.0000000354511194,0.9961947202682495,0.0000000038097014,0.0871558040380478,-9.9964113235473633,0.0000000000000000,0.0000000000000000,0.0000000000000000,1.0000000000000000
M 0.0871558040380478,-0.0000000435450538,-0.9961947202682495,8.5744113922119141,0.0000000000000000,1.0000000000000000,-0.0000000437113883,0.0000000354511194,0.9961947202682495,0.0000000038097014,0.0871558040380478,-9.9964113235473633,0.0000000000000000,0.0000000000000000,0.0000000000000000,1.0000000000000000
M 0.0871558040380478,-0.0000000435450538,-0.9961947202682495,8.5744113922119141,0.0000000000000000,1.0000000000000000,-0.0000000437113883,0.0000000354511194,0.9961947202682495,0.0000000038097014,0.0871558040380478,-9.9964113235473633,0.0000000000000000,0.0000000000000000,0.0000000000000000,1.0000000000000000
M 0.0871558040380478,-0.0000000435450538,-0.9961947202682495,8.5744113922119141,0.0000000000000000,1.0000000000000000,-0.0000000437113883,0.0000000354511194,0.9961947202682495,0.0000000038097014,0.0871558040380478,-9.9964113235473633,0.0000000000000000,0.0000000000000000,0.0000000000000000,1.0000000000000000
M 0.0871558040380478,-0.0000000435450538,-0.9961947202682495,8.5744113922119141,0.0000000000000000,1.0000000000000000,-0.0000000437113883,0.0000000354511194,0.9961947202682495,0.0000000038097014,0.0871558040380478,-9.9964113235473633,0.0000000000000000,0.0000000000000000,0.0000000000000000,1.0000000000000000
M 0.0871558040380478,-0.0000000435450538,-0.9961947202682495,8.5744113922119141,0.0000000000000000,1.0000000000000000,-0.0000000437113883,0.0000000354511194,0.9961947202682495,0.0000000038097014,0.0871558040380478,-9.9964113235473633,0.0000000000000000,0.0000000000000000,0.0000000000000000,1.0000000000000000
M 0.0871558040380478,-0.0000000435450538,-0.9961947202682495,8.5744113922119141,0.0000000000000000,1.0000000000000000,-0.0000000437113883,0.0000000354511194,0.9961947202682495,0.0000000038097014,0.0871558040380478,-9.9964113235473633,0.0000000000000000,0.0000000000000000,0.0000000000000000,1.0000000000000000
M 0.0871558040380478,-0.0000000435450538,-0.9961947202682495,8.5744113922119141,0.0000000000000000,1.0000000000000000,-0.0000000437113883,0.0000000354511194,0.9961947202682495,0.0000000038097014,0.0871558040380478,-9.9964113235473633,0.0000000000000000,0.0000000000000000,0.0000000000000000,1.0000000000000000
M 0.0871558040380478,-0.0000000435450538,-0.9961947202682495,8.5744113922119141,0.0000000000000000,1.0000000000000000,-0.0000000437113883,0.0000000354511194,0.9961947202682495,0.0000000038097014,0.0871558040380478,-9.9964113235473633,0.0000000000000000,0.0000000000000000,0.0000000000000000,1.0000000000000000
M 0.0871558040380478,-0.0000000435450538,-0.9961947202682495,8.5744113922119141,0.0000000000000000,1.0000000000000000,-0.0000000437113883,0.0000000354511194,0.9961947202682495,0.0000000038097014,0.0871558040380478,-9.9964113235473633,0.0000000000000000,0.0000000000000000,0.0000000000000000,1.0000000000000000
M 0.0871558040380478,-0.0000000435450538,-0.9961947202682495,8.5744113922119141,0.0000000000000000,1.0000000000000000,-0.0000000437113883,0.0000000354511194,0.9961947202682495,0.0000000038097014,0.0871558040380478,-9.9964113235473633,0.0000000000000000,0.0000000000000000,0.0000000000000000,1.0000000000000000
M 0.0871558040380478,-0.0000000435450538,-0.9961947202682495,8.5744113922119141,0.0000000000000000,1.0000000000000000,-0.0000000437113883,0.0000000354511194,0.9961947202682495,0.0000000038097014,0.0871558040380478,-9.9964113235473633,0.0000000000000000,0.0000000000000000,0.0000000000000000,1.0000000000000000
