O DOOR_13_INTERIOR_LCG_il_LINVERT_CG_drl
A DOOR_13_INTERIOR_LCG_il_LINVERT_CG_drl_DOOR_13_INTERIOR_LCG_il_LINVERT_CG_drl
M 1.0000000000000000,0.0000000000000000,0.0000000000000000,0.0000000000000000,0.0000000000000000,1.0000000000000000,-0.0000000437113883,0.0000000273280847,-0.0000000000000000,0.0000000437113883,1.0000000000000000,-0.0000000578665862,0.0000000000000000,0.0000000000000000,0.0000000000000000,1.0000000000000000
M 1.0000000000000000,0.0000000000000000,0.0000000000000000,0.0000000000000000,0.0000000000000000,1.0000000000000000,-0.0000000437113883,0.0000000273280847,-0.0000000000000000,0.0000000437113883,1.0000000000000000,-0.0000000578665862,0.0000000000000000,0.0000000000000000,0.0000000000000000,1.0000000000000000
M 1.0000000000000000,0.0000000000000000,0.0000000000000000,0.0000000000000000,0.0000000000000000,1.0000000000000000,-0.0000000437113883,0.0000000273280847,-0.0000000000000000,0.0000000437113883,1.0000000000000000,-0.0000000578665862,0.0000000000000000,0.0000000000000000,0.0000000000000000,1.0000000000000000
M 1.0000000000000000,0.0000000000000000,0.0000000000000000,0.0000000000000000,0.0000000000000000,1.0000000000000000,-0.0000000437113883,0.0000000273280847,-0.0000000000000000,0.0000000437113883,1.0000000000000000,-0.0000000578665862,0.0000000000000000,0.0000000000000000,0.0000000000000000,1.0000000000000000
M 1.0000000000000000,0.0000000000000000,0.0000000000000000,0.0000000000000000,0.0000000000000000,1.0000000000000000,-0.0000000437113883,0.0000000273280847,-0.0000000000000000,0.0000000437113883,1.0000000000000000,-0.0000000578665862,0.0000000000000000,0.0000000000000000,0.0000000000000000,1.0000000000000000
M 1.0000000000000000,0.0000000000000000,0.0000000000000000,0.0000000000000000,0.0000000000000000,1.0000000000000000,-0.0000000437113883,0.0000000273280847,-0.0000000000000000,0.0000000437113883,1.0000000000000000,-0.0000000578665862,0.0000000000000000,0.0000000000000000,0.0000000000000000,1.0000000000000000
M 1.0000000000000000,0.0000000000000000,0.0000000000000000,0.0000000000000000,0.0000000000000000,1.0000000000000000,-0.0000000437113883,0.0000000273280847,-0.0000000000000000,0.0000000437113883,1.0000000000000000,-0.0000000578665862,0.0000000000000000,0.0000000000000000,0.0000000000000000,1.0000000000000000
M 1.0000000000000000,0.0000000000000000,0.0000000000000000,0.0000000000000000,0.0000000000000000,1.0000000000000000,-0.0000000437113883,0.0000000273280847,-0.0000000000000000,0.0000000437113883,1.0000000000000000,-0.0000000578665862,0.0000000000000000,0.0000000000000000,0.0000000000000000,1.0000000000000000
M 1.0000000000000000,0.0000000000000000,0.0000000000000000,0.0000000000000000,0.0000000000000000,1.0000000000000000,-0.0000000437113883,0.0000000273280847,-0.0000000000000000,0.0000000437113883,1.0000000000000000,-0.0000000578665862,0.0000000000000000,0.0000000000000000,0.0000000000000000,1.0000000000000000
M 1.0000000000000000,0.0000000000000000,0.0000000000000000,0.0000000000000000,0.0000000000000000,1.0000000000000000,-0.0000000437113883,0.0000000273280847,-0.0000000000000000,0.0000000437113883,1.0000000000000000,-0.0000000578665862,0.0000000000000000,0.0000000000000000,0.0000000000000000,1.0000000000000000
M 0.9999607801437378,0.0000000003871707,0.0088574318215251,-0.0103541854768991,0.0000000000000000,1.0000000000000000,-0.0000000437113883,0.0000000273280847,-0.0088574318215251,0.0000000437096723,0.9999607801437378,0.0961000323295593,0.0000000000000000,0.0000000000000000,0.0000000000000000,1.0000000000000000
M 0.9994149208068848,0.0000000014950078,0.0342017859220505,-0.0352788940072060,0.0000000000000000,1.0000000000000000,-0.0000000437113883,0.0000000273280847,-0.0342017859220505,0.0000000436858123,0.9994149208068848,0.3716054558753967,0.0000000000000000,0.0000000000000000,0.0000000000000000,1.0000000000000000
M 0.9972469210624695,0.0000000032412877,0.0741520076990128,-0.0603884719312191,0.0000000000000000,1.0000000000000000,-0.0000000437113883,0.0000000273280847,-0.0741520076990128,0.0000000435910401,0.9972469210624695,0.8074750304222107,0.0000000000000000,0.0000000000000000,0.0000000000000000,1.0000000000000000
M 0.9919387102127075,0.0000000055390359,0.1267183721065521,-0.0667981281876564,0.0000000000000000,1.0000000000000000,-0.0000000437113883,0.0000000273280847,-0.1267183721065521,0.0000000433590195,0.9919387102127075,1.3839790821075439,0.0000000000000000,0.0000000000000000,0.0000000000000000,1.0000000000000000
M 0.9818347692489624,0.0000000082937150,0.1897380799055099,-0.0339228250086308,0.0000000000000000,1.0000000000000000,-0.0000000437113883,0.0000000273280847,-0.1897380799055099,0.0000000429173603,0.9818347692489624,2.0796785354614258,0.0000000000000000,0.0000000000000000,0.0000000000000000,1.0000000000000000
M 0.9653816223144531,0.0000000114017471,0.2608415186405182,0.0579660087823868,0.0000000000000000,1.0000000000000000,-0.0000000437113883,0.0000000273280847,-0.2608415186405182,0.0000000421981703,0.9653816223144531,2.8707673549652100,0.0000000000000000,0.0000000000000000,0.0000000000000000,1.0000000000000000
M 0.9413381218910217,0.0000000147510608,0.3374649286270142,0.2254496067762375,0.0000000000000000,1.0000000000000000,-0.0000000437113883,0.0000000273280847,-0.3374649286270142,0.0000000411471959,0.9413381218910217,3.7309532165527344,0.0000000000000000,0.0000000000000000,0.0000000000000000,1.0000000000000000
M 0.9089452624320984,0.0000000182239592,0.4169155061244965,0.4800343811511993,0.0000000000000000,1.0000000000000000,-0.0000000437113883,0.0000000273280847,-0.4169155061244965,0.0000000397312583,0.9089452624320984,4.6319594383239746,0.0000000000000000,0.0000000000000000,0.0000000000000000,1.0000000000000000
M 0.8680472373962402,0.0000000217019007,0.4964816272258759,0.8267122507095337,0.0000000000000000,1.0000000000000000,-0.0000000437113883,0.0000000273280847,-0.4964816272258759,0.0000000379435505,0.8680472373962402,5.5445690155029297,0.0000000000000000,0.0000000000000000,0.0000000000000000,1.0000000000000000
M 0.8191520571708679,0.0000000250718237,0.5735764503479004,1.2631199359893799,0.0000000000000000,1.0000000000000000,-0.0000000437113883,0.0000000273280847,-0.5735764503479004,0.0000000358062735,0.8191520571708679,6.4401116371154785,0.0000000000000000,0.0000000000000000,0.0000000000000000,1.0000000000000000
M 0.7634298205375671,0.0000000282327886,0.6458908319473267,1.7793802022933960,0.0000000000000000,1.0000000000000000,-0.0000000437113883,0.0000000273280847,-0.6458908319473267,0.0000000333705792,0.7634298205375671,7.2921228408813477,0.0000000000000000,0.0000000000000000,0.0000000000000000,1.0000000000000000
M 0.7026499509811401,0.0000000311022141,0.7115356922149658,2.3586037158966064,0.0000000000000000,1.0000000000000000,-0.0000000437113883,0.0000000273280847,-0.7115356922149658,0.0000000307138031,0.7026499509811401,8.0779628753662109,0.0000000000000000,0.0000000000000000,0.0000000000000000,1.0000000000000000
M 0.6390699744224548,0.0000000336205552,0.7691485881805420,2.9779670238494873,0.0000000000000000,1.0000000000000000,-0.0000000437113883,0.0000000273280847,-0.7691485881805420,0.0000000279346359,0.6390699744224548,8.7801094055175781,0.0000000000000000,0.0000000000000000,0.0000000000000000,1.0000000000000000
M 0.5752908587455750,0.0000000357536827,0.8179489374160767,3.6102151870727539,0.0000000000000000,1.0000000000000000,-0.0000000437113883,0.0000000273280847,-0.8179489374160767,0.0000000251467664,0.5752908587455750,9.3869333267211914,0.0000000000000000,0.0000000000000000,0.0000000000000000,1.0000000000000000
M 0.5141028165817261,0.0000000374925158,0.8577286005020142,4.2253432273864746,0.0000000000000000,1.0000000000000000,-0.0000000437113883,0.0000000273280847,-0.8577286005020142,0.0000000224721521,0.5141028165817261,9.8927812576293945,0.0000000000000000,0.0000000000000000,0.0000000000000000,1.0000000000000000
M 0.4583392143249512,0.0000000388496915,0.8887773156166077,4.7922720909118652,0.0000000000000000,1.0000000000000000,-0.0000000437113883,0.0000000273280847,-0.8887773156166077,0.0000000200346442,0.4583392143249512,10.2973461151123047,0.0000000000000000,0.0000000000000000,0.0000000000000000,1.0000000000000000
M 0.4107587039470673,0.0000000398535995,0.9117441177368164,5.2802972793579102,0.0000000000000000,1.0000000000000000,-0.0000000437113883,0.0000000273280847,-0.9117441177368164,0.0000000179548376,0.4107587039470673,10.6043100357055664,0.0000000000000000,0.0000000000000000,0.0000000000000000,1.0000000000000000
M 0.3739591836929321,0.0000000405399163,0.9274451732635498,5.6602530479431152,0.0000000000000000,1.0000000000000000,-0.0000000437113883,0.0000000273280847,-0.9274451732635498,0.0000000163462754,0.3739591836929321,10.8193616867065430,0.0000000000000000,0.0000000000000000,0.0000000000000000,1.0000000000000000
M 0.3503301739692688,0.0000000409412344,0.9366262555122375,5.9053192138671875,0.0000000000000000,1.0000000000000000,-0.0000000437113883,0.0000000273280847,-0.9366262555122375,0.0000000153134199,0.3503301739692688,10.9476804733276367,0.0000000000000000,0.0000000000000000,0.0000000000000000,1.0000000000000000
M 0.3420201539993286,0.0000000410752676,0.9396926164627075,5.9917035102844238,0.0000000000000000,1.0000000000000000,-0.0000000437113883,0.0000000273280847,-0.9396926164627075,0.0000000149501762,0.3420201539993286,10.9910469055175781,0.0000000000000000,0.0000000000000000,0.0000000000000000,1.0000000000000000
M 0.3420201539993286,0.0000000410752676,0.9396926164627075,5.9917035102844238,0.0000000000000000,1.0000000000000000,-0.0000000437113883,0.0000000273280847,-0.9396926164627075,0.0000000149501762,0.3420201539993286,10.9910469055175781,0.0000000000000000,0.0000000000000000,0.0000000000000000,1.0000000000000000
M 0.3420201539993286,0.0000000410752676,0.9396926164627075,5.9917035102844238,0.0000000000000000,1.0000000000000000,-0.0000000437113883,0.0000000273280847,-0.9396926164627075,0.0000000149501762,0.3420201539993286,10.9910469055175781,0.0000000000000000,0.0000000000000000,0.0000000000000000,1.0000000000000000
M 0.3420201539993286,0.0000000410752676,0.9396926164627075,5.9917035102844238,0.0000000000000000,1.0000000000000000,-0.0000000437113883,0.0000000273280847,-0.9396926164627075,0.0000000149501762,0.3420201539993286,10.9910469055175781,0.0000000000000000,0.0000000000000000,0.0000000000000000,1.0000000000000000
M 0.3420201539993286,0.0000000410752676,0.9396926164627075,5.9917035102844238,0.0000000000000000,1.0000000000000000,-0.0000000437113883,0.0000000273280847,-0.9396926164627075,0.0000000149501762,0.3420201539993286,10.9910469055175781,0.0000000000000000,0.0000000000000000,0.0000000000000000,1.0000000000000000
M 0.3420201539993286,0.0000000410752676,0.9396926164627075,5.9917035102844238,0.0000000000000000,1.0000000000000000,-0.0000000437113883,0.0000000273280847,-0.9396926164627075,0.0000000149501762,0.3420201539993286,10.9910469055175781,0.0000000000000000,0.0000000000000000,0.0000000000000000,1.0000000000000000
M 0.3420201539993286,0.0000000410752676,0.9396926164627075,5.9917035102844238,0.0000000000000000,1.0000000000000000,-0.0000000437113883,0.0000000273280847,-0.9396926164627075,0.0000000149501762,0.3420201539993286,10.9910469055175781,0.0000000000000000,0.0000000000000000,0.0000000000000000,1.0000000000000000
M 0.3420201539993286,0.0000000410752676,0.9396926164627075,5.9917035102844238,0.0000000000000000,1.0000000000000000,-0.0000000437113883,0.0000000273280847,-0.9396926164627075,0.0000000149501762,0.3420201539993286,10.9910469055175781,0.0000000000000000,0.0000000000000000,0.0000000000000000,1.0000000000000000
M 0.3420201539993286,0.0000000410752676,0.9396926164627075,5.9917035102844238,0.0000000000000000,1.0000000000000000,-0.0000000437113883,0.0000000273280847,-0.9396926164627075,0.0000000149501762,0.3420201539993286,10.9910469055175781,0.0000000000000000,0.0000000000000000,0.0000000000000000,1.0000000000000000
M 0.3420201539993286,0.0000000410752676,0.9396926164627075,5.9917035102844238,0.0000000000000000,1.0000000000000000,-0.0000000437113883,0.0000000273280847,-0.9396926164627075,0.0000000149501762,0.3420201539993286,10.9910469055175781,0.0000000000000000,0.0000000000000000,0.0000000000000000,1.0000000000000000
M 0.3420201539993286,0.0000000410752676,0.9396926164627075,5.9917035102844238,0.0000000000000000,1.0000000000000000,-0.0000000437113883,0.0000000273280847,-0.9396926164627075,0.0000000149501762,0.3420201539993286,10.9910469055175781,0.0000000000000000,0.0000000000000000,0.0000000000000000,1.0000000000000000
M 0.3420201539993286,0.0000000410752676,0.9396926164627075,5.9917035102844238,0.0000000000000000,1.0000000000000000,-0.0000000437113883,0.0000000273280847,-0.9396926164627075,0.0000000149501762,0.3420201539993286,10.9910469055175781,0.0000000000000000,0.0000000000000000,0.0000000000000000,1.0000000000000000
M 0.3420201539993286,0.0000000410752676,0.9396926164627075,5.9917035102844238,0.0000000000000000,1.0000000000000000,-0.0000000437113883,0.0000000273280847,-0.9396926164627075,0.0000000149501762,0.3420201539993286,10.9910469055175781,0.0000000000000000,0.0000000000000000,0.0000000000000000,1.0000000000000000
M 0.3420201539993286,0.0000000410752676,0.9396926164627075,5.9917035102844238,0.0000000000000000,1.0000000000000000,-0.0000000437113883,0.0000000273280847,-0.9396926164627075,0.0000000149501762,0.3420201539993286,10.9910469055175781,0.0000000000000000,0.0000000000000000,0.0000000000000000,1.0000000000000000
M 0.3420201539993286,0.0000000410752676,0.9396926164627075,5.9917035102844238,0.0000000000000000,1.0000000000000000,-0.0000000437113883,0.0000000273280847,-0.9396926164627075,0.0000000149501762,0.3420201539993286,10.9910469055175781,0.0000000000000000,0.0000000000000000,0.0000000000000000,1.0000000000000000
M 0.3420201539993286,0.0000000410752676,0.9396926164627075,5.9917035102844238,0.0000000000000000,1.0000000000000000,-0.0000000437113883,0.0000000273280847,-0.9396926164627075,0.0000000149501762,0.3420201539993286,10.9910469055175781,0.0000000000000000,0.0000000000000000,0.0000000000000000,1.0000000000000000
M 0.3420201539993286,0.0000000410752676,0.9396926164627075,5.9917035102844238,0.0000000000000000,1.0000000000000000,-0.0000000437113883,0.0000000273280847,-0.9396926164627075,0.0000000149501762,0.3420201539993286,10.9910469055175781,0.0000000000000000,0.0000000000000000,0.0000000000000000,1.0000000000000000
M 0.3420201539993286,0.0000000410752676,0.9396926164627075,5.9917035102844238,0.0000000000000000,1.0000000000000000,-0.0000000437113883,0.0000000273280847,-0.9396926164627075,0.0000000149501762,0.3420201539993286,10.9910469055175781,0.0000000000000000,0.0000000000000000,0.0000000000000000,1.0000000000000000
M 0.3420201539993286,0.0000000410752676,0.9396926164627075,5.9917035102844238,0.0000000000000000,1.0000000000000000,-0.0000000437113883,0.0000000273280847,-0.9396926164627075,0.0000000149501762,0.3420201539993286,10.9910469055175781,0.0000000000000000,0.0000000000000000,0.0000000000000000,1.0000000000000000
M 0.3420201539993286,0.0000000410752676,0.9396926164627075,5.9917035102844238,0.0000000000000000,1.0000000000000000,-0.0000000437113883,0.0000000273280847,-0.9396926164627075,0.0000000149501762,0.3420201539993286,10.9910469055175781,0.0000000000000000,0.0000000000000000,0.0000000000000000,1.0000000000000000
M 0.3420201539993286,0.0000000410752676,0.9396926164627075,5.9917035102844238,0.0000000000000000,1.0000000000000000,-0.0000000437113883,0.0000000273280847,-0.9396926164627075,0.0000000149501762,0.3420201539993286,10.9910469055175781,0.0000000000000000,0.0000000000000000,0.0000000000000000,1.0000000000000000
M 0.3420201539993286,0.0000000410752676,0.9396926164627075,5.9917035102844238,0.0000000000000000,1.0000000000000000,-0.0000000437113883,0.0000000273280847,-0.9396926164627075,0.0000000149501762,0.3420201539993286,10.9910469055175781,0.0000000000000000,0.0000000000000000,0.0000000000000000,1.0000000000000000
M 0.3420201539993286,0.0000000410752676,0.9396926164627075,5.9917035102844238,0.0000000000000000,1.0000000000000000,-0.0000000437113883,0.0000000273280847,-0.9396926164627075,0.0000000149501762,0.3420201539993286,10.9910469055175781,0.0000000000000000,0.0000000000000000,0.0000000000000000,1.0000000000000000
M 0.3420201539993286,0.0000000410752676,0.9396926164627075,5.9917035102844238,0.0000000000000000,1.0000000000000000,-0.0000000437113883,0.0000000273280847,-0.9396926164627075,0.0000000149501762,0.3420201539993286,10.9910469055175781,0.0000000000000000,0.0000000000000000,0.0000000000000000,1.0000000000000000
M 0.3420201539993286,0.0000000410752676,0.9396926164627075,5.9917035102844238,0.0000000000000000,1.0000000000000000,-0.0000000437113883,0.0000000273280847,-0.9396926164627075,0.0000000149501762,0.3420201539993286,10.9910469055175781,0.0000000000000000,0.0000000000000000,0.0000000000000000,1.0000000000000000
M 0.3420201539993286,0.0000000410752676,0.9396926164627075,5.9917035102844238,0.0000000000000000,1.0000000000000000,-0.0000000437113883,0.0000000273280847,-0.9396926164627075,0.0000000149501762,0.3420201539993286,10.9910469055175781,0.0000000000000000,0.0000000000000000,0.0000000000000000,1.0000000000000000
M 0.3420201539993286,0.0000000410752676,0.9396926164627075,5.9917035102844238,0.0000000000000000,1.0000000000000000,-0.0000000437113883,0.0000000273280847,-0.9396926164627075,0.0000000149501762,0.3420201539993286,10.9910469055175781,0.0000000000000000,0.0000000000000000,0.0000000000000000,1.0000000000000000
M 0.3420201539993286,0.0000000410752676,0.9396926164627075,5.9917035102844238,0.0000000000000000,1.0000000000000000,-0.0000000437113883,0.0000000273280847,-0.9396926164627075,0.0000000149501762,0.3420201539993286,10.9910469055175781,0.0000000000000000,0.0000000000000000,0.0000000000000000,1.0000000000000000
M 0.3420201539993286,0.0000000410752676,0.9396926164627075,5.9917035102844238,0.0000000000000000,1.0000000000000000,-0.0000000437113883,0.0000000273280847,-0.9396926164627075,0.0000000149501762,0.3420201539993286,10.9910469055175781,0.0000000000000000,0.0000000000000000,0.0000000000000000,1.0000000000000000
M 0.3420201539993286,0.0000000410752676,0.9396926164627075,5.9917035102844238,0.0000000000000000,1.0000000000000000,-0.0000000437113883,0.0000000273280847,-0.9396926164627075,0.0000000149501762,0.3420201539993286,10.9910469055175781,0.0000000000000000,0.0000000000000000,0.0000000000000000,1.0000000000000000
M 0.3420201539993286,0.0000000410752676,0.9396926164627075,5.9917035102844238,0.0000000000000000,1.0000000000000000,-0.0000000437113883,0.0000000273280847,-0.9396926164627075,0.0000000149501762,0.3420201539993286,10.9910469055175781,0.0000000000000000,0.0000000000000000,0.0000000000000000,1.0000000000000000
M 0.3420201539993286,0.0000000410752676,0.9396926164627075,5.9917035102844238,0.0000000000000000,1.0000000000000000,-0.0000000437113883,0.0000000273280847,-0.9396926164627075,0.0000000149501762,0.3420201539993286,10.9910469055175781,0.0000000000000000,0.0000000000000000,0.0000000000000000,1.0000000000000000
M 0.3420201539993286,0.0000000410752676,0.9396926164627075,5.9917035102844238,0.0000000000000000,1.0000000000000000,-0.0000000437113883,0.0000000273280847,-0.9396926164627075,0.0000000149501762,0.3420201539993286,10.9910469055175781,0.0000000000000000,0.0000000000000000,0.0000000000000000,1.0000000000000000
M 0.3420201539993286,0.0000000410752676,0.9396926164627075,5.9917035102844238,0.0000000000000000,1.0000000000000000,-0.0000000437113883,0.0000000273280847,-0.9396926164627075,0.0000000149501762,0.3420201539993286,10.9910469055175781,0.0000000000000000,0.0000000000000000,0.0000000000000000,1.0000000000000000
M 0.3420201539993286,0.0000000410752676,0.9396926164627075,5.9917035102844238,0.0000000000000000,1.0000000000000000,-0.0000000437113883,0.0000000273280847,-0.9396926164627075,0.0000000149501762,0.3420201539993286,10.9910469055175781,0.0000000000000000,0.0000000000000000,0.0000000000000000,1.0000000000000000
M 0.3420201539993286,0.0000000410752676,0.9396926164627075,5.9917035102844238,0.0000000000000000,1.0000000000000000,-0.0000000437113883,0.0000000273280847,-0.9396926164627075,0.0000000149501762,0.3420201539993286,10.9910469055175781,0.0000000000000000,0.0000000000000000,0.0000000000000000,1.0000000000000000
M 0.3420201539993286,0.0000000410752676,0.9396926164627075,5.9917035102844238,0.0000000000000000,1.0000000000000000,-0.0000000437113883,0.0000000273280847,-0.9396926164627075,0.0000000149501762,0.3420201539993286,10.9910469055175781,0.0000000000000000,0.0000000000000000,0.0000000000000000,1.0000000000000000
M 0.3420201539993286,0.0000000410752676,0.9396926164627075,5.9917035102844238,0.0000000000000000,1.0000000000000000,-0.0000000437113883,0.0000000273280847,-0.9396926164627075,0.0000000149501762,0.3420201539993286,10.9910469055175781,0.0000000000000000,0.0000000000000000,0.0000000000000000,1.0000000000000000
M 0.3420201539993286,0.0000000410752676,0.9396926164627075,5.9917035102844238,0.0000000000000000,1.0000000000000000,-0.0000000437113883,0.0000000273280847,-0.9396926164627075,0.0000000149501762,0.3420201539993286,10.9910469055175781,0.0000000000000000,0.0000000000000000,0.0000000000000000,1.0000000000000000
M 0.3420201539993286,0.0000000410752676,0.9396926164627075,5.9917035102844238,0.0000000000000000,1.0000000000000000,-0.0000000437113883,0.0000000273280847,-0.9396926164627075,0.0000000149501762,0.3420201539993286,10.9910469055175781,0.0000000000000000,0.0000000000000000,0.0000000000000000,1.0000000000000000
M 0.3420201539993286,0.0000000410752676,0.9396926164627075,5.9917035102844238,0.0000000000000000,1.0000000000000000,-0.0000000437113883,0.0000000273280847,-0.9396926164627075,0.0000000149501762,0.3420201539993286,10.9910469055175781,0.0000000000000000,0.0000000000000000,0.0000000000000000,1.0000000000000000
M 0.3420201539993286,0.0000000410752676,0.9396926164627075,5.9917035102844238,0.0000000000000000,1.0000000000000000,-0.0000000437113883,0.0000000273280847,-0.9396926164627075,0.0000000149501762,0.3420201539993286,10.9910469055175781,0.0000000000000000,0.0000000000000000,0.0000000000000000,1.0000000000000000
M 0.3420201539993286,0.0000000410752676,0.9396926164627075,5.9917035102844238,0.0000000000000000,1.0000000000000000,-0.0000000437113883,0.0000000273280847,-0.9396926164627075,0.0000000149501762,0.3420201539993286,10.9910469055175781,0.0000000000000000,0.0000000000000000,0.0000000000000000,1.0000000000000000
M 0.3420201539993286,0.0000000410752676,0.9396926164627075,5.9917035102844238,0.0000000000000000,1.0000000000000000,-0.0000000437113883,0.0000000273280847,-0.9396926164627075,0.0000000149501762,0.3420201539993286,10.9910469055175781,0.0000000000000000,0.0000000000000000,0.0000000000000000,1.0000000000000000
M 0.3420201539993286,0.0000000410752676,0.9396926164627075,5.9917035102844238,0.0000000000000000,1.0000000000000000,-0.0000000437113883,0.0000000273280847,-0.9396926164627075,0.0000000149501762,0.3420201539993286,10.9910469055175781,0.0000000000000000,0.0000000000000000,0.0000000000000000,1.0000000000000000
M 0.3420201539993286,0.0000000410752676,0.9396926164627075,5.9917035102844238,0.0000000000000000,1.0000000000000000,-0.0000000437113883,0.0000000273280847,-0.9396926164627075,0.0000000149501762,0.3420201539993286,10.9910469055175781,0.0000000000000000,0.0000000000000000,0.0000000000000000,1.0000000000000000
M 0.3420201539993286,0.0000000410752676,0.9396926164627075,5.9917035102844238,0.0000000000000000,1.0000000000000000,-0.0000000437113883,0.0000000273280847,-0.9396926164627075,0.0000000149501762,0.3420201539993286,10.9910469055175781,0.0000000000000000,0.0000000000000000,0.0000000000000000,1.0000000000000000
M 0.3420201539993286,0.0000000410752676,0.9396926164627075,5.9917035102844238,0.0000000000000000,1.0000000000000000,-0.0000000437113883,0.0000000273280847,-0.9396926164627075,0.0000000149501762,0.3420201539993286,10.9910469055175781,0.0000000000000000,0.0000000000000000,0.0000000000000000,1.0000000000000000
M 0.3420201539993286,0.0000000410752676,0.9396926164627075,5.9917035102844238,0.0000000000000000,1.0000000000000000,-0.0000000437113883,0.0000000273280847,-0.9396926164627075,0.0000000149501762,0.3420201539993286,10.9910469055175781,0.0000000000000000,0.0000000000000000,0.0000000000000000,1.0000000000000000
M 0.3420201539993286,0.0000000410752676,0.9396926164627075,5.9917035102844238,0.0000000000000000,1.0000000000000000,-0.0000000437113883,0.0000000273280847,-0.9396926164627075,0.0000000149501762,0.3420201539993286,10.9910469055175781,0.0000000000000000,0.0000000000000000,0.0000000000000000,1.0000000000000000
M 0.3420201539993286,0.0000000410752676,0.9396926164627075,5.9917035102844238,0.0000000000000000,1.0000000000000000,-0.0000000437113883,0.0000000273280847,-0.9396926164627075,0.0000000149501762,0.3420201539993286,10.9910469055175781,0.0000000000000000,0.0000000000000000,0.0000000000000000,1.0000000000000000
M 0.3420201539993286,0.0000000410752676,0.9396926164627075,5.9917035102844238,0.0000000000000000,1.0000000000000000,-0.0000000437113883,0.0000000273280847,-0.9396926164627075,0.0000000149501762,0.3420201539993286,10.9910469055175781,0.0000000000000000,0.0000000000000000,0.0000000000000000,1.0000000000000000
M 0.3420201539993286,0.0000000410752676,0.9396926164627075,5.9917035102844238,0.0000000000000000,1.0000000000000000,-0.0000000437113883,0.0000000273280847,-0.9396926164627075,0.0000000149501762,0.3420201539993286,10.9910469055175781,0.0000000000000000,0.0000000000000000,0.0000000000000000,1.0000000000000000
M 0.3420201539993286,0.0000000410752676,0.9396926164627075,5.9917035102844238,0.0000000000000000,1.0000000000000000,-0.0000000437113883,0.0000000273280847,-0.9396926164627075,0.0000000149501762,0.3420201539993286,10.9910469055175781,0.0000000000000000,0.0000000000000000,0.0000000000000000,1.0000000000000000
M 0.3420201539993286,0.0000000410752676,0.9396926164627075,5.9917035102844238,0.0000000000000000,1.0000000000000000,-0.0000000437113883,0.0000000273280847,-0.9396926164627075,0.0000000149501762,0.3420201539993286,10.9910469055175781,0.0000000000000000,0.0000000000000000,0.0000000000000000,1.0000000000000000
M 0.3420201539993286,0.0000000410752676,0.9396926164627075,5.9917035102844238,0.0000000000000000,1.0000000000000000,-0.0000000437113883,0.0000000273280847,-0.9396926164627075,0.0000000149501762,0.3420201539993286,10.9910469055175781,0.0000000000000000,0.0000000000000000,0.0000000000000000,1.0000000000000000
M 0.3420201539993286,0.0000000410752676,0.9396926164627075,5.9917035102844238,0.0000000000000000,1.0000000000000000,-0.0000000437113883,0.0000000273280847,-0.9396926164627075,0.0000000149501762,0.3420201539993286,10.9910469055175781,0.0000000000000000,0.0000000000000000,0.0000000000000000,1.0000000000000000
M 0.3420201539993286,0.0000000410752676,0.9396926164627075,5.9917035102844238,0.0000000000000000,1.0000000000000000,-0.0000000437113883,0.0000000273280847,-0.9396926164627075,0.0000000149501762,0.3420201539993286,10.9910469055175781,0.0000000000000000,0.0000000000000000,0.0000000000000000,1.0000000000000000
M 0.3420201539993286,0.0000000410752676,0.9396926164627075,5.9917035102844238,0.0000000000000000,1.0000000000000000,-0.0000000437113883,0.0000000273280847,-0.9396926164627075,0.0000000149501762,0.3420201539993286,10.9910469055175781,0.0000000000000000,0.0000000000000000,0.0000000000000000,1.0000000000000000
M 0.3420201539993286,0.0000000410752676,0.9396926164627075,5.9917035102844238,0.0000000000000000,1.0000000000000000,-0.0000000437113883,0.0000000273280847,-0.9396926164627075,0.0000000149501762,0.3420201539993286,10.9910469055175781,0.0000000000000000,0.0000000000000000,0.0000000000000000,1.0000000000000000
M 0.3420201539993286,0.0000000410752676,0.9396926164627075,5.9917035102844238,0.0000000000000000,1.0000000000000000,-0.0000000437113883,0.0000000273280847,-0.9396926164627075,0.0000000149501762,0.3420201539993286,10.9910469055175781,0.0000000000000000,0.0000000000000000,0.0000000000000000,1.0000000000000000
M 0.3420201539993286,0.0000000410752676,0.9396926164627075,5.9917035102844238,0.0000000000000000,1.0000000000000000,-0.0000000437113883,0.0000000273280847,-0.9396926164627075,0.0000000149501762,0.3420201539993286,10.9910469055175781,0.0000000000000000,0.0000000000000000,0.0000000000000000,1.0000000000000000
M 0.3420201539993286,0.0000000410752676,0.9396926164627075,5.9917035102844238,0.0000000000000000,1.0000000000000000,-0.0000000437113883,0.0000000273280847,-0.9396926164627075,0.0000000149501762,0.3420201539993286,10.9910469055175781,0.0000000000000000,0.0000000000000000,0.0000000000000000,1.0000000000000000
M 0.3420201539993286,0.0000000410752676,0.9396926164627075,5.9917035102844238,0.0000000000000000,1.0000000000000000,-0.0000000437113883,0.0000000273280847,-0.9396926164627075,0.0000000149501762,0.3420201539993286,10.9910469055175781,0.0000000000000000,0.0000000000000000,0.0000000000000000,1.0000000000000000
M 0.3420201539993286,0.0000000410752676,0.9396926164627075,5.9917035102844238,0.0000000000000000,1.0000000000000000,-0.0000000437113883,0.0000000273280847,-0.9396926164627075,0.0000000149501762,0.3420201539993286,10.9910469055175781,0.0000000000000000,0.0000000000000000,0.0000000000000000,1.0000000000000000
M 0.3420201539993286,0.0000000410752676,0.9396926164627075,5.9917035102844238,0.0000000000000000,1.0000000000000000,-0.0000000437113883,0.0000000273280847,-0.9396926164627075,0.0000000149501762,0.3420201539993286,10.9910469055175781,0.0000000000000000,0.0000000000000000,0.0000000000000000,1.0000000000000000
M 0.3420201539993286,0.0000000410752676,0.9396926164627075,5.9917035102844238,0.0000000000000000,1.0000000000000000,-0.0000000437113883,0.0000000273280847,-0.9396926164627075,0.0000000149501762,0.3420201539993286,10.9910469055175781,0.0000000000000000,0.0000000000000000,0.0000000000000000,1.0000000000000000
M 0.3420201539993286,0.0000000410752676,0.9396926164627075,5.9917035102844238,0.0000000000000000,1.0000000000000000,-0.0000000437113883,0.0000000273280847,-0.9396926164627075,0.0000000149501762,0.3420201539993286,10.9910469055175781,0.0000000000000000,0.0000000000000000,0.0000000000000000,1.0000000000000000
M 0.3420201539993286,0.0000000410752676,0.9396926164627075,5.9917035102844238,0.0000000000000000,1.0000000000000000,-0.0000000437113883,0.0000000273280847,-0.9396926164627075,0.0000000149501762,0.3420201539993286,10.9910469055175781,0.0000000000000000,0.0000000000000000,0.0000000000000000,1.0000000000000000
M 0.3420201539993286,0.0000000410752676,0.9396926164627075,5.9917035102844238,0.0000000000000000,1.0000000000000000,-0.0000000437113883,0.0000000273280847,-0.9396926164627075,0.0000000149501762,0.3420201539993286,10.9910469055175781,0.0000000000000000,0.0000000000000000,0.0000000000000000,1.0000000000000000
M 0.3420201539993286,0.0000000410752676,0.9396926164627075,5.9917035102844238,0.0000000000000000,1.0000000000000000,-0.0000000437113883,0.0000000273280847,-0.9396926164627075,0.0000000149501762,0.3420201539993286,10.9910469055175781,0.0000000000000000,0.0000000000000000,0.0000000000000000,1.0000000000000000
O DOOR_14_INTERIOR_LCG_il_LINVERT_CG_drl
A DOOR_14_INTERIOR_LCG_il_LINVERT_CG_drl_DOOR_14_INTERIOR_LCG_il_LINVERT_CG_drl
M 1.0000000000000000,0.0000000000000000,0.0000000000000000,0.0000000000000000,0.0000000000000000,1.0000000000000000,-0.0000000437113883,0.0000000224648034,-0.0000000000000000,0.0000000437113883,1.0000000000000000,-0.0000000578673820,0.0000000000000000,0.0000000000000000,0.0000000000000000,1.0000000000000000
M 1.0000000000000000,0.0000000000000000,0.0000000000000000,0.0000000000000000,0.0000000000000000,1.0000000000000000,-0.0000000437113883,0.0000000224648034,-0.0000000000000000,0.0000000437113883,1.0000000000000000,-0.0000000578673820,0.0000000000000000,0.0000000000000000,0.0000000000000000,1.0000000000000000
M 1.0000000000000000,0.0000000000000000,0.0000000000000000,0.0000000000000000,0.0000000000000000,1.0000000000000000,-0.0000000437113883,0.0000000224648034,-0.0000000000000000,0.0000000437113883,1.0000000000000000,-0.0000000578673820,0.0000000000000000,0.0000000000000000,0.0000000000000000,1.0000000000000000
M 1.0000000000000000,0.0000000000000000,0.0000000000000000,0.0000000000000000,0.0000000000000000,1.0000000000000000,-0.0000000437113883,0.0000000224648034,-0.0000000000000000,0.0000000437113883,1.0000000000000000,-0.0000000578673820,0.0000000000000000,0.0000000000000000,0.0000000000000000,1.0000000000000000
M 1.0000000000000000,0.0000000000000000,0.0000000000000000,0.0000000000000000,0.0000000000000000,1.0000000000000000,-0.0000000437113883,0.0000000224648034,-0.0000000000000000,0.0000000437113883,1.0000000000000000,-0.0000000578673820,0.0000000000000000,0.0000000000000000,0.0000000000000000,1.0000000000000000
M 1.0000000000000000,0.0000000000000000,0.0000000000000000,0.0000000000000000,0.0000000000000000,1.0000000000000000,-0.0000000437113883,0.0000000224648034,-0.0000000000000000,0.0000000437113883,1.0000000000000000,-0.0000000578673820,0.0000000000000000,0.0000000000000000,0.0000000000000000,1.0000000000000000
M 1.0000000000000000,0.0000000000000000,0.0000000000000000,0.0000000000000000,0.0000000000000000,1.0000000000000000,-0.0000000437113883,0.0000000224648034,-0.0000000000000000,0.0000000437113883,1.0000000000000000,-0.0000000578673820,0.0000000000000000,0.0000000000000000,0.0000000000000000,1.0000000000000000
M 1.0000000000000000,0.0000000000000000,0.0000000000000000,0.0000000000000000,0.0000000000000000,1.0000000000000000,-0.0000000437113883,0.0000000224648034,-0.0000000000000000,0.0000000437113883,1.0000000000000000,-0.0000000578673820,0.0000000000000000,0.0000000000000000,0.0000000000000000,1.0000000000000000
M 1.0000000000000000,0.0000000000000000,0.0000000000000000,0.0000000000000000,0.0000000000000000,1.0000000000000000,-0.0000000437113883,0.0000000224648034,-0.0000000000000000,0.0000000437113883,1.0000000000000000,-0.0000000578673820,0.0000000000000000,0.0000000000000000,0.0000000000000000,1.0000000000000000
M 1.0000000000000000,0.0000000000000000,0.0000000000000000,0.0000000000000000,0.0000000000000000,1.0000000000000000,-0.0000000437113883,0.0000000224648034,-0.0000000000000000,0.0000000437113883,1.0000000000000000,-0.0000000578673820,0.0000000000000000,0.0000000000000000,0.0000000000000000,1.0000000000000000
M 0.9999607801437378,-0.0000000003871707,-0.0088574318215251,0.0117067592218518,0.0000000000000000,1.0000000000000000,-0.0000000437113883,0.0000000224648034,0.0088574318215251,0.0000000437096723,0.9999607801437378,-0.0804921761155128,0.0000000000000000,0.0000000000000000,0.0000000000000000,1.0000000000000000
M 0.9994149208068848,-0.0000000014950078,-0.0342017859220505,0.0491473823785782,0.0000000000000000,1.0000000000000000,-0.0000000437113883,0.0000000224648034,0.0342017859220505,0.0000000436858123,0.9994149208068848,-0.3102541267871857,0.0000000000000000,0.0000000000000000,0.0000000000000000,1.0000000000000000
M 0.9972469210624695,-0.0000000032412877,-0.0741520076990128,0.1200537756085396,0.0000000000000000,1.0000000000000000,-0.0000000437113883,0.0000000224648034,0.0741520076990128,0.0000000435910401,0.9972469210624695,-0.6707513928413391,0.0000000000000000,0.0000000000000000,0.0000000000000000,1.0000000000000000
M 0.9919387102127075,-0.0000000055390359,-0.1267183721065521,0.2356826066970825,0.0000000000000000,1.0000000000000000,-0.0000000437113883,0.0000000224648034,0.1267183721065521,0.0000000433590195,0.9919387102127075,-1.1419459581375122,0.0000000000000000,0.0000000000000000,0.0000000000000000,1.0000000000000000
M 0.9818347692489624,-0.0000000082937150,-0.1897380799055099,0.4083142876625061,0.0000000000000000,1.0000000000000000,-0.0000000437113883,0.0000000224648034,0.1897380799055099,0.0000000429173603,0.9818347692489624,-1.7020494937896729,0.0000000000000000,0.0000000000000000,0.0000000000000000,1.0000000000000000
M 0.9653816223144531,-0.0000000114017471,-0.2608415186405182,0.6490390896797180,0.0000000000000000,1.0000000000000000,-0.0000000437113883,0.0000000224648034,0.2608415186405182,0.0000000421981703,0.9653816223144531,-2.3275241851806641,0.0000000000000000,0.0000000000000000,0.0000000000000000,1.0000000000000000
M 0.9413381218910217,-0.0000000147510608,-0.3374649286270142,0.9658585190773010,0.0000000000000000,1.0000000000000000,-0.0000000437113883,0.0000000224648034,0.3374649286270142,0.0000000411471959,0.9413381218910217,-2.9934663772583008,0.0000000000000000,0.0000000000000000,0.0000000000000000,1.0000000000000000
M 0.9089452624320984,-0.0000000182239592,-0.4169155061244965,1.3622226715087891,0.0000000000000000,1.0000000000000000,-0.0000000437113883,0.0000000224648034,0.4169155061244965,0.0000000397312583,0.9089452624320984,-3.6744179725646973,0.0000000000000000,0.0000000000000000,0.0000000000000000,1.0000000000000000
M 0.8680472373962402,-0.0000000217019007,-0.4964816272258759,1.8360742330551147,0.0000000000000000,1.0000000000000000,-0.0000000437113883,0.0000000224648034,0.4964816272258759,0.0000000379435505,0.8680472373962402,-4.3455209732055664,0.0000000000000000,0.0000000000000000,0.0000000000000000,1.0000000000000000
M 0.8191520571708679,-0.0000000250718237,-0.5735764503479004,2.3794789314270020,0.0000000000000000,1.0000000000000000,-0.0000000437113883,0.0000000224648034,0.5735764503479004,0.0000000358062735,0.8191520571708679,-4.9839048385620117,0.0000000000000000,0.0000000000000000,0.0000000000000000,1.0000000000000000
M 0.7634298205375671,-0.0000000282327886,-0.6458908319473267,2.9788377285003662,0.0000000000000000,1.0000000000000000,-0.0000000437113883,0.0000000224648034,0.6458908319473267,0.0000000333705792,0.7634298205375671,-5.5700707435607910,0.0000000000000000,0.0000000000000000,0.0000000000000000,1.0000000000000000
M 0.7026499509811401,-0.0000000311022141,-0.7115356922149658,3.6156396865844727,0.0000000000000000,1.0000000000000000,-0.0000000437113883,0.0000000224648034,0.7115356922149658,0.0000000307138031,0.7026499509811401,-6.0891079902648926,0.0000000000000000,0.0000000000000000,0.0000000000000000,1.0000000000000000
M 0.6390699744224548,-0.0000000336205552,-0.7691485881805420,4.2676119804382324,0.0000000000000000,1.0000000000000000,-0.0000000437113883,0.0000000224648034,0.7691485881805420,0.0000000279346359,0.6390699744224548,-6.5315213203430176,0.0000000000000000,0.0000000000000000,0.0000000000000000,1.0000000000000000
M 0.5752908587455750,-0.0000000357536827,-0.8179489374160767,4.9101018905639648,0.0000000000000000,1.0000000000000000,-0.0000000437113883,0.0000000224648034,0.8179489374160767,0.0000000251467664,0.5752908587455750,-6.8935451507568359,0.0000000000000000,0.0000000000000000,0.0000000000000000,1.0000000000000000
M 0.5141028165817261,-0.0000000374925158,-0.8577286005020142,5.5174717903137207,0.0000000000000000,1.0000000000000000,-0.0000000437113883,0.0000000224648034,0.8577286005020142,0.0000000224721521,0.5141028165817261,-7.1768617630004883,0.0000000000000000,0.0000000000000000,0.0000000000000000,1.0000000000000000
M 0.4583392143249512,-0.0000000388496915,-0.8887773156166077,6.0643277168273926,0.0000000000000000,1.0000000000000000,-0.0000000437113883,0.0000000224648034,0.8887773156166077,0.0000000200346442,0.4583392143249512,-7.3877372741699219,0.0000000000000000,0.0000000000000000,0.0000000000000000,1.0000000000000000
M 0.4107587039470673,-0.0000000398535995,-0.9117441177368164,6.5264172554016113,0.0000000000000000,1.0000000000000000,-0.0000000437113883,0.0000000224648034,0.9117441177368164,0.0000000179548376,0.4107587039470673,-7.5356087684631348,0.0000000000000000,0.0000000000000000,0.0000000000000000,1.0000000000000000
M 0.3739591836929321,-0.0000000405399163,-0.9274451732635498,6.8811621665954590,0.0000000000000000,1.0000000000000000,-0.0000000437113883,0.0000000224648034,0.9274451732635498,0.0000000163462754,0.3739591836929321,-7.6312260627746582,0.0000000000000000,0.0000000000000000,0.0000000000000000,1.0000000000000000
