O DOOR_11_INTERIOR_LCG_il_LINVERT_CG_dfl
A DOOR_11_INTERIOR_LCG_il_LINVERT_CG_dfl_DOOR_11_INTERIOR_LCG_il_LINVERT_CG_dfl
M 1.0000000000000000,0.0000000000000000,0.0000000000000000,0.0000000000000000,0.0000000000000000,1.0000000000000000,-0.0000000437113883,0.0000000225890062,-0.0000000000000000,0.0000000437113883,1.0000000000000000,-0.0000000578668988,0.0000000000000000,0.0000000000000000,0.0000000000000000,1.0000000000000000
M 1.0000000000000000,0.0000000000000000,0.0000000000000000,0.0000000000000000,0.0000000000000000,1.0000000000000000,-0.0000000437113883,0.0000000225890062,-0.0000000000000000,0.0000000437113883,1.0000000000000000,-0.0000000578668988,0.0000000000000000,0.0000000000000000,0.0000000000000000,1.0000000000000000
M 1.0000000000000000,0.0000000000000000,0.0000000000000000,0.0000000000000000,0.0000000000000000,1.0000000000000000,-0.0000000437113883,0.0000000225890062,-0.0000000000000000,0.0000000437113883,1.0000000000000000,-0.0000000578668988,0.0000000000000000,0.0000000000000000,0.0000000000000000,1.0000000000000000
M 1.0000000000000000,0.0000000000000000,0.0000000000000000,0.0000000000000000,0.0000000000000000,1.0000000000000000,-0.0000000437113883,0.0000000225890062,-0.0000000000000000,0.0000000437113883,1.0000000000000000,-0.0000000578668988,0.0000000000000000,0.0000000000000000,0.0000000000000000,1.0000000000000000
M 1.0000000000000000,0.0000000000000000,0.0000000000000000,0.0000000000000000,0.0000000000000000,1.0000000000000000,-0.0000000437113883,0.0000000225890062,-0.0000000000000000,0.0000000437113883,1.0000000000000000,-0.0000000578668988,0.0000000000000000,0.0000000000000000,0.0000000000000000,1.0000000000000000
M 1.0000000000000000,0.0000000000000000,0.0000000000000000,0.0000000000000000,0.0000000000000000,1.0000000000000000,-0.0000000437113883,0.0000000225890062,-0.0000000000000000,0.0000000437113883,1.0000000000000000,-0.0000000578668988,0.0000000000000000,0.0000000000000000,0.0000000000000000,1.0000000000000000
M 1.0000000000000000,0.0000000000000000,0.0000000000000000,0.0000000000000000,0.0000000000000000,1.0000000000000000,-0.0000000437113883,0.0000000225890062,-0.0000000000000000,0.0000000437113883,1.0000000000000000,-0.0000000578668988,0.0000000000000000,0.0000000000000000,0.0000000000000000,1.0000000000000000
M 1.0000000000000000,0.0000000000000000,0.0000000000000000,0.0000000000000000,0.0000000000000000,1.0000000000000000,-0.0000000437113883,0.0000000225890062,-0.0000000000000000,0.0000000437113883,1.0000000000000000,-0.0000000578668988,0.0000000000000000,0.0000000000000000,0.0000000000000000,1.0000000000000000
M 1.0000000000000000,0.0000000000000000,0.0000000000000000,0.0000000000000000,0.0000000000000000,1.0000000000000000,-0.0000000437113883,0.0000000225890062,-0.0000000000000000,0.0000000437113883,1.0000000000000000,-0.0000000578668988,0.0000000000000000,0.0000000000000000,0.0000000000000000,1.0000000000000000
M 1.0000000000000000,0.0000000000000000,0.0000000000000000,0.0000000000000000,0.0000000000000000,1.0000000000000000,-0.0000000437113883,0.0000000225890062,-0.0000000000000000,0.0000000437113883,1.0000000000000000,-0.0000000578668988,0.0000000000000000,0.0000000000000000,0.0000000000000000,1.0000000000000000
M 0.9999607801437378,0.0000000003871707,0.0088574318215251,-0.0116702532395720,0.0000000000000000,1.0000000000000000,-0.0000000437113883,0.0000000225890062,-0.0088574318215251,0.0000000437096723,0.9999607801437378,-0.0755030140280724,0.0000000000000000,0.0000000000000000,0.0000000000000000,1.0000000000000000
M 0.9994149208068848,0.0000000014950078,0.0342017859220505,-0.0487611442804337,0.0000000000000000,1.0000000000000000,-0.0000000437113883,0.0000000225890062,-0.0342017859220505,0.0000000436858123,0.9994149208068848,-0.2909896373748779,0.0000000000000000,0.0000000000000000,0.0000000000000000,1.0000000000000000
M 0.9972469210624695,0.0000000032412877,0.0741520076990128,-0.1183811128139496,0.0000000000000000,1.0000000000000000,-0.0000000437113883,0.0000000225890062,-0.0741520076990128,0.0000000435910401,0.9972469210624695,-0.6289870142936707,0.0000000000000000,0.0000000000000000,0.0000000000000000,1.0000000000000000
M 0.9919387102127075,0.0000000055390359,0.1267183721065521,-0.2309327423572540,0.0000000000000000,1.0000000000000000,-0.0000000437113883,0.0000000225890062,-0.1267183721065521,0.0000000433590195,0.9919387102127075,-1.0705803632736206,0.0000000000000000,0.0000000000000000,0.0000000000000000,1.0000000000000000
M 0.9818347692489624,0.0000000082937150,0.1897380799055099,-0.3977701663970947,0.0000000000000000,1.0000000000000000,-0.0000000437113883,0.0000000225890062,-0.1897380799055099,0.0000000429173603,0.9818347692489624,-1.5952023267745972,0.0000000000000000,0.0000000000000000,0.0000000000000000,1.0000000000000000
M 0.9653816223144531,0.0000000114017471,0.2608415186405182,-0.6291102170944214,0.0000000000000000,1.0000000000000000,-0.0000000437113883,0.0000000225890062,-0.2608415186405182,0.0000000421981703,0.9653816223144531,-2.1806523799896240,0.0000000000000000,0.0000000000000000,0.0000000000000000,1.0000000000000000
M 0.9413381218910217,0.0000000147510608,0.3374649286270142,-0.9322595000267029,0.0000000000000000,1.0000000000000000,-0.0000000437113883,0.0000000225890062,-0.3374649286270142,0.0000000411471959,0.9413381218910217,-2.8034732341766357,0.0000000000000000,0.0000000000000000,0.0000000000000000,1.0000000000000000
M 0.9089452624320984,0.0000000182239592,0.4169155061244965,-1.3102468252182007,0.0000000000000000,1.0000000000000000,-0.0000000437113883,0.0000000225890062,-0.4169155061244965,0.0000000397312583,0.9089452624320984,-3.4397242069244385,0.0000000000000000,0.0000000000000000,0.0000000000000000,1.0000000000000000
M 0.8680472373962402,0.0000000217019007,0.4964816272258759,-1.7609304189682007,0.0000000000000000,1.0000000000000000,-0.0000000437113883,0.0000000225890062,-0.4964816272258759,0.0000000379435505,0.8680472373962402,-4.0660762786865234,0.0000000000000000,0.0000000000000000,0.0000000000000000,1.0000000000000000
M 0.8191520571708679,0.0000000250718237,0.5735764503479004,-2.2766656875610352,0.0000000000000000,1.0000000000000000,-0.0000000437113883,0.0000000225890062,-0.5735764503479004,0.0000000358062735,0.8191520571708679,-4.6611137390136719,0.0000000000000000,0.0000000000000000,0.0000000000000000,1.0000000000000000
M 0.7634298205375671,0.0000000282327886,0.6458908319473267,-2.8445179462432861,0.0000000000000000,1.0000000000000000,-0.0000000437113883,0.0000000225890062,-0.6458908319473267,0.0000000333705792,0.7634298205375671,-5.2066373825073242,0.0000000000000000,0.0000000000000000,0.0000000000000000,1.0000000000000000
M 0.7026499509811401,0.0000000311022141,0.7115356922149658,-3.4469759464263916,0.0000000000000000,1.0000000000000000,-0.0000000437113883,0.0000000225890062,-0.7115356922149658,0.0000000307138031,0.7026499509811401,-5.6887979507446289,0.0000000000000000,0.0000000000000000,0.0000000000000000,1.0000000000000000
M 0.6390699744224548,0.0000000336205552,0.7691485881805420,-4.0630393028259277,0.0000000000000000,1.0000000000000000,-0.0000000437113883,0.0000000225890062,-0.7691485881805420,0.0000000279346359,0.6390699744224548,-6.0988631248474121,0.0000000000000000,0.0000000000000000,0.0000000000000000,1.0000000000000000
M 0.5752908587455750,0.0000000357536827,0.8179489374160767,-4.6695227622985840,0.0000000000000000,1.0000000000000000,-0.0000000437113883,0.0000000225890062,-0.8179489374160767,0.0000000251467664,0.5752908587455750,-6.4335026741027832,0.0000000000000000,0.0000000000000000,0.0000000000000000,1.0000000000000000
M 0.5141028165817261,0.0000000374925158,0.8577286005020142,-5.2423605918884277,0.0000000000000000,1.0000000000000000,-0.0000000437113883,0.0000000225890062,-0.8577286005020142,0.0000000224721521,0.5141028165817261,-6.6945133209228516,0.0000000000000000,0.0000000000000000,0.0000000000000000,1.0000000000000000
M 0.4583392143249512,0.0000000388496915,0.8887773156166077,-5.7577548027038574,0.0000000000000000,1.0000000000000000,-0.0000000437113883,0.0000000225890062,-0.8887773156166077,0.0000000200346442,0.4583392143249512,-6.8879914283752441,0.0000000000000000,0.0000000000000000,0.0000000000000000,1.0000000000000000
M 0.4107587039470673,0.0000000398535995,0.9117441177368164,-6.1930050849914551,0.0000000000000000,1.0000000000000000,-0.0000000437113883,0.0000000225890062,-0.9117441177368164,0.0000000179548376,0.4107587039470673,-7.0230035781860352,0.0000000000000000,0.0000000000000000,0.0000000000000000,1.0000000000000000
M 0.3739591836929321,0.0000000405399163,0.9274451732635498,-6.5269951820373535,0.0000000000000000,1.0000000000000000,-0.0000000437113883,0.0000000225890062,-0.9274451732635498,0.0000000163462754,0.3739591836929321,-7.1098375320434570,0.0000000000000000,0.0000000000000000,0.0000000000000000,1.0000000000000000
M 0.3503301739692688,0.0000000409412344,0.9366262555122375,-6.7402987480163574,0.0000000000000000,1.0000000000000000,-0.0000000437113883,0.0000000225890062,-0.9366262555122375,0.0000000153134199,0.3503301739692688,-7.1579113006591797,0.0000000000000000,0.0000000000000000,0.0000000000000000,1.0000000000000000
M 0.3420201539993286,0.0000000410752676,0.9396926164627075,-6.8151068687438965,0.0000000000000000,1.0000000000000000,-0.0000000437113883,0.0000000225890062,-0.9396926164627075,0.0000000149501762,0.3420201539993286,-7.1734323501586914,0.0000000000000000,0.0000000000000000,0.0000000000000000,1.0000000000000000
M 0.3420201539993286,0.0000000410752676,0.9396926164627075,-6.8151068687438965,0.0000000000000000,1.0000000000000000,-0.0000000437113883,0.0000000225890062,-0.9396926164627075,0.0000000149501762,0.3420201539993286,-7.1734323501586914,0.0000000000000000,0.0000000000000000,0.0000000000000000,1.0000000000000000
M 0.3420201539993286,0.0000000410752676,0.9396926164627075,-6.8151068687438965,0.0000000000000000,1.0000000000000000,-0.0000000437113883,0.0000000225890062,-0.9396926164627075,0.0000000149501762,0.3420201539993286,-7.1734323501586914,0.0000000000000000,0.0000000000000000,0.0000000000000000,1.0000000000000000
M 0.3420201539993286,0.0000000410752676,0.9396926164627075,-6.8151068687438965,0.0000000000000000,1.0000000000000000,-0.0000000437113883,0.0000000225890062,-0.9396926164627075,0.0000000149501762,0.3420201539993286,-7.1734323501586914,0.0000000000000000,0.0000000000000000,0.0000000000000000,1.0000000000000000
M 0.3420201539993286,0.0000000410752676,0.9396926164627075,-6.8151068687438965,0.0000000000000000,1.0000000000000000,-0.0000000437113883,0.0000000225890062,-0.9396926164627075,0.0000000149501762,0.3420201539993286,-7.1734323501586914,0.0000000000000000,0.0000000000000000,0.0000000000000000,1.0000000000000000
M 0.3420201539993286,0.0000000410752676,0.9396926164627075,-6.8151068687438965,0.0000000000000000,1.0000000000000000,-0.0000000437113883,0.0000000225890062,-0.9396926164627075,0.0000000149501762,0.3420201539993286,-7.1734323501586914,0.0000000000000000,0.0000000000000000,0.0000000000000000,1.0000000000000000
M 0.3420201539993286,0.0000000410752676,0.9396926164627075,-6.8151068687438965,0.0000000000000000,1.0000000000000000,-0.0000000437113883,0.0000000225890062,-0.9396926164627075,0.0000000149501762,0.3420201539993286,-7.1734323501586914,0.0000000000000000,0.0000000000000000,0.0000000000000000,1.0000000000000000
M 0.3420201539993286,0.0000000410752676,0.9396926164627075,-6.8151068687438965,0.0000000000000000,1.0000000000000000,-0.0000000437113883,0.0000000225890062,-0.9396926164627075,0.0000000149501762,0.3420201539993286,-7.1734323501586914,0.0000000000000000,0.0000000000000000,0.0000000000000000,1.0000000000000000
M 0.3420201539993286,0.0000000410752676,0.9396926164627075,-6.8151068687438965,0.0000000000000000,1.0000000000000000,-0.0000000437113883,0.0000000225890062,-0.9396926164627075,0.0000000149501762,0.3420201539993286,-7.1734323501586914,0.0000000000000000,0.0000000000000000,0.0000000000000000,1.0000000000000000
M 0.3420201539993286,0.0000000410752676,0.9396926164627075,-6.8151068687438965,0.0000000000000000,1.0000000000000000,-0.0000000437113883,0.0000000225890062,-0.9396926164627075,0.0000000149501762,0.3420201539993286,-7.1734323501586914,0.0000000000000000,0.0000000000000000,0.0000000000000000,1.0000000000000000
M 0.3420201539993286,0.0000000410752676,0.9396926164627075,-6.8151068687438965,0.0000000000000000,1.0000000000000000,-0.0000000437113883,0.0000000225890062,-0.9396926164627075,0.0000000149501762,0.3420201539993286,-7.1734323501586914,0.0000000000000000,0.0000000000000000,0.0000000000000000,1.0000000000000000
M 0.3420201539993286,0.0000000410752676,0.9396926164627075,-6.8151068687438965,0.0000000000000000,1.0000000000000000,-0.0000000437113883,0.0000000225890062,-0.9396926164627075,0.0000000149501762,0.3420201539993286,-7.1734323501586914,0.0000000000000000,0.0000000000000000,0.0000000000000000,1.0000000000000000
M 0.3420201539993286,0.0000000410752676,0.9396926164627075,-6.8151068687438965,0.0000000000000000,1.0000000000000000,-0.0000000437113883,0.0000000225890062,-0.9396926164627075,0.0000000149501762,0.3420201539993286,-7.1734323501586914,0.0000000000000000,0.0000000000000000,0.0000000000000000,1.0000000000000000
M 0.3420201539993286,0.0000000410752676,0.9396926164627075,-6.8151068687438965,0.0000000000000000,1.0000000000000000,-0.0000000437113883,0.0000000225890062,-0.9396926164627075,0.0000000149501762,0.3420201539993286,-7.1734323501586914,0.0000000000000000,0.0000000000000000,0.0000000000000000,1.0000000000000000
M 0.3420201539993286,0.0000000410752676,0.9396926164627075,-6.8151068687438965,0.0000000000000000,1.0000000000000000,-0.0000000437113883,0.0000000225890062,-0.9396926164627075,0.0000000149501762,0.3420201539993286,-7.1734323501586914,0.0000000000000000,0.0000000000000000,0.0000000000000000,1.0000000000000000
M 0.3420201539993286,0.0000000410752676,0.9396926164627075,-6.8151068687438965,0.0000000000000000,1.0000000000000000,-0.0000000437113883,0.0000000225890062,-0.9396926164627075,0.0000000149501762,0.3420201539993286,-7.1734323501586914,0.0000000000000000,0.0000000000000000,0.0000000000000000,1.0000000000000000
M 0.3420201539993286,0.0000000410752676,0.9396926164627075,-6.8151068687438965,0.0000000000000000,1.0000000000000000,-0.0000000437113883,0.0000000225890062,-0.9396926164627075,0.0000000149501762,0.3420201539993286,-7.1734323501586914,0.0000000000000000,0.0000000000000000,0.0000000000000000,1.0000000000000000
M 0.3420201539993286,0.0000000410752676,0.9396926164627075,-6.8151068687438965,0.0000000000000000,1.0000000000000000,-0.0000000437113883,0.0000000225890062,-0.9396926164627075,0.0000000149501762,0.3420201539993286,-7.1734323501586914,0.0000000000000000,0.0000000000000000,0.0000000000000000,1.0000000000000000
M 0.3420201539993286,0.0000000410752676,0.9396926164627075,-6.8151068687438965,0.0000000000000000,1.0000000000000000,-0.0000000437113883,0.0000000225890062,-0.9396926164627075,0.0000000149501762,0.3420201539993286,-7.1734323501586914,0.0000000000000000,0.0000000000000000,0.0000000000000000,1.0000000000000000
M 0.3420201539993286,0.0000000410752676,0.9396926164627075,-6.8151068687438965,0.0000000000000000,1.0000000000000000,-0.0000000437113883,0.0000000225890062,-0.9396926164627075,0.0000000149501762,0.3420201539993286,-7.1734323501586914,0.0000000000000000,0.0000000000000000,0.0000000000000000,1.0000000000000000
M 0.3420201539993286,0.0000000410752676,0.9396926164627075,-6.8151068687438965,0.0000000000000000,1.0000000000000000,-0.0000000437113883,0.0000000225890062,-0.9396926164627075,0.0000000149501762,0.3420201539993286,-7.1734323501586914,0.0000000000000000,0.0000000000000000,0.0000000000000000,1.0000000000000000
M 0.3420201539993286,0.0000000410752676,0.9396926164627075,-6.8151068687438965,0.0000000000000000,1.0000000000000000,-0.0000000437113883,0.0000000225890062,-0.9396926164627075,0.0000000149501762,0.3420201539993286,-7.1734323501586914,0.0000000000000000,0.0000000000000000,0.0000000000000000,1.0000000000000000
M 0.3420201539993286,0.0000000410752676,0.9396926164627075,-6.8151068687438965,0.0000000000000000,1.0000000000000000,-0.0000000437113883,0.0000000225890062,-0.9396926164627075,0.0000000149501762,0.3420201539993286,-7.1734323501586914,0.0000000000000000,0.0000000000000000,0.0000000000000000,1.0000000000000000
M 0.3420201539993286,0.0000000410752676,0.9396926164627075,-6.8151068687438965,0.0000000000000000,1.0000000000000000,-0.0000000437113883,0.0000000225890062,-0.9396926164627075,0.0000000149501762,0.3420201539993286,-7.1734323501586914,0.0000000000000000,0.0000000000000000,0.0000000000000000,1.0000000000000000
M 0.3420201539993286,0.0000000410752676,0.9396926164627075,-6.8151068687438965,0.0000000000000000,1.0000000000000000,-0.0000000437113883,0.0000000225890062,-0.9396926164627075,0.0000000149501762,0.3420201539993286,-7.1734323501586914,0.0000000000000000,0.0000000000000000,0.0000000000000000,1.0000000000000000
M 0.3420201539993286,0.0000000410752676,0.9396926164627075,-6.8151068687438965,0.0000000000000000,1.0000000000000000,-0.0000000437113883,0.0000000225890062,-0.9396926164627075,0.0000000149501762,0.3420201539993286,-7.1734323501586914,0.0000000000000000,0.0000000000000000,0.0000000000000000,1.0000000000000000
M 0.3420201539993286,0.0000000410752676,0.9396926164627075,-6.8151068687438965,0.0000000000000000,1.0000000000000000,-0.0000000437113883,0.0000000225890062,-0.9396926164627075,0.0000000149501762,0.3420201539993286,-7.1734323501586914,0.0000000000000000,0.0000000000000000,0.0000000000000000,1.0000000000000000
M 0.3420201539993286,0.0000000410752676,0.9396926164627075,-6.8151068687438965,0.0000000000000000,1.0000000000000000,-0.0000000437113883,0.0000000225890062,-0.9396926164627075,0.0000000149501762,0.3420201539993286,-7.1734323501586914,0.0000000000000000,0.0000000000000000,0.0000000000000000,1.0000000000000000
M 0.3420201539993286,0.0000000410752676,0.9396926164627075,-6.8151068687438965,0.0000000000000000,1.0000000000000000,-0.0000000437113883,0.0000000225890062,-0.9396926164627075,0.0000000149501762,0.3420201539993286,-7.1734323501586914,0.0000000000000000,0.0000000000000000,0.0000000000000000,1.0000000000000000
M 0.3420201539993286,0.0000000410752676,0.9396926164627075,-6.8151068687438965,0.0000000000000000,1.0000000000000000,-0.0000000437113883,0.0000000225890062,-0.9396926164627075,0.0000000149501762,0.3420201539993286,-7.1734323501586914,0.0000000000000000,0.0000000000000000,0.0000000000000000,1.0000000000000000
M 0.3420201539993286,0.0000000410752676,0.9396926164627075,-6.8151068687438965,0.0000000000000000,1.0000000000000000,-0.0000000437113883,0.0000000225890062,-0.9396926164627075,0.0000000149501762,0.3420201539993286,-7.1734323501586914,0.0000000000000000,0.0000000000000000,0.0000000000000000,1.0000000000000000
M 0.3420201539993286,0.0000000410752676,0.9396926164627075,-6.8151068687438965,0.0000000000000000,1.0000000000000000,-0.0000000437113883,0.0000000225890062,-0.9396926164627075,0.0000000149501762,0.3420201539993286,-7.1734323501586914,0.0000000000000000,0.0000000000000000,0.0000000000000000,1.0000000000000000
M 0.3420201539993286,0.0000000410752676,0.9396926164627075,-6.8151068687438965,0.0000000000000000,1.0000000000000000,-0.0000000437113883,0.0000000225890062,-0.9396926164627075,0.0000000149501762,0.3420201539993286,-7.1734323501586914,0.0000000000000000,0.0000000000000000,0.0000000000000000,1.0000000000000000
M 0.3420201539993286,0.0000000410752676,0.9396926164627075,-6.8151068687438965,0.0000000000000000,1.0000000000000000,-0.0000000437113883,0.0000000225890062,-0.9396926164627075,0.0000000149501762,0.3420201539993286,-7.1734323501586914,0.0000000000000000,0.0000000000000000,0.0000000000000000,1.0000000000000000
M 0.3420201539993286,0.0000000410752676,0.9396926164627075,-6.8151068687438965,0.0000000000000000,1.0000000000000000,-0.0000000437113883,0.0000000225890062,-0.9396926164627075,0.0000000149501762,0.3420201539993286,-7.1734323501586914,0.0000000000000000,0.0000000000000000,0.0000000000000000,1.0000000000000000
M 0.3420201539993286,0.0000000410752676,0.9396926164627075,-6.8151068687438965,0.0000000000000000,1.0000000000000000,-0.0000000437113883,0.0000000225890062,-0.9396926164627075,0.0000000149501762,0.3420201539993286,-7.1734323501586914,0.0000000000000000,0.0000000000000000,0.0000000000000000,1.0000000000000000
M 0.3420201539993286,0.0000000410752676,0.9396926164627075,-6.8151068687438965,0.0000000000000000,1.0000000000000000,-0.0000000437113883,0.0000000225890062,-0.9396926164627075,0.0000000149501762,0.3420201539993286,-7.1734323501586914,0.0000000000000000,0.0000000000000000,0.0000000000000000,1.0000000000000000
M 0.3420201539993286,0.0000000410752676,0.9396926164627075,-6.8151068687438965,0.0000000000000000,1.0000000000000000,-0.0000000437113883,0.0000000225890062,-0.9396926164627075,0.0000000149501762,0.3420201539993286,-7.1734323501586914,0.0000000000000000,0.0000000000000000,0.0000000000000000,1.0000000000000000
M 0.3420201539993286,0.0000000410752676,0.9396926164627075,-6.8151068687438965,0.0000000000000000,1.0000000000000000,-0.0000000437113883,0.0000000225890062,-0.9396926164627075,0.0000000149501762,0.3420201539993286,-7.1734323501586914,0.0000000000000000,0.0000000000000000,0.0000000000000000,1.0000000000000000
M 0.3420201539993286,0.0000000410752676,0.9396926164627075,-6.8151068687438965,0.0000000000000000,1.0000000000000000,-0.0000000437113883,0.0000000225890062,-0.9396926164627075,0.0000000149501762,0.3420201539993286,-7.1734323501586914,0.0000000000000000,0.0000000000000000,0.0000000000000000,1.0000000000000000
M 0.3420201539993286,0.0000000410752676,0.9396926164627075,-6.8151068687438965,0.0000000000000000,1.0000000000000000,-0.0000000437113883,0.0000000225890062,-0.9396926164627075,0.0000000149501762,0.3420201539993286,-7.1734323501586914,0.0000000000000000,0.0000000000000000,0.0000000000000000,1.0000000000000000
M 0.3420201539993286,0.0000000410752676,0.9396926164627075,-6.8151068687438965,0.0000000000000000,1.0000000000000000,-0.0000000437113883,0.0000000225890062,-0.9396926164627075,0.0000000149501762,0.3420201539993286,-7.1734323501586914,0.0000000000000000,0.0000000000000000,0.0000000000000000,1.0000000000000000
M 0.3420201539993286,0.0000000410752676,0.9396926164627075,-6.8151068687438965,0.0000000000000000,1.0000000000000000,-0.0000000437113883,0.0000000225890062,-0.9396926164627075,0.0000000149501762,0.3420201539993286,-7.1734323501586914,0.0000000000000000,0.0000000000000000,0.0000000000000000,1.0000000000000000
M 0.3420201539993286,0.0000000410752676,0.9396926164627075,-6.8151068687438965,0.0000000000000000,1.0000000000000000,-0.0000000437113883,0.0000000225890062,-0.9396926164627075,0.0000000149501762,0.3420201539993286,-7.1734323501586914,0.0000000000000000,0.0000000000000000,0.0000000000000000,1.0000000000000000
M 0.3420201539993286,0.0000000410752676,0.9396926164627075,-6.8151068687438965,0.0000000000000000,1.0000000000000000,-0.0000000437113883,0.0000000225890062,-0.9396926164627075,0.0000000149501762,0.3420201539993286,-7.1734323501586914,0.0000000000000000,0.0000000000000000,0.0000000000000000,1.0000000000000000
M 0.3420201539993286,0.0000000410752676,0.9396926164627075,-6.8151068687438965,0.0000000000000000,1.0000000000000000,-0.0000000437113883,0.0000000225890062,-0.9396926164627075,0.0000000149501762,0.3420201539993286,-7.1734323501586914,0.0000000000000000,0.0000000000000000,0.0000000000000000,1.0000000000000000
M 0.3420201539993286,0.0000000410752676,0.9396926164627075,-6.8151068687438965,0.0000000000000000,1.0000000000000000,-0.0000000437113883,0.0000000225890062,-0.9396926164627075,0.0000000149501762,0.3420201539993286,-7.1734323501586914,0.0000000000000000,0.0000000000000000,0.0000000000000000,1.0000000000000000
M 0.3420201539993286,0.0000000410752676,0.9396926164627075,-6.8151068687438965,0.0000000000000000,1.0000000000000000,-0.0000000437113883,0.0000000225890062,-0.9396926164627075,0.0000000149501762,0.3420201539993286,-7.1734323501586914,0.0000000000000000,0.0000000000000000,0.0000000000000000,1.0000000000000000
M 0.3420201539993286,0.0000000410752676,0.9396926164627075,-6.8151068687438965,0.0000000000000000,1.0000000000000000,-0.0000000437113883,0.0000000225890062,-0.9396926164627075,0.0000000149501762,0.3420201539993286,-7.1734323501586914,0.0000000000000000,0.0000000000000000,0.0000000000000000,1.0000000000000000
M 0.3420201539993286,0.0000000410752676,0.9396926164627075,-6.8151068687438965,0.0000000000000000,1.0000000000000000,-0.0000000437113883,0.0000000225890062,-0.9396926164627075,0.0000000149501762,0.3420201539993286,-7.1734323501586914,0.0000000000000000,0.0000000000000000,0.0000000000000000,1.0000000000000000
M 0.3420201539993286,0.0000000410752676,0.9396926164627075,-6.8151068687438965,0.0000000000000000,1.0000000000000000,-0.0000000437113883,0.0000000225890062,-0.9396926164627075,0.0000000149501762,0.3420201539993286,-7.1734323501586914,0.0000000000000000,0.0000000000000000,0.0000000000000000,1.0000000000000000
M 0.3420201539993286,0.0000000410752676,0.9396926164627075,-6.8151068687438965,0.0000000000000000,1.0000000000000000,-0.0000000437113883,0.0000000225890062,-0.9396926164627075,0.0000000149501762,0.3420201539993286,-7.1734323501586914,0.0000000000000000,0.0000000000000000,0.0000000000000000,1.0000000000000000
M 0.3420201539993286,0.0000000410752676,0.9396926164627075,-6.8151068687438965,0.0000000000000000,1.0000000000000000,-0.0000000437113883,0.0000000225890062,-0.9396926164627075,0.0000000149501762,0.3420201539993286,-7.1734323501586914,0.0000000000000000,0.0000000000000000,0.0000000000000000,1.0000000000000000
M 0.3420201539993286,0.0000000410752676,0.9396926164627075,-6.8151068687438965,0.0000000000000000,1.0000000000000000,-0.0000000437113883,0.0000000225890062,-0.9396926164627075,0.0000000149501762,0.3420201539993286,-7.1734323501586914,0.0000000000000000,0.0000000000000000,0.0000000000000000,1.0000000000000000
M 0.3420201539993286,0.0000000410752676,0.9396926164627075,-6.8151068687438965,0.0000000000000000,1.0000000000000000,-0.0000000437113883,0.0000000225890062,-0.9396926164627075,0.0000000149501762,0.3420201539993286,-7.1734323501586914,0.0000000000000000,0.0000000000000000,0.0000000000000000,1.0000000000000000
M 0.3420201539993286,0.0000000410752676,0.9396926164627075,-6.8151068687438965,0.0000000000000000,1.0000000000000000,-0.0000000437113883,0.0000000225890062,-0.9396926164627075,0.0000000149501762,0.3420201539993286,-7.1734323501586914,0.0000000000000000,0.0000000000000000,0.0000000000000000,1.0000000000000000
M 0.3420201539993286,0.0000000410752676,0.9396926164627075,-6.8151068687438965,0.0000000000000000,1.0000000000000000,-0.0000000437113883,0.0000000225890062,-0.9396926164627075,0.0000000149501762,0.3420201539993286,-7.1734323501586914,0.0000000000000000,0.0000000000000000,0.0000000000000000,1.0000000000000000
M 0.3420201539993286,0.0000000410752676,0.9396926164627075,-6.8151068687438965,0.0000000000000000,1.0000000000000000,-0.0000000437113883,0.0000000225890062,-0.9396926164627075,0.0000000149501762,0.3420201539993286,-7.1734323501586914,0.0000000000000000,0.0000000000000000,0.0000000000000000,1.0000000000000000
M 0.3420201539993286,0.0000000410752676,0.9396926164627075,-6.8151068687438965,0.0000000000000000,1.0000000000000000,-0.0000000437113883,0.0000000225890062,-0.9396926164627075,0.0000000149501762,0.3420201539993286,-7.1734323501586914,0.0000000000000000,0.0000000000000000,0.0000000000000000,1.0000000000000000
M 0.3420201539993286,0.0000000410752676,0.9396926164627075,-6.8151068687438965,0.0000000000000000,1.0000000000000000,-0.0000000437113883,0.0000000225890062,-0.9396926164627075,0.0000000149501762,0.3420201539993286,-7.1734323501586914,0.0000000000000000,0.0000000000000000,0.0000000000000000,1.0000000000000000
M 0.3420201539993286,0.0000000410752676,0.9396926164627075,-6.8151068687438965,0.0000000000000000,1.0000000000000000,-0.0000000437113883,0.0000000225890062,-0.9396926164627075,0.0000000149501762,0.3420201539993286,-7.1734323501586914,0.0000000000000000,0.0000000000000000,0.0000000000000000,1.0000000000000000
M 0.3420201539993286,0.0000000410752676,0.9396926164627075,-6.8151068687438965,0.0000000000000000,1.0000000000000000,-0.0000000437113883,0.0000000225890062,-0.9396926164627075,0.0000000149501762,0.3420201539993286,-7.1734323501586914,0.0000000000000000,0.0000000000000000,0.0000000000000000,1.0000000000000000
M 0.3420201539993286,0.0000000410752676,0.9396926164627075,-6.8151068687438965,0.0000000000000000,1.0000000000000000,-0.0000000437113883,0.0000000225890062,-0.9396926164627075,0.0000000149501762,0.3420201539993286,-7.1734323501586914,0.0000000000000000,0.0000000000000000,0.0000000000000000,1.0000000000000000
M 0.3420201539993286,0.0000000410752676,0.9396926164627075,-6.8151068687438965,0.0000000000000000,1.0000000000000000,-0.0000000437113883,0.0000000225890062,-0.9396926164627075,0.0000000149501762,0.3420201539993286,-7.1734323501586914,0.0000000000000000,0.0000000000000000,0.0000000000000000,1.0000000000000000
M 0.3420201539993286,0.0000000410752676,0.9396926164627075,-6.8151068687438965,0.0000000000000000,1.0000000000000000,-0.0000000437113883,0.0000000225890062,-0.9396926164627075,0.0000000149501762,0.3420201539993286,-7.1734323501586914,0.0000000000000000,0.0000000000000000,0.0000000000000000,1.0000000000000000
M 0.3420201539993286,0.0000000410752676,0.9396926164627075,-6.8151068687438965,0.0000000000000000,1.0000000000000000,-0.0000000437113883,0.0000000225890062,-0.9396926164627075,0.0000000149501762,0.3420201539993286,-7.1734323501586914,0.0000000000000000,0.0000000000000000,0.0000000000000000,1.0000000000000000
M 0.3420201539993286,0.0000000410752676,0.9396926164627075,-6.8151068687438965,0.0000000000000000,1.0000000000000000,-0.0000000437113883,0.0000000225890062,-0.9396926164627075,0.0000000149501762,0.3420201539993286,-7.1734323501586914,0.0000000000000000,0.0000000000000000,0.0000000000000000,1.0000000000000000
M 0.3420201539993286,0.0000000410752676,0.9396926164627075,-6.8151068687438965,0.0000000000000000,1.0000000000000000,-0.0000000437113883,0.0000000225890062,-0.9396926164627075,0.0000000149501762,0.3420201539993286,-7.1734323501586914,0.0000000000000000,0.0000000000000000,0.0000000000000000,1.0000000000000000
M 0.3420201539993286,0.0000000410752676,0.9396926164627075,-6.8151068687438965,0.0000000000000000,1.0000000000000000,-0.0000000437113883,0.0000000225890062,-0.9396926164627075,0.0000000149501762,0.3420201539993286,-7.1734323501586914,0.0000000000000000,0.0000000000000000,0.0000000000000000,1.0000000000000000
M 0.3420201539993286,0.0000000410752676,0.9396926164627075,-6.8151068687438965,0.0000000000000000,1.0000000000000000,-0.0000000437113883,0.0000000225890062,-0.9396926164627075,0.0000000149501762,0.3420201539993286,-7.1734323501586914,0.0000000000000000,0.0000000000000000,0.0000000000000000,1.0000000000000000
M 0.3420201539993286,0.0000000410752676,0.9396926164627075,-6.8151068687438965,0.0000000000000000,1.0000000000000000,-0.0000000437113883,0.0000000225890062,-0.9396926164627075,0.0000000149501762,0.3420201539993286,-7.1734323501586914,0.0000000000000000,0.0000000000000000,0.0000000000000000,1.0000000000000000
O DOOR_1_EXTERNAL_CG_dfl
A DOOR_1_EXTERNAL_CG_dfl_DOOR_1_EXTERNAL_CG_dfl
M 1.0000000000000000,0.0000000000000000,0.0000000000000000,0.0000000000000000,0.0000000000000000,1.0000000000000000,-0.0000000437113883,0.0000000000000000,-0.0000000000000000,0.0000000437113883,1.0000000000000000,-0.0000000000000000,0.0000000000000000,0.0000000000000000,0.0000000000000000,1.0000000000000000
M 1.0000000000000000,0.0000000000000000,0.0000000000000000,0.0000000000000000,0.0000000000000000,1.0000000000000000,-0.0000000437113883,0.0000000000000000,-0.0000000000000000,0.0000000437113883,1.0000000000000000,-0.0000000000000000,0.0000000000000000,0.0000000000000000,0.0000000000000000,1.0000000000000000
M 1.0000000000000000,0.0000000000000000,0.0000000000000000,0.0000000000000000,0.0000000000000000,1.0000000000000000,-0.0000000437113883,0.0000000000000000,-0.0000000000000000,0.0000000437113883,1.0000000000000000,-0.0000000000000000,0.0000000000000000,0.0000000000000000,0.0000000000000000,1.0000000000000000
M 1.0000000000000000,0.0000000000000000,0.0000000000000000,0.0000000000000000,0.0000000000000000,1.0000000000000000,-0.0000000437113883,0.0000000000000000,-0.0000000000000000,0.0000000437113883,1.0000000000000000,-0.0000000000000000,0.0000000000000000,0.0000000000000000,0.0000000000000000,1.0000000000000000
M 1.0000000000000000,0.0000000000000000,0.0000000000000000,0.0000000000000000,0.0000000000000000,1.0000000000000000,-0.0000000437113883,0.0000000000000000,-0.0000000000000000,0.0000000437113883,1.0000000000000000,-0.0000000000000000,0.0000000000000000,0.0000000000000000,0.0000000000000000,1.0000000000000000
M 1.0000000000000000,0.0000000000000000,0.0000000000000000,0.0000000000000000,0.0000000000000000,1.0000000000000000,-0.0000000437113883,0.0000000000000000,-0.0000000000000000,0.0000000437113883,1.0000000000000000,-0.0000000000000000,0.0000000000000000,0.0000000000000000,0.0000000000000000,1.0000000000000000
M 1.0000000000000000,0.0000000000000000,0.0000000000000000,0.0000000000000000,0.0000000000000000,1.0000000000000000,-0.0000000437113883,0.0000000000000000,-0.0000000000000000,0.0000000437113883,1.0000000000000000,-0.0000000000000000,0.0000000000000000,0.0000000000000000,0.0000000000000000,1.0000000000000000
M 1.0000000000000000,0.0000000000000000,0.0000000000000000,0.0000000000000000,0.0000000000000000,1.0000000000000000,-0.0000000437113883,0.0000000000000000,-0.0000000000000000,0.0000000437113883,1.0000000000000000,-0.0000000000000000,0.0000000000000000,0.0000000000000000,0.0000000000000000,1.0000000000000000
M 1.0000000000000000,0.0000000000000000,0.0000000000000000,0.0000000000000000,0.0000000000000000,1.0000000000000000,-0.0000000437113883,0.0000000000000000,-0.0000000000000000,0.0000000437113883,1.0000000000000000,-0.0000000000000000,0.0000000000000000,0.0000000000000000,0.0000000000000000,1.0000000000000000
M 1.0000000000000000,0.0000000000000000,0.0000000000000000,0.0000000000000000,0.0000000000000000,1.0000000000000000,-0.0000000437113883,0.0000000000000000,-0.0000000000000000,0.0000000437113883,1.0000000000000000,-0.0000000000000000,0.0000000000000000,0.0000000000000000,0.0000000000000000,1.0000000000000000
M 1.0000000000000000,0.0000000000000000,0.0000000000000000,0.0000000000000000,0.0000000000000000,1.0000000000000000,-0.0000000437113883,0.0000000000000000,-0.0000000000000000,0.0000000437113883,1.0000000000000000,0.0009062501485460,0.0000000000000000,0.0000000000000000,0.0000000000000000,1.0000000000000000
M 1.0000000000000000,0.0000000000000000,0.0000000000000000,0.0000000000000000,0.0000000000000000,1.0000000000000000,-0.0000000437113883,0.0000000000000000,-0.0000000000000000,0.0000000437113883,1.0000000000000000,0.0035000005736947,0.0000000000000000,0.0000000000000000,0.0000000000000000,1.0000000000000000
M 1.0000000000000000,0.0000000000000000,0.0000000000000000,0.0000000000000000,0.0000000000000000,1.0000000000000000,-0.0000000437113883,0.0000000000000000,-0.0000000000000000,0.0000000437113883,1.0000000000000000,0.0075937500223517,0.0000000000000000,0.0000000000000000,0.0000000000000000,1.0000000000000000
M 1.0000000000000000,0.0000000000000000,0.0000000000000000,0.0000000000000000,0.0000000000000000,1.0000000000000000,-0.0000000437113883,0.0000000000000000,-0.0000000000000000,0.0000000437113883,1.0000000000000000,0.0130000002682209,0.0000000000000000,0.0000000000000000,0.0000000000000000,1.0000000000000000
M 1.0000000000000000,0.0000000000000000,0.0000000000000000,0.0000000000000000,0.0000000000000000,1.0000000000000000,-0.0000000437113883,0.0000000000000000,-0.0000000000000000,0.0000000437113883,1.0000000000000000,0.0195312500000000,0.0000000000000000,0.0000000000000000,0.0000000000000000,1.0000000000000000
M 1.0000000000000000,0.0000000000000000,0.0000000000000000,0.0000000000000000,0.0000000000000000,1.0000000000000000,-0.0000000437113883,0.0000000000000000,-0.0000000000000000,0.0000000437113883,1.0000000000000000,0.0270000007003546,0.0000000000000000,0.0000000000000000,0.0000000000000000,1.0000000000000000
M 1.0000000000000000,0.0000000000000000,0.0000000000000000,0.0000000000000000,0.0000000000000000,1.0000000000000000,-0.0000000437113883,0.0000000000000000,-0.0000000000000000,0.0000000437113883,1.0000000000000000,0.0352187454700470,0.0000000000000000,0.0000000000000000,0.0000000000000000,1.0000000000000000
M 1.0000000000000000,0.0000000000000000,0.0000000000000000,0.0000000000000000,0.0000000000000000,1.0000000000000000,-0.0000000437113883,0.0000000000000000,-0.0000000000000000,0.0000000437113883,1.0000000000000000,0.0439999997615814,0.0000000000000000,0.0000000000000000,0.0000000000000000,1.0000000000000000
M 1.0000000000000000,0.0000000000000000,0.0000000000000000,0.0000000000000000,0.0000000000000000,1.0000000000000000,-0.0000000437113883,0.0000000000000000,-0.0000000000000000,0.0000000437113883,1.0000000000000000,0.0531562492251396,0.0000000000000000,0.0000000000000000,0.0000000000000000,1.0000000000000000
M 1.0000000000000000,0.0000000000000000,0.0000000000000000,0.0000000000000000,0.0000000000000000,1.0000000000000000,-0.0000000437113883,0.0000000000000000,-0.0000000000000000,0.0000000437113883,1.0000000000000000,0.0625000000000000,0.0000000000000000,0.0000000000000000,0.0000000000000000,1.0000000000000000
M 1.0000000000000000,0.0000000000000000,0.0000000000000000,0.0000000000000000,0.0000000000000000,1.0000000000000000,-0.0000000437113883,0.0000000000000000,-0.0000000000000000,0.0000000437113883,1.0000000000000000,0.0718437507748604,0.0000000000000000,0.0000000000000000,0.0000000000000000,1.0000000000000000
M 1.0000000000000000,0.0000000000000000,0.0000000000000000,0.0000000000000000,0.0000000000000000,1.0000000000000000,-0.0000000437113883,0.0000000000000000,-0.0000000000000000,0.0000000437113883,1.0000000000000000,0.0810000002384186,0.0000000000000000,0.0000000000000000,0.0000000000000000,1.0000000000000000
M 1.0000000000000000,0.0000000000000000,0.0000000000000000,0.0000000000000000,0.0000000000000000,1.0000000000000000,-0.0000000437113883,0.0000000000000000,-0.0000000000000000,0.0000000437113883,1.0000000000000000,0.0897812470793724,0.0000000000000000,0.0000000000000000,0.0000000000000000,1.0000000000000000
M 1.0000000000000000,0.0000000000000000,0.0000000000000000,0.0000000000000000,0.0000000000000000,1.0000000000000000,-0.0000000437113883,0.0000000000000000,-0.0000000000000000,0.0000000437113883,1.0000000000000000,0.0979999899864197,0.0000000000000000,0.0000000000000000,0.0000000000000000,1.0000000000000000
M 1.0000000000000000,0.0000000000000000,0.0000000000000000,0.0000000000000000,0.0000000000000000,1.0000000000000000,-0.0000000437113883,0.0000000000000000,-0.0000000000000000,0.0000000437113883,1.0000000000000000,0.1054687500000000,0.0000000000000000,0.0000000000000000,0.0000000000000000,1.0000000000000000
M 1.0000000000000000,0.0000000000000000,0.0000000000000000,0.0000000000000000,0.0000000000000000,1.0000000000000000,-0.0000000437113883,0.0000000000000000,-0.0000000000000000,0.0000000437113883,1.0000000000000000,0.1120000034570694,0.0000000000000000,0.0000000000000000,0.0000000000000000,1.0000000000000000
M 1.0000000000000000,0.0000000000000000,0.0000000000000000,0.0000000000000000,0.0000000000000000,1.0000000000000000,-0.0000000437113883,0.0000000000000000,-0.0000000000000000,0.0000000437113883,1.0000000000000000,0.1174062639474869,0.0000000000000000,0.0000000000000000,0.0000000000000000,1.0000000000000000
M 1.0000000000000000,0.0000000000000000,0.0000000000000000,0.0000000000000000,0.0000000000000000,1.0000000000000000,-0.0000000437113883,0.0000000000000000,-0.0000000000000000,0.0000000437113883,1.0000000000000000,0.1215000003576279,0.0000000000000000,0.0000000000000000,0.0000000000000000,1.0000000000000000
